0 0.453704 0.272131 0.059259300000000036 0.07213110000000003
0 0.5911449465461494 0.37653222837626854 0.05721640690770138 0.04365774324746292
0 0.6752737418064291 0.31264308262449736 0.021057616387142028 0.03373033475100526
0 0.4761485557133574 0.8899175398527054 0.021433511426714926 0.038850979705410946
0 0.592593 0.40041 0.04320989999999994 0.02377049999999998
0 0.428086 0.996311 0.04259259999999998 0.007377049999999905
0 0.483333 0.413115 0.03209880000000005 0.040983600000000016
0 0.518827 0.290164 0.031481499999999954 0.032786899999999966
0 0.558025 0.991803 0.025925900000000064 0.016393400000000106
0 0.45508386855345906 0.21281305612434268 0.05062895303983223 0.036668487751314593
0 0.49104899999999996 0.777869 0.035185199999999965 0.02950819999999999
0 0.585802 0.12417999999999998 0.03827160000000001 0.06967209999999999
0 0.549074 0.022541 0.05 0.0434426
0 0.666667 0.9774590000000001 0.027160500000000126 0.03852459999999998
0 0.526543 0.428689 0.05679010000000006 0.031147499999999963
0 0.557099 0.663934 0.033950600000000046 0.03770490000000005
0 0.557099 0.290164 0.054938299999999926 0.036065600000000024
0 0.63858 0.709426 0.05 0.035245900000000004
0 0.630556 0.863115 0.04135800000000006 0.05081970000000002
0 0.256481 0.00819672 0.05987649999999997 0.016393399999999995
0 0.606173 0.882377 0.04567900000000003 0.04672129999999984
0 0.502469 0.753689 0.04938270000000004 0.041803299999999946
0 0.551852 0.171721 0.028395100000000045 0.0745902
0 0.535494 0.9159839999999999 0.05740740000000002 0.035245899999999816
0 0.437037 0.272541 0.025925900000000064 0.07295079999999995
0 0.519136 0.252459 0.04197530000000002 0.06229510000000005
0 0.574074 0.755738 0.04691359999999995 0.04918030000000007
0 0.37160499999999996 0.571311 0.05432099999999997 0.04262289999999994
0 0.4700619999999999 0.288525 0.040123500000000034 0.0606557
0 0.583333 0.617623 0.03827160000000001 0.0647541
0 0.392284 0.74877 0.026543200000000024 0.041803299999999946
0 0.621296 0.746721 0.05370370000000001 0.0393442999999999
0 0.507407 0.48688499999999996 0.03703699999999995 0.06885250000000008
0 0.59537 0.435656 0.05493830000000007 0.04836070000000003
0 0.47253100000000003 0.252049 0.06234569999999995 0.05327869999999997
0 0.41234599999999993 0.884426 0.05308640000000005 0.05081970000000011
0 0.811728 0.890574 0.029629600000000075 0.06967209999999989
0 0.508025 0.872131 0.03827160000000001 0.0540983999999999
0 0.585185 0.670902 0.03703699999999995 0.054918000000000085
0 0.510185 0.328279 0.05123460000000006 0.041803300000000036
0 0.59321 0.709426 0.04938270000000004 0.045081999999999914
0 0.62716 0.04672130000000001 0.05061729999999996 0.037704900000000006
0 0.675617 0.767213 0.0438271999999999 0.04918030000000007
0 0.63642 0.160656 0.04567900000000003 0.05245899999999999
0 0.717284 0.797541 0.04320990000000008 0.06229509999999996
0 0.44567899999999994 0.8405739999999999 0.05061729999999996 0.04344260000000006
0 0.450617 0.698361 0.03333329999999994 0.06557379999999993
0 0.391358 0.610656 0.03209880000000005 0.05081969999999993
0 0.490741 0.130328 0.04320989999999994 0.0606557
0 0.716975 0.057786899999999995 0.0561728000000001 0.03196720000000001
0 0.348457 0.160246 0.05246909999999995 0.028688500000000016
0 0.445988 0.136066 0.04753090000000005 0.05081970000000002
0 0.309877 0.779098 0.04814810000000001 0.03852459999999998
0 0.509259 0.9700819999999999 0.029629599999999933 0.0598361000000001
0 0.8898149999999999 0.677459 0.027777799999999943 0.07786879999999995
0 0.14784 0.128689 0.02901230000000001 0.06885249999999998
0 0.303704 0.644262 0.04691360000000002 0.05081969999999993
0 0.41481500000000004 0.9606559999999998 0.05555560000000003 0.05245900000000004
0 0.17716 0.265164 0.03209879999999998 0.0745902
