0 0.6582231938134716 0.4736432207743683 0.02366442296997834 0.15632845960714817
0 0.4300662072006033 0.9851169190207008 0.03134361023454009 0.029766161958598207
0 0.41583676660086877 0.008581092416834435 0.026799145891829745 0.01716218483366887
0 0.6320164401041666 0.5453898324074075 0.03965242921874991 0.11086297759259259
0 0.38086003598284873 0.03395018454606463 0.0335296505272634 0.06790036909212926
0 0.46174385729166667 0.2569838657407407 0.025657458645833367 0.0674817272222222
0 0.5808626621083004 0.14568272841034777 0.044473616180301906 0.09336949788163564
0 0.35398292395833336 0.3598132203703704 0.029389475989583323 0.14139031361111123
0 0.5261291606777718 0.6171113263326378 0.022500598889487834 0.11925055572596553
0 0.44353104326281745 0.743566779671301 0.04086102889748056 0.09014321301613719
0 0.5920575024624396 0.03029328601772763 0.04236665135383741 0.06058657203545526
0 0.4083801946665589 0.9586710686095932 0.0221145281942011 0.08265786278081359
0 0.44600685110857785 0.6673717924349215 0.042310445648658816 0.07284332107771885
0 0.16030333121675494 0.19944707328780625 0.029982120794162213 0.11655162706688242
0 0.5498893726225769 0.07754590932876367 0.03890053276275172 0.07954267428019053
0 0.5641965186916333 0.6040668665266489 0.03210092345791627 0.12930578717310767
0 0.4223139250885061 0.18512125688716327 0.0391647023124289 0.07157289821877108
0 0.4106196206890651 0.7866341751587651 0.04015193077693073 0.09419791796840947
0 0.3909496218966591 0.18179702229731887 0.03237874719108724 0.12103171036653564
