0 0.6295761530958772 0.6986733454924239 0.051958069056337305 0.11750452061447711
0 0.3797978683316538 0.26931640776333143 0.08606344898770087 0.07899669551745057
0 0.39515888921879117 0.2039095050815778 0.06065873251517549 0.0541364346317423
0 0.450252953815631 0.9321867484325306 0.0818086026026562 0.07558432117731147
0 0.18483908020833334 0.9217066296296296 0.05400373468750009 0.055251998148148226
0 0.47983586119326044 0.4134711486993071 0.08590510219308752 0.06673141447040591
0 0.017134628697916612 0.3760925370370371 0.034269257395833225 0.08564060555555533
0 0.4104267789381097 0.06714461332998382 0.08230250792830264 0.09209070258589362
0 0.2872482506587411 0.5220997091427989 0.07575834449456546 0.0792939238411531
0 0.6240230145042691 0.999347697568146 0.04701908375187879 0.0013046048637079366
0 0.23472385833333334 0.9781189638888889 0.058580287187500225 0.04376207222222206
0 0.42136389057086165 0.6430073504960716 0.06983340061223811 0.09559946331286866
0 0.5267103989583333 0.3015028703703703 0.08054785781250011 0.07735269629629613
0 0.28261650153655815 0.4398410511274419 0.07279132243773946 0.0872242897221698
0 0.3116106520833333 0.9449677060185185 0.045765821562500024 0.11006458796296291
0 0.8320885189887658 0.8757235178618221 0.08266750393279926 0.0627398431310515
0 0.41117479355704883 0.3933708169741745 0.056339815291181004 0.1146721172816822
0 0.37809778098825814 0.9500508397160885 0.0872078431223495 0.056689431284029805
0 0.4354103180524965 0.7128704880415058 0.0462298356883263 0.05749466497190025
0 0.5198314382455608 0.20967747332544806 0.07960351232445552 0.0898468410953407
0 0.3171338904426418 0.01734484154401238 0.0677760852989079 0.03468968308802476
0 0.6313207638284296 0.9534760163099573 0.09100105494730736 0.06077716923193643
0 0.4110450732026261 0.31129094446093214 0.08303296116711903 0.08116316478079273
