0 0.5998578812500001 0.5178235259259258 0.06604041479166677 0.038397105185185125
0 0.5672092979166667 0.42521848888888886 0.060104166666666715 0.050443200000000105
0 0.57203205625 0.8822191111111112 0.0638142766666667 0.03538555851851857
0 0.6992894062499999 0.03258957333333334 0.03487520229166658 0.021080734814814817
0 0.6777709124999999 0.18693090370370372 0.03635929437500008 0.04366728888888889
0 0.4959738395833334 0.3476716444444444 0.048231790625000076 0.038397105185185236
0 0.5404953999999998 0.38192779259259263 0.045263606458333425 0.05872493037037035
0 0.5531100625 0.25657297777777777 0.05713610270833343 0.026350918518518486
0 0.7404715791666667 0.5998876444444443 0.059362120624999785 0.045925925925925946
0 0.50042635625 0.7169610962962963 0.027454982291666732 0.07829993777777765
0 0.6339910375 0.5362692148148149 0.06604041479166653 0.03463264888888889
0 0.4058175895833333 0.32019140740740737 0.03561724833333321 0.06474802370370372
0 0.30787063750000004 0.8487161481481481 0.05787802854166664 0.055713383703703635
0 0.85511546875 0.32772050370370365 0.0497157625000001 0.027103828148148122
0 0.4581310541666667 0.4598512296296297 0.07049257083333327 0.032374011851851965
0 0.5783393874999999 0.3296025481481481 0.06752438666666667 0.03387973925925925
0 0.582464995999096 0.8226493284640302 0.0533370417518082 0.05363909122008821
0 0.8652007343451266 0.6195338145264507 0.043601626560457636 0.0566083431269755
0 0.6191501166666666 0.8528568296296296 0.037843386458333225 0.06399511407407403
0 0.7096778104166667 0.4767914666666667 0.04081145041666664 0.06625375111111095
0 0.6291682791666666 0.27802957037037035 0.05787802854166664 0.054207656296296244
0 0.5939219937499999 0.2705004740740741 0.05565201062499992 0.05420765629629629
0 0.5968899375 0.7399240592592592 0.06604041479166677 0.036891285925926075
0 0.6551392895833333 0.4496869037037037 0.05787802854166664 0.04366728888888887
0 0.6986286626397499 0.9352587354821226 0.027069645348734638 0.008078154845198965
0 0.7383029586655044 0.775984750879242 0.03253402891899147 0.0701728419452197
0 0.6699790083333333 0.38268097777777776 0.037101340416666656 0.0572192029629629
0 0.6477188291666668 0.5791833185185185 0.054909964583333463 0.05270183703703697
0 0.6722052666666668 0.3258375407407407 0.053425872499999964 0.04592592592592589
0 0.6484605145833332 0.8268820444444442 0.04303758854166671 0.06625375111111101
0 0.5883563479166667 0.7832147555555555 0.05936212062500014 0.045173016296296366
0 0.6039389541666668 0.6947513185185185 0.05936212062500002 0.04743165333333323
0 0.5645321973852307 0.6221366728117452 0.06842607106287205 0.039072707709843155
0 0.6351041666666668 0.2019881777777778 0.04748974458333351 0.037644195555555544
0 0.5449479166666668 0.7527226962962963 0.037843386458333225 0.05797211259259269
0 0.6284253916666669 0.40225552592592595 0.04897371645833329 0.06173647703703706
0 0.5768548145833333 0.21554 0.05713610270833331 0.0587249303703704
0 0.47853641874999997 0.4207012148148148 0.06381427666666675 0.0293624651851852
0 0.5330749395833333 0.3092748148148148 0.06010416666666665 0.0489374725925925
0 0.7133874395833332 0.08002122666666667 0.07049257083333345 0.030115374814814834
0 0.3961720729166667 0.029578017481481485 0.037101340416666656 0.015057641481481487
0 0.5846467187499998 0.5550914962962963 0.060846212708333285 0.033126921481481386
0 0.6296247457784365 0.23002809266692636 0.05777086454103622 0.05167454947562741
0 0.6751732104166667 0.2546900148148148 0.04006940437500006 0.06775957037037035
0 0.8384197333333334 0.43990008888888893 0.06678246083333311 0.037644195555555544
