0 0.3330084470435347 0.04745470232959448 0.0566746083315283 0.046975361902022804
0 0.5256920244028886 0.9341289527884924 0.024223148805777434 0.07645440557698488
0 0.6633482481521829 0.3221231980151077 0.02434839657064472 0.0710116376459874
0 0.598765 0.354508 0.029629599999999933 0.040163899999999995
0 0.5758230881687243 0.500409918442623 0.056584276337448544 0.03524573688524585
0 0.503086 0.9553280000000001 0.025925900000000064 0.08278690000000015
0 0.388889 0.545082 0.020987700000000026 0.04918030000000007
0 0.443519 0.519672 0.04506170000000007 0.05245900000000004
0 0.5460078097151618 0.34112032841530054 0.05621321943032354 0.028141856830601074
0 0.49174235401816907 0.16333121757655428 0.05231769196366181 0.04055046484689146
0 0.425926 0.451639 0.03703699999999995 0.03442620000000007
0 0.518827 0.297541 0.03271610000000001 0.06557380000000002
0 0.646605 0.014344299999999997 0.040123500000000034 0.027049199999999995
0 0.533642 0.868443 0.025308599999999966 0.06311479999999997
0 0.495062 0.8717210000000001 0.05308640000000005 0.0401638999999999
0 0.3687060148563281 0.09864109693701467 0.02555007028734383 0.07648840612597066
0 0.56821 0.539754 0.04629629999999999 0.05819670000000005
0 0.5993770673072444 0.22680165180946488 0.035814465385511335 0.054593096381070204
0 0.557716 0.8901640000000001 0.026543200000000024 0.0754098000000001
0 0.392284 0.0946721 0.025308599999999966 0.07622949999999999
0 0.49321 0.552869 0.029629599999999933 0.0647541
0 0.552161 0.3 0.05246909999999995 0.05737700000000003
0 0.44321 0.884426 0.04814809999999998 0.04262289999999994
0 0.532716 0.0221311 0.03950619999999993 0.0409836
0 0.635494 0.330738 0.04259259999999998 0.06147540000000003
0 0.488889 0.927459 0.029629599999999933 0.07622949999999984
0 0.49382699999999996 0.707787 0.030864199999999994 0.04344260000000006
0 0.622222 0.306148 0.04320989999999994 0.0598361
0 0.319444 0.317623 0.040123500000000034 0.06311479999999997
0 0.44814800000000005 0.05368850000000001 0.05061729999999996 0.030327899999999998
0 0.457099 0.9397540000000001 0.04629629999999999 0.07786880000000013
0 0.454321 0.8450819999999999 0.05802469999999998 0.03770489999999995
0 0.509259 0.620492 0.03827160000000001 0.06229509999999996
0 0.585494 0.07254100000000001 0.033950600000000046 0.06475410000000001
0 0.459259 0.268033 0.04814809999999998 0.05409839999999999
0 0.565432 0.704508 0.025925900000000064 0.07786879999999995
0 0.532716 0.057377 0.05432099999999997 0.0508197
0 0.533951 0.57541 0.04074069999999996 0.06229509999999996
0 0.573148 0.032377 0.04753090000000005 0.051639300000000006
0 0.674074 0.8393439999999999 0.055555599999999886 0.040983599999999926
0 0.26358 0.707377 0.04567900000000003 0.07049180000000001
