0 0.44776380153738643 0.8388493659140118 0.03249475890985325 0.05165480977420353
0 0.6296731003303774 0.3584622489032556 0.06158349272590277 0.037712614484722566
0 0.4237679413831175 0.11415433826469411 0.04396266184884073 0.06277489004398241
0 0.5149652453574023 0.5296011847361896 0.056800497976968595 0.04356660697065711
0 0.33714744554852943 0.7165800346528055 0.028103984743551195 0.03585232573637213
0 0.6325711470468905 0.4523589625182791 0.04854228250159392 0.03578850150080808
0 0.585802 0.227459 0.024691400000000033 0.07295079999999998
0 0.5536571652764809 0.4102699842333655 0.061634730552961974 0.035294168466731016
0 0.6511910972004868 0.3973293311783268 0.05593230162870226 0.03694296929115677
0 0.3490414533774967 0.37225109956017594 0.043059319482083705 0.0397174463547914
0 0.3548958103758908 0.2928895362721578 0.03235431922613669 0.07422359305611084
0 0.48468461458657536 0.40027896404463426 0.056152090465815964 0.035301005648160924
0 0.41039103137860083 0.2363453405037985 0.029764961231556714 0.0447023617752898
0 0.42120847134397266 0.6354125016660002 0.03643480879253243 0.03691856590697051
0 0.39400782896717856 0.17139810742369718 0.05871725383920499 0.03625216580034654
0 0.4638663053297199 0.11062241769958682 0.027802870621298784 0.07330401172864187
0 0.525926 0.122131 0.027160499999999983 0.0377049
0 0.5893897041695784 0.7598979276214043 0.05439086885627768 0.033560160841323926
0 0.5610361334941384 0.5531170467281995 0.03702099994812743 0.06679249422785508
0 0.28736610384894695 0.4747770009643201 0.03551652142338415 0.03646335583413685
0 0.24487109658678285 0.543635486981678 0.03063725490196078 0.03887415621986496
0 0.3895914885074776 0.20705051312808206 0.059520224831877924 0.037984806077568975
0 0.508642 0.157787 0.05555560000000003 0.033606599999999986
0 0.5961972797169811 0.7964814419424683 0.052655522094106795 0.044525516981132135
0 0.4186991869918699 0.5935625749700119 0.04526748971193411 0.049713447954151654
0 0.4774050780340089 0.8069904113826167 0.048683904029816025 0.05103618929786574
0 0.3702472351902037 0.3482106448120752 0.05565126885476275 0.05127963000799677
0 0.3571213489912677 0.5729708116753298 0.05379905650908366 0.046914567506330815
0 0.5170914686699277 0.8297633448809157 0.05864199999999994 0.03688520000000012
0 0.5254046062869593 0.6563404050144648 0.029178338001867414 0.07525141204022592
0 0.3722774264779684 0.7197787551646008 0.02669878550637358 0.07743569238971071
0 0.5383181924062428 0.7809310238168884 0.04798509201024919 0.06047015156201664
0 0.631481 0.158607 0.03333329999999994 0.07786879999999999
0 0.4830246546296296 0.44462721282890205 0.052469209259259283 0.056468125657804125
0 0.5596027186873981 0.8371792934967521 0.026613337374796285 0.0710790869935046
0 0.6709879999999999 0.127869 0.024691399999999895 0.0754098
0 0.452161 0.204918 0.026543200000000024 0.0639344
0 0.5176332810097835 0.9074080326631612 0.033868937980433264 0.07370873467367779
0 0.464819833383519 0.04018392642942823 0.03573220917394358 0.07317073170731707
0 0.16725671750181553 0.13816899710703953 0.025871459694989104 0.04490115718418515
0 0.5731482203703704 0.9721311639344262 0.035185040740740754 0.05409832786885254
0 0.578704 0.176639 0.05617279999999996 0.03852459999999998
0 0.45518207282913165 0.505148780823805 0.056541134972507484 0.03667860586857689
0 0.2986564996368917 0.03405255544840887 0.034041394335512 0.04520250723240115
0 0.546605 0.057786899999999995 0.05246909999999995 0.048360700000000006
0 0.14783050377632534 0.05132593078592092 0.030228607552650683 0.041996161571841856
0 0.92963 0.409836 0.029629600000000075 0.04426229999999999
