0 0.6 0.0163934 0.034567900000000006 0.0327869
0 0.5 0.9922130000000001 0.027160499999999983 0.015573799999999926
0 0.48734600000000006 0.695492 0.03271610000000001 0.041803299999999946
0 0.536111 0.814754 0.045061699999999934 0.036065599999999934
0 0.69321 0.389754 0.05308640000000005 0.040163899999999995
0 0.49537 0.24959 0.029012299999999974 0.06639340000000002
0 0.562037 0.27418 0.05123460000000006 0.0647541
0 0.532407 0.4512300000000001 0.040123500000000034 0.06803279999999996
0 0.389198 0.418852 0.029012299999999974 0.049180299999999975
0 0.460802 0.902459 0.05864199999999994 0.032786900000000146
0 0.579012 0.583197 0.04197530000000002 0.05819670000000005
0 0.534568 0.355738 0.044444399999999974 0.05737700000000003
0 0.520679 0.277869 0.033950600000000046 0.07049180000000001
0 0.324074 0.0745902 0.030864199999999994 0.040983599999999995
0 0.458951 0.385656 0.045061699999999934 0.05163930000000002
0 0.475617 0.418443 0.04753090000000005 0.056557400000000035
0 0.618827 0.973361 0.021604899999999955 0.05327870000000016
0 0.70679 0.49467199999999995 0.04814809999999998 0.056557399999999945
0 0.461728 0.265164 0.04074069999999996 0.07131150000000003
0 0.640741 0.805328 0.04938269999999997 0.031967200000000036
0 0.601852 0.639344 0.03333329999999994 0.055737700000000015
0 0.533025 0.8700820000000001 0.026543200000000024 0.07459019999999991
0 0.526543 0.572541 0.06296300000000005 0.04344260000000006
0 0.595062 0.344262 0.05308640000000005 0.04590160000000001
0 0.465123 0.722131 0.04135800000000006 0.06393440000000007
0 0.339815 0.0438525 0.040123500000000034 0.0614754
0 0.457099 0.9487699999999999 0.03888889999999997 0.06803279999999996
0 0.529321 0.105738 0.025308599999999966 0.09344260000000001
0 0.535185 0.312705 0.04567900000000003 0.0647541
0 0.0623457 0.371311 0.0506173 0.03770490000000005
0 0.692901 0.9368849999999999 0.048765400000000084 0.04426230000000017
0 0.559568 0.9573770000000001 0.04135800000000006 0.07213109999999993
0 0.603395 0.8577869999999999 0.040123500000000034 0.06967209999999999
0 0.765123 0.9516389999999999 0.048765400000000084 0.03442620000000007
