0 0.6603429687499999 0.9341579990740739 0.02440201041666666 0.09817855055555545
0 0.6774520866484615 0.03353206461842154 0.014938816286410509 0.06706412923684309
0 0.6937629166666668 0.05116535435185186 0.028292171874999994 0.07731550749999999
0 0.5731673958333334 0.3346552490740741 0.028999494791666674 0.07977005361111109
0 0.6974662648466908 0.4226297461936484 0.01876390780661848 0.11826775951692652
0 0.5048044905213207 0.15361594529775957 0.032752378332358605 0.05640533439181544
0 0.5347492898778352 0.5563777496390178 0.026429954755670514 0.05849455664789071
0 0.6295750520833334 0.06711945490740742 0.020158187499999987 0.07240671472222222
0 0.5795624769410649 0.2537490562569744 0.022953942418067187 0.09302601474606996
0 0.5364815160680176 0.3654269839220473 0.03201631859436868 0.06977235169294226
0 0.5745819270833333 0.7703229601851852 0.020511848958333447 0.05767988722222212
0 0.6493518043797112 0.26514889831196026 0.014444515009422669 0.1181522037464499
0 0.5701434067787379 0.16725611735796894 0.02082937605747546 0.08812641065443245
0 0.6812080208333333 0.38742634351851846 0.01874359895833327 0.06504322611111106
0 0.6997716524593993 0.2677367392204356 0.02757806012713194 0.08843031220727693
0 0.6425895817592685 0.49705464254673337 0.016279474598442433 0.09621248333800578
0 0.5968620833333332 0.01791244516203704 0.021926437499999927 0.03582489032407408
0 0.6050062290286949 0.6860628024520706 0.03463787006760981 0.06833514953377103
0 0.7186358041280713 0.5623070387188829 0.015178474443024352 0.0843594404045271
0 0.597234985904268 0.08521087842710932 0.01976581464979752 0.09631728037273717
0 0.5540736369889031 0.9933075935853497 0.016274570852806154 0.013384812829300303
0 0.7021817529816649 0.17218157389762231 0.02108178200499644 0.08809338257512578
0 0.5859291655293721 0.43203156226962447 0.016254442720827694 0.11690082744299206
0 0.5556742218126499 0.11795642371452333 0.030839818227917228 0.06688701559923685
0 0.6562758333333333 0.047366062731481494 0.01909720312499997 0.09473212546296299
0 0.6171971875 0.28495346018518525 0.0236946875000001 0.07854278055555562
