0 0.409568 0.9950820000000001 0.03271610000000001 0.008196720000000077
0 0.562346 0.43442600000000003 0.029629599999999933 0.07704919999999996
0 0.587037 0.484836 0.044444399999999974 0.02868850000000006
0 0.6021712468390805 0.6643774310533258 0.05491720632183915 0.03518033789334841
0 0.411111 0.477049 0.020987700000000026 0.05081969999999993
0 0.33484099458989636 0.015719792966836257 0.046225489179792904 0.029800285933672503
0 0.430556 0.441393 0.021604899999999955 0.07950819999999999
0 0.564198 0.319262 0.027160499999999983 0.08114750000000001
0 0.601235 0.318443 0.022222200000000056 0.06639340000000002
0 0.197222 0.532377 0.029012299999999974 0.03852459999999998
0 0.479938 0.229508 0.026543200000000024 0.0754098
0 0.595988 0.120902 0.017901199999999947 0.04836069999999999
0 0.7228392966049384 0.07928210609101187 0.02592550679012346 0.07094408781797625
0 0.564198 0.0163934 0.028395100000000045 0.031147500000000005
0 0.637654 0.014754099999999996 0.025925899999999995 0.027868899999999995
0 0.513889 0.462295 0.04506170000000007 0.04262289999999994
0 0.576543 0.0836066 0.05185190000000002 0.03278690000000001
0 0.46142 0.255328 0.03271610000000001 0.07295079999999995
0 0.491975 0.311475 0.03209880000000005 0.07049180000000001
0 0.453704 0.146311 0.05061729999999996 0.04836069999999998
0 0.437346 0.288934 0.04753090000000005 0.04508200000000001
0 0.537037 0.631148 0.025925900000000064 0.06721310000000004
0 0.459259 0.183197 0.04691359999999995 0.05819669999999998
0 0.52716 0.776639 0.027160499999999983 0.0647541
0 0.517284 0.416803 0.05185190000000002 0.03852459999999998
0 0.39537 0.362705 0.05 0.041803300000000036
0 0.575617 0.601639 0.03271610000000001 0.07377049999999997
0 0.6558639999999999 0.227869 0.05370369999999994 0.03442619999999998
0 0.46358 0.9147539999999998 0.03333329999999994 0.06721309999999985
0 0.508642 0.588934 0.05061729999999996 0.03852459999999998
0 0.534568 0.34959 0.029629599999999933 0.06639340000000002
0 0.458642 0.55123 0.05802469999999998 0.03688519999999993
0 0.516667 0.280328 0.024691400000000033 0.08032790000000001
0 0.402778 0.402049 0.033950600000000046 0.04836070000000003
0 0.558333 0.75123 0.04135800000000006 0.05327869999999997
0 0.491358 0.9758200000000001 0.022222200000000056 0.048360700000000076
0 0.3740740000000001 0.8495900000000001 0.05555560000000003 0.03688520000000002
0 0.264506 0.384016 0.024074100000000005 0.040163899999999995
0 0.6413579999999999 0.682377 0.034567899999999936 0.06639339999999992
0 0.3435190000000001 0.67418 0.03271610000000001 0.03360660000000008
0 0.42932100000000006 0.9795080000000002 0.05246909999999995 0.03770489999999986
0 0.429938 0.911066 0.05 0.058196699999999865
0 0.652469 0.276639 0.03580250000000006 0.040163899999999995
0 0.446914 0.11024600000000001 0.05185190000000002 0.040163899999999995
0 0.486728 0.67582 0.04382720000000004 0.06639339999999992
0 0.473148 0.458197 0.04135800000000006 0.07377049999999997
0 0.497222 0.808607 0.03888889999999997 0.07131150000000003
0 0.409568 0.22418 0.03888889999999997 0.06639340000000002
0 0.428086 0.636475 0.03271610000000001 0.08442620000000008
0 0.6734570000000001 0.40819700000000003 0.04197529999999988 0.05901640000000003
0 0.7175930000000001 0.970902 0.04259259999999998 0.03852459999999998
0 0.357407 0.0860656 0.05061729999999996 0.0622951
