0 0.6588158161036582 0.38452066664842377 0.03273333129633329 0.07216962757427839
0 0.635494 0.963934 0.026543200000000024 0.07049180000000001
0 0.336111 0.9922130000000001 0.026543200000000024 0.015573799999999926
0 0.55679 0.44917999999999997 0.05308640000000005 0.032786899999999966
0 0.599691 0.377049 0.03271610000000001 0.06885249999999998
0 0.6135502274025659 0.7777644598521376 0.04820914519486814 0.05922548029572484
0 0.516667 0.9856559999999999 0.019753099999999964 0.028688499999999877
0 0.6410280486290554 0.2677437031325454 0.02164840274188907 0.07926679373490916
0 0.566049 0.605328 0.05432099999999997 0.03688519999999993
0 0.642284 0.471311 0.03271610000000001 0.0606557000000001
0 0.620679 0.9225410000000002 0.030246900000000035 0.03360659999999989
0 0.42914911517634335 0.30280829933443715 0.031082028845151224 0.06969536609745781
0 0.57963 0.8672130000000001 0.04197530000000002 0.05081970000000011
0 0.5565878605849018 0.4063556170988981 0.05225687883019644 0.04302566580220373
0 0.337037 0.511066 0.03209880000000005 0.031967200000000036
0 0.514815 0.0184426 0.028395100000000045 0.035245900000000004
0 0.6373503739321439 0.3665488537064736 0.03517655213571235 0.07018039258705279
0 0.573457 0.545492 0.05432099999999997 0.04672130000000003
0 0.5372428202674897 0.6323769352459017 0.07037041419753082 0.03797791420765032
0 0.684259 0.0778688 0.05123459999999992 0.031147500000000012
0 0.607099 0.614344 0.05123460000000006 0.041803299999999946
0 0.498148 0.227869 0.027160499999999983 0.08360659999999999
0 0.442284 0.947541 0.026543200000000024 0.04754099999999996
0 0.702469 0.11024600000000001 0.04074069999999996 0.04672129999999999
0 0.464198 0.888934 0.028395100000000045 0.06475409999999981
0 0.764198 0.9545079999999999 0.025925899999999925 0.045081999999999914
0 0.37284 0.67623 0.05432099999999997 0.03114749999999992
0 0.229012 0.780328 0.03333330000000002 0.036065599999999934
0 0.592593 0.956557 0.028395100000000045 0.0803279000000001
0 0.4204324164776534 0.38105563516329904 0.03529556516891569 0.06137328933790821
0 0.57037 0.342623 0.04074069999999996 0.0606557
0 0.542901 0.953279 0.054938299999999926 0.04426230000000017
0 0.39074099999999995 0.2632985952471724 0.04938270000000004 0.040983600000000016
0 0.3470495910570668 0.42825170817971564 0.03429691788586658 0.07628438364056864
0 0.53179 0.886066 0.04135800000000006 0.06229510000000014
