0 0.7417634192708333 0.8432623277777778 0.03117286093750001 0.08923196268518534
0 0.5827215350521776 0.4000518796589977 0.031369181563021084 0.08803095540422703
0 0.5026226524128335 0.16511881827882657 0.045812279565250455 0.055379768257161864
0 0.5465297852411432 0.4956196253710815 0.026134150090630234 0.10545397064957003
0 0.46248673762993125 0.43693550696738737 0.030685772656250106 0.09979883212962982
0 0.592278670599884 0.31427480172982564 0.027371050314351445 0.08112132913294101
0 0.42662527083333335 0.2315541768518519 0.03994021328125008 0.06574979185185179
0 0.6533534266611679 0.8368391982570496 0.03846751165566917 0.06685704246738253
0 0.5581359505208333 0.9612597527777778 0.044810938281250046 0.05753106787037007
0 0.5992934505208335 0.9633121066435186 0.018021792968749988 0.07337578671296283
0 0.9329403223958332 0.5468012638888888 0.032634046875000065 0.07866495000000026
0 0.6592038098958333 0.8820075157407409 0.0375048507812501 0.08453552851851845
0 0.6847749583333334 0.30258726018518506 0.027276233593750022 0.08805781833333338
0 0.6149106278282759 0.07379257967801094 0.019057699927384774 0.09948865508842264
0 0.5576765268021853 0.15934017091332905 0.02155449570739331 0.11133748926993689
0 0.5540374560983398 0.349626061665585 0.0394699207109408 0.0668024935619625
0 0.41426616530643584 0.9862074201620369 0.020820715741295005 0.02758515967592614
0 0.5593534739583333 0.4264561231481482 0.03555649765625001 0.07044622601851866
0 0.4908100741052543 0.43200913466371293 0.023161141700091942 0.08986638048738926
0 0.6538460755208334 0.4505248648148148 0.04140139921875002 0.06692393620370372
0 0.5037902875337023 0.08039176943101004 0.02351399531715632 0.1059393079720006
0 0.47276520330279903 0.007135563283104266 0.021180605172463392 0.014271126566208532
0 0.5759584862235815 0.9054901027940953 0.03369813859299609 0.05166022987477214
