0 0.524728713617658 0.1959140758320914 0.02798365020576127 0.07613011957277695
0 0.5929667040778152 0.32476403378042723 0.03928170594837261 0.05290611028315943
0 0.5567714178825289 0.4164182811723795 0.04695099139543581 0.058370591157476434
0 0.5773098176134 0.9634047209707128 0.03213385356498826 0.06900874199668466
0 0.6609238683314628 0.6955413980004967 0.02629966333707449 0.043343103999006496
0 0.4884959520763187 0.5775584517386985 0.0368497417882529 0.06967229344262292
0 0.5712306848110738 0.35178827719821165 0.044220261503928146 0.048037951316443055
0 0.5395622895622895 0.2586934923000496 0.05780022446689113 0.03800298062593145
0 0.5773475495697717 0.203551912568306 0.03872053872053873 0.06979632389468453
0 0.5472315750093528 0.18268753104818677 0.024130190796857482 0.08370591157476404
0 0.5742143229797979 0.39074758541977145 0.04461288041526366 0.06301550973671143
0 0.516021157379349 0.5857301283532041 0.03454952961092407 0.07692523758072532
0 0.6018136035476487 0.9684423889344262 0.032175262040504936 0.06368622968318281
0 0.6170968948746726 0.203551912568306 0.04040404040404036 0.06880278191753599
0 0.6610549943883278 0.20951316443119722 0.04152637485970818 0.0663189269746647
0 0.6517957351290684 0.4197714853452558 0.04283576505798727 0.05613512170889226
0 0.5945566778900112 0.1425732737208147 0.05480733258511034 0.03924490809736711
0 0.49181629490273093 0.4911325083457526 0.05228211277590717 0.04754124262295072
0 0.6173308886270108 0.6259192009190263 0.03095737725402165 0.06659180183805252
0 0.5069115349981295 0.653601499503229 0.05160833000374117 0.0468950009935419
0 0.5037412188645716 0.10298062511177347 0.05686473772914325 0.03546945022354694
0 0.5841750841750841 0.6135121708892199 0.041900486344930786 0.05861897665176353
0 0.36480160078529095 0.6490951020203539 0.026616830898176444 0.07093798566200425
0 0.6316872427983539 0.27459016393442626 0.04601571268237933 0.06433184302036757
0 0.492517770295548 0.1713859910581222 0.037037037037037035 0.07302533532041729
0 0.4913863051505971 0.7189124909722687 0.03518474098949028 0.08179747210414616
0 0.6705013093901981 0.12531048186785892 0.06490834268612052 0.03849975161450571
0 0.4830059490553684 0.46292843096125186 0.0509352052562664 0.05253346400894189
0 0.6543089494134599 0.7392118310191675 0.0579632037277802 0.038781337150108536
0 0.25602133805104066 0.018035752149428 0.06290477334576784 0.033512173021582735
0 0.5686469019558884 0.8793564772471911 0.057046603911776905 0.03903985449438182
0 0.772839 0.130328 0.03456789999999986 0.07213110000000002
