0 0.16327496330371424 0.3804252278800676 0.06851843660716608 0.03263896140057777
0 0.27065460276270614 0.541163338863558 0.06135979397656684 0.021408351026185445
0 0.5139840380208333 0.4951671796296296 0.03773110057291653 0.04848812833333327
0 0.2794708241732289 0.7714786587908604 0.04763770333105247 0.03142701439423418
0 0.14562758646626334 0.6672470094542989 0.04558666410956735 0.024105306534775123
0 0.6529362085918476 0.5230397810303524 0.034381663337138116 0.05133824835700125
0 0.3775099828124999 0.7524851074074074 0.05860367963541672 0.03636614666666655
0 0.23983164531250012 0.25052218685185185 0.04656189713541667 0.049590169444444436
0 0.3779118437499999 0.8175031129629629 0.04495627411458329 0.04628418055555551
0 0.4168468364583333 0.2334410874074074 0.06984278067708326 0.017632052777777785
0 0.519203028125 0.3227031907407408 0.057800868124999974 0.03085607555555554
0 0.46340938385416663 0.31719365740740746 0.034519984583333496 0.04628418055555557
0 0.38955150520833326 0.7133637907407407 0.031308868593749865 0.04959016944444441
0 0.3638623171874999 0.40149637407407407 0.04094234661458316 0.04959016944444451
0 0.21293817500000004 0.6395295907407409 0.03451998458333326 0.026448112777777793
0 0.4027986104166666 0.855246374074074 0.06422323015625012 0.03030512222222207
0 0.4393250385416667 0.8139215129629629 0.06984278067708338 0.0258970922222222
0 0.41484013281250004 0.25189963740740745 0.07225121520833339 0.024795051111111115
0 0.25347931093749987 0.6243770296296296 0.06261760713541661 0.036917100000000175
0 0.3116815197916667 0.630162174074074 0.04736470864583341 0.045182139444444325
0 0.41054968524568175 0.50342487925953 0.0556433754392805 0.03858396740686603
0 0.5629692173865106 0.8627473742509784 0.03936667909593794 0.03514039964619184
0 0.2707385229166668 0.4224347518518519 0.060209302656250095 0.033060090555555526
0 0.2141424572916667 0.6880176518518519 0.05137863614583319 0.023142056666666824
0 0.2314016692708334 0.45797446851851853 0.03612560760416663 0.04132513000000004
0 0.4722399203125 0.47340264074074073 0.0569981866666667 0.043529144999999984
0 0.5818205052083333 0.42794495740740746 0.036928419114583375 0.04848812833333337
0 0.43049450208333334 0.4183019296296296 0.06823715765625 0.03471308499999998
0 0.3847077090116094 0.875724607456962 0.05720365892555191 0.030065644722985233
0 0.3502146515625 0.6568856962962963 0.06181492567708335 0.032509137222222165
0 0.3011440959399744 0.7196843859106236 0.07165002207838439 0.023661265339765692
0 0.3191384729545179 0.23285519737286958 0.04364521519553684 0.018136462963967797
0 0.646846546875 0.23812459407407408 0.033717173072916634 0.0269990661111111
0 0.3123937191627347 0.852677722783293 0.05127772660676951 0.040387568067595435
0 0.46461236562499997 0.263470732962963 0.032111680104166734 0.05675316777777779
0 0.4168468364583333 0.6904968074074075 0.03773110057291665 0.017081032222222348
0 0.2229450852575896 0.7058128771210588 0.07701109681726273 0.025019726683808374
0 0.3020472614583332 0.6742424740740741 0.07465951968750015 0.0242440977777777
0 0.6669161843749999 0.8803169018518519 0.036928419114583375 0.03195811666666657
0 0.42527681250000005 0.2987351074074074 0.03371717307291675 0.043529144999999984
0 0.7548222890624999 0.8624095740740741 0.03612560760416675 0.043529144999999825
