0 0.588272 0.504508 0.06049380000000007 0.040163900000000086
0 0.4791392208968773 0.22642246075216974 0.0409953417937545 0.06595932150433946
0 0.5385258090777051 0.0766875524831244 0.05729841815541034 0.0337030049662488
0 0.451852 0.013524599999999998 0.06296300000000005 0.027049199999999995
0 0.5504358776870006 0.12174561661041465 0.05889585537400155 0.04676913322082931
0 0.587346 0.540984 0.05 0.040983600000000016
0 0.439815 0.9885249999999999 0.030246900000000035 0.02295080000000005
0 0.501235 0.738115 0.039506200000000075 0.06639339999999992
0 0.523148 0.741393 0.029012299999999974 0.06639339999999992
0 0.432716 0.0844262 0.05308640000000005 0.034426200000000004
0 0.461728 0.122131 0.022222200000000056 0.07213110000000002
0 0.46975300000000003 0.304098 0.06172839999999999 0.03442619999999998
0 0.428704 0.0368852 0.05 0.0377049
0 0.598148 0.9389339999999999 0.027160499999999983 0.03032790000000011
0 0.505247 0.373771 0.05987649999999997 0.040983600000000016
0 0.517284 0.05 0.06419750000000007 0.0360656
0 0.586111 0.57623 0.03765430000000005 0.05245900000000004
0 0.631173 0.85 0.05617280000000003 0.03442620000000007
0 0.510185 0.54918 0.027777799999999943 0.0606557000000001
0 0.492901 0.104098 0.04259259999999998 0.0639344
0 0.594753 0.368033 0.03271610000000001 0.07213110000000003
0 0.46049399999999996 0.396721 0.03333329999999994 0.05409839999999999
0 0.465123 0.797951 0.05493830000000007 0.035245900000000004
0 0.495062 0.42172100000000007 0.03209880000000005 0.06639339999999996
0 0.547222 0.540574 0.035185199999999965 0.07950819999999999
0 0.389815 0.0709016 0.027777799999999943 0.07295079999999998
0 0.6688997315177924 0.09498553601735775 0.0313361369644155 0.03953712796528447
0 0.321296 0.22458999999999998 0.022839500000000016 0.07049180000000001
0 0.49693193874364555 0.14329816427193828 0.03954207748729129 0.07020212854387657
0 0.489815 0.973361 0.035185199999999965 0.05163929999999992
0 0.157099 0.418033 0.02901230000000001 0.08032790000000001
0 0.4659765228031953 0.06550145713596914 0.04553424560639069 0.04739631427193829
0 0.311728 0.746311 0.043209899999999975 0.054918000000000085
0 0.572531 0.781557 0.030246900000000035 0.06967210000000008
0 0.7481480000000001 0.8709020000000001 0.023456799999999976 0.07622949999999992
0 0.556173 0.908607 0.034567900000000006 0.031967200000000036
0 0.584877 0.962705 0.04629629999999999 0.05327870000000016
0 0.11975299999999998 0.380738 0.03209879999999998 0.04672130000000003
0 0.6487649999999999 0.943443 0.044444400000000044 0.05573769999999983
0 0.630247 0.8922130000000001 0.05555560000000003 0.048360700000000076
0 0.506173 0.8434429999999999 0.05432099999999997 0.040983600000000016
0 0.353395 0.223361 0.040123500000000034 0.06803279999999999
0 0.285185 0.534836 0.03703700000000002 0.06639339999999992
0 0.35955333309724063 0.527395319472928 0.036389866194481243 0.07446283894585579
0 0.742284 0.9573770000000001 0.05123459999999992 0.040983600000000016
