0 0.7832013836921432 0.47614568237849736 0.025884455056057135 0.07649853271157975
0 0.5751700918978755 0.061934491943752536 0.04540208379575097 0.04354108388750507
0 0.626543 0.9139339999999999 0.03209879999999998 0.06393440000000007
0 0.594444 0.333197 0.05432099999999997 0.035245900000000004
0 0.44567899999999994 0.9864749999999999 0.024691400000000033 0.02704919999999995
0 0.62167585369716 0.9722326122226728 0.047055307394320026 0.03954682444534534
0 0.5760101295696463 0.14744266734200312 0.06029924528857479 0.03240424418409316
0 0.595988 0.29877 0.05740740000000002 0.040163899999999995
0 0.587963 0.646311 0.05864199999999994 0.03688519999999993
0 0.5459057065839986 0.9189221718473033 0.04983671316799722 0.03784354369460695
0 0.5673167012552894 0.0989776644890807 0.03530085441477997 0.06530167665817066
0 0.508951 0.0942623 0.029012299999999974 0.04590160000000001
0 0.583951 0.695902 0.05679010000000006 0.036065599999999934
0 0.525926 0.198361 0.025925900000000064 0.06229510000000003
0 0.567073670741177 0.7877670551077449 0.06464862763163629 0.034846472533742553
0 0.508279766396196 0.4492788035596362 0.02541526720760808 0.0719341928807276
0 0.46018499999999996 0.809426 0.04382720000000004 0.04344260000000006
0 0.45 0.18811499999999998 0.034567900000000006 0.07459019999999998
0 0.408951 0.97418 0.03765430000000005 0.05
0 0.6799675704816124 0.6581433512092337 0.03866015633643066 0.06180517037305202
0 0.72037 0.111885 0.024691399999999895 0.030327900000000015
0 0.301543 0.633197 0.048765400000000014 0.045081999999999914
0 0.551235 0.75 0.05185190000000002 0.04426229999999999
0 0.665741 0.6285901792272491 0.03271610000000001 0.07049180000000001
0 0.6154693646119618 0.1833878160227075 0.024691399999999964 0.07786880000000002
0 0.539506 0.111475 0.030864199999999994 0.0770492
0 0.5607609720313659 0.4393630374572786 0.02786055593726823 0.07701142508544283
0 0.499691 0.795492 0.021604899999999955 0.06967210000000008
0 0.5272858127851938 0.7235821557550831 0.05130456864502906 0.047361553055668165
0 0.479938 0.706967 0.05493830000000007 0.041803299999999946
0 0.544171927090695 0.6047270298789318 0.040051745818610165 0.056120340242136336
0 0.48209899999999994 0.260246 0.03950619999999993 0.05819669999999996
0 0.452778 0.118443 0.025308599999999966 0.08114750000000001
0 0.500617 0.154098 0.03827160000000001 0.07213109999999998
0 0.5482558982473934 0.5121257657533453 0.05040090350521313 0.04296206849330944
0 0.551852 0.295492 0.04691359999999995 0.06147540000000003
0 0.419753 0.796721 0.03580250000000006 0.06393440000000007
0 0.316975 0.0192623 0.03148149999999999 0.0368852
0 0.396605 0.861066 0.06728400000000001 0.03360659999999989
0 0.5443017032325611 0.8704543312329839 0.03115019353487765 0.06564943753403245
0 0.480556 0.9700819999999999 0.05864199999999994 0.03852459999999998
0 0.738272 0.614754 0.03950619999999993 0.06557379999999993
0 0.4736726437170091 0.4989818446967502 0.03376538743401821 0.04878368939350057
0 0.35432099999999994 0.604098 0.04197530000000002 0.06065569999999991
0 0.607716 0.883197 0.04259259999999998 0.07295080000000005
0 0.6574069999999999 0.49016400000000004 0.030864199999999994 0.06721310000000004
0 0.669753 0.769672 0.05308640000000005 0.04262289999999994
0 0.761111 0.712295 0.0493826999999999 0.05081969999999993
0 0.404012 0.325 0.035185199999999965 0.06147540000000003
0 0.867901 0.69918 0.05308640000000005 0.06557379999999993
