0 0.5328731010621653 0.7179094048655048 0.03572925707470589 0.04518878723020604
0 0.3549870163705938 0.27613152505872457 0.03314033629964803 0.04695928926884746
0 0.621711436890773 0.6804252117996576 0.025712526218454195 0.03423247640068475
0 0.5443771763216207 0.36885245901639346 0.030270655270655276 0.038881883144178245
0 0.5177666983222539 0.11323034888608659 0.0538144982589427 0.04150903741067675
0 0.5888928458372902 0.20701975620008406 0.055990819879708824 0.034678436317780593
0 0.7140909316277455 0.679109882151557 0.025038425306162942 0.07044571729541113
0 0.6771221700642074 0.777735777375074 0.028570871334721564 0.03581161069853193
0 0.5826329738366571 0.16623075332072296 0.04912151671415002 0.040594399201345104
0 0.5702951883507439 0.4592265657839428 0.03976733143399809 0.05832282471626728
0 0.6696443011801017 0.013042419021215048 0.030355551597676122 0.026663474397299908
0 0.5750435264324153 0.5559058427910887 0.025918012029123114 0.07408575031525859
0 0.48274770496992714 0.5723255569567045 0.05777144666033551 0.036517444304329495
0 0.48630895853118067 0.5319987389659521 0.056584362139917674 0.040983606557377046
0 0.6655201962534232 0.7494829849775185 0.06374900473353105 0.029481474596553973
0 0.39720628671256725 0.312673599148802 0.03298533730610949 0.07767928341740225
0 0.46504036087369416 0.35611076082387555 0.025918012029123184 0.045449768810424555
0 0.66644903450459 0.396437578814628 0.04016302627413737 0.045187053383774656
0 0.37195293892845843 0.3054173461958806 0.037987126258309585 0.06592024665825974
0 0.47418790583692794 0.7355205671028376 0.03035392207595815 0.03860400372308901
0 0.540202536498892 0.14849728866120218 0.04613813687875907 0.04663720073560319
0 0.6055061902560861 0.8577359270524721 0.028008761096236866 0.04781763065376248
0 0.5448717948717948 0.314207650273224 0.049461855017410614 0.06988230348886089
0 0.5007518201962646 0.24655842791088692 0.0273029439696106 0.06751786464901223
0 0.5223210271050964 0.48583984711013034 0.037583333570750325 0.062368225073560206
0 0.626088160810383 0.5061212694409416 0.024335232668565993 0.07802648171500634
0 0.41409465020576125 0.24235498108448927 0.03244697689142139 0.04650063051702396
0 0.5596114276669832 0.22619798234552332 0.05124248179803738 0.05411937788986969
0 0.5996732026143791 0.024108003857280617 0.06862745098039212 0.036644165863066534
0 0.7253018063539561 0.7694065800327636 0.04128988721771619 0.07485462583216176
0 0.4530545638572333 0.49240221002522067 0.030436446486229892 0.06687671933585537
0 0.5427943969610637 0.5572194199243379 0.03383190883190881 0.06305170239596468
0 0.41685259556745496 0.7865889788662848 0.028509098120878627 0.07406675883863317
0 0.672133432057934 0.7059245903575729 0.0432603689996004 0.06416335544685974
0 0.5112516150294715 0.6618276384225426 0.04150589285245552 0.06682467575218909
0 0.4596535075412762 0.6888438460925669 0.031310584917447586 0.0747711078148661
0 0.6741103848946985 0.22058823529411764 0.03376906318082791 0.07280617164898748
0 0.4848251028806584 0.29397856242118536 0.053220955998733784 0.04045817570407735
0 0.6240107628996517 0.14593841950399325 0.03561253561253557 0.08012820512820512
0 0.5656457739791073 0.2972625052543085 0.04748338081671414 0.06646700294241278
0 0.4267568850902184 0.5673339638503573 0.045900601456157014 0.05438209331651952
0 0.5341813919604343 0.7997875982421491 0.029361446333481957 0.07663785243268162
0 0.4739434947768281 0.09497162673392182 0.038184552073440965 0.05963640184951661
0 0.6975963436437106 0.9588879831917834 0.033201512712578755 0.07894523361643302
0 0.3963875209243431 0.4657158310844892 0.05480330572966131 0.04166627814207649
0 0.4704811649256093 0.1619640605296343 0.041152263374485576 0.06121269440941572
0 0.375514403292181 0.1530317360235393 0.05460588793922127 0.03861916771752837
0 0.5917497149090187 0.9287971558364605 0.04958104021022363 0.052340509579300754
0 0.405640985010412 0.9698319722266112 0.04822976118548271 0.06067256911580749
0 0.183333 0.329098 0.0395062 0.07786880000000004
