0 0.554938 0.47459000000000007 0.029629599999999933 0.040983600000000016
0 0.479938 0.994672 0.030246900000000035 0.010655699999999909
0 0.5473934614590705 0.02062232431868017 0.02811942291814102 0.04124464863736034
0 0.536728 0.067623 0.04753090000000005 0.054918000000000015
0 0.6184338255091608 0.123361 0.03395059999999998 0.033606599999999986
0 0.416358 0.00901639 0.025308599999999966 0.0180328
0 0.6718152054513643 0.7722825548162264 0.047727289097271336 0.05871359036754737
0 0.4991941067999528 0.379915394907069 0.023079113599905658 0.04835548981413801
0 0.5114430991114256 0.031043129479482096 0.05646329974050482 0.031805377680902164
0 0.455864 0.9147539999999998 0.027777799999999943 0.05901639999999998
0 0.38295174389203424 0.6355904435783648 0.02516358778406852 0.08101708715672964
0 0.456481 0.712295 0.05370370000000001 0.03442620000000007
0 0.3747544505111268 0.1722642003132505 0.025044845930644027 0.08253644222616684
0 0.4327673148443029 0.9257020372115485 0.023354870311394185 0.07318542557690304
0 0.456481 0.010245899999999999 0.031481499999999954 0.0188525
0 0.501543 0.678279 0.04259259999999998 0.05
0 0.545513973195329 0.1821710599535345 0.03423744639065818 0.039751019907068995
0 0.291667 0.677459 0.05864199999999997 0.03360660000000008
0 0.7194995968978533 0.5885010365406703 0.03933689175906261 0.03736568300093978
0 0.583333 0.74918 0.029629599999999933 0.06557379999999993
0 0.5511089721258945 0.40095532630782077 0.05086935574821111 0.04071194738435835
0 0.6173466656345835 0.4253213395452647 0.029755831269167216 0.07031377909052944
0 0.459568 0.670492 0.05370370000000001 0.04754099999999996
0 0.5784992242647637 0.09189205635637464 0.04375644649288351 0.05533043255194738
0 0.424691 0.0368852 0.03703699999999995 0.03278690000000001
0 0.582099 0.933607 0.03703699999999995 0.03770489999999986
0 0.515741 0.968033 0.05246909999999995 0.03770489999999986
0 0.55463 0.619672 0.04753090000000005 0.03770490000000005
0 0.541667 0.4467209999999999 0.04876539999999994 0.04754099999999996
0 0.6023592972536762 0.8145402487731022 0.04007184348903049 0.05829550746580352
0 0.6021465324113391 0.8856324562128015 0.03027403517732172 0.07135888757439701
0 0.3518560045844146 0.2500836187114963 0.0543284091688291 0.03131443742299253
0 0.49537 0.931967 0.04876539999999994 0.0459016000000001
0 0.48734600000000006 0.884426 0.03271610000000001 0.049180299999999885
0 0.346296 0.172131 0.030864199999999994 0.07213110000000003
0 0.413272 0.606148 0.04135800000000006 0.06967210000000008
0 0.6493829999999999 0.129918 0.032098799999999914 0.06803280000000002
0 0.548765 0.765164 0.03950619999999993 0.06639339999999992
0 0.570679 0.126639 0.04753090000000005 0.05655739999999999
0 0.6158899248250372 0.7564318920147228 0.04289184965007469 0.06696288402944554
0 0.526852 0.901639 0.04629629999999999 0.05901639999999998
0 0.6629629999999999 0.927869 0.029629600000000075 0.02950819999999999
0 0.503086 0.459016 0.03209880000000005 0.07704919999999996
0 0.421498749060313 0.2197449921922314 0.048722247102303884 0.05231329430406178
0 0.4629139102874105 0.41395771714785423 0.030962679425178864 0.06880506570429155
0 0.5737851997739246 0.5757910357810379 0.052398146492883574 0.03876981316174161
0 0.495062 0.20737700000000003 0.03209880000000005 0.06885250000000001
0 0.507099 0.644672 0.05123460000000006 0.05327869999999997
0 0.723765 0.921721 0.0561728000000001 0.04180330000000013
0 0.394444 0.514754 0.044444399999999974 0.06229509999999996
0 0.432716 0.784836 0.05432099999999997 0.048360700000000076
0 0.43300907764999613 0.3374203497885559 0.05243745529999209 0.040414599577111805
0 0.931481 0.164344 0.03580250000000006 0.040163899999999995
0 0.466049 0.153689 0.05308640000000005 0.06311480000000003
0 0.298148 0.932787 0.034567900000000006 0.07377050000000017
0 0.04197530000000001 0.9270490000000001 0.04320990000000001 0.07213109999999993
