0 0.5681186731415041 0.8345096403708574 0.018603077963808518 0.03352475056943952
0 0.3541396154083968 0.4858507348312762 0.02875162307549619 0.08005145187334077
0 0.5761853720936297 0.6317816923082075 0.04660195113580081 0.046416273155512694
0 0.4729798786239763 0.7099593913373007 0.02840665090840998 0.03527995974623836
0 0.6684466928986322 0.5630580819948581 0.052776216351258474 0.0457523567301579
0 0.6615746621947411 0.5953830567702431 0.05361248519975856 0.03777451068200043
0 0.47024900512556717 0.2770389139239176 0.03291129649150569 0.03545558955443467
0 0.5114971466935212 0.6469466594027041 0.048021334526873294 0.033430736466742536
0 0.577480611727187 0.7454845850309582 0.04070933294677591 0.07073882775656865
0 0.6377597109304426 0.4501532720245235 0.030512897721569777 0.0419832067173131
0 0.5218704611474219 0.017854990356798457 0.04127178649237467 0.03570998071359691
0 0.4907575140940285 0.5593469580023277 0.028361471811942877 0.06327318399534441
0 0.5565065971545747 0.7094278056943953 0.028961105690850714 0.07786558861120914
0 0.562037 0.311885 0.029012299999999974 0.06967209999999999
0 0.5517931484954458 0.8692355884195246 0.040623796990891664 0.06961967683904914
0 0.58858 0.282377 0.022839500000000016 0.08114750000000001
0 0.5335146720043572 0.07967394539537126 0.03954291452432825 0.046775542189006744
0 0.4984175303810006 0.7551891180905328 0.0541180449856249 0.06255814699560489
0 0.3655419222903885 0.5491928995273057 0.03597667196849206 0.039097857789399545
0 0.3374685364976627 0.8020054114276619 0.04350952894642218 0.061435619926786596
0 0.5030584461601582 0.4999133277202714 0.04158740815336987 0.058813332672973145
0 0.5042097857661583 0.0469352700096432 0.05526053013798111 0.03932618129218901
0 0.14663923182441702 0.9864981785063752 0.057338820301783264 0.025364298724954566
0 0.38287975047219586 0.34096263481504835 0.05596678374485599 0.04597160580776241
0 0.5399369661706016 0.6059011440740925 0.053616053112528386 0.0454410380862761
0 0.466049 0.014085075024108006 0.05432099999999997 0.026229500000000003
0 0.42819745967869577 0.29411144698052405 0.03787541935739163 0.07346969396104805
0 0.517045242624296 0.5785374671883512 0.04867405169519978 0.055346441483829466
0 0.4535457373383882 0.6710662191816187 0.028069407990667837 0.07389957402865623
0 0.5413447238155638 0.7666148231216515 0.03132084446135629 0.08494108937634327
0 0.4358435408663719 0.7984986044721054 0.05194365924959532 0.041063809309935466
0 0.23792400815054535 0.7356358427502785 0.03284190339206521 0.04106318637593501
0 0.37049698562044947 0.291978364929242 0.054595321879286667 0.05187041908364859
0 0.4986591287961151 0.9032433993134644 0.04010533690898993 0.07025761124121785
0 0.40703809222327747 0.18468894493484658 0.05091273609792126 0.06217598430713186
0 0.5476432074605591 0.9679670206281478 0.057862820419898015 0.04539475794809288
0 0.04186257527014765 0.5278578991565958 0.0353322884874481 0.04363065464237468
0 0.1082652808710715 0.45383183029683444 0.05073001732244494 0.05294096169995255
