0 0.698457 0.18729499999999996 0.04753090000000005 0.05163929999999999
0 0.6317900000000001 0.50041 0.05000000000000007 0.031967200000000036
0 0.517593 0.266393 0.06234569999999995 0.04754099999999996
0 0.4510029466049382 0.5955943463114755 0.05725280679012346 0.033401807377049224
0 0.477778 0.390164 0.028395100000000045 0.04262290000000003
0 0.525617 0.509836 0.045061699999999934 0.036065599999999934
0 0.56358 0.803279 0.059259300000000036 0.036065599999999934
0 0.524691 0.0491803 0.04691359999999995 0.057376999999999984
0 0.523457 0.143443 0.04320989999999994 0.06885249999999998
0 0.587963 0.835656 0.05740740000000002 0.035245900000000004
0 0.491358 0.981967 0.025925900000000064 0.036065599999999934
0 0.45463 0.415984 0.04135800000000006 0.0647541
0 0.521914 0.0188525 0.03765430000000005 0.0360656
0 0.522839 0.563934 0.027160499999999983 0.0754097999999999
0 0.608951 0.679098 0.021604899999999955 0.07295080000000005
0 0.516975 0.915574 0.024074099999999935 0.07704919999999996
0 0.585185 0.0360656 0.05308640000000005 0.04590160000000001
0 0.5912808157407408 0.5496926110655739 0.044598668518518556 0.07274587786885252
0 0.358642 0.870492 0.06049379999999993 0.040983600000000016
0 0.55 0.651639 0.04197530000000002 0.07049180000000001
0 0.38395100000000004 0.830738 0.03333329999999994 0.048360700000000076
0 0.465123 0.11065600000000002 0.04629629999999999 0.05409839999999999
0 0.553086 0.768443 0.05432099999999997 0.04344260000000006
0 0.554938 0.862295 0.05308640000000005 0.05901639999999998
0 0.568519 0.27623 0.04320989999999994 0.05737700000000003
0 0.6342589999999999 0.742623 0.027777799999999943 0.07049180000000001
0 0.446914 0.643852 0.03827160000000001 0.06639339999999992
0 0.491358 0.796721 0.05432099999999997 0.032786899999999966
0 0.422839 0.869262 0.05802469999999998 0.03360659999999989
0 0.449383 0.0778688 0.04691359999999995 0.0508197
0 0.754938 0.646721 0.0493826999999999 0.03442620000000007
0 0.49321 0.716803 0.03333329999999994 0.07622950000000002
0 0.551852 0.8963109999999999 0.044444399999999974 0.06311479999999989
0 0.379321 0.11024600000000001 0.029012299999999974 0.05
0 0.592901 0.333607 0.033950600000000046 0.05901639999999998
0 0.750617 0.938525 0.04691359999999995 0.04426230000000017
0 0.6484569999999998 0.940164 0.040123500000000034 0.04754099999999996
0 0.683642 0.0815574 0.05370369999999987 0.040163899999999995
0 0.631173 0.887705 0.035185199999999965 0.05737700000000012
0 0.683642 0.630738 0.04753090000000005 0.045081999999999914
0 0.0515432 0.0643443 0.05 0.0368852
0 0.776235 0.8672130000000001 0.05123459999999992 0.049180299999999885
