0 0.475617 0.619262 0.05 0.04344260000000006
0 0.52037 0.306148 0.020987700000000026 0.05
0 0.512654 0.40614799999999995 0.05617279999999996 0.03196719999999999
0 0.6485510258474576 0.48774681963739935 0.05883015169491538 0.03450913927479858
0 0.514506 0.439754 0.05 0.04344260000000001
0 0.5529399455953129 0.829744373437066 0.058589663109437085 0.04654070575159757
0 0.192593 0.011475399999999998 0.028395099999999975 0.0213115
0 0.65 0.673361 0.05802470000000005 0.04344260000000006
0 0.628395 0.40082 0.03703700000000002 0.06393440000000002
0 0.697839 0.663525 0.03271610000000001 0.05819670000000005
0 0.457716 0.982377 0.026543200000000024 0.035245899999999816
0 0.457716 0.713115 0.030246900000000035 0.06721310000000004
0 0.421914 0.0110656 0.040123500000000034 0.0204918
0 0.65679 0.269672 0.05802470000000005 0.04262290000000003
0 0.411111 0.445902 0.04074069999999996 0.05081969999999993
0 0.6206789999999999 0.321311 0.026543199999999954 0.07213110000000003
0 0.660494 0.233197 0.0506173000000001 0.03852459999999998
0 0.4410490000000001 0.47540999999999994 0.024074099999999935 0.08032789999999992
0 0.581481 0.395902 0.06172839999999999 0.02950819999999999
0 0.55679 0.331148 0.024691400000000033 0.07377049999999997
0 0.674383 0.862295 0.026543200000000024 0.04590160000000001
0 0.459259 0.433607 0.04320989999999994 0.05901639999999998
0 0.346605 0.022950799999999997 0.027777799999999943 0.0442623
0 0.517593 0.358607 0.05370370000000001 0.05491799999999999
0 0.4066539361215735 0.2948875609544318 0.05582722775685288 0.029897378091136424
0 0.594444 0.351639 0.04691359999999995 0.05409839999999999
0 0.732716 0.467213 0.0493826999999999 0.04590159999999991
0 0.483951 0.312705 0.05555560000000003 0.033606599999999986
0 0.6518520000000001 0.322131 0.03456789999999986 0.07868849999999997
0 0.47284000000000004 0.559426 0.034567900000000006 0.06147540000000003
0 0.539198 0.893033 0.05617279999999996 0.03852459999999998
0 0.487963 0.720082 0.040123500000000034 0.09098360000000001
0 0.452469 0.545902 0.03209880000000005 0.06721310000000004
0 0.498457 0.266803 0.03765430000000005 0.06311479999999997
0 0.431173 0.795902 0.05740740000000002 0.036065599999999934
0 0.65679 0.44180299999999995 0.04074069999999996 0.06721310000000004
0 0.448765 0.865984 0.04814809999999998 0.04672129999999984
0 0.495679 0.915574 0.04814809999999998 0.049180299999999885
0 0.4990740000000001 0.856967 0.03271610000000001 0.06967209999999999
0 0.585494 0.296311 0.04259259999999998 0.06147540000000003
0 0.415432 0.744262 0.04074069999999996 0.06065569999999991
0 0.35648100000000005 0.205328 0.035185199999999965 0.06803280000000002
0 0.519444 0.535656 0.04876539999999994 0.056557399999999945
0 0.678704 0.927869 0.029012299999999974 0.06885250000000008
0 0.447531 0.92377 0.03580250000000006 0.07213109999999993
0 0.765741 0.728689 0.029012299999999974 0.04426229999999999
0 0.586111 0.795902 0.05864199999999994 0.04262289999999994
0 0.189815 0.534016 0.03148150000000002 0.05327869999999997
0 0.593827 0.588934 0.04197530000000002 0.06311480000000007
0 0.4339509999999999 0.056147499999999996 0.05308640000000005 0.04508199999999999
0 0.6148150000000001 0.921721 0.04691360000000002 0.054918000000000085
0 0.298457 0.326639 0.03148150000000002 0.06639340000000002
0 0.203395 0.359016 0.06358019999999998 0.03770489999999995
0 0.342901 0.8627049999999999 0.04382720000000004 0.056557399999999945
0 0.251235 0.126639 0.05061730000000003 0.05
