0 0.10539249991570412 0.5048865647042778 0.007844028606091768 0.02426362051966685
0 0.16129020729166665 0.3199639832182545 0.008511440729166608 0.03985582740740741
0 0.21773077708333333 0.49793138703703715 0.009767237812500084 0.03830295129629633
0 0.1441277677083333 0.3845747777777778 0.011581154374999987 0.03416213777777783
0 0.12350786005527592 0.35289261693909646 0.008380543698135885 0.04818157446020019
0 0.149290559375 0.13431165722222224 0.00934863125000002 0.02846844814814815
0 0.11824464062500001 0.10636080918518519 0.008092856770833379 0.01086975388888889
0 0.1310117 0.49870747777777774 0.012697393333333314 0.020186694814814835
0 0.1307327645833333 0.6004176740740741 0.005999869166666727 0.0434790787037037
0 0.09278014270833333 0.6746944203703704 0.006837059687499902 0.05020795592592583
0 0.10387291145833337 0.11360733703703704 0.005023143125000118 0.024327571481481493
0 0.15222051145833326 0.6332856537037037 0.009069582812499987 0.020186694814814835
0 0.145174340625 0.4365943277777777 0.011441618854166672 0.023292320740740675
0 0.13980223437499995 0.32246225925925925 0.006278940208333358 0.044514266296296304
0 0.10840753333333335 0.4541930851851852 0.005999869166666608 0.03364451240740739
0 0.11761669687500002 0.23809191296296298 0.012697393333333314 0.023809946111111098
0 0.16582505520833332 0.3092630333333333 0.0066975241666665875 0.027433197407407413
0 0.16338312708333333 0.3496361703703704 0.013813654895833357 0.024327571481481465
0 0.12008015697006993 0.6265607741930065 0.006933350434860231 0.04814526042305018
0 0.15731345624999998 0.18037892592592591 0.0053022141666667485 0.033644512407407436
0 0.0892916416666667 0.5685846925925926 0.011302083333333357 0.027433197407407305
0 0.11119824375000001 0.7205027185185184 0.005441749687499945 0.02380994611111107
0 0.13861683538308345 0.6282116264575656 0.009210107745333455 0.038615681714498425
0 0.15117416458333335 0.4042441629629629 0.009488166770833336 0.0414086403703703
0 0.11291809173276152 0.2846769333333334 0.005720798124999978 0.04554945388888896
0 0.1009427333333333 0.16200363574074073 0.014790380937500085 0.026915572037037042
0 0.12180276250000001 0.5527976555555557 0.013534583854166726 0.020704320185185178
0 0.11489583333333335 0.14388737925925926 0.009767237812500084 0.03726776370370372
0 0.17761538854166664 0.18244892222222223 0.009069582812499987 0.03778538907407407
0 0.13756984687500004 0.4601454296296297 0.01186020281250002 0.022774758518518467
0 0.13122101458333338 0.11697174407407408 0.005581285208333379 0.03002126111111111
0 0.14217431562500002 0.6110284574074074 0.008232392291666694 0.039855827407407465
0 0.14622068750000003 0.4565226203703704 0.012139273854166651 0.03623251296296299
0 0.10357054882287381 0.5659042925415719 0.0055346568124143404 0.02554749491685605
0 0.1808943489583333 0.32919069444444443 0.012278809374999967 0.01966906944444444
0 0.1566158916666667 0.1397465025925926 0.014232261458333303 0.02588038444444444
0 0.15166241458333332 0.32272116666666667 0.006557988645833272 0.04917270518518519
0 0.14542848323721672 0.32954006913355494 0.007484880432766753 0.047957025066223374
0 0.12019809270833334 0.2795006796296296 0.009488166770833336 0.025880384444444467
0 0.1628948770833333 0.39259774999999997 0.008650976249999923 0.04089101500000002
0 0.15382518124999997 0.605076112962963 0.011720689895833303 0.031056448703703752
0 0.11542423924548449 0.25516091262893426 0.01146654002795818 0.02215700635045863
0 0.12487240833333337 0.11360733703703704 0.005162678645833315 0.024327571481481493
0 0.14070933958333331 0.18840189814814814 0.008650976250000043 0.03002126111111115
0 0.1893361010416667 0.5597849981481482 0.01186020281250002 0.025362759074074176
0 0.11690660898518494 0.5281791380376112 0.012393456512036731 0.02232152614699969
0 0.14740672812500002 0.3610236759259259 0.011999738333333336 0.022257133148148176
0 0.13080238541666667 0.34316664259259255 0.01032535729166663 0.02277475851851852
0 0.13645342708333336 0.36464711666666666 0.011581154374999987 0.03364451240740739
0 0.13882550833333335 0.48783778703703706 0.0073952017708332814 0.025362759074074176
0 0.1271746427083333 0.4428055796296296 0.005581285208333379 0.047102329999999935
0 0.12245223822006993 0.46942642298470794 0.011677512934860227 0.030984490413860467
0 0.14363929166666664 0.49586075925925926 0.00809285677083326 0.045549453888888855
0 0.16729003125 0.16873251296296296 0.0124183448958334 0.024845196851851863
0 0.11740738229166668 0.44668792777777777 0.009767237812499966 0.022774758518518467
0 0.14719741354166668 0.5626323481481482 0.013255535416666693 0.02277475851851852
0 0.12499028686352064 0.39562528429094124 0.012643368412338063 0.02370568262420981
0 0.15703452083333336 0.11697174407407408 0.01032535729166663 0.02277475851851852
0 0.1342210395833333 0.4034674407407407 0.006278940208333358 0.047102329999999984
0 0.09822186979166662 0.6762472333333333 0.006278940208333358 0.04192620259259256
0 0.14615106666666666 0.23783300555555556 0.007813785729166748 0.0450318916666667
