0 0.7041547035375119 0.9718473509457756 0.02749269292497631 0.05466569810844882
0 0.52716 0.309426 0.023456799999999976 0.04344259999999996
0 0.475 0.634426 0.04753090000000005 0.057376999999999935
0 0.6589743824311491 0.5303908037515763 0.054890835137701675 0.034299892496847326
0 0.49382699999999996 0.381557 0.024691400000000033 0.03852459999999998
0 0.400309 0.17541 0.05370370000000001 0.0393443
0 0.449691 0.347951 0.030246900000000035 0.04508200000000001
0 0.480864 0.988934 0.04814809999999998 0.022131099999999935
0 0.553395 0.338934 0.026543200000000024 0.06967209999999999
0 0.512963 0.18893399999999996 0.04938270000000004 0.04508199999999999
0 0.433333 0.138115 0.05555560000000003 0.033606599999999986
0 0.4830958226020892 0.09754099918032787 0.057550045204178515 0.034426198360655746
0 0.482407 0.425 0.035185199999999965 0.07622950000000002
0 0.203704 0.4811480000000001 0.05061730000000003 0.03442620000000007
0 0.547531 0.05327869999999999 0.029629599999999933 0.06393440000000002
0 0.589198 0.925 0.026543200000000024 0.04180330000000013
0 0.568827 0.9840160000000001 0.05246909999999995 0.031967200000000036
0 0.550617 0.672131 0.04074069999999996 0.055737700000000015
0 0.5029296810945924 0.9203069470387901 0.0626504621891845 0.030778394077580304
0 0.486111 0.269262 0.04629629999999999 0.06311479999999997
0 0.824383 0.484836 0.05 0.056557399999999945
0 0.36142 0.790574 0.033950600000000046 0.07131149999999994
0 0.685185 0.866803 0.059259300000000036 0.03688520000000012
0 0.545062 0.825 0.04197530000000002 0.0598361000000001
0 0.391049 0.9426230000000001 0.031481499999999954 0.06885250000000008
