0 0.6498944880208334 0.21946262222222224 0.005414732239583249 0.015792357777777783
0 0.6201778817708333 0.20877944444444446 0.005543657916666689 0.027868855555555534
0 0.6604326096388405 0.38830908552426213 0.00921512271518085 0.021342792012275635
0 0.6522150666666666 0.5055828222222222 0.008508864947916688 0.03375229111111114
0 0.6120659265110292 0.2952977839933011 0.005865660289041111 0.025095175200062176
0 0.643770675 0.3733606 0.006575042447916601 0.028797811111111096
0 0.6119785956730301 0.20950311877316793 0.006162523221060567 0.02498067532411365
0 0.6378626253874351 0.5141798778776147 0.010655976985546427 0.014081317578104012
0 0.6421591562500001 0.22070135555555556 0.010313782656249989 0.019508180000000014
0 0.6320387098958332 0.2694717111111111 0.011216241510416699 0.016721313333333345
0 0.6383263848910808 0.25346960921649875 0.0063800886423500455 0.028916581427153195
0 0.6239811161458333 0.5102276000000001 0.006961798593750027 0.0250819511111112
0 0.6598603254842743 0.5345889945864087 0.006626283562701355 0.01909123082718254
0 0.6406765005208332 0.49288722222222214 0.006575042447916601 0.02879781111111099
0 0.6828341317708334 0.20227686888888888 0.008379960156250022 0.024152995555555556
0 0.6085104526041666 0.17440801333333333 0.00979810083333336 0.014863402222222244
0 0.6480252432291667 0.4095902444444444 0.010700559687499951 0.018269597777777827
0 0.6176639041666666 0.28743164444444447 0.005414732239583368 0.02786885555555561
0 0.6137963427083334 0.26854275555555557 0.007477501302083312 0.021675755555555534
0 0.6199201557291667 0.5337612666666666 0.005285806562500047 0.0164116488888889
0 0.6632361928746139 0.23079649024568583 0.012767012063272177 0.012322872841961685
0 0.5923307291666667 0.17193077333333331 0.00631719109374996 0.010528251111111121
0 0.6424393663170583 0.30493439890895985 0.005975006175783311 0.026954724484586367
0 0.6240456520833334 0.22890706666666666 0.0073485756249999905 0.023533704444444435
0 0.6652362885416667 0.3204097555555556 0.00979810083333336 0.018269597777777775
0 0.61727710625 0.25677611111111115 0.009282398125000075 0.02353370444444441
0 0.6453178666666666 0.19902548666666667 0.005543657916666689 0.03127505111111112
0 0.6659918281682283 0.21927105764099308 0.012412622361460042 0.01245936249579158
0 0.6243679140625 0.2564663333333333 0.011860849010416648 0.013624782222222234
0 0.6500427319476305 0.36881409384818586 0.006665498708905678 0.028601003414739364
0 0.6371957369791666 0.4390074222222222 0.009153493333333292 0.022604748888888977
0 0.6090906494791668 0.4535609333333333 0.007606426979166633 0.025081951111111094
0 0.6368419292116504 0.20026925146669086 0.005192949465369523 0.0293422736841651
0 0.6553737770833334 0.25816935555555554 0.0073485756249999905 0.02322404000000002
0 0.6424814182291667 0.5312841777777778 0.010442708333333429 0.021366128888888836
0 0.6522150666666666 0.30972695555555557 0.004641199062499979 0.034681246666666624
0 0.6578232187499999 0.3798632888888889 0.00941132380208328 0.02446265999999995
0 0.6272686895833334 0.20010929333333333 0.009411323802083397 0.013005453333333342
0 0.6316521208333333 0.18199454666666667 0.005543657916666689 0.026939899999999996
0 0.6254637718749999 0.4280144666666667 0.0058015092708332125 0.02539161555555559
0 0.6302983281250001 0.21404377777777778 0.013407915364583427 0.015482693333333335
0 0.6158847397412595 0.43677512224596216 0.007270926774185445 0.021856311158590814
0 0.6524084656249999 0.5421218666666667 0.0073485756249999905 0.0046448155555557
0 0.6191465598958333 0.41284139999999997 0.01224762604166661 0.013624782222222234
0 0.6488631661458333 0.48777777777777775 0.00799318312499994 0.022914375555555467
0 0.6490565651041666 0.4345171555555556 0.009927026510416681 0.021056464444444443
