0 0.4222439158574358 0.20013160236488442 0.029585768285128423 0.034162295270231124
0 0.7311433930986345 0.1106412558651451 0.05060419665837799 0.03996987777327231
0 0.519136 0.393033 0.028395100000000045 0.0647541
0 0.4990740000000001 0.42172100000000007 0.022839500000000016 0.04672130000000003
0 0.4125768878419055 0.08891849620575798 0.030755136762203924 0.05908590627353299
0 0.564815 0.321721 0.030864199999999994 0.040163899999999995
0 0.526235 0.4368850000000001 0.06111110000000003 0.032786899999999966
0 0.42407399999999995 0.0110656 0.03209880000000005 0.0204918
0 0.4693416736625514 0.641393568442623 0.056378820576131715 0.050546699726776036
0 0.319136 0.6112021038251366 0.030864199999999994 0.03442620000000007
0 0.5133744855967078 0.5438524590163935 0.03580246913580247 0.06584699453551907
0 0.3947561335514549 0.23167022925186817 0.02408106710290969 0.08465235850373629
0 0.4878600748971193 0.6193989345628416 0.04609054979423862 0.05027316912568305
0 0.647531 0.44958999999999993 0.03580250000000006 0.08442620000000003
0 0.5305554222222223 0.8557378483606558 0.027778044444444403 0.047540696721311455
0 0.593827 0.0241803 0.04814809999999998 0.0401639
0 0.62284 0.894262 0.05679010000000006 0.032786900000000146
0 0.6013610783928804 0.04952789202340266 0.05496662740478992 0.03128077390951746
0 0.5859386031213192 0.2385725953991195 0.03197405220520871 0.07165367715634592
0 0.5004996872093531 0.23138927418322427 0.044754554805217596 0.04975647804263457
0 0.6170782170781893 0.55013667431694 0.05473256584362152 0.042349851366120246
0 0.581173 0.29918 0.04259259999999998 0.05245900000000004
0 0.49897145298353907 0.8986341400273223 0.03415689773662556 0.07213166803278696
0 0.571914 0.687295 0.05864199999999994 0.03688519999999993
0 0.528086 0.915164 0.027777799999999943 0.06967209999999989
0 0.541049 0.653689 0.06111110000000003 0.031967200000000036
0 0.6398149999999999 0.8577869999999999 0.05 0.04344260000000006
0 0.541358 0.352049 0.03209880000000005 0.06311479999999997
0 0.505247 0.17582 0.03888889999999997 0.06639340000000002
0 0.47716 0.696311 0.04320989999999994 0.06967210000000008
0 0.607716 0.758197 0.027777799999999943 0.04262289999999994
0 0.626543 0.709836 0.030864199999999994 0.07049180000000001
0 0.42962999999999996 0.0483607 0.04074069999999996 0.045901599999999994
0 0.40959517725127087 0.4451183132352941 0.026851766049382723 0.06685112666345222
0 0.518827 0.257787 0.03765430000000005 0.07131150000000003
0 0.386111 0.97541 0.04135800000000006 0.04754099999999996
0 0.510802 0.837705 0.04506170000000007 0.0606557000000001
0 0.7351786415390655 0.28688524590163933 0.039479998255027716 0.05242425997798763
0 0.630247 0.9454920000000001 0.029629599999999933 0.07295080000000005
0 0.567593 0.4192620000000001 0.04135800000000006 0.06475410000000004
0 0.6907406814814816 0.6250001635245902 0.0555554370370372 0.036885572950819685
0 0.6869341471193416 0.8625681937158471 0.03683129423868327 0.06775978743169395
0 0.8383906762378397 0.11611951822829174 0.02674785399816781 0.06724541004750043
0 0.485185 0.0504098 0.05432099999999997 0.0368852
0 0.4817214151725341 0.004779007125065168 0.018976573746891746 0.009558014250130337
0 0.552065610958426 0.006661646295545385 0.015268507612441655 0.01332329259109077
0 0.5465913217138707 0.509884281581485 0.026098402323892503 0.06810511089681767
