0 0.6872546384986519 0.3514823189498147 0.02248900241237415 0.010966647823629164
0 0.6828156407366985 0.5580465393247646 0.02845349550788517 0.013845519387958739
0 0.683216750035476 0.3032064568808492 0.0199957428693061 0.01752402487280949
0 0.7138825061638522 0.41389825876829345 0.009231375023887267 0.012332871320896919
0 0.7820794783874356 0.47678333839530235 0.02137310322512865 0.02056834543161754
0 0.6134859800838574 0.3026411657559198 0.012772730802080901 0.016084132384781923
0 0.701041509236028 0.5482894290469476 0.014535941437674301 0.022012128450555328
0 0.7369713337194937 0.5638731329127172 0.015856164717627883 0.012129895885954898
0 0.7060153404522019 0.4262200866779725 0.019270611607776426 0.02323974624709506
0 0.7005103761729818 0.6186498257290701 0.01928745354350892 0.016497437933707854
0 0.6692157567049809 0.3725299918346837 0.013509294735348358 0.011230450348596235
0 0.6814168790732182 0.3878124045576507 0.02526428002583548 0.020386747947697167
0 0.5166425071916577 0.46689391125966007 0.026513244636221955 0.011618653509470033
0 0.6193828997648443 0.5333760826735066 0.012786596119929428 0.016867402698784416
0 0.7099224876429686 0.4904214717856919 0.01291320195260397 0.021462188015828096
0 0.5340654394473838 0.5686721683208802 0.01922398589065253 0.012267201962752475
0 0.7572922889287136 0.333951759797873 0.025228992433293483 0.01247135554380397
0 0.6519714203213927 0.40226831272129415 0.02408082448496529 0.014061158964331513
0 0.6809398159943469 0.5782448053899508 0.024339121126204923 0.014205771198025888
0 0.7504922915012247 0.5278525288302987 0.011330117269122298 0.023991556721090088
0 0.7012557304916986 0.39135884705420515 0.014989159848162358 0.028745153702656925
0 0.7128030988363843 0.474207022171974 0.027945697932926568 0.012687645248414014
0 0.5358330442555839 0.6062418338371213 0.0248755976234546 0.01201900093322942
0 0.747568798632451 0.6075385178291614 0.02205569632385102 0.017538835993986757
0 0.6779371984532425 0.3217668488160292 0.013707960834397544 0.021254946297343084
0 0.7042604565772668 0.4589441617988819 0.026488813206565355 0.01570253124803713
0 0.5592574465646041 0.38119631357066625 0.015316805964617685 0.014514543583403112
0 0.4675398466666667 0.31165754444444443 0.016131686666666666 0.014207633333333336
0 0.6920756025022468 0.48818227498272715 0.01708528451823478 0.025940581621757407
0 0.7182068167305237 0.38447647760819037 0.018674613310628748 0.02328999434708876
0 0.7086907092897687 0.3724592938320457 0.01426422331914298 0.025786623591482934
0 0.6189183 0.31848814444444445 0.015843613333333433 0.012568299999999984
0 0.7531764384572993 0.6222641802085571 0.027903810328199795 0.01048074705100985
0 0.6333629380285258 0.590313081811841 0.016549073324349687 0.024369850040429977
0 0.7174518855541365 0.34620626845047425 0.022647935291613425 0.0158658375730168
0 0.7051334251722878 0.5953721873311122 0.02220192056974497 0.021170966852073477
0 0.6603552486873847 0.3594340807738207 0.013191428976869682 0.024759751271905057
0 0.712977288619329 0.5154922334055199 0.016917213814316174 0.012567183940934177
0 0.7817567236883758 0.5312754880054276 0.027640325885939867 0.013605893674918821
0 0.6595681459766188 0.5779734780443839 0.026214988537172346 0.016261084954714674
0 0.7093906398817548 0.5839545501547077 0.021929903379038152 0.017141129962377127
0 0.6896584455810983 0.3284467061553923 0.023005428837803283 0.01833427657810442
0 0.6846601728007035 0.6045830884160254 0.017888782598573152 0.02362782777336568
0 0.8063031854015112 0.5674680793262701 0.01556541600008039 0.022713001189092412
0 0.7098863815370157 0.6242235637015398 0.019997970259302042 0.006562228152476051
0 0.7607072630426124 0.3233312768082731 0.0249037568033985 0.014851048827780744
0 0.6810165229885057 0.43752590917655926 0.01893950144269425 0.023365366497079283
0 0.6963456364908164 0.6004697559621909 0.020903559648299343 0.021340323035493023
0 0.6057487869389356 0.40319963837339284 0.02014347952951591 0.020842518738225985
0 0.7373805886689659 0.5118068921779017 0.01959314240015987 0.024225127762660063
0 0.6878742236419753 0.5392928901521828 0.02289890195008629 0.01882609994711802
0 0.652684676318969 0.6185862252927117 0.02273797014352373 0.019351243308993824
0 0.7529819750305862 0.5778097769901049 0.014429244058873773 0.017328804214050118
0 0.7008583000631475 0.3377221576204384 0.025319993459628282 0.014970859685321298
0 0.6691439959937043 0.6248639675972988 0.02773824258049255 0.005281172273526353
