0 0.5202490670241701 0.1296327041308015 0.027110075805400747 0.070243391738397
0 0.5540481190890758 0.4169647706191627 0.033018315951010714 0.07587386807524003
0 0.49444664267594846 0.9888895036675843 0.029625014648103104 0.024171253356467734
0 0.3754900239892342 0.05030689146142491 0.031888128254636945 0.0788594514800715
0 0.604254210234861 0.10705480340845193 0.03713476008990521 0.02941303689605951
0 0.32030260706722535 0.9891496755923176 0.03638785809227727 0.023052252943640068
0 0.5273571386171116 0.6736485222528811 0.035372509222200206 0.047606380262944364
0 0.4957407246001498 0.2043014689411307 0.05822629430926082 0.035749440758683346
0 0.5000162871754781 0.2598512046368787 0.030945633408254306 0.0789394004931009
0 0.5319569562029708 0.009277005534841473 0.053712068896381006 0.0203750083515723
0 0.566667 0.259016 0.05555560000000003 0.031147500000000012
0 0.5174164177248678 0.781147769262295 0.03712483650793655 0.046603758899297486
0 0.4533535294309261 0.2022146286604092 0.02850255708655007 0.07915567282321903
0 0.4931513021537352 0.6620198635874117 0.03739749481841939 0.07059949742730648
0 0.4481416332779569 0.30105108352437393 0.03827486237336722 0.07180241359920411
0 0.549383 0.15082 0.05308640000000005 0.04262289999999999
0 0.4672433991168784 0.6748833313389971 0.03469406145805177 0.06341988751944475
0 0.8131657529972813 0.25403917855240576 0.02674154298703045 0.0837426762147127
0 0.53642 0.205328 0.03333329999999994 0.07131149999999999
0 0.6117466391840047 0.31234884717360073 0.05435827836800941 0.05912439434720129
0 0.4266425616469592 0.31121588303992387 0.03664614482556435 0.06315152039448071
0 0.5624358784626794 0.671141726409083 0.03888889999999997 0.07622950000000002
0 0.554058909389602 0.3182676894177389 0.04373338122079587 0.0519883211645223
0 0.5281222215582115 0.39100461222487104 0.04252155688357682 0.06553087555025801
0 0.5772486772486772 0.7491803278688525 0.057495590828924144 0.037470725995316215
0 0.5458580014135931 0.6372160417240381 0.05529496640614992 0.03827789647421713
0 0.3719113989907182 0.7167735443849468 0.03642440201856362 0.07301101123010664
0 0.14462081128747795 0.8402475744396118 0.032753842277651796 0.03445968551354967
0 0.480247 0.138115 0.05555560000000003 0.04344260000000001
0 0.47425044091710755 0.7524590163934426 0.0426807760141094 0.06370023419203752
0 0.4400417574437182 0.41616441658630665 0.052196804647785006 0.048015107682417214
0 0.39830905154759816 0.1882138140004662 0.054707155813001 0.037681609820526776
0 0.6687618275209516 0.8993957161660882 0.02680904749031273 0.08226636352758175
0 0.43356152360891703 0.10080801802501749 0.031595576619273265 0.07264392821070625
0 0.5404084823609889 0.06163761408365414 0.03159712042737552 0.07699294952203814
0 0.6675729313153523 0.178991123065444 0.03477777246490113 0.06341933251005666
0 0.518342151675485 0.7419203747072599 0.04691358024691358 0.07072599531615929
0 0.43085969180859696 0.8284970683259542 0.035820492024871586 0.08705277013282275
0 0.772143267298306 0.8056138009912315 0.03301751363766861 0.04574914220358372
0 0.3464900423537893 0.8504846236687805 0.035595205911507624 0.06341988751944483
0 0.7073520310107821 0.12295081967213115 0.045929834848040633 0.05731216748129244
0 0.6213391006578354 0.887579274859399 0.05316752275389747 0.05205217183199712
0 0.6090931300693833 0.17890263419698083 0.03234307306426923 0.0427310869847312
