0 0.5007780321929656 0.09843107454234976 0.07086059113490238 0.10938673924863387
0 0.463214784375 0.2643776 0.044288150156249866 0.14097907999999992
0 0.3992431447916666 0.2711724166666667 0.031165779583333258 0.17494984777777778
0 0.44804297760416667 0.4163978944444445 0.03362616593749988 0.15286886944444436
0 0.23439274166666665 0.26862565555555556 0.07545392973958341 0.08153013277777776
0 0.44071706914534514 0.9059065180563832 0.0669915245880972 0.07925233066981255
0 0.681539617092014 0.08008672052595626 0.037398678628472126 0.15966342283697624
0 0.9813439146874999 0.8622655166666666 0.03731217062500013 0.12739069000000006
0 0.6963106660763162 0.6633577129248195 0.03574326232653367 0.14812899303925064
0 0.08418358451375194 0.40724523218326253 0.04781151821207944 0.16777927230014175
0 0.6703041671875 0.9782674731944445 0.059871039947916434 0.04346505361111086
0 0.5333380541666668 0.6295653222222222 0.06643229166666664 0.07303733722222235
0 0.5371083813119669 0.550705670961499 0.07497771915623351 0.06621675020932484
0 0.3016448078125 0.8028155333333334 0.037727031302083346 0.14437607388888893
0 0.48410519516734635 0.525585178390156 0.04023449273822391 0.14171838877524348
0 0.8281831656249999 0.6236201166666666 0.0442881501562501 0.14607467444444447
0 0.5788561317708333 0.9386994333333332 0.041007590729166786 0.09002272111111122
0 0.3270697744791667 0.9833634302777778 0.037727031302083346 0.03327313944444444
0 0.24505512447916666 0.3577975222222222 0.04428815015624992 0.08662572722222232
