0 0.6489923623078862 0.6202993759200401 0.0590321562106322 0.03440961216125785
0 0.49987402368354744 0.3906825025092004 0.025447215923406367 0.03462696554031449
0 0.6152053413958175 0.5369688859150217 0.025069286974048862 0.0719304115088659
0 0.463970773494583 0.39235530277684844 0.02670697908793143 0.0757778521244563
0 0.5882716592592593 0.0180328 0.03950628148148149 0.0360656
0 0.3863407981625036 0.18323484559664505 0.05329457364341088 0.03359702630575675
0 0.6364953388762913 0.49581799933087983 0.04623330813806999 0.058213449314151886
0 0.6066705345364072 0.7238877599531616 0.03432836907281432 0.05105351990632307
0 0.4435319377348363 0.26051318602993584 0.05700483091787439 0.03891660727013545
0 0.677412514978584 0.44380245328705253 0.028898829957167863 0.069571406574105
0 0.4395943562610229 0.4483104717296755 0.04976064499874022 0.04014720642355294
0 0.4984887186036611 0.02204635387224421 0.03154533844189018 0.04409270774448842
0 0.6693248715734441 0.5434758498578119 0.05792370104560349 0.03717008014386072
0 0.6167800453514739 0.6814988290398125 0.05039052658100282 0.05118768819003012
0 0.588715878508266 0.29745022406262406 0.036844803280789436 0.061688127517159214
0 0.470679 0.831967 0.030246900000000035 0.03770489999999995
0 0.376543 0.804918 0.027160499999999983 0.07868850000000006
0 0.7725890195469434 0.5999344484709086 0.04052021327103246 0.06841785143860817
0 0.39518250072463756 0.27075902045616534 0.024020398443370908 0.06318616436208124
0 0.6413581950617284 0.4313565311809969 0.03580280987654326 0.08318813763800606
0 0.5565568265306122 0.8238292123536299 0.05191532149155955 0.0415352855637336
0 0.5487529357016881 0.4570340148795583 0.036029024036281145 0.08459373002676476
0 0.5757117661879566 0.7449815991970558 0.040312421264802244 0.05336232853797255
0 0.5096810947341899 0.4134495600535294 0.04506170000000007 0.062295099999999486
0 0.5985764676240866 0.9520742723318835 0.04900478710002521 0.049013047842087695
0 0.5080498974237844 0.685271037905654 0.030007536974048777 0.07977575623954497
0 0.6832575873582766 0.9441619422298427 0.027538743146888263 0.042756744513215074
0 0.5390526581002771 0.5492639678822349 0.05442176870748297 0.05771160923385749
0 0.4573268921095008 0.21019244476122592 0.054106280193236655 0.05858873841767641
0 0.28762165136352696 0.03401981825654139 0.036194504625330984 0.04338097630028768
0 0.6275510204081632 0.895617263298762 0.036407155454774506 0.05386416861826703
0 0.8455625436757513 0.06518713269409217 0.033310039599347765 0.0381998144138571
0 0.26541747118366393 0.11469582783000545 0.03730033350886433 0.0755574547432212
0 0.471914 0.970492 0.05 0.0540983999999999
0 0.3929699842022117 0.09284437883614327 0.05514598326604646 0.05166653717659857
0 0.7409926933736457 0.9091669454667113 0.020156210632401018 0.03278688524590164
