0 0.6384718051384717 0.16116526362428002 0.042375709042375635 0.04807266282676118
0 0.5733566900233567 0.02381479840496234 0.0331331331331331 0.04762959680992468
0 0.6945208409729862 0.5021506248985554 0.05240801857963578 0.04585294595033275
0 0.6826793790490161 0.5325839961045286 0.05500550055005491 0.042200941405616
0 0.5024690604938272 0.056114287261852025 0.0316314810143477 0.03424895556047853
0 0.3939773106439773 0.25686752326096585 0.06022689356022685 0.038325210456357964
0 0.6114448620620621 0.035334489842711564 0.02635952512512513 0.07066907968542313
0 0.5609023747914581 0.10294645663491361 0.04469508358358352 0.0714664132698272
0 0.4701442162281063 0.9892940596589872 0.05106959223514534 0.021963196903866482
0 0.3974808141474808 0.32432432432432434 0.030530530530530543 0.07487815684536996
0 0.5476103165872143 0.5083387437104366 0.03728150592837061 0.05538873559487102
0 0.4429429429429429 0.3324102791315906 0.04537871204537873 0.06579530350022157
0 0.6956667889011123 0.6126237623762377 0.04003178095587328 0.05173673105015427
0 0.6812971127403722 0.6607421482209268 0.05733778382324542 0.03703316613833162
0 0.5214297942692693 0.21657051821001327 0.036553157540874175 0.0639790344705361
0 0.6366699493243243 0.031989344284448384 0.02562573365031701 0.06495352233052724
0 0.4559559559559559 0.10168365086397872 0.03103103103103106 0.08063801506424456
0 0.43634962258914844 0.664430311241469 0.042364602646638036 0.06352662862520221
0 0.5331164352769436 0.04155957967434648 0.041541570553887214 0.040496259348692956
0 0.5280280280280281 0.37981834293309696 0.022355689022355643 0.07155516171909614
0 0.47655989322655984 0.2797961896322552 0.056222889556222864 0.04297740363314135
0 0.46734225573359184 0.7959434806920661 0.028143226306744852 0.04089933861586785
0 0.6889389389389389 0.3778245458573327 0.056222889556223 0.04630039875941513
0 0.6552385719052386 0.26439964554718653 0.022856189522856226 0.06535223748338499
0 0.5589925485990817 0.7445507320457118 0.032995133217850345 0.03559823286720947
0 0.529012 0.102049 0.028395100000000045 0.07950820000000001
0 0.4071583132861761 0.6266516409501864 0.03171714583267095 0.07339756178498563
0 0.6247451703837896 0.712075110703255 0.026945515378421755 0.07169202140650983
0 0.6080367570865419 0.6625549956419412 0.048123385826916075 0.03554660871611759
0 0.48139120356003745 0.8225737738416883 0.04906834489400305 0.055170098086823244
0 0.5181610712419917 0.8092664938478951 0.026396106574280317 0.07667311694475884
0 0.4932099709876543 0.2066681902747009 0.0361363250250251 0.0686310194505981
0 0.5467467705121788 0.1607224025254763 0.04778116197864527 0.05516212893221088
0 0.441358 0.852049 0.04320989999999994 0.048360700000000076
0 0.504321 0.885246 0.029629599999999933 0.06065569999999991
0 0.5377551644053294 0.6154642103554618 0.03743429898545415 0.07405453660120102
0 0.437215552341967 0.9587396213269926 0.06137603030740466 0.0411785379915295
0 0.420679 0.761885 0.033950600000000046 0.06967210000000008
0 0.2861359349015682 0.03327426073327426 0.03433473680347017 0.06681434960124058
0 0.283025 0.509426 0.03395059999999998 0.06803279999999996
0 0.650309 0.8434429999999999 0.05617280000000003 0.04426230000000008
0 0.2568521253897915 0.7413371431338839 0.059084194977843424 0.035353657650676766
0 0.5676176435435435 0.20538332259636685 0.039606221087754356 0.07527677527691622
0 0.530864 0.9745900000000001 0.04691359999999995 0.05081970000000011
0 0.5543147621779536 0.906227092999927 0.05307412435590756 0.05179788599985397
