0 0.514506 0.266393 0.029012299999999974 0.032786899999999966
0 0.4652332127274589 0.17447371098787973 0.026762525454917755 0.07681592197575952
0 0.40353310725636987 0.8955525935123823 0.026267685487260415 0.038402012975235475
0 0.399074 0.831967 0.054938299999999926 0.040983600000000016
0 0.449074 0.414344 0.024074099999999935 0.05327869999999997
0 0.45693044392077703 0.11237849035622717 0.029910687841554044 0.08213448071245438
0 0.467901 0.57623 0.04938270000000004 0.02950819999999999
0 0.615432 0.013114800000000001 0.04074069999999996 0.022950800000000004
0 0.458333 0.726639 0.026543200000000024 0.031967200000000036
0 0.541358 0.593443 0.03333329999999994 0.07049180000000001
0 0.37716 0.877459 0.027160499999999983 0.06311479999999989
0 0.419136 0.8606559999999999 0.05185190000000002 0.03442620000000007
0 0.498148 0.121721 0.05555560000000003 0.028688500000000016
0 0.38612424481218804 0.9831095221485873 0.02034410296821646 0.03214161144053024
0 0.42962999999999996 0.352049 0.03209880000000005 0.06639340000000002
0 0.573457 0.402869 0.05432099999999997 0.03688519999999998
0 0.433025 0.902459 0.03765430000000005 0.05245900000000004
0 0.460802 0.767623 0.035185199999999965 0.048360700000000076
0 0.5078418110920951 0.1618582574955326 0.059624877815809336 0.03857938500893481
0 0.642284 0.902459 0.06481480000000003 0.02950819999999999
0 0.451852 0.327049 0.039506200000000075 0.06393439999999997
0 0.543519 0.9381150000000001 0.029012299999999974 0.03852459999999998
0 0.547222 0.46393400000000007 0.022839500000000016 0.0754097999999999
0 0.5368400315208826 0.774110568538542 0.03152088258471242 0.053627485176142256
0 0.643519 0.414344 0.05864199999999994 0.028688500000000016
0 0.428704 0.803689 0.04382720000000004 0.03852459999999998
0 0.608642 0.678279 0.030864199999999994 0.041803299999999946
0 0.578086 0.315984 0.05740740000000002 0.040163899999999995
0 0.637654 0.642623 0.023456799999999976 0.0754098000000001
0 0.602161 0.544672 0.05 0.056557399999999945
0 0.495062 0.0766393 0.05679010000000006 0.041803299999999995
0 0.416667 0.55041 0.04197530000000002 0.0647541
0 0.51142 0.570902 0.025308599999999966 0.0598361000000001
0 0.458491332821368 0.0375728439010178 0.03673566564273594 0.06858828780203559
0 0.0160494 0.494262 0.0320988 0.06065569999999991
0 0.407407 0.133197 0.05185190000000002 0.03196719999999999
0 0.439815 0.45983599999999997 0.05 0.06065569999999991
0 0.584568 0.22254100000000002 0.03209880000000005 0.06147540000000003
0 0.59784 0.8627049999999999 0.031481499999999954 0.07459019999999991
0 0.553086 0.022541 0.044444399999999974 0.0434426
0 0.711728 0.017623 0.0506173000000001 0.0336066
0 0.60679 0.134016 0.023456799999999976 0.0745902
0 0.5596860085566062 0.8838680503575166 0.031244882886787582 0.06996839928496691
0 0.603395 0.9409840000000002 0.05370370000000001 0.0540983999999999
0 0.402778 0.640984 0.04382720000000004 0.0606557000000001
0 0.53179 0.712295 0.05370370000000001 0.03934430000000009
0 0.636111 0.779508 0.05 0.04262289999999994
0 0.311111 0.9012300000000001 0.055555599999999955 0.03852459999999998
0 0.521605 0.915164 0.05061729999999996 0.05327870000000016
0 0.806173 0.822131 0.04691359999999995 0.04262290000000003
0 0.41382471425750395 0.06536207554191593 0.04122892851500797 0.06351095108383188
