0 0.546914 0.9827869999999999 0.030864199999999994 0.03114749999999992
0 0.398148 0.166803 0.05185190000000002 0.05
0 0.76358 0.00901639 0.029629600000000075 0.0180328
0 0.522222 0.984426 0.022222200000000056 0.027868900000000068
0 0.5919514931861349 0.25765708839498386 0.032726748775984 0.07386895337676898
0 0.48456800000000005 0.121721 0.04197530000000002 0.06311479999999998
0 0.494136 0.982377 0.033950600000000046 0.035245899999999816
0 0.624383 0.47623 0.04382720000000004 0.06885250000000008
0 0.593827 0.8508200000000001 0.05432099999999997 0.03114749999999992
0 0.6484569999999998 0.42950800000000006 0.04259259999999998 0.03770490000000005
0 0.591975 0.48606600000000005 0.020987700000000026 0.06557379999999993
0 0.534259 0.0934426 0.029012299999999974 0.0737705
0 0.478395 0.8360659999999999 0.05061729999999996 0.027868899999999974
0 0.586728 0.067623 0.04135800000000006 0.03032789999999999
0 0.655556 0.778279 0.03333329999999994 0.040163900000000086
0 0.501235 0.178279 0.039506200000000075 0.05655739999999999
0 0.46358 0.169672 0.028395100000000045 0.07377050000000003
0 0.500926 0.506967 0.03271610000000001 0.07786879999999995
0 0.628704 0.252459 0.029012300000000046 0.07213110000000003
0 0.47932099999999994 0.608197 0.04259259999999998 0.04426229999999999
0 0.544136 0.9545079999999999 0.05987649999999997 0.035245899999999816
0 0.6608020000000001 0.354508 0.04135800000000006 0.05163930000000002
0 0.495988 0.886885 0.025308599999999966 0.07377050000000017
0 0.520679 0.9131149999999999 0.021604899999999955 0.07704919999999996
0 0.410185 0.329918 0.05864199999999994 0.04836069999999998
0 0.604012 0.8909839999999999 0.03888889999999997 0.05081970000000011
0 0.43919800000000003 0.109836 0.04753090000000005 0.05081969999999999
0 0.733333 0.019672099999999998 0.03333329999999994 0.0377049
0 0.53179 0.631148 0.06481480000000003 0.02950819999999999
0 0.544753 0.147131 0.035185199999999965 0.07131149999999999
0 0.638272 0.860246 0.024691399999999964 0.06967209999999999
0 0.532099 0.27377 0.03950619999999993 0.06721310000000004
0 0.604321 0.628279 0.030864199999999994 0.07459019999999991
0 0.516358 0.123361 0.031481499999999954 0.07622950000000002
0 0.532099 0.209016 0.04938270000000004 0.055737700000000015
0 0.429012 0.694672 0.03580250000000006 0.06639339999999992
0 0.477469 0.555738 0.033950600000000046 0.06229509999999996
0 0.4645059999999999 0.972541 0.03641980000000002 0.05327870000000016
0 0.4077160000000001 0.393852 0.031481499999999954 0.06967209999999999
0 0.522531 0.022541 0.05 0.0418033
0 0.760185 0.512705 0.045061699999999934 0.06311480000000007
0 0.737346 0.896721 0.029012299999999974 0.07377050000000017
0 0.466049 0.423361 0.04814809999999998 0.05655739999999999
0 0.662654 0.978279 0.035185199999999965 0.04344260000000006
0 0.467593 0.0598361 0.05740740000000002 0.0491803
0 0.595679 0.968033 0.03209880000000005 0.06229510000000014
0 0.566975 0.219672 0.05246909999999995 0.04426229999999999
0 0.199074 0.811475 0.03148150000000002 0.04590159999999991
0 0.526543 0.72418 0.03333329999999994 0.06803279999999996
0 0.4064809999999999 0.135246 0.06234569999999995 0.05409839999999999
0 0.445988 0.9012300000000001 0.05123460000000006 0.05163929999999992
0 0.811111 0.944262 0.03456789999999986 0.036065599999999934
0 0.754321 0.190574 0.05679009999999992 0.04508199999999999
