0 0.4351485143789129 0.3578335447032088 0.037109971242174175 0.033513410593582475
0 0.559085026838687 0.3275971647094243 0.029802563489556 0.07124495268821379
0 0.6280859999999999 0.445902 0.03395059999999998 0.036065599999999934
0 0.5098589759142238 0.9876835091387616 0.03954130743081166 0.022993637460181758
0 0.5222545019761864 0.3531737941923705 0.05743978623544554 0.031186373249941706
0 0.5678601103636417 0.794951694858597 0.034486320727283394 0.04400228971719375
0 0.3566439593675033 0.495221744765364 0.032718751442279564 0.07318792993939877
0 0.589198 0.41516400000000003 0.04135800000000006 0.050000000000000044
0 0.42407399999999995 0.313934 0.029629599999999933 0.049180299999999975
0 0.30319035552191215 0.9889167327752312 0.059466811043824216 0.02045726555046243
0 0.3853868087765491 0.49340936445886113 0.024381727365280003 0.07603575014373386
0 0.555690126838687 0.5032652523133402 0.034837053677374163 0.037677404626680115
0 0.5095752329266866 0.7002117150318545 0.024088665853373204 0.04468573006370915
0 0.676235 0.0409836 0.03148150000000009 0.0672131
0 0.0114198 0.29918 0.0228395 0.04754099999999996
0 0.565123 0.940164 0.04876539999999994 0.03770489999999986
0 0.562037 0.722131 0.05123460000000006 0.040983600000000016
0 0.505864 0.529918 0.031481499999999954 0.06803279999999996
0 0.5483922065414546 0.39173941061300593 0.04876539999999994 0.05655739999999999
0 0.5147502065414545 0.779918 0.034567900000000006 0.07786879999999995
0 0.940741 0.48688499999999996 0.03456789999999986 0.036065599999999934
0 0.392593 0.9536889999999999 0.024691400000000033 0.07950819999999999
0 0.6598441032707275 0.4505381787739881 0.03456789999999986 0.06803279999999996
0 0.43209876543209874 0.5407505244347759 0.04680826165818264 0.05050112656359259
0 0.551852 0.766803 0.04938270000000004 0.04672130000000003
0 0.47037 0.982377 0.05432099999999997 0.03360659999999989
0 0.46142 0.311475 0.04259259999999998 0.0606557
0 0.6518520000000001 0.0389344 0.03333329999999994 0.0696721
0 0.6272481448115967 0.7445961495396628 0.029805389623193627 0.07245792234869099
0 0.36244823751682176 0.569955909068837 0.05329087503364343 0.031714318137673794
0 0.513889 0.268852 0.03765430000000005 0.0606557
0 0.525617 0.0155738 0.05864199999999994 0.029508200000000002
0 0.47440630876045875 0.7340279291061301 0.030200482479082535 0.06800924178773983
0 0.581481 0.4475410000000001 0.04691359999999995 0.057376999999999984
0 0.42407399999999995 0.9258199999999999 0.04197530000000002 0.06803279999999996
0 0.475926 0.47623 0.05308640000000005 0.06229509999999996
0 0.516975 0.9643439999999999 0.05246909999999995 0.05327870000000016
0 0.729012 0.908607 0.03827160000000001 0.035245899999999816
0 0.327778 0.15123 0.05432099999999997 0.03688519999999998
0 0.362037 0.171721 0.05987649999999997 0.03196719999999999
0 0.5665483520815049 0.05876776021676637 0.05826199583699021 0.03984147956646724
0 0.5846644432742379 0.8940641752777564 0.05295184600081919 0.037681609820526776
0 0.46327199999999996 0.0680328 0.03271610000000001 0.04754100000000001
0 0.4433985890146861 0.657814208078238 0.05287867475864499 0.04401729901717047
0 0.405556 0.834426 0.04567900000000003 0.06229510000000005
0 0.289198 0.0266393 0.04135799999999999 0.04836069999999999
