0 0.3279963471658975 0.8232359065521228 0.048557402803621606 0.0759494890301714
0 0.3111865167578661 0.46655794185340504 0.06523769337623074 0.05411530478247973
0 0.3722790814167661 0.32387050257555283 0.055220700791517176 0.06898539867207241
0 0.45208172582304523 0.5830609684847234 0.06749935699588482 0.05136554742184187
0 0.4280643173118362 0.22800325150949585 0.04587048761629511 0.07232676174339758
0 0.10417399320394125 0.8785790598290599 0.06910872210351376 0.05905258979029476
0 0.29642395934789484 0.8995029657313997 0.049540540470876714 0.03804686849983646
0 0.49200182359791633 0.6920771234394857 0.05289563397815407 0.04475017097663199
0 0.44800545069642284 0.6325679557236935 0.07159912650364054 0.05111274578487681
0 0.2915661597150111 0.2960006582344563 0.04847211405330552 0.06699521645132178
0 0.60938002428847 0.6088691424071905 0.04412299816027362 0.06635481703747066
0 0.35658565937263825 0.6993000785974498 0.06682345846512447 0.06180629276073041
0 0.2846795517302529 0.36611104051058296 0.10018171243518938 0.03155843605710163
0 0.7162184468694885 0.47980961054731547 0.09351824294532633 0.03384074941451992
0 0.7616591725733025 0.564079901306488 0.07478736472993835 0.0320716770166537
0 0.8893801333333333 0.6343047037037038 0.07575802609375006 0.057285938888888825
0 0.5810748732363316 0.45702792956891325 0.04689787257495593 0.07851938589643502
0 0.387519612113378 0.183450574134422 0.09727315517338285 0.044521560790622194
0 0.320487206241239 0.40841840696968407 0.06630062931718766 0.05199728893972125
0 0.41693198948199134 0.5293543044908492 0.05327976379643419 0.03782187935206867
0 0.5460403364583333 0.9501514814814815 0.049534172656249945 0.0727686888888889
0 0.115723943161326 0.16216955581479434 0.038632048481065225 0.033226908986717436
0 0.24376651750750675 0.4596875277130018 0.04732064838077352 0.07569279168149265
0 0.18919793194399379 0.46008919943378385 0.07795955348958188 0.05053226604820614
0 0.22518277894262914 0.849923835334641 0.07889608326908212 0.05507736786231358
0 0.4154056880208334 0.4907028703703704 0.09906834531250001 0.04412567222222229
0 0.29333553154914527 0.7950940503479519 0.05500728893162403 0.04690952893372574
0 0.39913126434393803 0.8497350952781281 0.043582077002215884 0.07009393536032894
0 0.36299217564344943 0.8434229665160433 0.04228042500484731 0.07577082937975774
0 0.5156538406855573 0.5090055937960793 0.07617413079819796 0.05551660870413749
0 0.2745473382623557 0.40096680223909575 0.06902219210458659 0.04995637165882998
0 0.3979232239583334 0.44812542592592597 0.044677915156250116 0.048770450000000035
0 0.42537986399606037 0.6650296785256409 0.08300465320579598 0.03829452646653585
0 0.4059760708140904 0.3473638815776777 0.04606943689818586 0.0690853786168227
0 0.2521195795989633 0.953821487786652 0.0521428421276512 0.0651315328569426
0 0.5950376157407409 0.30788318350872274 0.0776612951092119 0.051400042771915
0 0.005360000194288972 0.46666841390275754 0.010720000388577944 0.045668383326126036
0 0.2451470849959721 0.09658066858121586 0.08047142837070768 0.04041007100784709
0 0.28347341551623334 0.8392644078038158 0.059439016059373864 0.06225337578931395
0 0.48974277943779243 0.08213579929756867 0.06320222564641824 0.056159364367825634
0 0.06798530426460113 0.9574812596328989 0.06926437237852147 0.04019546027742778
0 0.3256613656188643 0.22064761712436212 0.082750518946062 0.02995646760312759
0 0.7121944910478671 0.44862281383250935 0.05938581949156756 0.033840301964610936
0 0.3500841857284701 0.1413371716451395 0.07280748281159267 0.055681318772440425
0 0.26064362039300915 0.6523805600461979 0.05271863397627463 0.05981090313127669
0 0.36559452731999603 0.7541814207229929 0.047485128357940457 0.056750301331091546
0 0.28058178888691043 0.9702321528653495 0.053120325854700806 0.055772441735556684
0 0.3908353121952042 0.22546933832769803 0.04719850040125806 0.0710361914702109
