0 0.5393462229594103 0.7631441792811652 0.032418354081179525 0.03436714143766954
0 0.5239434947768281 0.02364438839848676 0.04541785375118709 0.048339638503572924
0 0.423457 0.345492 0.025925900000000064 0.0647541
0 0.5368589743589742 0.3599201345102984 0.029874960430515993 0.05044136191677176
0 0.5674144822404528 0.5313102979382853 0.05383833529750535 0.036055318373114105
0 0.5809671173868313 0.4762821377574611 0.051266145093384 0.044178053194619475
0 0.6507393840727174 0.9772068095838587 0.032994166327499685 0.04664925238695742
0 0.6011123322853072 0.9304989948432716 0.026916564570614632 0.07739148968654284
0 0.5780268565764483 0.35262715877469525 0.054772497673314297 0.046111802669188684
0 0.5666350110794555 0.4002469525010508 0.03205128205128204 0.06804329550231188
0 0.5381885275403608 0.3031891779844472 0.05271450364039251 0.05047251317780574
0 0.548765 0.792623 0.05679010000000006 0.036065599999999934
0 0.5275473013129531 0.2634529027972938 0.05764212369194599 0.04030679440541245
0 0.5765839099172432 0.9426229508196722 0.02916836250169581 0.09863087731940189
0 0.66821 0.19918 0.026543200000000024 0.07704919999999997
0 0.5369933050490662 0.43466264060529636 0.05176521009813234 0.049653281210592724
0 0.4685190000000001 0.8893440000000001 0.05185190000000002 0.04262289999999994
0 0.5956115704574232 0.39642174744640607 0.029891135754985778 0.05940534915931055
0 0.36445627263990543 0.6662903700795132 0.04065942189694682 0.054481201531363516
0 0.5425044091710759 0.17447306791569087 0.028571428571428602 0.08056206088992973
0 0.49808088002532447 0.37883564522908786 0.04411997467553025 0.07723833543505675
0 0.4791003531746031 0.8503739798820031 0.04651979466829469 0.040236340235993734
0 0.40980541134852805 0.9738289508782201 0.04088337730294409 0.05115276754638802
0 0.3945360195360195 0.9229192938209333 0.04426129426129426 0.06237614844172234
0 0.4963002532446976 0.49206599411517443 0.02789648622981959 0.07828919714165619
0 0.6803690137023469 0.8372365339578454 0.04205670872337547 0.0522428391280851
0 0.5128205128205128 0.8880156728517383 0.049857549857549824 0.05832282471626737
0 0.40293040293040294 0.7874707259953161 0.02950752950752953 0.07160871914970272
0 0.45456614376384935 0.023397424831862128 0.043700887527698615 0.04515554966372426
0 0.4722617917062361 0.24879150903741065 0.02849002849002851 0.08827238335435056
0 0.5842733220830743 0.7413413531469906 0.04884980904165559 0.06427644769430357
0 0.284394355477933 0.9255227971728673 0.02557811095586607 0.05432399434573486
0 0.42120761600591744 0.891630101651507 0.0453727683027046 0.05969688137903646
0 0.4588970207732683 0.7219986256994209 0.05137872403341466 0.04810052027093361
0 0.5144668490345046 0.4161304956389239 0.04656487742956617 0.06990378383774694
0 0.5746595326843937 0.31165419116225307 0.03736976020892693 0.07236206744430435
0 0.5198614278863113 0.9314762134435237 0.04018489080179077 0.0628267120068455
0 0.6956315289648622 0.34437844295480186 0.04448443044934271 0.056580606623747254
0 0.3937163659385881 0.09654791929382094 0.04075656853434629 0.04702606137032367
0 0.36958150909162624 0.15935159482532865 0.04575395416715967 0.034829518671764516
0 0.13883733497942388 0.42460606093699776 0.05729265030259016 0.04961462193828349
0 0.4791731773006178 0.15653894500199428 0.04587405324004548 0.06402366553992805
