0 0.5299196213225874 0.6751082288992117 0.04711992754861226 0.1429035617517705
0 0.09306429999999993 0.31644274444444453 0.033006632500000306 0.09959618296296281
0 0.9947389230208333 0.43858978518518504 0.01052215395833329 0.09207945962962964
0 0.31767049166666655 0.3211425592592593 0.03783687458333335 0.1879173955555557
0 0.5248046975721196 0.9830336813687222 0.048171322080922604 0.0339326372625555
0 0.6536509954790471 0.46350876967939997 0.0351496841129079 0.15351000966332287
0 0.2617604631596318 0.340144669847824 0.03826799929207958 0.16203302191787047
0 0.3973707249999999 0.15859315925925926 0.05393772500000012 0.1409380466666667
0 0.3339530653209043 0.11559731366819316 0.05679465727485808 0.11883701363268255
0 0.3964560230204046 0.8437286056860958 0.05532987354080928 0.13870759085003026
0 0.24078986666666669 0.9612390666666666 0.06440327124999996 0.07752186666666666
0 0.3607275479219399 0.7035189301761141 0.056378224572787045 0.13711287738926595
0 0.26539282070022013 0.7558410358614811 0.0653071497337739 0.0852230127214823
0 0.4150233690615814 0.4497311602255184 0.029671809789829594 0.19382436399340797
0 0.5812771478163047 0.7489340175494548 0.07397314063260936 0.07648412823442388
0 0.2810416666666667 0.2450353629629629 0.03864193666666639 0.0770462422222222
0 0.3772435208333334 0.5738894296296295 0.07003857541666664 0.11838787666666635
0 0.2810416666666667 0.6330841703703703 0.06118315333333335 0.12026711481481488
0 0.4865824353468238 0.16438950803629307 0.03593173569364735 0.14813773059408053
0 0.7399153166666667 0.5992592592592592 0.04830242083333332 0.13530056148148142
0 0.5228669067958391 0.8733243070555127 0.07952053025834485 0.09830513070378907
0 0.382998568691858 0.3162847236622498 0.07188649155038232 0.09991382934216707
0 0.5149061375 0.30329014074074073 0.033006632499999945 0.11087138259259262
