0 0.2246556769120526 0.33769830617001134 0.04329993923751493 0.17498816824555946
0 0.49040217434314654 0.42249867259573903 0.07879520813548618 0.10572682757756116
0 0.48558241110341527 0.8329838701002539 0.08297873175285962 0.1279845782596847
0 0.28356373378169536 0.1434417778255024 0.07008548304490793 0.12465449288503923
0 0.2725877026726509 0.969769817691555 0.08841243407101919 0.06046036461688981
0 0.8231016848068781 0.7750242165137774 0.05134885124501191 0.11816997573834408
0 0.47659456160283203 0.9681643790427836 0.09441781293542005 0.06367124191443273
0 0.295903220096534 0.3921532511118767 0.06979146746318156 0.14472464611264232
0 0.531480244935106 0.3539585223040787 0.04854681069958839 0.19759979498978641
0 0.49040217434314665 0.5021583685464182 0.07916864514086726 0.11702866087033446
0 0.0016751355338541884 0.5458167611111111 0.003350271067708377 0.14588105388888867
0 0.2799971180142774 0.8931699170574132 0.08228617786728876 0.12341152007421144
0 0.3071269565295526 0.06749364664614503 0.054376667879670035 0.13498729329229006
0 0.42610308094575655 0.01244118922057572 0.051863207644204344 0.02488237844115144
0 0.3380973901949625 0.636869230472748 0.07178545663992443 0.11505991877672567
0 0.3423450265970993 0.8248380546561535 0.04516462787576027 0.17405270510775875
0 0.2551670294445343 0.5374600802570771 0.06162689026362595 0.13015973862759617
