0 0.72963 0.268852 0.07037039999999993 0.027868899999999974
0 0.63858 0.136475 0.033950600000000046 0.04672129999999998
0 0.482407 0.993033 0.04753090000000005 0.01229510000000014
0 0.592901 0.321721 0.027777799999999943 0.040163899999999995
0 0.494136 0.695082 0.026543200000000024 0.06885250000000008
0 0.525926 0.772951 0.025925900000000064 0.036065599999999934
0 0.610494 0.9147539999999998 0.03950619999999993 0.06721309999999985
0 0.5561253332858501 0.6631461401954604 0.04482426581196594 0.040037551513240885
0 0.589506 0.679098 0.024691400000000033 0.07459019999999991
0 0.534259 0.704508 0.054938299999999926 0.035245900000000004
0 0.465123 0.496721 0.04259259999999998 0.055737700000000015
0 0.481173 0.461066 0.04259259999999998 0.056557399999999945
0 0.61142 0.180328 0.027777799999999943 0.0639344
0 0.57963 0.552459 0.05308640000000005 0.036065599999999934
0 0.283951 0.791393 0.059259300000000036 0.035245900000000004
0 0.285802 0.758607 0.05185190000000002 0.03852459999999998
0 0.660494 0.515574 0.023456799999999976 0.05081969999999993
0 0.471605 0.723361 0.04567900000000003 0.048360700000000076
0 0.37963 0.22582000000000002 0.019753099999999964 0.06967209999999999
0 0.537346 0.095082 0.06358019999999998 0.0360656
0 0.579321 0.157377 0.030246900000000035 0.036065600000000024
0 0.464198 0.665164 0.034567900000000006 0.06967210000000008
0 0.582407 0.593033 0.05370370000000001 0.04344260000000006
0 0.534568 0.633607 0.05555560000000003 0.03934430000000009
0 0.575617 0.807377 0.05 0.057376999999999935
0 0.53642 0.45614799999999994 0.05432099999999997 0.03032789999999992
0 0.507407 0.288525 0.03209880000000005 0.05409839999999999
0 0.377778 0.372951 0.03333329999999994 0.06229510000000005
0 0.440741 0.44467200000000007 0.04567900000000003 0.06967210000000003
0 0.294136 0.402459 0.027777800000000016 0.027868899999999974
0 0.578086 0.962705 0.027777799999999943 0.07459019999999991
0 0.429012 0.347951 0.03580250000000006 0.0893443
0 0.723765 0.46885199999999994 0.05740740000000002 0.036065599999999934
0 0.532099 0.052459 0.03950619999999993 0.057377
0 0.438889 0.0762295 0.044444399999999974 0.0508197
0 0.830247 0.311475 0.04691359999999995 0.0393443
0 0.6853997185969869 0.04788133216171159 0.0510461371939738 0.05150046432342317
0 0.25463 0.333197 0.04382719999999997 0.05819669999999996
0 0.516358 0.921721 0.04259259999999998 0.0598361000000001
0 0.375309 0.95123 0.05308640000000005 0.031967200000000036
0 0.742593 0.85041 0.05679009999999992 0.031967200000000036
0 0.654012 0.838934 0.05 0.03852459999999998
0 0.47284000000000004 0.9286889999999999 0.04691359999999995 0.0540983999999999
0 0.461728 0.227049 0.04814809999999998 0.04590160000000001
0 0.401543 0.506148 0.040123500000000034 0.05983609999999991
0 0.21358 0.659016 0.04814809999999998 0.04262289999999994
0 0.661111 0.953279 0.04691359999999995 0.0540983999999999
0 0.17530900000000002 0.920082 0.028395099999999975 0.06803279999999996
