0 0.614198 0.339754 0.03209880000000005 0.041803300000000036
0 0.5493940216162438 0.10275926259532817 0.02702030479808258 0.05089173121960007
0 0.38104150249540314 0.211675967910708 0.03184922511163642 0.07629926752703174
0 0.5248514463855422 0.29031721515405884 0.027465796236799143 0.07006757271380605
0 0.14949750420962907 0.9909815560069737 0.030634591580741857 0.01986153838949938
0 0.5080700798838054 0.008437801350048216 0.033424110384894685 0.019286403085824494
0 0.5000815694109484 0.3648936734718516 0.059906405313108174 0.035239975460668344
0 0.5587622373081954 0.5774568869021901 0.031548801933199276 0.07650063717541404
0 0.34825588815022884 0.9889065828974027 0.02845795468858375 0.02349376995763481
0 0.5728288358452605 0.42249251443120006 0.05911031468666081 0.039291802277065205
0 0.5328828665248583 0.8333076300287993 0.03596099367701034 0.049157890141781235
0 0.4032967637273502 0.3501405673810654 0.055954246748604594 0.036876118149622085
0 0.818086271723362 0.4148484491095648 0.026497320661989038 0.08236034123520855
0 0.5508133574491157 0.7964388716437749 0.05516358510176844 0.03826985671245015
0 0.5053632067845408 0.4211060463157114 0.02988353315628295 0.07743038629431949
0 0.45881009458501404 0.3622180119623438 0.028059010829971847 0.07884277607531243
0 0.4727773915274506 0.8346758977543783 0.03434132434576004 0.06270947834235874
0 0.4858322177599285 0.2991062611100138 0.056150528038078226 0.04468694449930872
0 0.522743633083083 0.9409144979840497 0.03767923366700039 0.04523126101019063
0 0.554938 0.312705 0.05308640000000005 0.04344259999999996
0 0.49903098939103174 0.8223752663615901 0.03756777878206362 0.06934103272318033
0 0.445702112368779 0.5759858218874612 0.05159005159005161 0.047373981800211316
0 0.5417186767457811 0.3659378487249545 0.03437296328516285 0.0712759101241157
0 0.5453181297225941 0.22295056475409836 0.031585240554811884 0.07704867049180328
0 0.4320190129836986 0.4717880289744567 0.03556959198647397 0.062481467361375824
0 0.45387118384534403 0.4610920489685263 0.03748365074807793 0.07201253865378916
0 0.5341125289517338 0.5523054454907442 0.04356560085813626 0.06593592169271835
0 0.43882978723404253 0.26246948029298917 0.033162595219332784 0.07063132193930938
0 0.7128694350916572 0.28415300546448086 0.04564160119715679 0.05712866368604073
0 0.5383710939266494 0.15928061010028224 0.05539727761949983 0.042634960667747565
0 0.6169649408236832 0.47210573135087053 0.05391265511851216 0.06142245943999662
0 0.5679615876376376 0.8309203721089943 0.0400444590256924 0.07802412064687625
0 0.582301051051051 0.9084237926451042 0.05807891224557896 0.03627603012848907
0 0.6720726831836886 0.33887227821659216 0.03363283363262256 0.06323884356681575
0 0.5593039206303634 0.47793027491845635 0.04450186620729255 0.05062057864192829
0 0.4370821016715217 0.9721449733053971 0.033825737536412846 0.05775467307975692
0 0.4794701068109308 0.9117701234113096 0.042585656817866524 0.06299502670841772
0 0.523387971304638 0.9006701373504652 0.045983483483483474 0.06978289765175018
0 0.6046863189720332 0.04750752760120441 0.033761652809271826 0.05152224824355972
0 0.37694559623040647 0.8767455036747099 0.03650969531835202 0.07299637522564006
0 0.25700148916750737 0.07973464310773745 0.03170485660758034 0.07463162594884226
0 0.7772922735469552 0.9650027629397678 0.03232071022333193 0.0445754282556641
0 0.4846748854245401 0.13213438289561727 0.04669922915091967 0.06687833420876547
0 0.22776088589253976 0.14166951670121836 0.04070727178507953 0.0636661334024367
0 0.6099983553684998 0.26752354211376056 0.037391991096146625 0.029284758792846474
