0 0.5248966247230137 0.3132516580262482 0.08471002163131788 0.025229438139274196
0 0.24863813027393267 0.5953455318209417 0.07105831982375185 0.04414638185129981
0 0.4487859216287961 0.6011375851796632 0.06520930474865191 0.045900718927360154
0 0.5797095419393005 0.5996621281458712 0.04224758278806557 0.055023041826047316
0 0.7048156721536352 0.533086672738312 0.06386316872427986 0.03739981785063759
0 0.2914120630170013 0.5730943312910526 0.07284470216568989 0.04331567036485058
0 0.46340890954325675 0.7850848183469888 0.07135340875307096 0.046011760061501435
0 0.7716108059897668 0.9461259785622436 0.07060625264047313 0.04779862452990905
0 0.6475828912985653 0.9687968215051679 0.10945837049554837 0.02523946061626037
0 0.6559313486995478 0.6457187422422017 0.05420746416914982 0.05700691808662407
0 0.539098936899863 0.6092569823922283 0.0481430041152264 0.07147085610200368
0 0.4803863983500179 0.48027684119417635 0.05249345747113025 0.02541371158392428
0 0.5453652255289121 0.2809730316287773 0.08030204867837902 0.015981170407384056
0 0.4371228827777779 0.5699301354528873 0.07921847454661576 0.0419763494907669
0 0.3871989860583017 0.938866841659337 0.08480221877982762 0.026579608967566164
0 0.500484909368203 0.7376033096850854 0.09209023540307311 0.026615451407207575
0 0.4118386620238471 0.29244678553080194 0.04252506067320875 0.03935039232170381
0 0.32723970802234437 0.7056810285321162 0.05603670844482013 0.0323869184898919
0 0.03759525499999997 0.8044797981481481 0.07519050999999995 0.031133863333333366
0 0.2746996691181882 0.6388984637346139 0.06696907844068226 0.05008020450626471
0 0.6832595956751006 0.9424405705961527 0.05454239621962482 0.0270263250846682
0 0.7513211591220849 0.7993890406800243 0.057313100137173716 0.02956739526411672
0 0.3657634770763269 0.5708645097340252 0.08303065901607051 0.03200509480450354
0 0.5672636091943233 0.9278106177610634 0.06687047207748513 0.03886430218787011
0 0.3837031105059778 0.5423106942054781 0.07481540222381848 0.028880019568965652
0 0.5984573768952728 0.7368394776999776 0.06051964512040537 0.04154459889048191
0 0.4027024753947019 0.7061277446492181 0.07845139182274798 0.04578840200295026
0 0.26124205013093893 0.4975589225589226 0.04704140167103148 0.051504112159849916
0 0.5518717470053154 0.4642591511718276 0.07892797375342948 0.046603130564662996
0 0.20104433574035244 0.4105849973078553 0.06488275487227255 0.03805375124583289
0 0.4942231386998427 0.5003243467638775 0.09217883812824065 0.028369250122207954
0 0.3521284649429303 0.450301291083846 0.07847723684551085 0.034728666185517384
0 0.506930753102067 0.713163523493574 0.09414167018729766 0.028589831494525066
0 0.3520826487662144 0.877666733616369 0.06985909652787553 0.03908766024642108
0 0.5123476349183996 0.857564508346781 0.09825102880658439 0.02479274449915844
0 0.07266747313043612 0.5975266385102451 0.04030811438218844 0.03894693648792011
