0 0.45402583028465143 0.9921612391169734 0.03145453943069701 0.015677621766053564
0 0.464512911747264 0.1542701696613931 0.0384117742196345 0.07552437540267735
0 0.6055582511186587 0.1495275252344477 0.044476791201682006 0.049216121411697344
0 0.5426465705213218 0.4820138090647147 0.04804045895735617 0.05236608187057054
0 0.4468342438514205 0.827639690997924 0.05786528770284112 0.03560758199584801
0 0.586487142163998 0.6399885460662895 0.05916761011375278 0.040446703414703994
0 0.3229698944123958 0.7342910540548792 0.0399425199230833 0.04072435730488851
0 0.4837511622809855 0.16701082467964778 0.034708037182597476 0.07295093278688523
0 0.48010795257426275 0.9118727595550864 0.03633377407946516 0.038234579680005536
0 0.598145452585045 0.4367707065645357 0.041242115477923336 0.05923831340826116
0 0.4268424173809909 0.795422005870141 0.04825057954606719 0.03525663970219767
0 0.5398039557105505 0.5675621993378195 0.03022519537171825 0.07921488475195078
0 0.5815285930333173 0.5986614034648151 0.055067780238826775 0.05616706349774484
0 0.5791417327079627 0.2574450569117331 0.04690279799450101 0.05673276540912023
0 0.44996111597161464 0.636375371111398 0.06318654612617869 0.036143023105718326
0 0.7113346092066958 0.9322390641223425 0.054768918413391376 0.04152802824468452
0 0.6969134219135803 0.9868852139344262 0.060494143827160465 0.024590227868852482
0 0.5129656585260661 0.889022120409478 0.05445037468327132 0.04348915455651799
0 0.3467693657642676 0.7519495923821188 0.03965443252343539 0.05765377774799202
0 0.563372688554639 0.2186090629250483 0.03639010189228526 0.06997637626172237
0 0.4132303693707202 0.3532554589500232 0.03248862897985699 0.08993163868056019
0 0.4890425359857674 0.7803887178752953 0.05404604021780148 0.056374829980671476
0 0.6185643430912718 0.345855107738564 0.028977303358671568 0.07964063282983747
0 0.4407207477382916 0.3844494590827636 0.05273154395961418 0.04811840446007835
0 0.5423623151571514 0.840275097277901 0.025847368176181995 0.08049211341184054
0 0.44072074773829156 0.42070418796044323 0.0529814564902284 0.05326209597132803
0 0.6414875774610491 0.8349361608543918 0.049711243266483296 0.031394769707924854
0 0.6323117149172462 0.7755565895912377 0.03733354897838161 0.06961844083327366
0 0.44394624283075723 0.5712695236865883 0.055531253037814726 0.058248354201626426
0 0.4869399967653243 0.030513995275252347 0.035608388592376944 0.061027990550504695
0 0.5573076715725915 0.12008733624454149 0.03396409509946633 0.07588231083112607
0 0.5708838680427517 0.370638647787959 0.04670603608550324 0.06586709557591815
0 0.783025 0.44057399999999997 0.03271610000000001 0.06639339999999996
0 0.6561000593023882 0.9630252702412485 0.052293924200765535 0.03865702627246037
0 0.21807067451055911 0.5448909202843992 0.03436381819115473 0.05378153130948668
0 0.4342873538861819 0.9275335112386234 0.044266645634243144 0.05736501219018304
0 0.24242035218349486 0.8184646418728868 0.04771380276868433 0.04446401681961522
