0 0.613272 0.767623 0.022839500000000016 0.03360660000000008
0 0.5457903672223883 0.6761306570657368 0.048924850505252915 0.0476866431935329
0 0.7768045443969611 0.07894074000630517 0.04268791120607799 0.051954619987389664
0 0.512654 0.633197 0.04382720000000004 0.048360700000000076
0 0.3911522013374485 0.9671674323315118 0.03415650267489718 0.057286264663023716
0 0.589506 0.752459 0.03703699999999995 0.0754097999999999
0 0.596914 0.846311 0.05185190000000002 0.03524589999999991
0 0.505556 0.37418 0.03333329999999994 0.04508200000000001
0 0.444753 0.354098 0.03271610000000001 0.032786899999999966
0 0.539815 0.355328 0.022839500000000016 0.0745902
0 0.623765 0.579098 0.025308599999999966 0.08278689999999997
0 0.6414069690545808 0.4110872715487489 0.038174561890838205 0.06635055690250219
0 0.501852 0.32459 0.05432099999999997 0.032786899999999966
0 0.655556 0.533197 0.03333329999999994 0.06967210000000008
0 0.53858 0.593852 0.029012299999999974 0.07622950000000002
0 0.624074 0.736475 0.05185190000000002 0.03688519999999993
0 0.35 0.252049 0.03580250000000006 0.07131150000000003
0 0.598457 0.37418 0.029012299999999974 0.04508200000000001
0 0.4817250949642625 0.9089302605263159 0.025178789928524965 0.07687632105263148
0 0.576543 0.560656 0.05555560000000003 0.04590159999999991
0 0.580247 0.620082 0.029629599999999933 0.08114749999999991
0 0.672531 0.443033 0.04753090000000005 0.0647541
0 0.4680384087791495 0.4660291438979963 0.05514403292181072 0.03588342440801461
0 0.317593 0.243443 0.043827200000000004 0.04262290000000003
0 0.567787408625731 0.7601813292062122 0.027387682748538023 0.06652314158757552
0 0.489815 0.65 0.04382720000000004 0.06229509999999996
0 0.577582590448343 0.4853106654659189 0.03294398089668619 0.06734243093183775
0 0.4506010399447693 0.7780416596850732 0.035769979889538644 0.04788561937014671
0 0.4794924705418381 0.8527324006830601 0.052812041083676264 0.036611701366120346
0 0.671296 0.180738 0.03148150000000009 0.041803299999999995
0 0.5830542410787771 0.6986079490176944 0.055721813746815646 0.04306513240957593
0 0.572531 0.290164 0.025308599999999966 0.08196720000000003
0 0.549074 0.025409799999999996 0.04382720000000004 0.0491803
0 0.621914 0.493033 0.03765430000000005 0.07131149999999994
0 0.482407 0.386066 0.04259259999999998 0.07540980000000004
0 0.613272 0.936475 0.027777799999999943 0.04344260000000006
0 0.4472655650855533 0.8373814140638481 0.06078617543859643 0.04525442812769608
0 0.5229042300357375 0.7744176882657464 0.03443743992852517 0.07903382346850737
0 0.543519 0.184016 0.03765430000000005 0.07131150000000001
0 0.483951 0.06106559999999999 0.028395100000000045 0.07131150000000001
0 0.396605 0.227869 0.03271610000000001 0.06557380000000002
0 0.583642 0.20942600000000003 0.033950600000000046 0.06967210000000001
0 0.658025 0.810656 0.05308640000000005 0.05081969999999993
0 0.4410490000000001 0.255738 0.03765430000000005 0.05737700000000003
0 0.4064809999999999 0.552049 0.06111110000000003 0.031967200000000036
0 0.818519 0.67582 0.04691359999999995 0.031967200000000036
0 0.177778 0.204508 0.025925899999999995 0.07295079999999998
0 0.3743830000000001 0.0446721 0.05370370000000001 0.04508199999999999
0 0.31512300000000004 0.834016 0.05000000000000004 0.06311480000000007
