0 0.6997934189169248 0.5675658023643132 0.026806354827603213 0.07706877408399185
0 0.4718164379518961 0.4539220168506303 0.030741232600462354 0.04310626347070733
0 0.5929368943977178 0.6389197309124158 0.02901972357483647 0.0813140879106525
0 0.5637942058924794 0.4343282607275814 0.0332005312084993 0.07772189928809349
0 0.49653238896266777 0.1618117693161779 0.05312084993359891 0.04277970086865651
0 0.49210565146820123 0.3512180785056495 0.04377551522305836 0.05584220495068903
0 0.10316381728886923 0.014778604490235776 0.024846434577738413 0.027917808980471553
0 0.5501486076275146 0.10458648199170531 0.047211515255029146 0.040320863983410594
0 0.8182064663639474 0.5052212500279631 0.024594200916054534 0.03747948253696401
0 0.5221090944862525 0.3146430670759584 0.051153411047169334 0.048004702501469536
0 0.4218522014854163 0.43214688156227554 0.04148119702916731 0.06029663687544902
0 0.49139981116275633 0.9430962485598589 0.03695337767448724 0.06462630288028218
0 0.592284 0.9885249999999999 0.029012299999999974 0.02295080000000005
0 0.509877 0.959836 0.03333329999999994 0.07049180000000001
0 0.5463417954810388 0.6277692475867024 0.03416703124047002 0.07422442037750639
0 0.5973636318921842 0.2023055319704787 0.04771039299591757 0.06629220821631504
0 0.5147142159792928 0.5101006255437266 0.06102457084501492 0.03198345272026642
0 0.5564163100683684 0.1716086473777023 0.039594707589395525 0.07086408464502644
0 0.6279818995622448 0.5012735941479981 0.028773793714032783 0.06270001959375607
0 0.5760757940669421 0.3171003973777023 0.05487216869066939 0.05158066955130293
0 0.5211253750430377 0.6679838024949383 0.04967783188234714 0.04408595127685973
0 0.4388471768002066 0.021063287832277445 0.030278692486842687 0.04212657566455489
0 0.659706851605922 0.6774541179544118 0.052383060351187845 0.03755469923584348
0 0.5071073729772269 0.6069165959114362 0.04279179577984361 0.062373456991705364
0 0.5670947534516256 0.05032656915942786 0.04283080690325118 0.06458753831885572
0 0.508951 0.439344 0.04259259999999998 0.06885250000000004
0 0.6520830259210073 0.6136111292534778 0.05090748118636565 0.05682189275684151
0 0.612242388470808 0.7559924237476323 0.038610988146180705 0.05682189275684151
0 0.5208869909792927 0.022616106939455292 0.0467115819585853 0.043592813878910584
0 0.45706778963159705 0.08362779255273986 0.04253157926319408 0.05741948510547971
0 0.6313473450777138 0.9430655386372542 0.044176590155427534 0.04842577727450854
0 0.8034391534391534 0.7233021077283373 0.02910052910052908 0.07236533957845429
0 0.5135734365482041 0.8172819441025305 0.0337945464107482 0.07466477092889466
0 0.5835532652501106 0.9150659922849586 0.033523049943436065 0.0724217349781203
0 0.5646549604052924 0.3641173012866566 0.02803600413162165 0.03592188622558944
