0 0.43708107126582957 0.304918 0.03271610000000001 0.0754098
0 0.458333 0.0127049 0.035185199999999965 0.0237705
0 0.5176719168918561 0.5737264487142052 0.05139383378371224 0.04089579742841072
0 0.5467943941066603 0.1583215926352635 0.05408248821332061 0.033036685270527
0 0.549691 0.19221300000000002 0.05740740000000002 0.040163900000000016
0 0.6689332258146559 0.7411436249753747 0.05349194837068819 0.05049945004925072
0 0.605864 0.765574 0.027777799999999943 0.06557379999999993
0 0.5625177117019021 0.7781748102933933 0.025581176596195594 0.043649979413213226
0 0.510494 0.634426 0.03950619999999993 0.036065599999999934
0 0.517183229550151 0.5357575524748469 0.04336363150532507 0.03732891109195806
0 0.5116650479679967 0.8233291634348836 0.033205695935993165 0.07641210161120107
0 0.595062 0.302459 0.03333329999999994 0.03770489999999995
0 0.4247350712658295 0.243443 0.03888889999999997 0.0606557
0 0.7209613839784349 0.28731271617005555 0.0346213320431303 0.03357146765988881
0 0.490741 0.169262 0.05308640000000005 0.04672129999999998
0 0.477778 0.646311 0.03950619999999993 0.05327869999999997
0 0.584877 0.0959016 0.03271610000000001 0.04262289999999999
0 0.4752761762216405 0.09006092094240838 0.06166405244328088 0.02930224188481675
0 0.52716 0.115574 0.03580250000000006 0.06885249999999998
0 0.45334217999390664 0.36878220335256456 0.056066659987813294 0.04903940670512904
0 0.3898426323319027 0.21898965735594175 0.03311609177131352 0.06719200731724478
0 0.3498837526695108 0.1112695603274397 0.03063130533902134 0.03237462065487939
0 0.387963 0.712705 0.030246900000000035 0.06311480000000007
0 0.45108095676627985 0.1475532331633012 0.02561851353255969 0.06723786632660239
0 0.570679 0.131967 0.05740740000000002 0.04754100000000001
0 0.6489731746118793 0.6637303393126011 0.025637606692099846 0.07266596599591923
0 0.6402028369535845 0.965046292767185 0.05324557390716889 0.035009785534369994
0 0.6237877349917872 0.4903502375501302 0.05163504238859736 0.03808514369943008
0 0.489815 0.970492 0.040123500000000034 0.05737700000000012
0 0.46975300000000003 0.267623 0.04938270000000004 0.040163899999999995
0 0.543827 0.367213 0.05679010000000006 0.03770490000000005
0 0.4261536680323743 0.6274028852230353 0.03308449353308952 0.06581619535988176
0 0.7007326773326975 0.792397671629846 0.032328954665395086 0.07987784325969177
0 0.52037 0.939344 0.034567900000000006 0.07377050000000017
0 0.575926 0.933607 0.029629599999999933 0.049180299999999885
0 0.623765 0.588934 0.05740739999999995 0.040163900000000086
0 0.7558468354964765 0.032187074051924294 0.04502757099295296 0.059456148103848576
0 0.4960262985957598 0.04137410884473435 0.04343315033611263 0.07946961768946871
0 0.421914 0.961475 0.054938299999999926 0.04262289999999994
