0 0.602161 0.45 0.026543200000000024 0.06393440000000002
0 0.492284 0.530328 0.03641980000000002 0.03114749999999992
0 0.660185 0.00942623 0.021604899999999955 0.0172131
0 0.6484569999999998 0.00860656 0.020370399999999924 0.017213099999999995
0 0.463889 0.468443 0.029012299999999974 0.05
0 0.519444 0.00737705 0.030246900000000035 0.0147541
0 0.505556 0.679098 0.05432099999999997 0.03852459999999998
0 0.449691 0.239344 0.040123500000000034 0.0639344
0 0.3271355936048213 0.639608627771735 0.03029963954127906 0.07809763840416434
0 0.35216 0.44836099999999995 0.027777799999999943 0.036065599999999934
0 0.4672839999999999 0.77459 0.027160499999999983 0.07049180000000001
0 0.455864 0.986885 0.033950600000000046 0.026229499999999833
0 0.352778 0.414754 0.05246909999999995 0.03442619999999998
0 0.50463 0.648771 0.05246909999999995 0.03688519999999993
0 0.430864 0.131148 0.027160499999999983 0.057376999999999984
0 0.6622635654803698 0.3173430969446819 0.03057204404364885 0.03348255756739958
0 0.6234888967292728 0.626703589386994 0.03703700000000009 0.036065599999999934
0 0.350309 0.379508 0.05740740000000002 0.0393443
0 0.498148 0.74877 0.025925900000000064 0.06311480000000007
0 0.578395 0.102869 0.028395100000000045 0.07131149999999999
0 0.519136 0.480738 0.030864199999999994 0.07459019999999991
0 0.40524699999999997 0.0122951 0.05 0.0229508
0 0.467593 0.696721 0.025308599999999966 0.08196720000000003
0 0.631481 0.492623 0.05802470000000005 0.03770490000000005
0 0.4700619999999999 0.147951 0.05 0.04508200000000001
0 0.5107424347908991 0.34750647883872626 0.025427730418201788 0.07875684232254743
0 0.64537 0.9766390000000001 0.029012299999999974 0.04672129999999984
0 0.55679 0.151639 0.03827160000000001 0.0393443
0 0.700617 0.138934 0.055555599999999886 0.041803299999999995
0 0.6159718145573694 0.3087174090902028 0.030709229114738803 0.060057218180405575
0 0.5822565278830963 0.6313008949110402 0.03728906230764739 0.06752018982208083
0 0.6400531172371424 0.6782517533971719 0.03813143447428468 0.07617460679434389
0 0.5596557222807326 0.5105160154805376 0.042703651102919765 0.05192267341309929
0 0.461728 0.10163899999999998 0.03333329999999994 0.04754099999999999
0 0.49104899999999996 0.184426 0.05246909999999995 0.0393443
0 0.638889 0.145902 0.029629600000000006 0.031147500000000012
0 0.425617 0.784016 0.045061699999999934 0.04672130000000003
0 0.639198 0.45327899999999993 0.05246909999999995 0.04754099999999996
0 0.408333 0.143033 0.021604899999999955 0.0745902
0 0.358642 0.49918 0.039506200000000075 0.05409840000000009
0 0.556481 0.435246 0.054938299999999926 0.04754099999999996
0 0.464198 0.601639 0.034567900000000006 0.06885250000000008
0 0.437654 0.313525 0.05061729999999996 0.04344259999999996
0 0.6986175064858697 0.8689243477255071 0.05091238702826042 0.044118604548986216
0 0.54321 0.898771 0.03333329999999994 0.07295080000000005
0 0.50216 0.118443 0.04506170000000007 0.0598361
0 0.492593 0.9241800000000001 0.05061729999999996 0.05163929999999992
0 0.577778 0.03196720000000001 0.03950619999999993 0.05409839999999999
0 0.37808600000000003 0.9381150000000001 0.029012299999999974 0.07131150000000012
0 0.360802 0.230738 0.054938299999999926 0.040163899999999995
0 0.0179012 0.146721 0.0358025 0.07377049999999997
0 0.616049 0.9295079999999999 0.04691359999999995 0.049180299999999885
0 0.272222 0.15123 0.034567900000000006 0.0729508
0 0.70212392487274 0.3935203169916868 0.05324439763618273 0.03729313961619144
