0 0.707716 0.00696721 0.033950600000000046 0.012295099999999998
0 0.645062 0.994672 0.04320990000000001 0.010655699999999909
0 0.349691 0.67459 0.05 0.03442620000000007
0 0.565123 0.975 0.020370400000000066 0.035245899999999816
0 0.555864 0.988934 0.03641980000000002 0.022131099999999935
0 0.460802 0.611475 0.024074099999999935 0.04426229999999999
0 0.415123 0.326639 0.05864199999999994 0.03852459999999998
0 0.223457 0.886066 0.023456799999999976 0.07049180000000001
0 0.6598770000000002 0.393033 0.025925899999999925 0.04344259999999996
0 0.663889 0.458607 0.029012299999999974 0.06639339999999992
0 0.635185 0.20204899999999998 0.055555599999999955 0.04508199999999999
0 0.46821 0.557377 0.029012299999999974 0.08196720000000003
0 0.575 0.9139339999999999 0.025308599999999966 0.07213109999999993
0 0.536728 0.361066 0.05740740000000002 0.04672130000000003
0 0.441358 0.242213 0.030864199999999994 0.06967209999999999
0 0.442593 0.532787 0.024691400000000033 0.07213109999999993
0 0.762037 0.797131 0.027777799999999943 0.07131149999999994
0 0.3450619999999999 0.643443 0.05308640000000005 0.03114749999999992
0 0.540741 0.781967 0.03209880000000005 0.07049180000000001
0 0.683642 0.191803 0.033950600000000046 0.05901639999999998
0 0.50216 0.785246 0.04382720000000004 0.05081969999999993
0 0.246914 0.9106560000000001 0.020987700000000026 0.0803279000000001
0 0.691358 0.583197 0.023456799999999976 0.07786879999999995
0 0.573457 0.802459 0.030864199999999994 0.07213109999999993
0 0.523765 0.4237699999999999 0.05617279999999996 0.03934430000000005
0 0.490432 0.644262 0.035185199999999965 0.06229509999999996
0 0.70679 0.665574 0.0493826999999999 0.032786899999999966
0 0.339815 0.740574 0.030246900000000035 0.0647541
0 0.42376499999999995 0.607377 0.05123460000000006 0.032786899999999966
0 0.436111 0.662295 0.04135800000000006 0.07704919999999996
0 0.473457 0.24877 0.03827160000000001 0.09098360000000001
0 0.533951 0.9118849999999998 0.03333329999999994 0.07131150000000012
0 0.436728 0.0729508 0.031481499999999954 0.0639344
0 0.457716 0.0872951 0.035185199999999965 0.06147540000000001
0 0.4 0.272951 0.04074069999999996 0.0606557
0 0.606173 0.9795080000000002 0.054321000000000036 0.03770489999999986
0 0.425 0.0217213 0.025308599999999966 0.0418033
0 0.523765 0.9745900000000001 0.04135800000000006 0.05081970000000011
0 0.319753 0.613525 0.06419750000000005 0.02868850000000006
0 0.47963 0.44549199999999994 0.04814809999999998 0.05
0 0.504938 0.747541 0.04814809999999998 0.0606557000000001
0 0.6 0.45327899999999993 0.04567900000000003 0.057376999999999935
0 0.750926 0.258607 0.029012299999999974 0.04344259999999996
0 0.483642 0.388115 0.033950600000000046 0.06967209999999999
0 0.471296 0.847131 0.029012299999999974 0.08278690000000005
0 0.43179 0.455738 0.03641980000000002 0.07213109999999993
0 0.632099 0.0168033 0.05802470000000005 0.0303279
0 0.54537 0.689344 0.05246909999999995 0.04918030000000007
0 0.459877 0.147951 0.05061729999999996 0.04344260000000001
0 0.423148 0.956148 0.029012299999999974 0.04180330000000013
0 0.327161 0.392623 0.043209899999999975 0.05409839999999999
0 0.348765 0.9729509999999999 0.03333329999999994 0.04426230000000017
0 0.57037 0.32623 0.059259300000000036 0.04426229999999999
0 0.432716 0.396721 0.04691359999999995 0.049180299999999975
0 0.493519 0.926639 0.04753090000000005 0.058196699999999865
0 0.723457 0.935656 0.03703700000000009 0.048360700000000076
0 0.578086 0.116393 0.04259259999999998 0.0622951
0 0.504321 0.0635246 0.04814809999999998 0.05491799999999999
0 0.173765 0.0635246 0.03271610000000001 0.05491799999999999
