0 0.45 0.118033 0.028395100000000045 0.04918030000000001
0 0.521296 0.283197 0.024074099999999935 0.040163899999999995
0 0.5414187333637628 0.011544687903486494 0.048270166727525696 0.023089335806972987
0 0.5498045259824379 0.5009986851304549 0.05718164803512428 0.03570782973909028
0 0.560185 0.561475 0.031481499999999954 0.06721310000000004
0 0.451543 0.606148 0.04135800000000006 0.03852459999999998
0 0.3758042079638324 0.5821403832833064 0.029994783515910315 0.07792657584853382
0 0.501208483937576 0.7761487757792657 0.027838639845244352 0.06972969388132083
0 0.475617 0.768033 0.04753090000000005 0.05081969999999993
0 0.504321 0.270492 0.03333329999999994 0.06885249999999998
0 0.59321 0.97541 0.03209880000000005 0.04262289999999994
0 0.560185 0.956967 0.031481499999999954 0.05163929999999992
0 0.618827 0.770492 0.03148150000000002 0.03442620000000007
0 0.6472480953834115 0.652430217813438 0.042540009233176745 0.06727096437312395
0 0.6614199999999999 0.727459 0.05246909999999995 0.04344260000000006
0 0.275309 0.092623 0.020987700000000026 0.0393443
0 0.523765 0.660246 0.05617279999999996 0.040163900000000086
0 0.5905192022039645 0.14397930375202034 0.02744707637802126 0.07338981087508659
0 0.6384761437749956 0.5202957240821982 0.050209112450008773 0.051212551835603755
0 0.541049 0.152869 0.05370370000000001 0.041803299999999995
0 0.498457 0.169262 0.04259259999999998 0.06311479999999997
0 0.765123 0.106967 0.020370399999999924 0.0319672
0 0.48487699999999995 0.629918 0.04259259999999998 0.05163929999999992
0 0.584259 0.309836 0.033950600000000046 0.06393439999999997
0 0.5620154260693793 0.07389749719464327 0.054894552138758476 0.04615559438928655
0 0.364506 0.27623 0.03271610000000001 0.040983600000000016
0 0.6602111429142757 0.6870121213749711 0.05499068582855152 0.049434542749942405
0 0.57963 0.925 0.044444399999999974 0.06475409999999981
0 0.470679 0.880738 0.05370370000000001 0.031967200000000036
0 0.566975 0.788525 0.04753090000000005 0.057376999999999935
0 0.559568 0.423361 0.04135800000000006 0.06967210000000003
0 0.24876500000000001 0.0905738 0.030864199999999994 0.0647541
0 0.47037 0.561475 0.05185190000000002 0.0540983999999999
