0 0.5058926972293174 0.30376388485490863 0.02553545129132964 0.04444132770868656
0 0.5625540391590022 0.19928045889369458 0.053833315182776016 0.032567780158719695
0 0.5537035290123457 0.9921550537447766 0.05802434197530861 0.015690692510446805
0 0.4482486362331323 0.39089306138009916 0.05096181452770599 0.054088829584445296
0 0.5941682039602407 0.3414222445771734 0.03394297022309413 0.07914701054207085
0 0.5801223495543376 0.7511210762331839 0.03446271383491114 0.07718885539954423
0 0.5804164412566243 0.544577637365845 0.02873398251324874 0.038336174731690056
0 0.5011812469774372 0.26781157504710756 0.05813090604512559 0.043066149905784834
0 0.5218701151625355 0.37063070981770946 0.05536813730181514 0.04501666172462968
0 0.5301218070334626 0.8750775858921465 0.028320822678654867 0.036328453028587976
0 0.3424321365198021 0.5235123076151803 0.025295427945784706 0.07244197122374296
0 0.322839 0.57541 0.03209880000000002 0.06885250000000008
0 0.523457 0.320902 0.03703699999999995 0.06147540000000003
0 0.5899297401306345 0.1790889877811666 0.0403529802612691 0.06309537556233322
0 0.5601444770109838 0.5217792978731769 0.031974420463629125 0.04579942603294415
0 0.614169849969551 0.7581048298169522 0.036400376460167194 0.05807542453870465
0 0.564506 0.32418 0.027777799999999943 0.07131150000000003
0 0.5184723334907476 0.9123261577175142 0.05326952642497727 0.03813931624192179
0 0.6444695664656905 0.390059092642013 0.027095894343956445 0.07910789172703007
0 0.38168724279835387 0.4672131147540984 0.040466392318244164 0.06648451730418942
0 0.2663946950250581 0.2899285830222366 0.027044371103777057 0.0799383217010226
0 0.6054299849554982 0.14378107106366755 0.035551169910996244 0.06461094212733513
0 0.4607634454377749 0.20058413416242696 0.03604370654179084 0.07292255511588465
0 0.6027775765432098 0.3034500695291651 0.03271564691358028 0.0750663609416698
0 0.5284974810385872 0.7721642284790119 0.0458118806399823 0.05642137763728586
0 0.3961080999698886 0.9896941223510596 0.06005721168322785 0.021171531387444962
0 0.6912144702842378 0.44188429279451 0.05096181452770592 0.0369329012581014
0 0.4050215860031811 0.7482651111334607 0.05718397333939257 0.042240772402695324
0 0.5163414829335261 0.22435813164710058 0.031032090185168584 0.07700448289008373
0 0.4492355727820844 0.3474075486084636 0.05688343382141837 0.03717117804041172
0 0.5078362696077617 0.7512499726861721 0.05542230392791899 0.040322484518121024
0 0.4626534633893846 0.7081089038611266 0.06083258696810656 0.04041835171990069
0 0.5618360608670686 0.2543604651162791 0.03229974160206721 0.06790888295844451
0 0.4523504698555088 0.9215771934033735 0.054907518041463876 0.03387653801708711
0 0.43212362268172505 0.7802119970447695 0.042025245363450134 0.0473095940895391
0 0.5432346702125892 0.7145057683746232 0.058400913253612324 0.04365536531647425
0 0.40535895955346585 0.9163350250100404 0.04798042288762407 0.06334659899959837
0 0.361728 0.59877 0.04320989999999994 0.054918000000000085
0 0.4660134941142693 0.40590449866565004 0.046296296296296294 0.05980747235989321
0 0.5629127189204709 0.0808949675943576 0.06352282515073214 0.03359702630575677
0 0.596296 0.64918 0.03209880000000005 0.07049180000000001
0 0.6539716467640703 0.5599501969090303 0.05501970647185962 0.05059190618193978
0 0.47452816801475795 0.28745053702656864 0.04597701149425287 0.06048615036743924
0 0.39854292276772896 0.07493804803659931 0.046296296296296294 0.055041936713686616
0 0.6726421188630491 0.2972502859321388 0.03606804478897489 0.07505718642775447
0 0.4646676715475165 0.05742470453678994 0.05760120585701984 0.034788410217308434
0 0.31071479483781167 0.8530978711186115 0.028836689675623358 0.07176954223722268
0 0.254012 0.659016 0.03888889999999997 0.07049180000000001
0 0.6229585340198195 0.8205910460927737 0.05646902507889057 0.04263765345879584
0 0.4453533287889116 0.6201180059673471 0.041909666994874854 0.06520500184384324
0 0.25737990465713234 0.1919331277390034 0.041101332355457786 0.047881837364064275
0 0.62284 0.938525 0.044444399999999974 0.05081970000000011
