0 0.396296 0.46434400000000003 0.025925900000000064 0.02704919999999995
0 0.5134127960242729 0.6585091872395109 0.02778834392132252 0.07503497367324263
0 0.550926 0.523771 0.05617279999999996 0.03934430000000009
0 0.535185 0.0303279 0.019753099999999964 0.0360656
0 0.6609907560159027 0.8108708130036121 0.036419799999999884 0.048360700000000076
0 0.698457 0.00819672 0.03148150000000009 0.016393399999999995
0 0.5708409915829672 0.68417598053626 0.020695083165934294 0.030647761072520263
0 0.510666629948734 0.8968672140177827 0.04897433583385655 0.06511525243123087
0 0.5896371564239381 0.17809799058766324 0.03436870870474998 0.08281485516810222
0 0.459259 0.215574 0.027160499999999983 0.08032790000000001
0 0.52037 0.259426 0.022222200000000056 0.07622950000000002
0 0.485802 0.818033 0.04074069999999996 0.04262289999999994
0 0.497222 0.0795082 0.05370370000000001 0.04262290000000001
0 0.633642 0.9717209999999998 0.040123500000000034 0.05
0 0.463889 0.498771 0.03271610000000001 0.03852459999999998
0 0.48209899999999994 0.260656 0.05185190000000002 0.027868899999999974
0 0.524383 0.119672 0.05617279999999996 0.03442619999999999
0 0.658333 0.977049 0.04135800000000006 0.0459016000000001
0 0.512037 0.604098 0.04135800000000006 0.06721310000000004
0 0.504938 0.161475 0.05802469999999998 0.0393443
0 0.576235 0.08975409999999999 0.035185199999999965 0.04999999999999999
0 0.575617 0.566803 0.05246909999999995 0.041803299999999946
0 0.530864 0.311066 0.04567900000000003 0.041803300000000036
0 0.49629600000000007 0.198361 0.04691359999999995 0.04590160000000001
0 0.500309 0.533607 0.05617279999999996 0.032786899999999966
0 0.553395 0.270902 0.035185199999999965 0.0647541
0 0.529321 0.057786899999999995 0.04259259999999998 0.05327869999999999
0 0.391049 0.545492 0.05987649999999997 0.03688519999999993
0 0.458642 0.9803280000000001 0.034567900000000006 0.03770489999999986
0 0.4175192789704959 0.44555448908724643 0.037800642059008106 0.07282612182550705
0 0.558951 0.15123 0.04876539999999994 0.05327870000000002
0 0.588272 0.8422129999999999 0.029629599999999933 0.06967209999999999
0 0.392284 0.0168033 0.029012299999999974 0.0319672
0 0.508951 0.977049 0.03641980000000002 0.03770489999999986
0 0.698457 0.8901640000000001 0.025308600000000105 0.0803279000000001
0 0.576852 0.0381148 0.05370370000000001 0.045082
0 0.610185 0.0651639 0.054938299999999926 0.043442600000000005
0 0.49321 0.028688499999999992 0.04197530000000002 0.05409839999999999
0 0.644136 0.861885 0.05493830000000007 0.04672129999999994
0 0.457716 0.343443 0.05740740000000002 0.0393443
0 0.626235 0.816803 0.05000000000000007 0.054918000000000085
0 0.608951 0.390984 0.03888889999999997 0.06393439999999997
0 0.333333 0.52582 0.030864199999999994 0.07622950000000002
0 0.61358 0.271311 0.039506200000000075 0.07377049999999997
0 0.530864 0.845492 0.04938270000000004 0.06147540000000003
0 0.72284 0.754508 0.03580250000000006 0.06967210000000008
0 0.317593 0.0295082 0.03395060000000001 0.0442623
