0 0.4524067421875001 0.11351624074074083 0.035914315937500045 0.1367759714814815
0 0.05423049556917358 0.21608944035576674 0.05362078191959749 0.15958890669587386
0 0.30656229827254816 0.8733972976782499 0.04351236394092931 0.16334500871757376
0 0.3506493520833334 0.5893828925925925 0.07182863187499997 0.1006822479629635
0 0.6155178765625 0.453558061111111 0.038907256406249736 0.09878251731481458
0 0.2719524937227905 0.09477681789722892 0.054104015830997436 0.17805520550183832
0 0.0508639968750001 0.7546550555555558 0.07482157234375014 0.13107701129629615
0 0.6808618848958333 0.5475897453703704 0.047885754583333315 0.09308355712962987
0 0.2124785802083333 0.2360450435185185 0.07083114666666669 0.11967885916666655
0 0.55615845625 0.7546550555555556 0.07382392552083346 0.09688301842592603
0 0.1933323368293254 0.3924347945568128 0.09125157855986596 0.09633377647712173
0 0.24539947083333338 0.793597563888889 0.06484542734375023 0.1443746623148151
0 0.3468569762319228 0.10401809946000282 0.06544535836948787 0.16718976124884902
0 0.17706236041666668 0.2588408842592592 0.05387147390624989 0.16527100416666665
0 0.33663973154265153 0.6616106923630751 0.08283535751316956 0.10357327567895266
0 0.2773497824351391 0.6852674230754179 0.06783820619791676 0.17286969500000007
0 0.6347090639562024 0.00736720935185173 0.0453649328603215 0.01473441870370346
0 0.23210035635959336 0.06814749350391491 0.06949833524956332 0.13629498700782983
0 0.5895015968458178 0.49605201365767554 0.05996186102141981 0.13578583131027033
0 0.1990415059811899 0.953788847314815 0.049715632932481074 0.09242230537037004
0 0.41430736819251623 0.5302731109813893 0.04551303310378228 0.11632075961129587
