0 0.512324598929069 0.7412333528215223 0.019710997858138162 0.03984300564304471
0 0.6519969209817331 0.13071510005110665 0.04988601711223611 0.04796163069544366
0 0.34929025798095664 0.33676756664233093 0.029814584038086737 0.02974406671533818
0 0.5919550565438579 0.9770868293102706 0.04201581283821003 0.04418699711716365
0 0.558633874469395 0.9810249128694977 0.027866887009494162 0.035282474936534566
0 0.5083241889615105 0.24846102132754744 0.053310469813604475 0.04229364361941499
0 0.598434961551798 0.11773055163285043 0.02477056555259961 0.07781672696346398
0 0.38723946618683464 0.2936881927390987 0.04123556755135705 0.06769761730935155
0 0.559640522875817 0.2645853423336547 0.0393367223432583 0.07352941176470587
0 0.6992102396514162 0.31018964963034396 0.038580246913580245 0.044599807135969116
0 0.5921713489517514 0.8028914418484575 0.05443763973947705 0.03270083042898328
0 0.5624719080133799 0.12652330183889793 0.03852331602675975 0.06452270367779589
0 0.4737370791614011 0.7779355449421281 0.023978484170960133 0.07271632029602862
0 0.5951686594731214 0.8834602641882879 0.057515958653316455 0.03420678972505491
0 0.5371561057937202 0.8050461081795104 0.05332461158744055 0.033124512697388225
0 0.49815472912818765 0.75644143747257 0.03120099182625314 0.08257343072156957
0 0.5303619454975536 0.7152230971128609 0.046174783707592135 0.05055720493954655
0 0.5541066703094638 0.9121039029408794 0.05436419153168328 0.03765712003364905
0 0.35528426681786374 0.3645464742317648 0.043667483758184675 0.05009335272449722
0 0.6036072161400244 0.7641936663654747 0.03486097646202632 0.0426509186351706
0 0.5337405468295521 0.13904385889623205 0.04750824122551867 0.057505793494120674
0 0.37239615760419015 0.4788830174513937 0.027043527284153743 0.06345141328003413
0 0.5644819656257565 0.3311837029893924 0.0568869523117889 0.04359530697524912
0 0.5583098408995171 0.9475711027924788 0.058326042578011085 0.03549761197883065
0 0.5440523638248923 0.852803235661116 0.05314150545996564 0.045178778882147906
0 0.4611952775840478 0.4096462884590555 0.05495114611950848 0.04498223821550142
0 0.5988950455267166 0.7010240523213287 0.028028903794433117 0.07422227959210016
0 0.7385426969996702 0.7816072384102738 0.028574568633915776 0.07904849929464418
0 0.6644839283728171 0.6583222566829123 0.026276276276276232 0.07569044454290358
0 0.5528592595315903 0.37829500765830926 0.03686196992253703 0.06348391589521052
0 0.7031271970527856 0.6539639269576908 0.03641834697263709 0.07412524739534707
0 0.3356649954175427 0.6963633760469611 0.04083778101245354 0.054406185124203595
0 0.4834396355003079 0.7038048555602169 0.04176342899938431 0.046652781556301426
0 0.7630362570135911 0.7465252734397042 0.02977611402718257 0.06846134687940847
0 0.536885577886329 0.6516104437943719 0.05209330994783062 0.04294809381911282
0 0.3238719068413391 0.5836137160856182 0.057145937786403575 0.035793542844870824
0 0.34897324589760165 0.50825804341605 0.04433361041839843 0.0643882098033605
0 0.5026862382942873 0.9765489867045308 0.05109361329833774 0.04569295641323528
0 0.625926 0.940574 0.05185190000000002 0.04180330000000013
0 0.4755192637957292 0.9356309969450541 0.026894786299860658 0.07615851297276367
0 0.3893024481850928 0.5173471144638403 0.04279838554847451 0.06501551311066606
0 0.42163882259347646 0.4197151688250713 0.04596481923450893 0.06631714855823778
0 0.6413398692810458 0.41244776599164257 0.03570564028080363 0.047814207650273256
0 0.48170771120160294 0.12917346150545017 0.049447353112274564 0.05922238434469144
0 0.5558819196858495 0.70134270063573 0.04665617294157672 0.06584004944064356
0 0.63642 0.0758197 0.04197529999999995 0.06311480000000001
0 0.29321 0.106967 0.04814809999999998 0.04672129999999999
0 0.39783221541751723 0.8821694419345122 0.04811898512685915 0.03937007874015747
0 0.33240080435687913 0.4472512387313392 0.05552233775535172 0.05030150448528581
0 0.47129327431969487 0.04946786667238863 0.05124145136061021 0.05516266665522273
