0 0.5046321057457213 0.5161372533301268 0.05270031857788246 0.03081545612308387
0 0.4834482600143769 0.04638075444086373 0.05799948642107212 0.030401039963881497
0 0.4755755449225546 0.17971357942083935 0.06212066506496778 0.0274640170926554
0 0.6161581864583333 0.5259259259259259 0.03767391161458325 0.05262291703703694
0 0.5748231457895305 0.4752505547999141 0.03263330121120624 0.03716430296715216
0 0.3631030511628983 0.684017416753648 0.023593916169602856 0.06073282713547967
0 0.6137605043669221 0.40515658160792767 0.05439460867595424 0.030794568569672633
0 0.5071033406536879 0.09906200862485016 0.04434090429460795 0.04997431226939422
0 0.5623408480651972 0.7325180321511108 0.04623957054058122 0.04336776051650325
0 0.592593068436355 0.6516392103273057 0.05468407521972469 0.03233464069443802
0 0.5550433443228582 0.27059450870926277 0.053338652731014 0.027842831121519713
0 0.4194507880208334 0.6464388370370371 0.03829153312500004 0.044177288148148156
0 0.4790498130208333 0.8013843481481482 0.04014439765624995 0.04222830296296315
0 0.42968865856597344 0.463519940705733 0.051188920401883206 0.043018428264329917
0 0.3681421138018361 0.2749091199227811 0.03365157915215787 0.03060926626500399
0 0.5155175739883692 0.35926972485388137 0.038968139799655195 0.04551045992186694
0 0.8054637259158581 0.5443281640792546 0.04155143718302057 0.06198648641121199
0 0.2743132348958334 0.8082061925925925 0.0209986310937501 0.029884624444444324
0 0.44674192171374405 0.7243546889950631 0.03362877857496815 0.04846984998903281
0 0.42192525530560837 0.049608262108262115 0.03828362004721957 0.03810541310541311
0 0.36556340773644014 0.39943126186295586 0.03700068702962227 0.06116225515132619
0 0.3672636213541667 0.8156771703703704 0.025321781562500097 0.014942351851851965
0 0.3158767708680903 0.4586035489040954 0.032883317345122974 0.05659703419266277
0 0.5364985390931009 0.6728898241310713 0.02904986313411809 0.052343859886005574
0 0.6340685098958334 0.5025381037037038 0.0327331396354167 0.03573165925925926
0 0.3119241815711724 0.2787613064935469 0.044736805225810035 0.05122367007612901
0 0.4672989786901636 0.6684085012213544 0.03691051663096824 0.049136675035301294
0 0.44177968700538156 0.2579386763812993 0.041965498707396874 0.04456042844020992
0 0.4007641726622847 0.44793672188026823 0.055656895170711825 0.02677680211375312
0 0.44889100096371365 0.40229079451100047 0.04611262953090591 0.03652614276352693
0 0.503540614637307 0.7041572804874163 0.05604043790150725 0.03274168280649879
0 0.4069778761205453 0.41532352586930016 0.050616363753044166 0.032073258685625466
0 0.44457239357412975 0.5312666491628241 0.048685114512660735 0.05618733487585951
0 0.3252657588541667 0.1153368074074074 0.0327331396354167 0.02793563925925925
0 0.5242625969065371 0.5656167099401297 0.026425661178021483 0.03478652005647068
0 0.47155785704686165 0.37323976982446916 0.05257992367367379 0.034531799559121994
0 0.5182687678334127 0.41231558048247274 0.04139829920814459 0.04709931267809653
0 0.3904115411819405 0.3038525757788053 0.06750110876991672 0.028943455856024092
0 0.5064815067303342 0.7355792858346286 0.057071917485402794 0.02908190999341979
0 0.5929981302083334 0.5317728814814814 0.032115518125000145 0.059119640000000015
0 0.4242637458059912 0.5186830272895846 0.04812871320394466 0.05091977223124765
0 0.41432571928931544 0.7235043407496415 0.025706614391441937 0.059694446828598514
0 0.5266055687500001 0.8117791999999999 0.026557024583333443 0.022738292592592618
0 0.4883889966355245 0.4793226286395685 0.02726366412709004 0.05296826881526339
0 0.3231651719456251 0.5981080852419202 0.03948625025298516 0.03557187932355911
0 0.7793065027518831 0.12029265379306588 0.05393194982668289 0.03621450130275717
0 0.5776019850455614 0.2025694099464591 0.04311206893672169 0.044084482609072786
0 0.4443815982598328 0.575067842101591 0.02974774429754395 0.030180085893741826
