0 0.538889 0.993443 0.029629599999999933 0.013114799999999885
0 0.6124436785362235 0.540904290389503 0.025729542927552914 0.05753611922099384
0 0.61949142235857 0.34958523352755283 0.04268704471714 0.03359666705510561
0 0.540123 0.27541 0.027160499999999983 0.0393443
0 0.5263322450852793 0.5237131478487721 0.02881600982944125 0.039460004302455845
0 0.544753 0.557787 0.026543200000000024 0.07786879999999995
0 0.568519 0.715984 0.028395100000000045 0.07459019999999991
0 0.588272 0.32541 0.04938270000000004 0.05737700000000003
0 0.5132765260052555 0.6145056288103232 0.033950600000000046 0.07622950000000002
0 0.6357140497822759 0.7023667113928072 0.028217799564551716 0.07194722278561436
0 0.572222 0.293852 0.03950619999999993 0.03852459999999998
0 0.5 0.296721 0.05185190000000002 0.04426229999999999
0 0.586111 0.569672 0.05246909999999995 0.03934430000000009
0 0.53858 0.6646713809886897 0.05740740000000002 0.03442620000000007
0 0.294136 0.484836 0.035185199999999965 0.02540980000000009
0 0.591667 0.402049 0.05246909999999995 0.041803299999999995
0 0.521914 0.721311 0.033950600000000046 0.06885250000000008
0 0.4700619999999999 0.987295 0.026543200000000024 0.02540980000000009
0 0.538889 0.736885 0.03209880000000005 0.06557379999999993
0 0.500926 0.679508 0.026543200000000024 0.07049180000000001
0 0.5542254009420398 0.3542431851043519 0.03105479811592051 0.07184142979129633
0 0.3944270416976548 0.36691201280367375 0.05799008339530958 0.030544925607347343
0 0.470988 0.629508 0.03827160000000001 0.06721310000000004
0 0.305247 0.720082 0.026543200000000024 0.08114749999999991
0 0.2952550944518816 0.5757456053723089 0.052060092220734815 0.037527157811574174
0 0.5533158342245525 0.9641861138652972 0.049102378851207266 0.04871645486865478
0 0.279012 0.8885250000000001 0.03827160000000001 0.04426230000000017
0 0.736728 0.169262 0.05 0.03852459999999998
0 0.57963 0.133197 0.030864199999999994 0.06803280000000002
0 0.587346 0.844672 0.05 0.03852459999999998
0 0.422839 0.777459 0.04691359999999995 0.04672130000000003
0 0.46265400000000007 0.134016 0.04629629999999999 0.0598361
0 0.6302469999999999 0.9647540000000001 0.05308639999999998 0.05737700000000012
0 0.23580200000000004 0.281148 0.05679009999999999 0.04426229999999999
0 0.705864 0.9672129999999999 0.040123500000000034 0.06557379999999993
