0 0.596605 0.359836 0.024074099999999935 0.036065600000000024
0 0.595679 0.9922130000000001 0.025925900000000064 0.015573799999999926
0 0.37576092183098597 0.4930617489898407 0.023995457676925805 0.07136899797968131
0 0.57716 0.45983599999999997 0.029629599999999933 0.07213109999999993
0 0.5486436666058077 0.4697700920572616 0.02616926678838459 0.08177061588547674
0 0.320988 0.52582 0.03209880000000002 0.035245900000000004
0 0.519136 0.346721 0.04691359999999995 0.036065600000000024
0 0.505556 0.298361 0.05679010000000006 0.04754099999999996
0 0.4993830000000001 0.8938520000000001 0.03580250000000006 0.06803279999999996
0 0.626543 0.393443 0.030864199999999994 0.07704919999999996
0 0.5151366402842984 0.8730949756869082 0.03392481943140321 0.06528484862618318
0 0.337346 0.172951 0.025308599999999966 0.07868850000000002
0 0.514506 0.511885 0.05123460000000006 0.03852459999999998
0 0.543827 0.386475 0.05061729999999996 0.04836069999999998
0 0.39074099999999995 0.0168033 0.025925900000000064 0.0319672
0 0.505864 0.465164 0.04753090000000005 0.056557399999999945
0 0.5796732787254391 0.6655389885072732 0.06040724254912184 0.04269192298545374
0 0.33240699999999995 0.47172100000000006 0.043827200000000004 0.06147540000000003
0 0.452469 0.127869 0.05185190000000002 0.05245899999999999
0 0.452161 0.170902 0.05 0.05655739999999999
0 0.658025 0.978279 0.03580250000000006 0.04344260000000006
0 0.743827 0.681148 0.03456789999999986 0.07213109999999993
0 0.3435190000000001 0.23647500000000002 0.04382720000000004 0.06311479999999997
0 0.613272 0.838934 0.03765430000000005 0.03524589999999991
0 0.744444 0.52541 0.058024700000000116 0.032786899999999966
0 0.42932100000000006 0.246721 0.030246900000000035 0.05245900000000004
0 0.539815 0.711475 0.030246900000000035 0.06721310000000004
0 0.576235 0.058606599999999995 0.027777799999999943 0.07295079999999998
0 0.299383 0.158197 0.03333330000000002 0.057376999999999984
0 0.736728 0.217623 0.035185199999999965 0.0647541
0 0.435494 0.65041 0.05987649999999997 0.03360660000000008
0 0.433025 0.42541000000000007 0.05 0.049180300000000024
0 0.595679 0.191393 0.04320989999999994 0.06147540000000003
