0 0.40102361804743336 0.5525166048677022 0.05968206390513321 0.02939329026459613
0 0.5956247643220706 0.6072546054860511 0.04331797135585884 0.05762108902789773
0 0.5026684670781894 0.20705259562841533 0.05561985596707816 0.04012978142076506
0 0.474383 0.634426 0.045061699999999934 0.05081969999999993
0 0.511111 0.170902 0.029629599999999933 0.04344260000000001
0 0.5544130014240848 0.5469297421843543 0.026110102848169746 0.0594335843687086
0 0.43919800000000003 0.701639 0.026543200000000024 0.07213109999999993
0 0.491667 0.767623 0.03765430000000005 0.03688519999999993
0 0.495988 0.0118852 0.05617279999999996 0.0221311
0 0.515432 0.79877 0.020987700000000026 0.07622950000000002
0 0.619444 0.708197 0.022839500000000016 0.0852459
0 0.408642 0.709016 0.025925900000000064 0.07704919999999996
0 0.585185 0.72377 0.028395100000000045 0.07049180000000001
0 0.483642 0.55123 0.033950600000000046 0.07131149999999994
0 0.554012 0.8524590000000001 0.026543200000000024 0.04754099999999996
0 0.374691 0.11229499999999999 0.05061729999999996 0.04262289999999999
0 0.473765 0.712295 0.03641980000000002 0.05245900000000004
0 0.553395 0.20123 0.026543200000000024 0.0729508
0 0.555864 0.9885249999999999 0.027777799999999943 0.02295080000000005
0 0.520679 0.532787 0.05617279999999996 0.04754099999999996
0 0.6648106395585032 0.953051690894265 0.050626020882993915 0.03815851821146963
0 0.45123500000000005 0.770492 0.029629599999999933 0.07868850000000006
0 0.492901 0.678279 0.04506170000000007 0.035245900000000004
0 0.587037 0.818852 0.028395100000000045 0.06721309999999994
0 0.50463 0.620492 0.045061699999999934 0.06065569999999991
0 0.646605 0.9827869999999999 0.033950600000000046 0.03442620000000007
0 0.566049 0.632377 0.029629599999999933 0.06639339999999992
0 0.49104899999999996 0.0512295 0.05246909999999995 0.058196700000000004
0 0.600926 0.9700819999999999 0.04382720000000004 0.0401638999999999
0 0.552161 0.673361 0.04382720000000004 0.06803279999999996
0 0.490432 0.830328 0.05 0.05081969999999993
0 0.513272 0.876639 0.040123500000000034 0.056557399999999945
0 0.661728 0.11065600000000002 0.028395100000000045 0.0409836
0 0.526852 0.0930328 0.040123500000000034 0.05819669999999998
0 0.505864 0.962295 0.025308599999999966 0.07213109999999993
0 0.585185 0.261885 0.04938270000000004 0.04672130000000003
0 0.567593 0.0922131 0.03888889999999997 0.06639339999999999
0 0.394444 0.0745902 0.04567900000000003 0.060655700000000014
0 0.3435190000000001 0.395902 0.031481499999999954 0.04426229999999999
0 0.321296 0.09016389999999999 0.05493830000000003 0.0327869
0 0.667284 0.8643439999999999 0.03333329999999994 0.06967209999999999
0 0.6533950000000001 0.316803 0.05 0.056557400000000035
0 0.453395 0.328689 0.05864199999999994 0.040983600000000016
0 0.029629600000000006 0.331967 0.054321 0.036065600000000024
0 0.6659852493185826 0.6155524803065787 0.05250921917588584 0.03779007877368532
0 0.4584957764782326 0.8671268334771354 0.01922243881308209 0.032355478861087084
