0 0.35644679273681784 0.09197961620576069 0.04630798369678086 0.05198377356365866
0 0.393827 0.45041 0.05185190000000002 0.03032789999999992
0 0.429012 0.0110656 0.022222200000000056 0.022131099999999997
0 0.528395 0.009836069999999999 0.023456799999999976 0.0180328
0 0.412654 0.271311 0.04629629999999999 0.03442619999999998
0 0.337346 0.108197 0.022839500000000016 0.031147500000000012
0 0.355864 0.390574 0.03765430000000005 0.031967200000000036
0 0.368519 0.418852 0.04938270000000004 0.04262290000000003
0 0.421914 0.0504098 0.030246900000000035 0.06803280000000002
0 0.322839 0.381148 0.024691400000000033 0.049180299999999975
0 0.529012 0.8741799999999998 0.05679010000000006 0.03032790000000011
0 0.5522045475749559 0.29033945468384076 0.05255739514991181 0.036417109367681444
0 0.464198 0.35082 0.05802469999999998 0.02622950000000002
0 0.46975300000000003 0.990574 0.028395100000000045 0.018852500000000084
0 0.53642 0.777049 0.020987700000000026 0.04918030000000007
0 0.362963 0.47623 0.028395100000000045 0.08032789999999992
0 0.6682738433801618 0.2652864465470134 0.057279913239676294 0.03500100690597329
0 0.414198 0.302869 0.04691359999999995 0.035245900000000004
0 0.535185 0.9877049999999999 0.04691359999999995 0.02459019999999991
0 0.44845699999999994 0.318443 0.035185199999999965 0.05819669999999996
0 0.636111 0.789754 0.026543200000000024 0.06967210000000008
0 0.671605 0.739344 0.05679009999999992 0.04262289999999994
0 0.675 0.70123 0.05123459999999992 0.040163900000000086
0 0.41821 0.241393 0.05370370000000001 0.04344259999999996
0 0.576543 0.22377 0.03827160000000001 0.07049180000000001
0 0.545988 0.163525 0.019135800000000005 0.07786879999999999
0 0.597531 0.8643439999999999 0.06172839999999999 0.028688499999999877
0 0.6679010000000001 0.791393 0.03456789999999986 0.07786879999999995
0 0.425617 0.913525 0.04382720000000004 0.05
0 0.4993830000000001 0.781967 0.05555560000000003 0.032786899999999966
0 0.514815 0.736066 0.03703699999999995 0.06393440000000007
0 0.662654 0.9553280000000001 0.0561728000000001 0.031967200000000036
0 0.7231479999999999 0.329098 0.05 0.03852459999999998
0 0.457099 0.0290984 0.026543200000000024 0.0565574
0 0.601235 0.764344 0.04320989999999994 0.06147540000000003
0 0.515741 0.12459000000000002 0.027777799999999943 0.07868850000000001
0 0.207716 0.9877049999999999 0.03148150000000002 0.02459019999999991
0 0.6092590000000001 0.820082 0.04691360000000002 0.05327869999999997
0 0.530864 0.908607 0.05061729999999996 0.045081999999999914
0 0.348148 0.19549199999999997 0.027160499999999983 0.04508199999999999
0 0.39598800000000006 0.206967 0.04876539999999994 0.054918000000000015
0 0.45 0.527459 0.05185190000000002 0.04344260000000006
0 0.572222 0.80082 0.025925900000000064 0.07377049999999997
0 0.546296 0.219262 0.044444399999999974 0.05819669999999998
0 0.444753 0.465984 0.05246909999999995 0.05327869999999997
0 0.45679 0.944672 0.024691400000000033 0.07786880000000013
0 0.546296 0.40327900000000005 0.05555560000000003 0.03278690000000001
0 0.619444 0.0795082 0.048765400000000014 0.04590160000000001
0 0.475617 0.9020490000000001 0.04382720000000004 0.0598361000000001
0 0.576235 0.43893399999999994 0.04876539999999994 0.05655739999999999
0 0.45740699999999995 0.252869 0.04197530000000002 0.0647541
0 0.7 0.375 0.05432099999999997 0.03852459999999998
0 0.533951 0.827459 0.05061729999999996 0.05327869999999997
0 0.651543 0.172951 0.022839499999999874 0.057376999999999984
0 0.475309 0.203279 0.05802469999999998 0.03278690000000001
0 0.42407399999999995 0.763934 0.05061729999999996 0.02950819999999999
0 0.644136 0.869672 0.03765429999999998 0.06557379999999993
0 0.433642 0.12541 0.029012299999999974 0.08032789999999998
0 0.544444 0.0840164 0.039506200000000075 0.058196700000000004
0 0.37284 0.67541 0.034567900000000006 0.06721310000000004
0 0.389815 0.321311 0.04382720000000004 0.07049180000000001
0 0.605247 0.0258197 0.024074099999999935 0.05163929999999999
0 0.671605 0.909836 0.04074069999999996 0.06885250000000008
0 0.315123 0.795492 0.03148150000000002 0.06639339999999992
0 0.217284 0.46024600000000004 0.04320990000000001 0.06147540000000003
0 0.745988 0.932787 0.048765400000000084 0.04262289999999994
0 0.267284 0.595902 0.05061729999999996 0.04918030000000007
0 0.219753 0.827459 0.06296299999999998 0.03688519999999993
