0 0.6674156625 0.7371569212962964 0.02659145645833334 0.03691935296296286
0 0.5007760729166666 0.5304086648148147 0.025409584166666714 0.06481405749999998
0 0.5099354395833333 0.8807327388888887 0.03781895604166655 0.071377529166667
0 0.5453906510416666 0.9164217537037037 0.04727364718750001 0.052507573148148336
0 0.47270732395833337 0.29986739814814817 0.04845551947916658 0.05496884999999999
0 0.43045725625000003 0.10255386944444445 0.04313718989583339 0.059071044814814795
0 0.6564843489583333 0.6743938611111111 0.0567284340625001 0.044303283611111195
0 0.6316656052083334 0.23423268148148146 0.05081916833333331 0.05332803212962963
0 0.457047946875 0.8409419296296295 0.03959166875000004 0.05907104481481472
0 0.43577501145833336 0.1603476082580106 0.03013697760416658 0.051687114166666666
0 0.62782399375 0.6506018518518519 0.039591668750000156 0.07383880601851844
0 0.5900052291666668 0.0943495799074074 0.023045935312499922 0.04922583731481479
0 0.5232312635416667 0.43852066203703693 0.04077354104166666 0.059891503796296354
0 0.5563229218749999 0.03281725824074074 0.043137189895833455 0.05250757314814815
0 0.5598687302083334 0.7092631175925926 0.024227711874999967 0.05168711416666659
0 0.681581610285518 0.30146980194896944 0.0501945226543692 0.04411736646555769
0 0.5722781020833333 0.3581182842592593 0.021864063020833414 0.07958181870370372
0 0.5190948062499999 0.01886995601851852 0.03013697760416652 0.03609899407407408
0 0.49929897187499994 0.036919352962962955 0.047273647187500066 0.047585019444444446
0 0.5356406354166666 0.5222040749999999 0.03840989218750011 0.04512374259259252
0 0.4402072718750001 0.2526927583333333 0.0354552114583333 0.0705570701851852
0 0.4803895895833333 0.33678655092592596 0.030727913750000013 0.04020108879629626
0 0.4815718447916667 0.8450437240740741 0.023636871458333354 0.03938072990740746
0 0.6417114239583334 0.31586619814814815 0.05081916833333343 0.052507573148148176
0 0.39559269375 0.5985046583333333 0.03722801989583336 0.07301834703703712
0 0.53918644375 0.3806801555555555 0.041955413333333344 0.06563451648148147
0 0.573755203125 0.48200288611111114 0.02481864802083334 0.07465926499999997
0 0.4839353979166667 0.19977480555555555 0.02600052031250003 0.04348282462962961
0 0.6263468927083333 0.40119112962962966 0.05200104062499993 0.05086675527777773
0 0.3923426885416667 0.22561871296296296 0.02836416916666658 0.07383880601851844
0 0.5846874739583332 0.15670196018518517 0.03131884989583338 0.04430328361111109
0 0.4109562677083333 0.07835118027777778 0.03131884989583338 0.07137752916666669
0 0.6018239520833333 0.26335862499999996 0.03604614760416673 0.06399359851851845
0 0.465026015625 0.46067215370370374 0.04845551947916658 0.05496885000000004
0 0.5725729479166667 0.9463674555555557 0.02127312687500016 0.06809579333333339
0 0.5350499864583333 0.21167081018518522 0.05968301906249997 0.03938072990740743
0 0.8305104010416665 0.3191472333333334 0.03840989218749999 0.0639935985185185
0 0.5418458 0.14685685277777777 0.04490999833333328 0.06399359851851856
0 0.6157104249999998 0.7486435472222224 0.030727913750000013 0.07137752916666658
0 0.6783479333333334 0.5878387916666667 0.039000732604166664 0.05989150379629646
0 0.39559269375 0.16039437592592595 0.03604614760416673 0.0598915037962963
0 0.7279854208333333 0.5049751370370369 0.037818956041666615 0.05496884999999999
0 0.3344322864583333 0.4200605851851852 0.04372812604166671 0.04430328361111109
0 0.6511656364583334 0.1747516574074074 0.037818956041666615 0.07219788805555562
0 0.37875106145833326 0.8708876314814816 0.047273647187500066 0.0549688500000001
0 0.3923426885416667 0.0393807299074074 0.022454999166666666 0.06399359851851853
0 0.42691144791666674 0.32735182314814815 0.03486437104166663 0.06727533435185196
0 0.5717482937879554 0.016640844237041905 0.04798712622174423 0.03328158838149122
0 0.49398121666666667 0.3888847453703704 0.02836416916666664 0.04102154777777779
0 0.5855739260416667 0.4143172722222222 0.02836416916666664 0.04594410148148153
0 0.573197730689252 0.7462748047802751 0.034273434895833434 0.06973661120370361
0 0.46059375520833334 0.20756901574074074 0.041955413333333406 0.04102154777777779
0 0.5480500072916666 0.09147802351851853 0.052591976770833486 0.04512374259259257
0 0.5580958260416667 0.2514616194444444 0.03368249874999994 0.050046296296296304
0 0.5684364906250001 0.29617598333333334 0.04963739177083338 0.03609899407407416
0 0.5409593479166667 0.7576678953703704 0.025409584166666655 0.059891503796296354
0 0.51702705625 0.8036123972222223 0.036637083750000105 0.07301834703703691
0 0.5929603885416668 0.6555244055555556 0.02304593531250004 0.07055707018518526
0 0.439615665625 0.8905778462962964 0.055546561770833294 0.04184200675925932
0 0.6027104041666667 0.18787880092592593 0.05081916833333343 0.050866755277777786
0 0.4641395635416667 0.26458876296296296 0.036046147604166676 0.06317323962962959
0 0.49593177808916156 0.1543959776021941 0.044552769238343316 0.04563481414746365
0 0.42877895073492334 0.4327851086803336 0.02731632603697142 0.07609879418989349
