0 0.42217813051146386 0.217026825633383 0.04308962642295974 0.05562060889929743
0 0.6092711301044634 0.3448139974779319 0.0674659702437481 0.036517444304329544
0 0.5553291677986054 0.6870014830253718 0.029732258746113696 0.03807767846406675
0 0.5281670559448337 0.4323585880962929 0.0525525525525526 0.04356815832225663
0 0.5989238878128128 0.5266024061106188 0.0556279222945167 0.03378381575099685
0 0.632407 0.990574 0.025308600000000035 0.018852500000000084
0 0.5927134189737392 0.4854549158164067 0.050590014787009266 0.040466260958499346
0 0.5508221125193492 0.46901175008397256 0.04608862503869815 0.046084385729683555
0 0.5551384718051384 0.6317382956727219 0.048659770881993095 0.07089056269384136
0 0.6315289648622981 0.30829655317360233 0.03363406141183917 0.038619167717528394
0 0.40679 0.632377 0.03209880000000005 0.07459019999999991
0 0.5162828426717315 0.019966372425388818 0.05796929408040515 0.03835645229087852
0 0.725309 0.9811479999999999 0.020987700000000026 0.03770489999999986
0 0.49326158619352334 0.889515921380139 0.05704220800206836 0.03669212943095008
0 0.5113446780113446 0.5662014473489883 0.027249471693916106 0.06682912420617339
0 0.473148 0.9856559999999999 0.026543200000000024 0.028688499999999877
0 0.4814804610931013 0.48165984453396093 0.0413767488181351 0.059424366463018824
0 0.49511002444987773 0.6126498056034311 0.05267288478372424 0.03887931380015231
0 0.383642 0.625 0.03765430000000005 0.06639339999999992
0 0.5754365476587698 0.6158617634027469 0.04810365921477034 0.0642445724412938
0 0.47548975218086875 0.6750771574010983 0.026411904977512158 0.043889534650687345
0 0.4249555232087983 0.5610637840933496 0.03261631354790014 0.04688954112678078
0 0.4962009473692715 0.8498713351944038 0.05601126536746169 0.041309599802591905
0 0.365741 0.595492 0.03271610000000001 0.045081999999999914
0 0.676482493422384 0.7160709486697123 0.03946569520340018 0.044880408492340824
0 0.4447250280583614 0.3028528848200979 0.053310886644219985 0.03512880562060888
0 0.585369400814427 0.8742811775813234 0.025693232499515228 0.07531542356879234
0 0.4632601795633766 0.810421740726118 0.02903474087324677 0.06604131854776416
0 0.6877176321620765 0.3131567885666246 0.044713516935739175 0.06462799495586379
0 0.6365654043556664 0.8244612267452569 0.023581634068525377 0.07662552956345554
0 0.5324237172904143 0.8047677351858209 0.0368913024109624 0.06199487037164187
0 0.5241514595256092 0.1881900301104048 0.06208832739444981 0.034650862686995174
0 0.634106328550773 0.46540392851868256 0.0369814258703148 0.07716733126569188
0 0.4842302227706045 0.4147328304231213 0.03894785445879109 0.057419739153757435
0 0.5700144589033478 0.5462634765913454 0.0511622733844956 0.05427558706247234
0 0.38603843394872955 0.47262746277635737 0.054366292898403036 0.038852960344914
0 0.6837671004337671 0.5400605523556343 0.03286619953286626 0.07140747304681731
0 0.674383 0.106967 0.03271610000000001 0.035245900000000004
0 0.5579297245963912 0.28688524590163933 0.041943653054764204 0.05622110130306852
0 0.552970073039881 0.8753540468629301 0.03361127270376834 0.06115354905158353
0 0.520679 0.972541 0.040123500000000034 0.05327870000000016
0 0.5777738208293763 0.02403846153846154 0.038263691041468796 0.04807692307692308
0 0.580247 0.777049 0.03827160000000001 0.055737700000000015
0 0.40719485091212837 0.7836102186372549 0.05465560875683041 0.04079604199765549
0 0.43743132312067734 0.8856535919663548 0.046215499967681414 0.05471633336194317
0 0.4926400759734093 0.0864333753678016 0.04431782209559982 0.06305170239596469
0 0.19443500585192736 0.6482177771093398 0.04152980707516898 0.0782072492104076
0 0.2205786125540783 0.1132197033837747 0.05390387489184339 0.04569119323245062
