0 0.6453489271055534 0.5106398434917577 0.0368815958233854 0.03270122412759572
0 0.44190156674660447 0.4156116844981 0.023893885941125723 0.051647261096392616
0 0.33013996979166654 0.5193516175925926 0.03992604937500002 0.024444467870370513
0 0.4434784729166666 0.3169214796296297 0.055381280833333456 0.02393519129629627
0 0.42448126979166667 0.3767591472222222 0.02769064041666667 0.052962961944444414
0 0.5333119796875 0.5588194648148148 0.0341303897395834 0.035138903148148236
0 0.4838562129195194 0.3618451811183366 0.0382549496932052 0.04714358424480841
0 0.5820372297541923 0.3914924045472062 0.05388094872078237 0.02131833798330126
0 0.43510655885416666 0.6196760583333333 0.047653665104166736 0.040740759074073984
0 0.51399241875 0.5460878611111113 0.041858005468750056 0.03615739416666675
0 0.39968788541666656 0.3999303925925926 0.047653665104166736 0.02495368231481484
0 0.4207888283871449 0.696573900925926 0.040570034739583365 0.04175925009259271
0 0.5681847671651797 0.3282043825002676 0.037848602399819596 0.041090845925390654
0 0.41031317447916665 0.44474511574074077 0.03799419760416664 0.04532406185185183
0 0.4779300729166666 0.7228006814814815 0.05473729546874993 0.028009279629629683
0 0.2802318864583333 0.3383102259259259 0.05344942906249983 0.020879656111111075
0 0.5042177071075603 0.5919447900935293 0.026291155312672742 0.051959274447923504
0 0.4180414161458333 0.5140047416666667 0.03541825614583338 0.02495368231481484
0 0.32466614635416674 0.7691437935185185 0.048297650468750085 0.022916638148148157
0 0.3188699651041667 0.2685417583333333 0.03928206401041656 0.04226852666666669
0 0.6173493052083333 0.25581015462962964 0.05022950223958335 0.034120349999999966
0 0.3471283745524748 0.7092906983067062 0.06231237420911609 0.02141804829399487
0 0.5452246135416667 0.36377343333333334 0.03219843364583343 0.046342615
0 0.6016876220796825 0.36960177783598264 0.05496827316978165 0.02144504571692357
0 0.5510207947916667 0.5002548333333333 0.03091046291666674 0.02699072648148162
0 0.3731179013430124 0.2587671221155802 0.026711713311025183 0.028206477157728532
0 0.43285214062500005 0.3385649574074074 0.061177044791666545 0.026481449907407435
0 0.5696956401041667 0.7968983416666666 0.0296225965104167 0.03972220592592582
0 0.8710730708333333 0.2828011296296296 0.021894980781249983 0.04939815018518519
0 0.2754017354166666 0.4602775231481481 0.04250188651041652 0.03768516175925935
0 0.5040108020833334 0.2861113962962963 0.030910462916666562 0.018333335370370366
0 0.43317449843750006 0.6840970287037037 0.0296225965104167 0.020879656111111235
0 0.4850135989583333 0.4093517296296296 0.05087348760416657 0.03870371490740741
0 0.47406699531249996 0.4854859990740741 0.034130389739583225 0.04532406185185188
0 0.5503771223958334 0.45798618240740746 0.03735021223958347 0.05245368537037049
0 0.47052418906250004 0.23849537240740742 0.03091046291666662 0.021898147129629668
0 0.48630198697916666 0.21328702074074074 0.03670622687500001 0.017314844351851853
0 0.4415464125 0.7416433555555555 0.02704665505208344 0.04124997351851852
0 0.44538011433273644 0.47270021430194287 0.03740969404286029 0.04317803425203387
0 0.47857478854166663 0.27618059629629627 0.027690640416666728 0.03004632379629631
0 0.5635781442708333 0.23034719574074078 0.02640266968749998 0.03921299148148152
0 0.532989621875 0.22143519740740739 0.03219843364583331 0.027500003055555573
0 0.5677635796875001 0.5387037546296297 0.042501886510416635 0.035648117592592565
0 0.49885933645833336 0.7393520148148148 0.04765366510416662 0.034629626574073945
0 0.3887402385416667 0.3194675518518518 0.03863807864583322 0.02597223546296295
0 0.38935092614257366 0.5828501805550204 0.041147424576814015 0.04818805111218159
0 0.45410376197916663 0.6611805148148149 0.05216145833333338 0.02800927962962958
0 0.38036936770833335 0.8180323564814815 0.024470817916666596 0.015787014629629708
0 0.633127103125 0.27923613148148146 0.053449429062500185 0.01680556777777777
0 0.39711215260416666 0.7806017398148148 0.027046655052083323 0.02851849407407422
0 0.38713053593749996 0.3594442407407408 0.05473729546874999 0.029537047222222175
0 0.3636255395833334 0.4284491351851852 0.0515174729687498 0.031064814814814826
0 0.40122178897955807 0.708135405417871 0.04661892703973163 0.026814181671216027
0 0.35455840159801016 0.4475977684381021 0.056773815137313006 0.03215406706299507
0 0.6360241505208334 0.6364815018518519 0.05409341442708329 0.021388870555555665
