0 0.7474401077793607 0.5868930335119799 0.024873884441278957 0.0475250329760404
0 0.46044238683127575 0.013761652201864353 0.061625514403292204 0.027523304403728705
0 0.5169713154138302 0.0845258219894285 0.046785033492942614 0.050293639714519195
0 0.6122186689179375 0.32390717841530053 0.034942957492132706 0.06980055798778531
0 0.6152264411522633 0.23025944439890708 0.04526728230452667 0.0332933902121504
0 0.596783466473009 0.4094342655094825 0.031318082788671035 0.07393121182899394
0 0.5876301137739046 0.3250562520090003 0.03661341079641737 0.0751366120218579
0 0.6223768007719841 0.625388514323116 0.02591100245396899 0.07197642525476293
0 0.5776232012345679 0.022440553262616524 0.033025202469135845 0.036684306525233044
0 0.4734914041767624 0.3465093713293499 0.047402022999115424 0.041621980491292565
0 0.4125779311680543 0.54967821896895 0.04861196233610871 0.03378203793789969
0 0.6545939879273213 0.5816248439199259 0.03276003276003276 0.08257139404680387
0 0.4781712928407165 0.39161830762616523 0.017695177572016413 0.034426515573770425
0 0.67963 0.396311 0.022222200000000056 0.033606599999999986
0 0.426235 0.317213 0.04753090000000005 0.032786899999999966
0 0.48847564386946657 0.13590475927685 0.046086287738933154 0.06525191855370002
0 0.6182673686758654 0.27905014464802314 0.057643427741466954 0.035760205721632916
0 0.5674322198015008 0.33650755384120856 0.04463205035100457 0.06669881067180966
0 0.434877 0.27541 0.03641980000000002 0.07049180000000001
0 0.644136 0.361885 0.05370369999999994 0.030327900000000015
0 0.6117947328007746 0.06598763234490518 0.03125197714839031 0.0536563650112504
0 0.507407 0.270082 0.05679010000000006 0.035245900000000004
0 0.3554251829594853 0.631849022379358 0.036193626430186095 0.04691151423458788
0 0.5936239269572602 0.6220042695452531 0.02912002912002914 0.07068916904982474
0 0.6450158904779366 0.8153100146080181 0.03254492115878253 0.05417140074663207
0 0.4335343095033017 0.6237556656923794 0.02711583245605634 0.07836658618206462
0 0.42962999999999996 0.217623 0.05555560000000003 0.03196720000000001
0 0.582099 0.704508 0.06296300000000005 0.031967200000000036
0 0.509595387990263 0.7104450838059371 0.03337694325385988 0.03599145320417288
0 0.368519 0.376639 0.024691400000000033 0.06803279999999996
0 0.6131685326131687 0.20412254283992284 0.05967116522633751 0.03775298567984571
0 0.464198 0.602869 0.028395100000000045 0.08114749999999991
0 0.33745418940619026 0.6889402350438698 0.057189721187619585 0.03523442991226041
0 0.497655816180147 0.19030202401562737 0.04284826556670901 0.047628204100914125
0 0.5340716987230695 0.34217690397782063 0.051137648305495005 0.04410970859852136
0 0.4622451909273615 0.5288685559367984 0.02711583245605634 0.08217901469903
0 0.508495809490981 0.11922408936724378 0.04700591957424726 0.06414106594147385
0 0.3764539850634673 0.6026871754213807 0.04803969114936527 0.048377669475871604
0 0.5172384549927378 0.39547968370298936 0.042138921532316645 0.0516153674059788
0 0.666049 0.788525 0.029629600000000075 0.05409840000000009
0 0.5730380272705048 0.8572957845073852 0.03990365454100964 0.03918216901477025
0 0.4796750032239145 0.23149718670267097 0.043231395625168284 0.042178276168224366
0 0.5353621819215255 0.8620190404398635 0.03274709441388585 0.06828459401071241
0 0.4562197212886043 0.06831878947321383 0.05213884287335101 0.040575025108523566
0 0.507407 0.309836 0.05802469999999998 0.049180299999999975
0 0.46413814308103535 0.1466865937911751 0.03734901413407178 0.0701976602854808
0 0.396296 0.190164 0.044444399999999974 0.057376999999999984
0 0.508025 0.847541 0.05061729999999996 0.05245900000000004
0 0.5999606632776567 0.15710382513661203 0.04826313241345918 0.05263580842172935
0 0.530864 0.642623 0.06666670000000005 0.03770490000000005
0 0.5239470737798546 0.22492985386726927 0.05283274755970931 0.05241290347020075
0 0.67284 0.286475 0.04691359999999995 0.05491799999999999
0 0.556173 0.679918 0.044444399999999974 0.0647541
0 0.28020316155909375 0.8813685619742858 0.03309935513325343 0.04205713708353336
0 0.2639122203557049 0.3241511170909606 0.03453057088766233 0.03576107354034627
0 0.398765 0.363525 0.03703699999999995 0.0647541
0 0.6587672656154504 0.8804374289888005 0.059436499205476126 0.03509982145755553
0 0.534449891067538 0.41043876567020254 0.06036673928830796 0.06027000964320157
0 0.37661801991969046 0.5606893201885095 0.04205537560707332 0.0693698664218121
0 0.687654 0.311066 0.05308640000000005 0.04508200000000001
0 0.6706851240679624 0.942420061678299 0.05790856863464126 0.0365200454471677
0 0.4942972513960931 0.7517271181203931 0.050323202792186154 0.06902733624078615
0 0.4098400061536095 0.06671007609417293 0.0564401369178108 0.04915479291149585
0 0.139506 0.0397541 0.0407407 0.03524589999999999
0 0.353704 0.104098 0.034567900000000006 0.0721311
0 0.1436828260902335 0.1532321503632979 0.05443328961847478 0.03639284213054704
0 0.725926 0.0348361 0.032098799999999914 0.0663934
