0 0.3988181717674466 0.003902351482974103 0.05246934528047292 0.008873489280726324
0 0.406074105430584 0.634966400985618 0.023456799999999976 0.031967200000000036
0 0.41345773446527584 0.02435726630598381 0.061176924538185726 0.041184991449375576
0 0.5133129797483381 0.15171043480453972 0.034034059496676115 0.03784646960907943
0 0.6758880557449065 0.5090264507693855 0.02669847761872301 0.07417278487378051
0 0.31859999558054986 0.5833477127702906 0.02969389659168378 0.03515512258372725
0 0.5357683859728849 0.4470481745951925 0.05585851700371126 0.04324650507895004
0 0.425850185563887 0.5444785276073618 0.04052109369082781 0.07417278487378051
0 0.5848822237370295 0.9910162928693554 0.03517382413087937 0.01884240168963098
0 0.45302204044535327 0.2011465352509303 0.03200030296144812 0.07844714874786281
0 0.47650144619594026 0.1959267916775621 0.027456094202075277 0.07028058138388817
0 0.50463 0.101639 0.04629629999999999 0.0508197
0 0.5032000302961447 0.6952127124610278 0.029349390290085566 0.048778034798350536
0 0.7102431092011978 0.8167584283233241 0.03777071840239586 0.06466525664664824
0 0.6223417336628039 0.9752562815045763 0.0269214709459971 0.05036242441918905
0 0.471914 0.0118852 0.05123460000000006 0.0221311
0 0.5640175502821327 0.9673562140375139 0.060853399435734305 0.03739773432062774
0 0.3723251028806585 0.8299180327868853 0.056584362139917674 0.042349726775956255
0 0.506173 0.058606599999999995 0.05432099999999997 0.04508199999999999
0 0.523933954404302 0.4742029568540682 0.04733772627433163 0.044252237755204656
0 0.3262516094826933 0.551015790003017 0.05983488601075512 0.038469274866740406
0 0.784259 0.92459 0.03271610000000001 0.04262289999999994
0 0.39743801867378625 0.5624536094538871 0.026111362652427545 0.06033918109222579
0 0.494444 0.162705 0.03580250000000006 0.04672129999999998
0 0.4205761316872427 0.8821038251366121 0.05761316872427986 0.036885245901639344
0 0.5505377565704763 0.38846424620335906 0.03692342649397866 0.06939555466157094
0 0.468827 0.129098 0.030246900000000035 0.07131149999999999
0 0.47385064000605925 0.6395202655134264 0.057752026054684595 0.04048074021924974
0 0.49945481723282587 0.5558406027632505 0.043066265534348336 0.05717049447349889
0 0.4437327310289328 0.6909381211279292 0.039975271108838965 0.07392180662274953
0 0.588629561362932 0.024969141472323195 0.05814139970298052 0.0341621666129364
0 0.5133303037188517 0.2694106406517148 0.04809512989472091 0.04852660162928693
0 0.4050096298903027 0.6010491353271984 0.04718253075437408 0.05145292552046676
0 0.5628455654018026 0.08385296188273157 0.04525486631826103 0.05757819571557881
0 0.541667 0.10532799999999999 0.031481499999999954 0.07131149999999999
0 0.6803110866642218 0.7678339555267002 0.027044371103777057 0.07527187144944007
0 0.33436213991769553 0.864207650273224 0.026748971193415662 0.054098360655737615
0 0.466358 0.055327900000000006 0.033950600000000046 0.07131150000000001
0 0.5546088010300689 0.9055365583827818 0.028781337574793675 0.0786985819169264
0 0.4267837648470044 0.6507516864050085 0.0386539351245929 0.06126440351503563
0 0.44914918326642933 0.5261021153910623 0.04315433361104798 0.0696905695799389
0 0.7045695771185968 0.6574994436614495 0.03966258868219644 0.05767376307395589
0 0.5984112983753692 0.9553203971688625 0.026634003249261518 0.056572605662275045
0 0.5337705740475649 0.5985367380544101 0.061368948095129855 0.049532176108820214
0 0.6717501815541032 0.6594466285883837 0.04999720685995198 0.055262962688227876
0 0.4386313716579565 0.7653625666297897 0.04525486631826103 0.0528009655033692
0 0.5195672984586837 0.9812429855878507 0.05716080308263279 0.03751362882429852
0 0.6091418616980989 0.7814542894498642 0.03218965386654551 0.07341848536658956
0 0.6109649369298517 0.07716578312641471 0.03304197385970352 0.07236436625282938
0 0.4406415343915344 0.4109338407494146 0.05456349206349204 0.036836455893832956
0 0.4367988280374046 0.1208486039925965 0.03900228878320001 0.06217131904568199
0 0.50463 0.0266393 0.04259259999999998 0.045082
0 0.4198704437053886 0.07158400795366716 0.03803761258922284 0.06994668409266568
0 0.3869385745663864 0.7378306346173186 0.05131409528137543 0.057578195715578734
0 0.5576384155116261 0.21572965905662272 0.048852533515110194 0.06185255958966106
0 0.3987654320987654 0.9118852459016393 0.04855967078189305 0.054371584699453676
0 0.45724242416045413 0.34552005957768805 0.05369563374846267 0.05642280043869106
0 0.5968468105518678 0.8616017327133455 0.04011687651044264 0.06700069830658863
0 0.294135062320514 0.04363722137044463 0.048553749592918256 0.03656091520226442
0 0.7580334471587428 0.2630508080455761 0.03020751247701605 0.0726659690733636
0 0.5816859804589866 0.5297696872171376 0.04279330455199573 0.070904153675953
0 0.49107006096253397 0.8401130862791358 0.05269123548693444 0.04494976203067163
0 0.6272433242614287 0.3778871837846331 0.030568374551335126 0.042947677159168286
