0 0.5586548541666666 0.6333353888888887 0.046817167083333305 0.17596003148148148
0 0.9019809708333334 0.9545693995370369 0.042655536249999786 0.09086120092592591
0 0.8546443583333334 0.9476493858796295 0.05201903708333333 0.10470122824074098
0 0.8593247604166666 0.380269287037037 0.04889781395833334 0.10083110787037045
0 0.7838973083333333 0.8794813564814815 0.06866505479166657 0.14630379490740758
0 0.7537266645833334 0.9881790854166668 0.04993822166666651 0.02364182916666664
0 0.6856733409200633 0.7151510494378146 0.08237442079845986 0.15072247103177785
0 0.6933853770833335 0.005772220717592539 0.0811496102083332 0.011544441435185078
0 0.6845419958333333 0.2893234305555557 0.03641325854166671 0.10478516018518515
0 0.9331932020833335 0.25274730092592584 0.05930172249999994 0.15421214074074058
0 0.8281142145833333 0.31502609722222225 0.06554400020833324 0.13641854351851876
