0 0.36882699999999996 0.223361 0.030246900000000035 0.03852459999999998
0 0.566667 0.9811479999999999 0.04197530000000002 0.03114749999999992
0 0.647839 0.45655700000000005 0.03271610000000001 0.04590159999999991
0 0.7331264268284107 0.023469579829840215 0.03868604634317855 0.04486404034031957
0 0.694444 0.368443 0.05185190000000002 0.05
0 0.62037 0.4995899999999999 0.029629600000000006 0.0647541
0 0.58858 0.47623 0.029012299999999974 0.036065599999999934
0 0.507407 0.988934 0.019753099999999964 0.022131099999999935
0 0.389815 0.544672 0.020370400000000066 0.06967210000000008
0 0.599383 0.979098 0.023456799999999976 0.04180330000000013
0 0.540741 0.0368852 0.04074069999999996 0.026229499999999996
0 0.502469 0.014344299999999997 0.05432099999999997 0.027049199999999995
0 0.546605 0.415574 0.06481480000000003 0.03770490000000005
0 0.588889 0.869672 0.05308640000000005 0.036065599999999934
0 0.449383 0.394672 0.044444399999999974 0.04836069999999998
0 0.491358 0.779098 0.04197530000000002 0.05819670000000005
0 0.542593 0.372131 0.039506200000000075 0.055737700000000015
0 0.430556 0.23237699999999997 0.05617279999999996 0.030327900000000015
0 0.474691 0.817213 0.044444399999999974 0.05409840000000009
0 0.546914 0.773771 0.05308640000000005 0.02950819999999999
0 0.63642 0.172541 0.03580250000000006 0.0729508
0 0.450617 0.762705 0.044444399999999974 0.06967210000000008
0 0.444753 0.291393 0.04753090000000005 0.05327869999999997
0 0.517593 0.607787 0.031481499999999954 0.05327869999999997
0 0.591975 0.9106560000000001 0.05308640000000005 0.04262289999999994
0 0.38765399999999994 0.693033 0.03333329999999994 0.0647541
0 0.43919800000000003 0.665574 0.03641980000000002 0.08852459999999998
0 0.470988 0.05368850000000001 0.04074069999999996 0.0647541
0 0.6709879999999999 0.8323770000000001 0.023456799999999976 0.04508200000000001
0 0.304321 0.720082 0.028395099999999975 0.02868850000000006
0 0.677161 0.22991799999999998 0.05308640000000005 0.040163899999999995
0 0.544444 0.95123 0.05555560000000003 0.0401638999999999
0 0.474383 0.973361 0.035185199999999965 0.05163929999999992
0 0.619136 0.106557 0.06543209999999999 0.0377049
0 0.471605 0.545082 0.04691359999999995 0.04426229999999999
0 0.223765 0.9758200000000001 0.048765400000000014 0.04180330000000013
0 0.8401229999999998 0.629918 0.04691359999999995 0.03852459999999998
0 0.7336420000000001 0.787295 0.05740740000000002 0.03688519999999993
0 0.507407 0.20737700000000003 0.05802469999999998 0.034426200000000004
0 0.433333 0.114754 0.04691359999999995 0.05245899999999999
0 0.264506 0.65123 0.04382719999999997 0.05819670000000005
0 0.708951 0.160246 0.05987649999999997 0.04672129999999998
0 0.41142 0.8241799999999999 0.04135800000000006 0.06147539999999993
0 0.576543 0.261475 0.04197530000000002 0.04590160000000001
0 0.6023965141612201 0.6386210221793636 0.036310820624546145 0.04001928640308577
0 0.7418300653594772 0.5901639344262295 0.06390704429920115 0.02796528447444552
