0 0.7263688625011778 0.3657239394318608 0.05701630383564224 0.048179201601802
0 0.5145176040237769 0.21159684274438373 0.05967078189300416 0.03400121432908317
0 0.5174897119341564 0.5325136612021858 0.05761316872427986 0.036065573770491806
0 0.5156191545080434 0.5680824639841033 0.0600448933782267 0.036711376055638324
0 0.47518032451106224 0.7483351359546611 0.03523209913009823 0.0672486412216632
0 0.5205099681542555 0.01839193651161444 0.03519172883130477 0.03736314661414586
0 0.615848355620155 0.0505194663362562 0.029428755311513063 0.0757624398017537
0 0.5197375067742956 0.9035307301702397 0.032066613548591354 0.05296376034047931
0 0.46512340092592597 0.547813962568306 0.02654309814814822 0.08142027486338795
0 0.5981479327160494 0.0295082 0.0320983345679012 0.0590164
0 0.21909019035455812 0.8148267786481467 0.02706318798272821 0.07348784624081404
0 0.47047744365752026 0.8537994415608886 0.06179289704193924 0.032983880637922645
0 0.6608796296296297 0.7324112021857924 0.03215020576131682 0.06659836065573771
0 0.47060644761794185 0.8896911454853796 0.056503734664654234 0.04470938897168421
0 0.4694163860830527 0.6368604073522106 0.03348297792742238 0.0735221063089916
0 0.46822130772748055 0.3231633272616879 0.029721079103795157 0.07862780813600485
0 0.5465022409465021 0.8813713096497764 0.026711193378226642 0.08077451929955297
0 0.5031778803383631 0.319307585291439 0.054458139643347 0.04565926778992103
0 0.5078875171467764 0.17547055251973281 0.0450388660265204 0.042501517911353974
0 0.6765734811319577 0.15436053418201306 0.027422012507957807 0.07806914308762505
0 0.5327507343225145 0.030387258329954234 0.04081096864502905 0.059714390250825464
0 0.4922825615894922 0.7663319610649589 0.044989684153600565 0.07402625508452487
0 0.5115504887111859 0.8139343729508195 0.05751923406285074 0.054098254098360644
0 0.5954919566030676 0.8977893691008445 0.04695099139543581 0.04396423248882255
0 0.6603575613877306 0.02089892519813267 0.03676450549151056 0.04179785039626534
0 0.33239805462027683 0.5848236462990561 0.029554807332585108 0.07675111773472429
0 0.692254754754755 0.5557709348692956 0.05568068068068068 0.041537439078422736
0 0.4966756836354317 0.07413975945519317 0.050578310345504446 0.044039313274054324
0 0.6173357983539094 0.7104504098360656 0.05617280000000003 0.0393442999999999
0 0.722862632084534 0.11810837624604337 0.02970790194613438 0.049133084518354055
0 0.2342647374627501 0.26856285838044097 0.029022674925500234 0.038764616760881866
0 0.30477927453236053 0.5356928787257823 0.05924055430228192 0.02617959749130649
0 0.5690837602278745 0.8095227555542439 0.05361832479544251 0.04626856128235782
0 0.6094276094276094 0.957277694982613 0.02693602693602693 0.07699950322901147
0 0.5891882333239806 0.678564574056135 0.0380846596894875 0.06403426485345265
0 0.36968449931412894 0.43670309653916206 0.04755372656607226 0.04280510018214932
0 0.405713513738205 0.6717033725230446 0.03182026021532197 0.06593254953910688
0 0.4555742611298167 0.4591405861897665 0.06116722783389452 0.03651266766020861
0 0.4592987053952362 0.05279064355702948 0.046983747657374675 0.045336833658692
0 0.616889231968859 0.7521737065659891 0.054980041542459425 0.05221807948285694
0 0.5200500374111484 0.6824546696472926 0.04781612420501304 0.06231371087928454
0 0.4003620817519522 0.10311069918322424 0.031191379836845085 0.06835428372820483
0 0.3841709273808039 0.5309791908152564 0.05378891798644884 0.04308108406469059
0 0.32010264637974795 0.1871788517939245 0.03160904218793677 0.06531095191814651
0 0.4671717171717171 0.9533035270740189 0.053310886644219915 0.055638350720317836
0 0.34024354274638685 0.32786885245901637 0.05941094678296044 0.0369272086387288
0 0.02987812093243403 0.8829152045252188 0.03135723583007928 0.06834965694233483
0 0.8436034007454436 0.16228939998240416 0.03301832559698492 0.07501136396961786
0 0.2903145150996654 0.08370771570968523 0.03619767304712555 0.07241456250898409
