0 0.3091821958333333 0.5469036601851851 0.014274692499999967 0.04073619740740745
0 0.3609993083333333 0.6095243842592593 0.023696002500000073 0.020368098703703777
0 0.3492938958333333 0.7150483564814815 0.013989191250000014 0.035535814907407405
0 0.4003973708333334 0.4693311953703704 0.013989191250000014 0.027735267592592656
0 0.3474383458333333 0.5432196527777778 0.02341050125 0.025568481203703607
0 0.4604936958333333 0.4225282287037037 0.01541665125000004 0.030335432407407364
0 0.32345679583333337 0.8634755768518518 0.011990728749999964 0.008233925740740725
0 0.25493834583333336 0.6990143592592593 0.015987653749999945 0.03813597972222222
0 0.3452106375281473 0.5872580764487929 0.012103285889627812 0.04323242747278439
0 0.3986842708333333 0.5638047314814816 0.02312500000000005 0.026001806759259376
0 0.3153200333333333 0.7824364018518518 0.01741511374999997 0.018634637870370077
0 0.3898338708333334 0.4292454092592593 0.02312499999999993 0.029902106851851854
0 0.36799369583333336 0.8114717518518518 0.016558656250000088 0.035969193333333274
0 0.36499623333333336 0.5848228185185186 0.021983041249999977 0.029902106851851698
0 0.3651386833333333 0.49663345462962966 0.02626542125000005 0.025135102777777737
0 0.4251689069865023 0.5995724617344436 0.011097899175578145 0.03773305356147961
0 0.44522009583333333 0.5882895287037038 0.02027008 0.03250227166666662
0 0.33085944192281774 0.6907618170719009 0.027938349678968896 0.022571377800642795
0 0.4429358083333333 0.43032872314814813 0.01170522750000001 0.04160290138888888
0 0.45050138333333334 0.6168918703703703 0.014845694999999992 0.0186346378703705
0 0.32345679583333337 0.4400790768518518 0.019984578749999926 0.032502271666666666
0 0.33202183333333335 0.5820058851851853 0.013703689999999942 0.03813597972222222
0 0.2546529833333333 0.6166751018518519 0.026836423749999956 0.017334555462962985
0 0.3324496458333333 0.3698744153703703 0.012847232499999943 0.03856935814814814
0 0.38969142083333336 0.40649370277777774 0.023981503750000025 0.0277352675925926
0 0.29462177083333335 0.8561086194444444 0.016558656250000088 0.02296826351851859
0 0.2582216333333333 0.45394697500000003 0.01627315500000002 0.0342357325
0 0.3230285208333333 0.5291355148148147 0.011134271249999965 0.01906801629629637
0 0.3588579333333333 0.5222015657407408 0.021697540000000022 0.01906801629629637
0 0.44008079583333326 0.46391409722222227 0.02027008 0.033369028518518515
0 0.41824062083333335 0.3477728558333334 0.011990728749999964 0.016901177037037064
0 0.39754235833333335 0.6827630648148149 0.02769288124999984 0.017767933888888962
0 0.36070763720184534 0.8004974362196524 0.01569022898702386 0.034516341264398634
