0 0.5833591677083334 0.40978196759259283 0.07928435020833338 0.13894578833333324
0 0.4670703468802779 0.036027187283938944 0.0637622207949761 0.07205437456787789
0 0.8340316404843475 0.4969874287001897 0.06973278726047158 0.15032955314112015
0 0.6884980572916667 0.3421617472222224 0.0505581390624999 0.15191405287037035
0 0.5236100781250002 0.050660184606481466 0.058601500520833245 0.10132036921296293
0 0.39951223541666664 0.06270295981481484 0.08388047697916672 0.1254059196296297
0 0.3817018020833333 0.9619404322916666 0.05055813906250014 0.07611913541666673
0 0.48684069166666666 0.23378360740740733 0.09537107312500019 0.10930413768518524
0 0.7758265135416667 0.39495967314814817 0.059750578750000116 0.12783019759259243
0 0.3742965873735232 0.10212462278553405 0.08278516016534875 0.1283332042150208
0 0.7015690781487726 0.8337022581713092 0.06118492536912138 0.1494083260648419
0 0.7375183522199885 0.9621861180836833 0.05072393831804275 0.07562776383263352
0 0.47822213958333337 0.3810663148148149 0.08962568197916679 0.12597752379629654
0 0.5773258536715906 0.8575399394941229 0.09564333119246436 0.09316597702601657
0 0.45121982499999996 0.8053143749999999 0.07928435020833338 0.2037871110185186
0 0.5362493802083335 0.9498982221296297 0.09307291666666657 0.10020355574074065
0 0.47994584999999995 0.7011325023247734 0.0700919105208334 0.1426511359259263
0 0.5517609125 0.7321363592592592 0.05515426583333335 0.1685876649999999
0 0.7436530677083334 0.25138366944444435 0.1057124048958336 0.08151493481481469
