0 0.48733512668362616 0.20959349092606483 0.02412816058297557 0.12838866950901098
0 0.3334346365596365 0.49436138534499174 0.04337269962269961 0.07651693307431018
0 0.28575810185185185 0.9272349726775955 0.024710648148148273 0.0597899210686097
0 0.4704283262213468 0.05467471854739696 0.02363538760326064 0.07102771342909851
0 0.5433551747311827 0.516578760301347 0.039875101026073584 0.08268181236887517
0 0.42407045717592595 0.5567588315937586 0.042900430812757226 0.09261036179296632
0 0.5073462931821957 0.8439779249403045 0.026907775909317286 0.07888561482897272
0 0.4619474183384773 0.5339559781613517 0.02582063400205771 0.13429901408043474
0 0.5647098112335992 0.8695090407617055 0.03706915119996701 0.1040215121392066
0 0.49695784805264914 0.7489673948557101 0.04246205987377524 0.10449577435260751
0 0.48566047848274413 0.9616320738118894 0.04099836253156563 0.07673585237622126
0 0.39028722102965335 0.08890361498958801 0.027919122884467264 0.1400394330681809
0 0.6151476991986381 0.8294338837293518 0.02758898542600908 0.060547475910815114
0 0.3516055989583334 0.2883000777777778 0.030381914062499977 0.08037794018518528
0 0.5658028746597232 0.6904792607531994 0.03053099605970845 0.1292917869723603
0 0.43330448677046113 0.8802948141825454 0.038229450258068155 0.09523301450221332
0 0.38591349763224764 0.3823710848301011 0.04642563236313233 0.0823802995934144
0 0.430552634653581 0.12699095382293404 0.03450315457413241 0.11165459041292941
0 0.4565163575687947 0.016245788188362684 0.027823937305104175 0.03249157637672537
0 0.5939484126984127 0.9675831443688585 0.04794973544973556 0.06483371126228268
0 0.26027777777777783 0.9015140255009106 0.022847222222222227 0.1360502732240438
0 0.5829939973152596 0.6402951922191449 0.03650427467863828 0.12102297963346892
0 0.3448041791791791 0.39233880791257836 0.028423856548856524 0.11580148875230857
0 0.46633368384157026 0.17703534195621906 0.021564471608832923 0.14101396478445652
0 0.5805920457535688 0.06679230551053053 0.05252532728109974 0.07138362338111927
