0 0.5190363975622515 0.03879548276604612 0.026794331889516625 0.07661853710752986
0 0.587492741548638 0.1670354353146267 0.03888005251331773 0.05213047705253277
0 0.6564795879724306 0.5399108250360388 0.026382892776894096 0.042240772402695415
0 0.5512004847383171 0.25880854202286363 0.04733772627433156 0.057997250997351604
0 0.4877432245658087 0.025472342365934982 0.035812985896631004 0.052417360280633506
0 0.5718386891793754 0.8074674541947927 0.03120461147421936 0.07051591128254588
0 0.501464313666086 0.4979214858024071 0.051882147996667384 0.046431325220423154
0 0.5657805044308112 0.19402259546079317 0.04392940998257972 0.04844279057293237
0 0.5106725759587467 0.4288033203275336 0.034475494905198356 0.07571328290924946
0 0.533793680686336 0.10183384273409281 0.05733417032852062 0.037510419560989154
0 0.5683462610467318 0.23360494263133194 0.04485712571385302 0.0628112351235375
0 0.5421008752040175 0.03340508753125868 0.023142882360326387 0.06933875519588774
0 0.612407485493196 0.4697919080073083 0.032222570986392036 0.06581361601461672
0 0.5723636633082235 0.04601275427896638 0.038365370600543944 0.06885251311475409
0 0.7579847053531265 0.8688690515696554 0.018493527265457034 0.034346585252538704
0 0.626281648880519 0.11787996665740483 0.046243984097091406 0.06460127813281466
0 0.5963190248184459 0.8179967433220829 0.032171318554829235 0.0744693870298938
0 0.48674744959668265 0.33391075052800967 0.052534538560680605 0.04859540866271077
0 0.6556811048336473 0.05244512364545707 0.04101276417660599 0.06515698805223674
0 0.48307709449115105 0.4210716204607931 0.03681994676462419 0.06672334752924992
0 0.6489055517685375 0.5832411411713434 0.05819384483324504 0.04039692916289525
0 0.6108549020140196 0.04615863919838844 0.04089743598033062 0.06856074327590997
0 0.3596223674655047 0.4924783027965284 0.0264342774146696 0.07155255544840894
0 0.5784505468730018 0.4572579169453334 0.03939580625399645 0.057615566109333126
0 0.47760609962382294 0.3050722451305776 0.04960993713549954 0.05229809916524189
0 0.4864219678767898 0.5627915459878227 0.034420850091230214 0.07995635289622567
0 0.5631581336238198 0.7229387656702025 0.057643427741466954 0.04007955641272901
0 0.6469139999999999 0.262705 0.04074069999999996 0.05163930000000002
0 0.3699830059479183 0.9649283201699076 0.027715299645124203 0.07182252605030864
0 0.5632472963909158 0.9381088542935541 0.031094589281251587 0.07379081106391469
0 0.184877 0.9323769999999999 0.05 0.054918000000000085
