0 0.6776766427083333 0.7048420740740742 0.0237371453124999 0.020127514814814795
0 0.6875222203125 0.5554643703703703 0.011598825416666615 0.03315120370370374
0 0.6671568062500001 0.31058 0.01834233161458331 0.020127514814814795
0 0.6879268630208333 0.4779145555555555 0.024276639791666572 0.015391614814814884
0 0.624268175 0.6140712592592592 0.01186857265625001 0.03196719259259253
0 0.7328387078124999 0.7275347777777778 0.006743506197916697 0.007893118518518665
0 0.7195011902049188 0.5270454831262399 0.027003179732754033 0.018161907821594263
0 0.6554230416666668 0.7277321851851853 0.018072584375000034 0.006709155555555589
0 0.7132825791666666 0.39049774074074073 0.023197650833333347 0.02604737777777778
0 0.6811834005208333 0.6827415925925926 0.020500265833333368 0.021706148148148134
0 0.6580321703680245 0.29152570137820555 0.021084423385467826 0.017191452799144556
0 0.7270391203125001 0.4058892592592593 0.01834233161458343 0.03157257037037035
0 0.7177332119791667 0.7050394814814813 0.012677770677083327 0.02999393703703706
0 0.6618968880208332 0.2784153037037037 0.024546343333333335 0.017364918518518537
0 0.7180777704738746 0.4449531063556979 0.024695747353999074 0.02843060951082645
0 0.8558400406249999 0.4775197407407406 0.01915157333333338 0.029599266666666586
0 0.6176597390625 0.6718885185185185 0.018612078854166707 0.02052213703703703
0 0.6419361166666666 0.6973434814814814 0.02292790359375007 0.01697024814814801
0 0.6072744921875 0.5311928888888888 0.022118705572916633 0.0201275148148149
0 0.7029946193942963 0.4695511344889763 0.01386157503141708 0.018398146755730396
0 0.7022230734375 0.5771705185185185 0.017802837135416638 0.029204596296296324
0 0.6802395255208334 0.7222071851851851 0.020770013072916645 0.01775954074074072
0 0.6941310932291667 0.40549492592592595 0.012408067135416681 0.03551912962962962
0 0.7554145116706403 0.3338079200569265 0.013591617664197505 0.02282449974978628
0 0.8009480286458334 0.5246813333333333 0.022658200052083306 0.018943551851851825
0 0.7282686133496983 0.3430648113946802 0.013248132793146421 0.03882454387730637
0 0.6346420924418757 0.5299047873183823 0.010823970865770367 0.021366777657891696
0 0.7154403822916666 0.4309503703703703 0.022658200052083306 0.018548881481481455
0 0.7541800301169703 0.7182805487669146 0.02070655835980908 0.020167793830125482
0 0.7194863723958332 0.3729357037037037 0.023197650833333347 0.01697024814814812
0 0.7096412317708333 0.5637521111111111 0.01591469385416661 0.02999393703703706
0 0.7152661756065055 0.349060253256645 0.01519973968893152 0.038246734861299626
0 0.661773234184764 0.4373816676372598 0.01944380383827801 0.018315209169924806
0 0.6113209192708333 0.7283244074074074 0.011868572656250128 0.006314533333333354
0 0.6668442043910383 0.5758382913534162 0.013033314551256817 0.03759052715127664
0 0.6874596227565177 0.35889888425162136 0.020644599471368607 0.018206927793053593
0 0.638140056417177 0.4821676598915613 0.015414571957312736 0.018302481430433205
0 0.6701238947916667 0.5191558518518519 0.026974024791666787 0.016575577777777854
0 0.6983121098958333 0.37569844444444445 0.02238845281250003 0.024074074074074074
0 0.7126083203125 0.4753492222222222 0.015375199374999936 0.03551912962962968
0 0.6443639729166666 0.44417137037037036 0.012138319895833406 0.025258037037037044
0 0.6181989713541667 0.6896479629629629 0.024546343333333453 0.016575577777777854
0 0.7843589885416667 0.3488616296296297 0.023467398072916625 0.015391614814814832
0 0.7171939796874999 0.27900728518518514 0.015375199375000056 0.03433516666666665
0 0.7507318141632398 0.36340348794333643 0.027424048274396047 0.018669424113327095
0 0.7049205458333333 0.34333614814814817 0.011329078177083337 0.03275653333333332
0 0.7496622570352964 0.3953281328640377 0.01719291011225958 0.033752186123776506
0 0.7219142286458333 0.7222071851851852 0.01726338635416672 0.01854888148148135
0 0.7289273072916667 0.580525 0.017802837135416638 0.016970248148148223
0 0.6803741151041666 0.4345022592592592 0.010250132916666743 0.03512445925925926
0 0.6712460975284898 0.45467365892792916 0.02218071894888283 0.02603219865553662
0 0.7006049395833334 0.4487098148148148 0.023197650833333465 0.01697024814814812
0 0.6736032242505101 0.3679923083882488 0.01693004683396045 0.037510137244517135
0 0.6760910630220702 0.3988572988497712 0.023623814990694807 0.019016459346853396
0 0.6137483385416668 0.6120976666666667 0.012947517916666722 0.039071018518518484
0 0.6604134516460906 0.5006197332343307 0.02388145952923916 0.01759616983591088
0 0.6946703255208334 0.6933972592592593 0.011329078177083337 0.024074074074074074
0 0.731889493633734 0.55931302307641 0.023187278361217995 0.023875505699031987
0 0.649354275 0.6549182222222223 0.010789627395833416 0.032361862962963
0 0.711259365625 0.2537492433333334 0.00782245145833329 0.006709155555555536
0 0.6531115448241416 0.3149248263910642 0.012370295846199515 0.034327587958612245
0 0.7463747176201682 0.34132527195760287 0.016552008365336116 0.032831726455164564
0 0.7007395291666666 0.6756373333333333 0.01861207885416659 0.029599266666666693
