0 0.5308428012067526 0.7372787453476148 0.03551789802511927 0.0380714265420348
0 0.4697562958683698 0.5960735289939484 0.035731861266234434 0.037787311418586794
0 0.5764808799652632 0.3228979178005984 0.0579005599305262 0.03923813560119681
0 0.3130217028380634 0.4185254112044664 0.04049959809559143 0.04173622704507508
0 0.5287400835563066 0.25073240665710905 0.03062948880439375 0.07760393941282803
0 0.46703203143173494 0.9908086507564565 0.04247923713652994 0.018381798487087053
0 0.6148768641547381 0.9211012302184846 0.029633908894451954 0.06449413302270077
0 0.3363115480533399 0.43631462273187555 0.03926296914610767 0.057062316976381366
0 0.4363228890408028 0.5117135587109696 0.056596578081605516 0.03490171742193933
0 0.5025996533795494 0.5744097508310367 0.054560626484370024 0.04247521095547919
0 0.5063332140975031 0.9806668351535642 0.05400023847166055 0.03702698543057638
0 0.5105162933008109 0.9453220444924283 0.05520251620771552 0.038781714350654854
0 0.531800607421315 0.5252082790820239 0.02652138515736996 0.08073164183595184
0 0.4159985630512228 0.47920418780151713 0.04824977389755447 0.03503422439696575
0 0.5710579508895461 0.28203591818861806 0.05517978949443741 0.05388047565916596
0 0.43926090809785856 0.3200005473603547 0.06296502401121212 0.03379950190207724
0 0.4301116218800882 0.06687852926188456 0.05199671130897178 0.04960866029721666
0 0.6316011829319814 0.5188399925201024 0.04905412383232412 0.03319204637536621
0 0.6463291555180023 0.6474007355232813 0.05292681781908656 0.04067194415009662
0 0.47857975317200496 0.7007665607914026 0.052105101996277 0.03694174843452573
0 0.7015443834201756 0.6167799040079786 0.05492184199408529 0.04207442498285865
0 0.43006027791123064 0.10304425654300883 0.05230550407160084 0.054728695923533764
0 0.40256092590634596 0.03995730589233422 0.03228205181269192 0.07991461178466844
0 0.6225648969628691 0.45931247272953935 0.03661456132939015 0.0680982359907748
0 0.687192955685819 0.6809077892086891 0.05804144627751974 0.04596351526834144
0 0.5875346195371545 0.11889920837748552 0.041895507674975414 0.05983918219784328
0 0.42370070821832806 0.6121260334687615 0.04461133577251425 0.05568656419581217
0 0.43703110366519027 0.6996560661924311 0.043198207330380635 0.061607832384862324
0 0.478528788754092 0.4650254283035486 0.05541647944883068 0.056112736880984136
0 0.433489973000268 0.2543173047976135 0.054514726189740084 0.05815703768576042
0 0.7892612741259601 0.847060828228258 0.03135435174807975 0.07637014354348393
0 0.6082547059099657 0.03389328679174718 0.02885509083227714 0.06778657358349437
0 0.5604844388114351 0.05290469363585364 0.04670703656761958 0.06685158636165306
0 0.388272 0.788934 0.03827160000000001 0.07131149999999994
0 0.6653721890579198 0.914992755064352 0.04289962984359287 0.061368866664772447
0 0.7550227870851788 0.8840952353893797 0.05488157134604274 0.05554450663408812
0 0.5322314962329249 0.16416370301689212 0.04594399246584993 0.05127740603378419
0 0.773148 0.122951 0.03271610000000001 0.06721309999999998
0 0.1322677713885282 0.7079421987465448 0.03988128362084957 0.05925175839513942
0 0.23135266596591025 0.5029557459153233 0.04699190008038089 0.044473028818522733
0 0.207099 0.227869 0.03271610000000001 0.05245900000000002
