0 0.23068280703359031 0.48400672716045895 0.054843358201520566 0.04838790158397278
0 0.4498123848958333 0.571888513888889 0.08275852249999988 0.03093576583333328
0 0.1401033379897361 0.47761992307912454 0.07495537412469488 0.029976704398989883
0 0.3539867458333333 0.09876742749999999 0.06097993609374998 0.024552212222222213
0 0.14225066264791214 0.35195554680533253 0.09886103947287678 0.021121782478850073
0 0.48792495520833334 0.23036716759259257 0.09146999234375007 0.018659659722222197
0 0.22199745912512434 0.08547086889744243 0.057083678416418 0.041170907054144126
0 0.28129750569234624 0.13066895016167557 0.0982718661620608 0.02524592147529474
0 0.37503292149463024 0.2536466420037473 0.056603457815777365 0.04505955053009642
0 0.4225893723958333 0.24264339351851852 0.06533558281249986 0.04321187194444444
0 0.18574810520833326 0.07863464462962963 0.051179510468749946 0.04222980981481481
0 0.31574054261534296 0.1901575104770504 0.04546676012651941 0.041135930434788054
0 0.1642920580630589 0.31773606186636727 0.11716017180320139 0.02168056821170968
0 0.0703219677083334 0.11619982407407407 0.04464595218750003 0.04370293296296297
0 0.23208455271981598 0.16066493477369456 0.08929208078125003 0.03339101101851854
0 0.14786749184656756 0.37639831810586966 0.10080526922353136 0.022969729174702306
0 0.16478526667320098 0.12215385847437679 0.05722891348799746 0.04274154970582735
0 0.3890497008659528 0.16028064814095427 0.09289428646656137 0.028857581067976562
0 0.2118826911458333 0.19108408333333332 0.07078036171875025 0.042229809814814806
0 0.5527989567852117 0.06801899855625948 0.08803768450249312 0.023944823871778216
0 0.18338143157323744 0.22059193257123752 0.10577498941176083 0.018079998208094875
0 0.031020249819246597 0.5999352306340444 0.062040499638493195 0.03668631149410681
0 0.2844400805943416 0.10524994461309449 0.07813508075151947 0.03701916741977374
0 0.16560251145833338 0.5709066314814815 0.08058061093750007 0.0368283183333333
0 0.3303584825826389 0.6487881618959774 0.042034848654861415 0.011682396300637653
0 0.3719537223958334 0.3789081833333333 0.1012702415624999 0.02307908907407405
0 0.12258937552083331 0.11791796851851852 0.07295809687500009 0.03044476472222223
0 0.08992246614583342 0.5910391148148147 0.04029030546875004 0.025043273240740824
0 0.04124927776315014 0.4448711896245166 0.08249855552630028 0.03205771921801296
0 0.2935517286458334 0.4437262009259259 0.05553533359374991 0.026025335370370432
0 0.11140136989416707 0.08812391341507035 0.07534284853300441 0.03627913465105304
0 0.14709043958333326 0.07004134638888888 0.06315784765625014 0.027007457407407398
0 0.35264828647504526 0.1389434643432228 0.04279894993212814 0.0380199190361119
0 0.09754498020833337 0.5586304055555557 0.044645952187499914 0.04075668666666664
0 0.014743415768229025 0.11963671203703705 0.02948683153645805 0.023079089074074074
0 0.08452659118639522 0.3253447505198199 0.06185696067716104 0.04734757340563905
