0 0.664815 0.9938520000000001 0.027160500000000126 0.01229510000000014
0 0.56821 0.465984 0.04753090000000005 0.05819670000000005
0 0.391358 0.780328 0.020987700000000026 0.03114749999999992
0 0.527469 0.584016 0.04135800000000006 0.035245900000000004
0 0.6362356513460667 0.6919063946313619 0.028026402692133745 0.04610738926272418
0 0.5374935352590854 0.01962597743592704 0.031776970518170786 0.03925185487185408
0 0.5152576064734018 0.5494440852695047 0.058373787053196256 0.03717672946099056
0 0.579321 0.435656 0.04876539999999994 0.05327869999999997
0 0.568519 0.570492 0.029629599999999933 0.040983600000000016
0 0.6648810600882297 0.6911168374302635 0.03443537982354097 0.040717925139473136
0 0.614506 0.50123 0.036419799999999954 0.035245900000000004
0 0.363272 0.695902 0.06111110000000003 0.03770490000000005
0 0.608333 0.810656 0.03271610000000001 0.06393440000000007
0 0.630864 0.578689 0.024691400000000033 0.057376999999999935
0 0.6791852174148407 0.7441958698094584 0.028740934829681358 0.05568173046948748
0 0.580556 0.802049 0.025308599999999966 0.07295080000000005
0 0.36604899999999996 0.663525 0.05308640000000005 0.03360660000000008
0 0.5347406748222481 0.7028240349819758 0.056618574129015685 0.04353323003604845
0 0.399383 0.0848361 0.05061729999999996 0.0385246
0 0.6681192775563959 0.8261028342116556 0.04182362574171009 0.06781836384859653
0 0.5598055304036584 0.9787140984529225 0.028537439192683187 0.0425711030941551
0 0.513889 0.884836 0.04135800000000006 0.054918000000000085
0 0.645679 0.793033 0.03827160000000001 0.06967210000000008
0 0.469444 0.428689 0.029012299999999974 0.07049180000000001
0 0.481173 0.645492 0.04135800000000006 0.05163929999999992
0 0.543519 0.734426 0.05370370000000001 0.040983600000000016
0 0.541667 0.643443 0.05246909999999995 0.05081969999999993
0 0.451543 0.605328 0.030246900000000035 0.06803279999999996
0 0.598765 0.261066 0.05679010000000006 0.033606599999999986
0 0.437346 0.693443 0.029012299999999974 0.06885250000000008
0 0.6883686074461897 0.8525407110162219 0.0329971267791351 0.07416499458415579
0 0.521914 0.8102459999999999 0.029012299999999974 0.08442619999999998
0 0.3440563942893155 0.2849499319307356 0.025582893937043473 0.04977283613852892
0 0.475926 0.816393 0.05185190000000002 0.05737700000000003
0 0.604938 0.566803 0.03580250000000006 0.07622950000000002
0 0.367901 0.488934 0.05308640000000005 0.040163900000000086
0 0.46265400000000007 0.784426 0.04382720000000004 0.06229509999999996
0 0.6925929999999999 0.172541 0.03333329999999994 0.0598361
0 0.233951 0.672131 0.03333330000000002 0.03114749999999992
0 0.551852 0.895902 0.05555560000000003 0.027868900000000068
0 0.6253089999999999 0.956967 0.022222199999999987 0.08442620000000008
0 0.855556 0.861066 0.04814809999999998 0.02540980000000009
0 0.4213963458833246 0.05477950075040407 0.05597300823335073 0.03798199849919187
0 0.46574100000000007 0.918852 0.031481499999999954 0.07377050000000017
0 0.618827 0.183607 0.05617280000000003 0.05081970000000002
0 0.47963 0.366803 0.04197530000000002 0.0647541
0 0.318519 0.127459 0.04197530000000002 0.06967209999999999
