0 0.4776456396302129 0.3890236357147231 0.03770702834284156 0.056588107347331384
0 0.5563229902736069 0.4943657652673165 0.028784341130018924 0.07970775265839611
0 0.502778 0.403689 0.029012299999999974 0.041803299999999995
0 0.541975 0.0348361 0.04691359999999995 0.04672129999999999
0 0.457716 0.561885 0.025308599999999966 0.035245900000000004
0 0.587037 0.251639 0.034567900000000006 0.06229510000000005
0 0.507099 0.03196720000000001 0.025308599999999966 0.0622951
0 0.572531 0.985246 0.04382720000000004 0.027868900000000068
0 0.598148 0.965984 0.04814809999999998 0.054918000000000085
0 0.580864 0.4909839999999999 0.020987700000000026 0.08032789999999992
0 0.689198 0.817623 0.036419799999999884 0.05983609999999991
0 0.58179 0.69918 0.05617279999999996 0.02459019999999991
0 0.622531 0.740984 0.024074100000000005 0.07377049999999997
0 0.461728 0.187295 0.03950619999999993 0.028688500000000016
0 0.662037 0.729098 0.05370369999999987 0.03688519999999993
0 0.566975 0.552869 0.026543200000000024 0.07622950000000002
0 0.529321 0.97541 0.026543200000000024 0.04754099999999996
0 0.584259 0.191803 0.03641980000000002 0.06557380000000002
0 0.525 0.866803 0.030246900000000035 0.07459019999999991
0 0.6226123576985791 0.3275206899164862 0.026380084602841886 0.05807262016702751
0 0.44321 0.011475399999999998 0.03209880000000005 0.0213115
0 0.47173902199510825 0.22808520077327557 0.05582314399021661 0.03485960154655123
0 0.611728 0.182377 0.04074069999999996 0.06803280000000002
0 0.453395 0.701639 0.05 0.03114749999999992
0 0.489815 0.586066 0.033950600000000046 0.0754097999999999
0 0.55463 0.120902 0.05864199999999994 0.03852460000000001
0 0.286111 0.890574 0.025308599999999966 0.06147540000000003
0 0.719444 0.290164 0.036419799999999884 0.03770489999999995
0 0.555556 0.92459 0.05308640000000005 0.04426230000000017
0 0.49629600000000007 0.10123 0.044444399999999974 0.0631148
0 0.6493829999999999 0.856557 0.032098799999999914 0.07377050000000007
0 0.449691 0.12417999999999998 0.05123460000000006 0.05491799999999999
0 0.215741 0.52582 0.05123459999999999 0.056557399999999945
0 0.744444 0.675 0.03950619999999993 0.05327869999999997
0 0.846296 0.0889344 0.029629600000000075 0.04508200000000001
0 0.35709899999999994 0.111885 0.05 0.04344260000000001
0 0.294444 0.156557 0.05061729999999996 0.050819699999999975
