0 0.507099 0.838525 0.031481499999999954 0.04590159999999991
0 0.487441372578682 0.9454166899214962 0.026352054842636002 0.08293682015700754
0 0.47932099999999994 0.830738 0.025308599999999966 0.08114749999999991
0 0.475309 0.0172131 0.03580250000000006 0.0327869
0 0.38088581065901583 0.34592465001154465 0.02711677868196841 0.07536349997691061
0 0.4760997078029907 0.5185348443084739 0.05545142772561308 0.042357695359039535
0 0.6573514140149538 0.3977837661048257 0.038888900000000115 0.036065600000000024
0 0.512654 0.319672 0.024074099999999935 0.08196720000000003
0 0.41701456282820376 0.6999769819556685 0.055381411641453625 0.037358435072731566
0 0.4888930998478525 0.341520470145463 0.03508112772561304 0.08583460808127459
0 0.5722568620544253 0.7552530550854307 0.030934024108850586 0.05148881017086134
0 0.5179404091245 0.8037059100496421 0.04132314627890802 0.05040392684137617
0 0.422222 0.057377 0.03333329999999994 0.034426200000000004
0 0.3882196675665102 0.08039710946086354 0.052981635133020316 0.04931891892172708
0 0.4200139134020171 0.8083813906661279 0.04886107319596593 0.045532118667744065
0 0.482407 0.48237700000000006 0.05864199999999994 0.045081999999999914
0 0.453086 0.502459 0.04938270000000004 0.040983600000000016
0 0.411111 0.0172131 0.04074069999999996 0.0344262
0 0.401235 0.9323769999999999 0.05185190000000002 0.05
0 0.445988 0.669262 0.03271610000000001 0.06639339999999992
0 0.452161 0.031147500000000005 0.04135800000000006 0.0590164
0 0.4360239820552948 0.5827639438409143 0.045235235889410565 0.06070221231817119
0 0.526235 0.496311 0.030246900000000035 0.07622950000000002
0 0.454938 0.909836 0.03209880000000005 0.03442620000000007
0 0.455556 0.318443 0.030864199999999994 0.05163930000000002
0 0.483333 0.281967 0.05308640000000005 0.04262290000000003
0 0.48049941401495394 0.7734355322096513 0.05555560000000003 0.04262289999999994
0 0.39537 0.6690947661048258 0.05123460000000006 0.05901639999999998
0 0.6305424152712571 0.8525340477834218 0.03781931150234732 0.07034170443315635
0 0.593518 0.337705 0.05617279999999996 0.032786899999999966
0 0.510494 0.230738 0.03333329999999994 0.07131150000000001
0 0.45166946472352637 0.2658278726679751 0.043488468657624756 0.0617873546640498
0 0.490741 0.686885 0.05679010000000006 0.04262289999999994
0 0.6932969247348286 0.5154987571346109 0.05291275053034244 0.04277308573077817
0 0.209259 0.813525 0.030864199999999994 0.05
0 0.6444924458572422 0.4401177069441238 0.04311460828551553 0.06402668611175241
0 0.619753 0.903689 0.05802469999999998 0.035245899999999816
0 0.4171013647235264 0.2651234046929116 0.03173362944705274 0.07123090938582315
0 0.383025 0.905328 0.05 0.05163929999999992
0 0.5369717763562858 0.6199088109789888 0.05542525271257174 0.03817822195797736
0 0.4450486476786646 0.9681366139863772 0.03459390464267084 0.06372647202724525
0 0.590432 0.618443 0.029012299999999974 0.07459019999999991
0 0.32846485744218396 0.3361116303509582 0.02729911488436799 0.06894506070191647
0 0.197222 0.354918 0.04382719999999997 0.04262290000000003
0 0.812346 0.793443 0.05185190000000002 0.03114749999999992
0 0.5265649782516084 0.15091178980027709 0.05189525650321679 0.03297207960055415
0 0.580864 0.803689 0.05432099999999997 0.04672130000000003
0 0.6413579999999999 0.689344 0.030864199999999994 0.05901639999999998
0 0.730556 0.708607 0.038888900000000115 0.056557399999999945
0 0.689198 0.9323769999999999 0.0438271999999999 0.054918000000000085
0 0.4125761962571726 0.15465257322789194 0.04860869251434531 0.06012454645578389
0 0.657716 0.819672 0.027777799999999943 0.08688520000000002
0 0.791975 0.9094260000000001 0.03456789999999986 0.06147540000000003
