0 0.47741708959647106 0.04408441362385501 0.048807352026526966 0.0647580116090734
0 0.404314555946354 0.009911734540236665 0.029515187482606443 0.02106185544679011
0 0.34240189846597174 0.2715046704430356 0.04520157075458373 0.057208237986270005
0 0.4548134151915504 0.006978014138066596 0.027105265421736698 0.016707965119314386
0 0.5235441931607123 0.18127085449006236 0.0249098656178302 0.04018569563325113
0 0.5615920231474081 0.012596821734088139 0.05246802464102788 0.027092396552266387
0 0.49962231370903276 0.026749420136022328 0.026601362456701288 0.056183905334748596
0 0.5044219026163084 0.8242426309655156 0.029942483326605422 0.045354913170589976
0 0.5633463139637112 0.9832090348484849 0.06010078355780024 0.036462779085941366
0 0.6005681197421611 0.2292905846510953 0.06183764885829778 0.03815464964456696
0 0.5366077508363679 0.08167236702441326 0.026645350386357583 0.04501316979203522
0 0.4205738979697723 0.03055488722726737 0.05739263097818042 0.03874476814089711
0 0.6564514366874248 0.1880893660235021 0.030481809242871243 0.035253155375018136
0 0.5667399021826982 0.02958681455851712 0.04335650436539667 0.04107404159885207
0 0.4782014510606851 0.22896006386515813 0.04156200488610671 0.059917357007619465
0 0.526235 0.833607 0.030246900000000035 0.06885250000000008
0 0.66358 0.67418 0.03703700000000009 0.03688519999999993
0 0.3187783549871653 0.9739814969201431 0.02568739221366585 0.0361304974760591
0 0.5766946191474493 0.7172131147540983 0.05322618215699974 0.04964429322610576
0 0.26465328256605514 0.6268193657116593 0.04470981885312103 0.060900873295541585
0 0.455712122378789 0.36024675368937664 0.041836708503375154 0.06475580246072052
0 0.611524157919568 0.871204209269889 0.04684101036263331 0.04568288444856374
0 0.5835048010973937 0.5889116575591985 0.038065843621399156 0.04758652094717668
0 0.49547786561936463 0.2603151857892798 0.05599946365654043 0.04024640130779143
0 0.6232763769566737 0.6895915916331581 0.03343792859305851 0.05941873445716063
0 0.46210541704389574 0.11972076213895394 0.030374703831079736 0.06468285771532656
0 0.4477646175177703 0.976154817548435 0.036943376449682076 0.048683206880278315
0 0.3876105896995997 0.7573591816679324 0.03279846604097283 0.06700317148345025
0 0.5449442666748606 0.2229870990062382 0.03651810928110997 0.06352819572029596
0 0.528086 0.716393 0.026543200000000024 0.07049180000000001
0 0.5229470893847967 0.29126428453214226 0.06001510129698998 0.04097483856142936
0 0.5623294916305043 0.8637179043630232 0.056758583261008556 0.04814823558538454
0 0.31556478596977033 0.6653133139267656 0.04211376485519787 0.06511414125938408
0 0.41783779197160786 0.10263017384715178 0.02713722944163188 0.07710058042615088
0 0.4874103771583726 0.45458471823183666 0.048894828390819225 0.060353407319775454
0 0.45598800306898235 0.533828841344818 0.03766478342749527 0.05626562934148378
0 0.6045009587243919 0.8130834859516685 0.04541326067211626 0.060972886049939806
0 0.6163522012578617 0.643906588308073 0.05404146284649434 0.05459325703680799
0 0.5894254261897479 0.36464514802916015 0.05492818757632794 0.03643536256002151
0 0.5528540908652068 0.7921752442410774 0.040387959824402075 0.06169409096127223
0 0.504798214057239 0.9766516635370093 0.05374158337074453 0.04768981490312965
0 0.5062070702534732 0.7814367438814938 0.05436253758704197 0.05038856347657125
0 0.4174438227196022 0.17395919330109685 0.03878378778458717 0.06290049927271298
0 0.2655989322655989 0.35954807266282673 0.043376710043376704 0.0673460345591493
0 0.7015429999999999 0.03893440000000001 0.05123459999999992 0.0614754
0 0.6106434717545829 0.9680824639841032 0.041713430602319516 0.05886736214605062
