0 0.7927026416666668 0.04843389824074075 0.05126155500000008 0.0968677964814815
0 0.9812031876621845 0.6271819457424569 0.03759362467563096 0.12917769541889512
0 0.5179166666666667 0.2925765537037036 0.07868047687499977 0.12816324759259254
0 0.8499255791666666 0.9640979796296295 0.09179405062500016 0.07180404074074073
0 0.7479980666666666 0.08820655 0.08583324749999997 0.08313304870370375
0 0.7658795104166666 0.23975247962962964 0.07152770625000002 0.15067855833333338
0 0.9938078930208333 0.020722547453703694 0.01238421395833337 0.04144509490740739
0 0.6639519979166665 0.2510103462962963 0.10133094937499981 0.10391615240740733
0 0.9961918763020833 0.28564814814814815 0.007616247395833398 0.1801214294444444
0 0.8129691791666667 0.8355383074074073 0.08702540812499986 0.14028679518518491
0 0.8248907854166667 0.14276325370370366 0.041724463125 0.17146166203703705
0 0.9991728572395834 0.4302656722222222 0.0016542855208334353 0.08832882462962975
0 0.9584077541666667 0.5852726351851852 0.07510418812499987 0.12469946740740738
0 0.8856884666666666 0.37917211481481494 0.06318296812500002 0.15587433425925917
0 0.8326389604166669 0.33327644629629616 0.06675925687499991 0.14028679518518522
0 0.6806418604166669 0.1825989444444444 0.09656249999999982 0.10564814814814817
0 0.9417178916666666 0.7446111722222223 0.04410878437499998 0.16626588611111118
0 0.6168642604166669 0.4952118148148148 0.0739120275 0.07620527703703707
0 0.9053582479166666 0.11938120555555554 0.09537033937500006 0.13509101925925937
0 0.9017815729166667 0.018124659490740748 0.06675925687500002 0.036249318981481496
0 0.7819726166666666 0.4761613407407408 0.06318296812500014 0.0831330487037037
0 0.7280431023746756 0.7087928048575871 0.07691833641601775 0.1686276510255667
