0 0.6237894044113674 0.6715288995864847 0.02808010188637198 0.039492940827030636
0 0.6471201555205304 0.763684485270332 0.017298406543046242 0.05451725041777759
0 0.5772250507989286 0.8258035845419844 0.03015320495058648 0.029266542205506542
0 0.6233521737483905 0.2124656840285926 0.034045292736499276 0.02541151228670086
0 0.5969689865504191 0.4609560237813498 0.018529078805082477 0.023830377284068838
0 0.5360539283110799 0.6512337939754989 0.02123055660403388 0.027494543756770264
0 0.6090009130365348 0.6573109427801531 0.01711399934359707 0.04376669203228645
0 0.6196909749080821 0.23474354902968836 0.03376674872550266 0.025967679348030653
0 0.5721081863369097 0.47259201126484 0.02219721767594104 0.05187952702776552
0 0.6353657747821351 0.16734805260902175 0.016240808823529327 0.019881290403228693
0 0.6380727882182275 0.8040516131408614 0.018530355230211626 0.059789735570128996
0 0.665625 0.4645835781577453 0.013310185185185237 0.05650816734238212
0 0.6207100882054123 0.7195689056048405 0.028363697238385537 0.024532248613439098
0 0.6290352420398536 0.2694032202790722 0.0286957811630406 0.04565275463221844
0 0.38649307708333336 0.5845593574074074 0.028703694375000015 0.03509259259259257
0 0.6592292417105384 0.7890052116218259 0.022905698716172415 0.049494887553429595
0 0.6374590435833593 0.6908052413085114 0.03190859612505197 0.030986591788644723
0 0.546299516578772 0.5054992611672068 0.03223881614839061 0.032012775298439856
0 0.5602168197247984 0.3959025833807836 0.02977245862884163 0.0423698496596996
0 0.7076478342265081 0.6836154247707159 0.03139081060245843 0.025307655030861957
0 0.5294496357570806 0.6061112115611271 0.017280262799564385 0.056471324868745454
0 0.6582916729621692 0.7085473643404561 0.027644048552432684 0.03308976757692516
0 0.6575809001742028 0.25364174560426533 0.035292641823827964 0.03858785199091615
0 0.5957464852260349 0.16951595927533125 0.015937414896514214 0.02421710373584771
0 0.5870689900022722 0.22375968948934855 0.021498428387487677 0.024940928725836038
0 0.6336382890070676 0.3221680385947184 0.022571373209071884 0.03259278771086558
0 0.5190680645833333 0.8276183740740741 0.023321784375 0.04142076962962964
0 0.6157442043040546 0.6168490810012008 0.02451625565715337 0.04117400790676603
0 0.6821334994887527 0.17099550772737943 0.035604479095660106 0.02311741742748481
0 0.6130082396663944 0.16777107633411015 0.013863865166122006 0.020727267668220282
0 0.6135073196638035 0.7960349202888349 0.031316384963517054 0.04433020363481085
0 0.5874699824512793 0.7357802745716158 0.016284520181029074 0.0517903026283714
0 0.7121014778424714 0.6614756086890814 0.03078754245511893 0.03190464069911406
0 0.6385169717948185 0.8554432001277243 0.012618593077029535 0.0076323919852922225
0 0.6499421296296296 0.4846722780421881 0.01678240740740738 0.04954903343322162
0 0.5907082616551873 0.24870596290562375 0.020118901557742555 0.027775119471903423
0 0.6535667919322066 0.8488430960395007 0.011222897617068383 0.01968174963320282
0 0.5387829984239559 0.47103845011065104 0.03176903376371462 0.0355906737141477
0 0.4618360848327459 0.7818690430215104 0.019287547146478682 0.028812440892683828
0 0.5944797110505188 0.2729356715997234 0.03235770279481933 0.02423505338453885
0 0.6161806592009156 0.298907062115596 0.03217575451483559 0.027001852305909114
0 0.6940489402445924 0.5816403538249583 0.017370631501066214 0.02913622817400452
0 0.3480249195591155 0.6363536121801023 0.02029420825631547 0.03041265865119703
0 0.5985882575535265 0.7633503244671961 0.01641681637904663 0.024195183736510886
