0 0.18803385647346302 0.4422791926184067 0.0842788060791167 0.045653753374298
0 0.4682307692760089 0.24490813628252397 0.05142185265168635 0.09897557180831376
0 0.29798726577747087 0.27806250074143096 0.08643351543027152 0.05123543964428565
0 0.1193346362458317 0.02070283336717693 0.08820063910971415 0.04140566673435386
0 0.5084896146993878 0.26456341074681233 0.04119509764252728 0.058422001569742574
0 0.24078631924478622 0.49484070755413834 0.06582211520832253 0.08322882581764907
0 0.33700524654539055 0.5534518834027717 0.04977401795088537 0.08495565050924707
0 0.5561637200941963 0.8308098345649769 0.059999007377677674 0.08894455525774476
0 0.3789956748651057 0.1433980624838439 0.04196561355871052 0.09039419749937523
0 0.20068918002739408 0.5632567678998512 0.04829773020502775 0.09374929517489132
0 0.6959033413825995 0.0018415275964887457 0.04609708216707477 0.0036830551929774914
0 0.3929357267498581 0.2864207617559618 0.048059291631190604 0.07930154486736596
0 0.6222105067708333 0.37642958240740737 0.06897725848958344 0.05707948962962959
0 0.20305449422430363 0.1279000946610941 0.038047334517915726 0.09768782448196542
0 0.7437218913484448 0.0073093116179828825 0.04112395297062695 0.014618623235965765
0 0.30020991310440576 0.12004262389548864 0.06802706146937444 0.07655393759516466
0 0.27027147335081747 0.19980262313883054 0.07603044923148707 0.06952994792098677
0 0.7099238896049319 0.7089811390790639 0.048125415083285245 0.05267817574970858
0 0.47327212737911517 0.1071658373687562 0.07216344027589562 0.07489203392716991
0 0.43769262618527904 0.9011516070237164 0.0680827059764668 0.0773178160083664
0 0.44932162074063886 0.18128123626763182 0.05047748913509669 0.05003110114637471
0 0.48366159288789823 0.5889188053957332 0.0736167841765192 0.06579463060944538
0 0.8095592542307463 0.2552643551904547 0.07489256649868707 0.05156978502204481
0 0.3628735047098218 0.9884111508192104 0.08335191444084569 0.02317769836157932
0 0.3212569235513135 0.030916059502125077 0.07702081604246658 0.061832119004250154
0 0.3587403803832492 0.48013653802703454 0.07873652087066509 0.05963579422370892
0 0.5029086151467357 0.9098910556679388 0.05588231306741574 0.09316890456813982
0 0.4600925769095655 0.1436018995179706 0.04695664976036333 0.048943964081034186
0 0.5693460089440305 0.22548592831385966 0.06668996576395152 0.06541399643846156
0 0.5917319939288674 0.982791560182011 0.08335191444084569 0.03441687963597815
0 0.2824856130885321 0.9057054132297226 0.060897196110876566 0.08952589222021386
0 0.3806551770849016 0.07523572746827194 0.08685539817637758 0.042728857531061634
0 0.15213569861082524 0.4851588043063195 0.047224626267932855 0.0645669714830094
