0 0.5567799156465788 0.022290928077243685 0.03207733129315763 0.04294245615448736
0 0.632407 0.366393 0.033950600000000046 0.06721310000000004
0 0.592932361702239 0.34665886992914696 0.05487497659552205 0.036190760141706
0 0.554938 0.116393 0.025925900000000064 0.0770492
0 0.449074 0.23442599999999997 0.05987649999999997 0.036065600000000024
0 0.591049 0.0168033 0.022839500000000016 0.0319672
0 0.468827 0.867623 0.05246909999999995 0.035245899999999816
0 0.4205587137319523 0.12105421981800502 0.024126347384390102 0.08159258842734092
0 0.523457 0.03278690000000001 0.028395100000000045 0.0622951
0 0.516975 0.461066 0.026543200000000024 0.0647541
0 0.577778 0.167623 0.044444399999999974 0.027049199999999995
0 0.312654 0.9856559999999999 0.027777800000000016 0.028688499999999877
0 0.503704 0.145082 0.044444399999999974 0.04262289999999999
0 0.5051055370004185 0.8505488426437899 0.04231037400083704 0.05355638528757999
0 0.40246899999999997 0.159836 0.025925900000000064 0.050819699999999975
0 0.527469 0.314344 0.026543200000000024 0.06803279999999996
0 0.40524699999999997 0.697951 0.04259259999999998 0.04344260000000006
0 0.48148100000000005 0.669262 0.020987700000000026 0.0647541
0 0.483333 0.013934399999999996 0.029629599999999933 0.027868899999999995
0 0.453086 0.6 0.03333329999999994 0.06721310000000004
0 0.430247 0.720902 0.03580250000000006 0.05163929999999992
0 0.549074 0.435246 0.04135800000000006 0.05409840000000004
0 0.507099 0.09836069999999998 0.05123460000000006 0.039344299999999985
0 0.39290100000000006 0.0844262 0.033950600000000046 0.04918030000000001
0 0.535185 0.987295 0.05185190000000002 0.023770500000000166
0 0.565741 0.285246 0.033950600000000046 0.07377049999999997
0 0.418827 0.597131 0.05123460000000006 0.056557399999999945
0 0.498457 0.272541 0.05123460000000006 0.03852459999999998
0 0.487654 0.492213 0.03827160000000001 0.07131149999999994
0 0.419444 0.670082 0.05123460000000006 0.05
0 0.363272 0.535246 0.05370370000000001 0.036065599999999934
0 0.364815 0.726639 0.05185190000000002 0.03360660000000008
0 0.384568 0.0446721 0.04938270000000004 0.04180330000000001
0 0.333025 0.358197 0.03271610000000001 0.03442619999999998
0 0.687346 0.9262300000000001 0.024074100000000074 0.07049180000000001
0 0.185494 0.21598400000000004 0.029012299999999974 0.03852459999999998
0 0.46265400000000007 0.139754 0.04135800000000006 0.0729508
0 0.476543 0.360246 0.04320989999999994 0.06803279999999996
0 0.552778 0.718852 0.05370370000000001 0.03934430000000009
0 0.253395 0.0655738 0.025308600000000035 0.040983599999999995
0 0.41821 0.319672 0.03271610000000001 0.08360659999999999
0 0.615123 0.978279 0.05246910000000002 0.04180330000000013
0 0.7086419999999999 0.656557 0.04197529999999988 0.03770490000000005
0 0.566358 0.892623 0.04753090000000005 0.032786900000000146
0 0.655556 0.841803 0.05802470000000005 0.04590160000000001
0 0.662654 0.0893443 0.04135800000000006 0.05901639999999998
