0 0.6125417836609173 0.007249807658164171 0.025083567321834477 0.01568325738296739
0 0.625699523461247 0.35947355142037046 0.030412246922494054 0.07468490284074097
0 0.6671113824330079 0.2560233116182957 0.03227008177123488 0.03657147465060748
0 0.6700359057596772 0.3262360394487623 0.035659829816536245 0.04637188949121546
0 0.43383697251637926 0.009435115758122743 0.028613437415875513 0.019006314616204063
0 0.7325020904038168 0.42649075827836197 0.029265653435640228 0.04963751551172362
0 0.3739359094353078 0.23465703971119137 0.02674154298703038 0.0757530922648991
0 0.5323873262501672 0.3118806875717583 0.0352252474996657 0.06804142485648342
0 0.5432990150198334 0.15594484227969463 0.034318313500022284 0.05208025093211812
0 0.5383360737883397 0.011717103085447019 0.024477032342913655 0.024754011337491656
0 0.5235434673180145 0.5204930192032706 0.0600892987022229 0.03732367356524376
0 0.4576415094887908 0.2593403781632834 0.0384986808931675 0.06426296149316443
0 0.5775059054240763 0.15387346866307627 0.03632392922404955 0.07634491329821863
0 0.591975 0.11024600000000001 0.03209880000000005 0.04836069999999999
0 0.6150554887016981 0.07974788423980589 0.05704862503899812 0.03462153044919217
0 0.5280671296296297 0.8390432889344263 0.058834876543209874 0.03554047131147541
0 0.5176823569917859 0.48380249493827965 0.0442673749446658 0.04212657566455494
0 0.5255353009259259 0.8745837602459017 0.059558256172839504 0.03554047131147541
0 0.24412622561728395 0.5761207180327869 0.027758351234567893 0.040765736065573856
0 0.4783584059118501 0.6313032981581714 0.029764523034515166 0.07846267668704489
0 0.4300931497080715 0.26143694146889984 0.04278646877924861 0.07072261348168311
0 0.5139936920310202 0.0738711181822217 0.058164953594508954 0.0481505256643191
0 0.31549662722493566 0.8417267355791749 0.05746184758513106 0.025644067447306827
0 0.5069302758167312 0.3832545578786175 0.05134424401657983 0.04487752092383262
0 0.3800154320987654 0.7436283299180327 0.04677854938271605 0.0432248975409836
0 0.6860213467119177 0.46273920710600225 0.027298214549210588 0.07706877408399185
0 0.607916632868699 0.33223350307155114 0.02984583426260201 0.07323779385689763
0 0.5430373766089495 0.3345800808457123 0.042864053217898976 0.06706520375806352
0 0.5855283683201854 0.2174942297449251 0.05415162454873643 0.06214120849855004
0 0.5136873464040644 0.6279193657538646 0.05382527200228727 0.04395489023597225
0 0.469425502518162 0.3616026513582293 0.046574854035744524 0.04616204059892289
0 0.5307581018518519 0.9781057889344262 0.045891203703703705 0.04214907786885246
0 0.4748852342113473 0.03861632242409895 0.04902616214288897 0.04231520388234598
0 0.5573349666544101 0.2660575255799846 0.05170703330882021 0.04195135115996924
0 0.4105738783932828 0.4117257995937072 0.030953143345074194 0.06803042471772099
0 0.4986183536123367 0.21912173758655384 0.04078085305522127 0.06421258211516835
0 0.46585648148148145 0.7662013319672131 0.06076388888888889 0.03650102459016393
0 0.3307894830469278 0.49475598809467564 0.03184260148717399 0.06543204044030797
0 0.736728 0.67541 0.05493830000000007 0.04754099999999996
0 0.3506243996157541 0.6354230642037133 0.05941580389226883 0.037322246893749716
0 0.47465277530864197 0.8537653463114753 0.027237649382716063 0.08099380737704902
0 0.5110977403396175 0.18953068592057762 0.057271471230556675 0.06302894004852934
0 0.3431625953228869 0.8913080781931182 0.028299690645773996 0.0760579563862367
0 0.3004822616216601 0.3922910027578305 0.03553172324332011 0.07146750551566115
0 0.41563445432098767 0.9724318709016393 0.03169329135802467 0.05513525819672127
0 0.5990403163580247 0.9758644979508196 0.039226466049382715 0.04791239754098361
0 0.47911844135802467 0.9421426741803278 0.034722222222222224 0.07140112704918032
0 0.7016782407407407 0.8624167520491803 0.05594135802469136 0.043865266393442626
0 0.3941213348765432 0.8376024590163934 0.05328896604938271 0.0429047131147541
0 0.854012 0.47090200000000004 0.03148150000000009 0.07131149999999994
