0 0.5699366915415415 0.5160611681103235 0.02729378408408406 0.03610983037217531
0 0.5476729285368702 0.09762959312140009 0.05313595807474134 0.03646434056269384
0 0.5552801395395396 0.2590606717656181 0.04726421207874536 0.03969877166592814
0 0.4769437139806473 0.606989429120514 0.031298172038705344 0.04339844175897204
0 0.5078912245578912 0.02503322995126274 0.030597263930597217 0.05006645990252548
0 0.5016683350016683 0.31679220203810365 0.05205205205205202 0.041205139565795294
0 0.5226978335001669 0.06960566796632697 0.05493830000000007 0.040983599999999995
0 0.5693107507924591 0.5871399588613204 0.03254966958625294 0.07516624975631353
0 0.5978645725558892 0.7920468318010634 0.027827745111778348 0.07917616360212669
0 0.4449701542292292 0.15871747224191407 0.03231528046379708 0.07512154643331855
0 0.581664998331665 0.4703145768719539 0.0552218885552219 0.053610988037217554
0 0.822839 0.658197 0.023456799999999976 0.032786899999999966
0 0.5613945212712712 0.32650634453921135 0.03770395745745749 0.0699378109215773
0 0.5275275275275275 0.4698715108551174 0.0507173840507174 0.050509525919362024
0 0.49784 0.505738 0.04382720000000004 0.0540983999999999
0 0.6021855188521854 0.3568896765618077 0.0462128795462129 0.06557377049180328
0 0.7042876209542875 0.7206468763845812 0.026526526526526487 0.07620735489587943
0 0.5252837910243577 0.17268491325875054 0.046863182048715306 0.05028812651750108
0 0.5722724802969636 0.2054830099911387 0.043309560593927134 0.06178541998227734
0 0.5511344678011344 0.7810146211785556 0.03520186853520191 0.07377049180327869
0 0.6325492158825491 0.6544085068675232 0.02919586252919586 0.062472308373947745
0 0.5142893510176844 0.5931213394328755 0.04215870203536866 0.06984947886575091
0 0.42787766522355697 0.585766640684537 0.03947323144811475 0.05930411340274705
0 0.5115530245161828 0.761010395026584 0.042292683033033046 0.06105408810367743
0 0.6644561783450116 0.8312362271377934 0.05113435669002327 0.036242654275587184
0 0.5253420407741074 0.8217323159946832 0.047414016549883115 0.042844628090385514
0 0.46871871871871873 0.11032343819229064 0.046880213546880205 0.052724856003544526
0 0.6570321573406739 0.7674789760855117 0.04996638268268268 0.055205982255205954
0 0.4623124829913246 0.23669674899202484 0.04267566798465132 0.05739959018608769
0 0.617450993068068 0.9099357128046078 0.03837128713713716 0.0551839576428888
0 0.808383361161161 0.8781456043752769 0.027877922322322297 0.07268530875055379
0 0.5194193410243577 0.6636905288546743 0.05992675005004998 0.029287085844040682
0 0.5649233550467133 0.060046496112095685 0.05700681009342684 0.04960129222419141
0 0.5177847005005004 0.9667701487372619 0.03356739899899904 0.06646010252547631
0 0.10680692655989324 0.14538114292202037 0.026960054120787447 0.07122264991138676
