0 0.486728 0.0151639 0.022839500000000016 0.028688500000000002
0 0.46327199999999996 0.00901639 0.019135800000000005 0.016393400000000002
0 0.70216 0.523771 0.05246909999999995 0.04918030000000007
0 0.636111 0.320082 0.026543200000000024 0.04344259999999996
0 0.597222 0.381967 0.05987649999999997 0.032786899999999966
0 0.407099 0.202869 0.05370370000000001 0.03852459999999998
0 0.466358 0.102869 0.03271610000000001 0.06803280000000002
0 0.565432 0.797131 0.029629599999999933 0.041803299999999946
0 0.510185 0.366803 0.06111110000000003 0.033606599999999986
0 0.447222 0.933607 0.05 0.02950819999999999
0 0.4104940000000001 0.282377 0.04814809999999998 0.041803300000000036
0 0.466049 0.9827869999999999 0.03827160000000001 0.03442620000000007
0 0.47409143735437315 0.7340222883225583 0.05181702529125364 0.043431323354883394
0 0.578086 0.9856559999999999 0.035185199999999965 0.028688499999999877
0 0.523765 0.0168033 0.025308599999999966 0.0336066
0 0.516049 0.973361 0.03950619999999993 0.05163929999999992
0 0.505864 0.0655738 0.026543200000000024 0.0721311
0 0.511111 0.8549179999999998 0.03209880000000005 0.07213109999999993
0 0.488272 0.9114750000000001 0.044444399999999974 0.02950819999999999
0 0.504321 0.317213 0.05185190000000002 0.03770490000000005
0 0.48209899999999994 0.22909799999999997 0.028395100000000045 0.06967209999999999
0 0.43209900000000007 0.969672 0.05061729999999996 0.036065599999999934
0 0.403395 0.246721 0.05987649999999997 0.040983600000000016
0 0.55463 0.8323769999999999 0.05987649999999997 0.025409799999999996
0 0.508951 0.40819700000000003 0.05246909999999995 0.04426230000000003
0 0.567593 0.12254100000000001 0.05 0.035245900000000004
0 0.5464203399387992 0.05016461614824156 0.034098224839084146 0.08041898123861567
0 0.570988 0.8811479999999999 0.05432099999999997 0.04262289999999994
0 0.5812836785058563 0.42908785203867167 0.04562088821356978 0.05677455513521102
0 0.614506 0.333607 0.04753090000000005 0.05737700000000003
0 0.50463 0.157787 0.05370370000000001 0.04672129999999998
0 0.490123 0.435656 0.034567900000000006 0.06967210000000003
0 0.622531 0.904508 0.05617280000000003 0.03688520000000012
0 0.607407 0.136475 0.044444399999999974 0.041803299999999995
0 0.523148 0.11024600000000001 0.05740740000000002 0.04672129999999999
0 0.552778 0.177869 0.05123460000000006 0.05081970000000002
0 0.483642 0.787705 0.05123460000000006 0.03442620000000007
0 0.6317899999999999 0.840164 0.026543199999999954 0.07704919999999996
0 0.452161 0.206557 0.031481499999999954 0.07213109999999998
0 0.765741 0.525 0.03271610000000001 0.07295080000000005
0 0.486728 0.966393 0.033950600000000046 0.06393440000000007
0 0.675309 0.0155738 0.04320990000000008 0.031147499999999998
0 0.415432 0.154098 0.04197530000000002 0.04754100000000001
0 0.541975 0.784836 0.044444399999999974 0.056557399999999945
0 0.591358 0.864754 0.05061729999999996 0.0459016000000001
0 0.598765 0.963934 0.03827160000000001 0.07049180000000001
0 0.572531 0.273361 0.03641980000000002 0.06803279999999996
0 0.44845699999999994 0.42254099999999994 0.04629629999999999 0.054918000000000036
0 0.41358 0.346311 0.04814809999999998 0.05491799999999999
0 0.416049 0.0991803 0.03703699999999995 0.06885249999999998
0 0.6327602866887639 0.5273428616013907 0.042064573377528044 0.07435682320278121
0 0.511111 0.195082 0.05061729999999996 0.05901639999999998
0 0.536111 0.595082 0.04135800000000006 0.05901639999999998
0 0.29321 0.181557 0.03827160000000001 0.035245900000000004
0 0.201852 0.657787 0.03703700000000002 0.0647541
