0 0.439815 0.072541 0.021604899999999955 0.028688499999999992
0 0.49363010979699634 0.010972615195200269 0.05639511959399264 0.020305910390400545
0 0.45964425854333707 0.16569185073516982 0.052545485395188926 0.047456035423356406
0 0.377778 0.567623 0.019753099999999964 0.054918000000000085
0 0.414340621767214 0.4692621643442623 0.05460754353442795 0.04508222868852458
0 0.534259 0.104508 0.035185199999999965 0.0729508
0 0.6382077313064782 0.4022013696805814 0.03197196261295663 0.035549939361162776
0 0.4901617504136439 0.19585095436876795 0.034567900000000006 0.0508197
0 0.489506 0.653689 0.030864199999999994 0.07295080000000005
0 0.518827 0.231148 0.05740740000000002 0.03770489999999995
0 0.519444 0.722131 0.05 0.040983600000000016
0 0.641975 0.20081999999999997 0.05308640000000005 0.040983599999999995
0 0.419444 0.757377 0.024074099999999935 0.09016390000000009
0 0.565432 0.10163900000000001 0.034567900000000006 0.07704920000000001
0 0.519136 0.491393 0.03703699999999995 0.07131149999999994
0 0.463889 0.697131 0.029012299999999974 0.07786879999999995
0 0.47963 0.49918 0.024691400000000033 0.04918030000000007
0 0.507407 0.9159839999999999 0.025925900000000064 0.07786880000000013
0 0.56142 0.831967 0.05 0.036065599999999934
0 0.441358 0.8381150000000002 0.024691400000000033 0.07950820000000008
0 0.532716 0.756557 0.04567900000000003 0.05901639999999998
0 0.387963 0.0819672 0.04876539999999994 0.031147500000000012
0 0.480864 0.8922130000000001 0.024691400000000033 0.06803279999999996
0 0.558951 0.67377 0.04876539999999994 0.03114749999999992
0 0.6599880298587247 0.6061223230860232 0.029407140282550537 0.06808375382795336
0 0.579321 0.580328 0.04629629999999999 0.05245900000000004
0 0.557407 0.927869 0.023456799999999976 0.07868849999999987
0 0.46975300000000003 0.257377 0.05061729999999996 0.04262290000000003
0 0.607099 0.765574 0.05617279999999996 0.040983600000000016
0 0.40925899999999993 0.127049 0.04691359999999995 0.04918029999999999
0 0.459877 0.364754 0.05185190000000002 0.04262290000000003
0 0.370679 0.276639 0.04259259999999998 0.06147540000000003
0 0.239815 0.260246 0.04259259999999998 0.05327869999999997
0 0.610185 0.905328 0.04876539999999994 0.05
0 0.691049 0.896721 0.0438271999999999 0.05901639999999998
