0 0.5113756276041668 0.5922831944444443 0.05539256364583333 0.045154093981481354
0 0.41704885156250004 0.883620037037037 0.04335065109375004 0.021649192129629465
0 0.3380930533940743 0.3827478800459957 0.05033550420143491 0.044848814445045675
0 0.7080598958333333 0.8158890092592592 0.03612560760416663 0.025979030555555588
0 0.9284253479166668 0.5019751574074075 0.05298412911458333 0.04886536250000004
0 0.6061055651041668 0.7552711203703704 0.03291436156249989 0.05319520092592595
0 0.7265603674802276 0.4888048772251447 0.0672680069560645 0.03062225337188238
0 0.4812711713541666 0.6615604583333333 0.03371717307291675 0.04886536250000004
0 0.453977140625 0.5152739953703704 0.04174515812500002 0.029690374537036886
0 0.5282342791666667 0.6553755138888889 0.05218144765624994 0.034020212962962905
0 0.224377990625 0.14383538337962962 0.032111680104166734 0.008041106944444439
0 0.5784096734374999 0.5313559074074073 0.03050605708333336 0.05814360925925931
0 0.3339598760416667 0.4330072916666667 0.039336723593750025 0.05566940509259258
0 0.16015567083333332 0.14507247791666666 0.03050605708333336 0.01051531111111109
0 0.6851798328124998 0.39403821759259255 0.05137863614583319 0.05566940509259258
0 0.38052112291666673 0.508778898148148 0.04575908562499986 0.05133956666666666
0 0.5727901229166668 0.4852744490740741 0.06903996916666676 0.026597600462962976
0 0.39858405677083336 0.45218167592592584 0.04816739010416657 0.05319520092592585
0 0.8726317036458333 0.23847358333333332 0.0666316646875 0.0241233962962963
0 0.25448374739583335 0.5774381203703705 0.06020930265625003 0.03154600879629638
0 0.5796287014032419 0.8241466917222824 0.050440936405744805 0.053195352470400525
0 0.47123635260416663 0.5542423148148148 0.03773110057291653 0.03092743888888884
0 0.45558198333333333 0.8888775416666668 0.035322796093750004 0.011133881018518662
0 0.3789162802083333 0.2335247222222222 0.06342041864583324 0.03649441712962958
0 0.6014309018400634 0.3327891779245092 0.037212691025806065 0.03865930479659991
0 0.5410795234374999 0.22300971296296293 0.0569981866666667 0.04391695416666666
0 0.3387757046875 0.7125907777777779 0.05057582463541668 0.05319520092592595
0 0.38302352739707335 0.5869089958136202 0.03593792781001994 0.057139102817203975
0 0.4583924088541666 0.41228591666666664 0.03451998458333338 0.031546008796296335
0 0.651864390625 0.5641392824074073 0.06984278067708326 0.03711291157407415
0 0.3904657432765317 0.1870771761717848 0.04861971468730068 0.02918505263517964
0 0.6538710942708332 0.7515598518518519 0.05298412911458321 0.05690646944444443
0 0.561551021875 0.7954762777777777 0.03371717307291675 0.03958711574074088
0 0.6586882234374999 0.439192236111111 0.07064559218750001 0.03958711574074072
0 0.47765962500000003 0.1812575648148148 0.03773110057291653 0.05814360925925926
0 0.4260091335684661 0.41685639033092925 0.06158586278664207 0.033939936990859
0 0.7225099828125001 0.7042408009259259 0.05378694062499996 0.045154093981481465
0 0.5961801347159529 0.37832572805622583 0.04313187437017731 0.037611130924585456
0 0.5567338927083333 0.28641067592592595 0.05940649114583347 0.03958711574074077
0 0.43061198646108895 0.46062466437402916 0.05137863614583319 0.05319520092592585
0 0.5458966526041669 0.3312560509259259 0.06984278067708338 0.034020212962962953
0 0.48046874999999994 0.2898125462962963 0.06422323015624999 0.0352572773148148
0 0.47452601410934747 0.37900043566027175 0.06568287037037047 0.034943994984978556
0 0.6930990464474023 0.7699314117517142 0.07684846060313788 0.03550620637379841
0 0.6727364494791668 0.499810125 0.06984278067708315 0.03958711574074077
0 0.6181470875 0.46022300925925924 0.04897020161458331 0.0482467925925926
0 0.5033488130208332 0.8672279722222221 0.04897020161458331 0.05319520092592595
0 0.7896474041005291 0.6408795704902263 0.05369314006466771 0.04538702796899519
0 0.44247720501793514 0.48666814902390415 0.06722537391474705 0.04212550184022101
0 0.5366642552083333 0.8319709212962962 0.035322796093750004 0.04453552407407402
0 0.5960707463541667 0.5740362499999999 0.038533912083333156 0.03463870740740731
0 0.5061579380208333 0.2635242685185185 0.04174515812500002 0.053195200925925924
0 0.6374143036458333 0.8251671805555556 0.03933672359375014 0.0544322652777777
0 0.5587405963541667 0.4518730324074074 0.044153462604166784 0.037731481481481484
0 0.5370661161458332 0.3723894027777778 0.06181492567708335 0.04824679259259255
0 0.38533825208333333 0.33960602777777776 0.05539256364583333 0.0432983842592593
0 0.5799524531418558 0.626231093404478 0.035197239512878536 0.05861777754969669
0 0.33315615416666666 0.29228697685185184 0.029703245572916735 0.047628298148148195
0 0.5764016692708334 0.267235537037037 0.0682371576562499 0.03711291157407404
0 0.4318994989583334 0.6089839027777777 0.06502604166666674 0.041442750000000056
0 0.5326495473958334 0.5489848101851851 0.057800868124999974 0.050102426851851886
0 0.3925626453125 0.3810487777777778 0.039336723593750025 0.03958711574074077
0 0.35884534218749997 0.32135908333333335 0.04254796963541671 0.051339566666666614
0 0.52783371875 0.4221821296296297 0.0802790702083333 0.030308868981481447
0 0.6193513697916667 0.4039351851851852 0.06903996916666663 0.038350051388888924
0 0.5611491609375 0.19795842407407407 0.07144840369791652 0.027216170370370364
