0 0.6732390304592164 0.6004500294655547 0.029387207047027825 0.07172383948640201
0 0.512654 0.530328 0.04135800000000006 0.03442620000000007
0 0.6856774690501677 0.411823768435516 0.026175461899664455 0.06651686312896812
0 0.6503140882840933 0.3277455790841467 0.04383767656818685 0.046678840884108785
0 0.5430154142581889 0.9859447550459585 0.058413615928066764 0.026471145645787966
0 0.6966314475933063 0.6086276832464702 0.026847002765289344 0.04304976001137115
0 0.506481 0.327459 0.05 0.04672130000000003
0 0.537346 0.598361 0.030246900000000035 0.04262289999999994
0 0.540432 0.310246 0.04753090000000005 0.0598361
0 0.501235 0.54877 0.04938270000000004 0.06147540000000003
0 0.569444 0.0762295 0.03765430000000005 0.031147500000000012
0 0.45123500000000005 0.377869 0.024691400000000033 0.036065600000000024
0 0.52037 0.498771 0.05679010000000006 0.03360660000000008
0 0.47932099999999994 0.460656 0.040123500000000034 0.03770490000000005
0 0.498148 0.607787 0.05185190000000002 0.03852459999999998
0 0.6469139999999999 0.39836099999999997 0.04320990000000001 0.05245899999999999
0 0.476852 0.564754 0.027777799999999943 0.07213109999999993
0 0.457099 0.988934 0.03641980000000002 0.018852500000000084
0 0.449074 0.54877 0.026543200000000024 0.06803279999999996
0 0.507716 0.43032799999999993 0.054938299999999926 0.031147499999999963
0 0.519444 0.379508 0.031481499999999954 0.06557380000000002
0 0.608333 0.359016 0.04753090000000005 0.0393443
0 0.452469 0.5 0.06049379999999993 0.036065599999999934
0 0.619753 0.454918 0.027160499999999983 0.0393442999999999
0 0.46574100000000007 0.0118852 0.05370370000000001 0.0204918
0 0.522531 0.46352499999999996 0.05617279999999996 0.04672130000000003
0 0.5944923868407906 0.5419191327845163 0.047010373681581404 0.05043634828484793
0 0.491975 0.383197 0.029629599999999933 0.0745902
0 0.555556 0.333197 0.04074069999999996 0.0598361
0 0.445062 0.95041 0.029629599999999933 0.048360700000000076
0 0.5872780104385215 0.6978464265327395 0.05773592525155216 0.039680344773997886
0 0.419753 0.610246 0.023456799999999976 0.06967210000000008
0 0.698148 0.35041 0.0506173000000001 0.04672130000000003
0 0.640123 0.605328 0.027160500000000056 0.07786879999999995
0 0.579321 0.9647540000000001 0.030246900000000035 0.06721309999999985
0 0.45092600000000005 0.4475410000000001 0.03641980000000002 0.05901639999999998
0 0.516358 0.2827232010802615 0.040123500000000034 0.06147540000000003
0 0.4414382594465853 0.2992819425874159 0.02485201889317068 0.07233538517483185
0 0.287963 0.42622999999999994 0.05370370000000001 0.031147499999999963
0 0.6959880000000002 0.680328 0.030246899999999893 0.06557379999999993
0 0.6 0.292623 0.03827160000000001 0.07377049999999997
0 0.416975 0.412705 0.030246900000000035 0.06803279999999996
0 0.545988 0.653689 0.05864199999999994 0.03360660000000008
0 0.672222 0.677869 0.03333329999999994 0.06721310000000004
0 0.270679 0.461885 0.05864200000000001 0.03852459999999998
0 0.5231051066902163 0.1686204143490003 0.0520556825733248 0.03895551357433907
0 0.547531 0.4237699999999999 0.04074069999999996 0.06065569999999996
0 0.55463 0.515984 0.04876539999999994 0.056557399999999945
0 0.382716 0.809426 0.06172839999999999 0.031967200000000036
0 0.6866303938039678 0.1665568438240311 0.03043577986512519 0.07909137252440064
0 0.560185 0.125 0.05493830000000007 0.04836069999999999
0 0.349383 0.789344 0.05432099999999997 0.03770490000000005
0 0.302469 0.147541 0.033333299999999975 0.036065600000000024
0 0.22037 0.0770492 0.05802469999999998 0.031147500000000012
0 0.48425900000000005 0.706557 0.03271610000000001 0.04754099999999996
0 0.310802 0.664754 0.04012349999999996 0.04754099999999996
0 0.135185 0.220082 0.04444440000000001 0.03196720000000001
0 0.0228395 0.934426 0.045679 0.04754099999999996
0 0.24321 0.242213 0.030864199999999994 0.07295079999999998
0 0.482407 0.948361 0.04259259999999998 0.06229510000000014
0 0.534259 0.905738 0.03765430000000005 0.06065569999999991
0 0.635659744522943 0.4188382450488013 0.03461071861842571 0.037903913579077
