0 0.48487699999999995 0.0647541 0.035185199999999965 0.0754098
0 0.541975 0.205738 0.059259300000000036 0.031147500000000012
0 0.450309 0.193033 0.05370370000000001 0.04344259999999999
0 0.593518 0.648361 0.05987649999999997 0.032786899999999966
0 0.544753 0.231557 0.06234569999999995 0.031967200000000036
0 0.400309 0.173361 0.021604899999999955 0.04836069999999998
0 0.46018499999999996 0.057786899999999995 0.040123500000000034 0.07295079999999998
0 0.595988 0.210246 0.05 0.035245900000000004
0 0.6589510000000001 0.298361 0.024074100000000074 0.07049180000000001
0 0.7808639999999999 0.011475399999999998 0.03456789999999986 0.0213115
0 0.454321 0.111066 0.03827160000000001 0.036885200000000014
0 0.512963 0.016393400000000002 0.06049379999999993 0.027868899999999995
0 0.596914 0.681148 0.05061729999999996 0.03442620000000007
0 0.474074 0.130738 0.04814809999999998 0.04672129999999998
0 0.606173 0.108607 0.05679010000000006 0.0336066
0 0.683642 0.29918 0.025308600000000105 0.07377049999999997
0 0.63642 0.972131 0.034567899999999936 0.0540983999999999
0 0.580864 0.714344 0.05432099999999997 0.045081999999999914
0 0.548148 0.17582 0.04938270000000004 0.03852459999999998
0 0.433333 0.0397541 0.03703699999999995 0.0713115
0 0.591049 0.259426 0.05617279999999996 0.041803300000000036
0 0.583642 0.168033 0.05617279999999996 0.04590160000000001
0 0.422531 0.288115 0.05123460000000006 0.041803300000000036
0 0.514198 0.0618852 0.03703699999999995 0.07131149999999999
0 0.420679 0.256557 0.04629629999999999 0.0393443
0 0.57963 0.386475 0.027160499999999983 0.07459019999999995
0 0.531173 0.386885 0.03271610000000001 0.06721310000000004
0 0.456173 0.276639 0.027160499999999983 0.07622950000000002
0 0.437346 0.43319700000000005 0.04629629999999999 0.05
0 0.508642 0.41393399999999997 0.03703699999999995 0.07049179999999997
0 0.655556 0.9602460000000002 0.03703700000000009 0.054918000000000085
0 0.37129600000000007 0.362705 0.03641980000000002 0.06639340000000002
0 0.682099 0.352869 0.06049380000000007 0.03688520000000002
0 0.372531 0.754098 0.030246900000000035 0.03770490000000005
0 0.525926 0.0938525 0.05679010000000006 0.04344259999999999
0 0.654012 0.09385249999999999 0.03765429999999991 0.06475409999999998
0 0.535802 0.766803 0.029629599999999933 0.08278689999999997
0 0.685802 0.57418 0.04197529999999988 0.054918000000000085
0 0.564815 0.112705 0.03209880000000005 0.07622950000000002
0 0.48456800000000005 0.807787 0.03209880000000005 0.07131149999999994
0 0.6317900000000001 0.0438525 0.035185200000000035 0.05819669999999998
0 0.553086 0.8266390000000001 0.04197530000000002 0.056557400000000035
0 0.565123 0.0344262 0.031481499999999954 0.0672131
0 0.533642 0.319262 0.04259259999999998 0.0598361
0 0.471914 0.9450819999999999 0.033950600000000046 0.0754098000000001
0 0.723765 0.697541 0.05246909999999995 0.03934430000000009
0 0.284877 0.792213 0.04259259999999998 0.04672130000000003
