0 0.5267911791446208 0.607040475175644 0.03382945828924154 0.040310150351287995
0 0.520988 0.645492 0.014814800000000038 0.03032789999999992
0 0.48858 0.010655699999999999 0.020370400000000066 0.0213115
0 0.366667 0.654098 0.023456799999999976 0.040983600000000016
0 0.512037 0.017623 0.03641980000000002 0.0352459
0 0.49778489580610025 0.8445756339681775 0.05236049161220044 0.0350531679363549
0 0.65 0.0446721 0.03456789999999986 0.07295079999999998
0 0.7992340350365797 0.3044324466454159 0.029332570073159522 0.07115939329083178
0 0.6306049950083829 0.7267205409279498 0.054839009983234384 0.03672381814410053
0 0.6778666874450121 0.5630061943376673 0.03351027489002403 0.0686361886753345
0 0.4270471953419895 0.18002148670623702 0.054093490683978986 0.04037157341247411
0 0.49691399999999997 0.807787 0.059259300000000036 0.035245900000000004
0 0.561111 0.988934 0.05555560000000003 0.020491800000000008
0 0.473765 0.0762295 0.06234569999999995 0.027868899999999995
0 0.583642 0.79959 0.021604899999999955 0.06967210000000008
0 0.598457 0.20041 0.031481499999999954 0.05163930000000002
0 0.6433373626862494 0.3558226399802148 0.024435474627501105 0.07851922003957038
0 0.6309911449709514 0.7825216107280618 0.03358778994190273 0.07815832145612348
0 0.480247 0.32418 0.05555560000000003 0.03852459999999998
0 0.582407 0.904098 0.04135800000000006 0.02459019999999991
0 0.384877 0.118852 0.030246900000000035 0.0377049
0 0.5805972884163998 0.1159381040528233 0.03526937683279987 0.07777770810564665
0 0.422222 0.144262 0.059259300000000036 0.03442619999999998
0 0.653704 0.45696699999999996 0.03580250000000006 0.06803279999999996
0 0.522839 0.8758200000000002 0.05555560000000003 0.03032790000000011
0 0.603395 0.852049 0.026543200000000024 0.07622949999999992
0 0.4827409505463318 0.12646024155360844 0.07041990109266358 0.03160938310721687
0 0.362963 0.447951 0.05432099999999997 0.03360660000000008
0 0.512037 0.983197 0.04876539999999994 0.031967200000000036
0 0.485802 0.357787 0.04938270000000004 0.033606599999999986
0 0.6709879999999999 0.346311 0.032098799999999914 0.07295079999999995
0 0.458951 0.84918 0.025308599999999966 0.07377050000000007
0 0.556481 0.22131099999999998 0.024074099999999935 0.06885249999999998
0 0.575309 0.737705 0.04567900000000003 0.05245900000000004
0 0.53642 0.352869 0.05061729999999996 0.033606599999999986
0 0.498148 0.727459 0.06172839999999999 0.03032789999999992
0 0.24536999999999998 0.792623 0.019135800000000005 0.032786899999999966
0 0.669136 0.442623 0.03333329999999994 0.06393440000000002
0 0.46327199999999996 0.702049 0.030246900000000035 0.031967200000000036
0 0.683642 0.953279 0.05123459999999992 0.03442620000000007
0 0.629321 0.983197 0.04876539999999994 0.031967200000000036
0 0.523457 0.9516389999999999 0.06049379999999993 0.036065599999999934
0 0.430247 0.8241800000000001 0.04074069999999996 0.03852460000000007
0 0.650309 0.681557 0.05493830000000007 0.045081999999999914
0 0.408333 0.281148 0.045061699999999934 0.05901639999999998
0 0.589506 0.941803 0.04567900000000003 0.05737700000000012
0 0.369444 0.390164 0.040123500000000034 0.05901639999999998
0 0.525 0.27377 0.04753090000000005 0.07377049999999997
0 0.321914 0.8938520000000001 0.029012299999999974 0.06967209999999989
0 0.7265430000000002 0.962295 0.03580250000000006 0.05245900000000004
0 0.506481 0.503279 0.05617279999999996 0.03114749999999992
0 0.587963 0.520082 0.05370370000000001 0.048360700000000076
0 0.165123 0.0618852 0.04135799999999999 0.0647541
