0 0.7406787421338329 0.8532105301704077 0.022592712686746452 0.017892453913376228
0 0.6617476041666667 0.8270430185185185 0.011072512499999949 0.026448069999999976
0 0.738472012057453 0.6171003049997756 0.019440241149060948 0.02561076736620525
0 0.6559923505275135 0.7595781266774456 0.023663557278306158 0.020151626317854193
0 0.6268166617925703 0.6937596265423751 0.024179581732628345 0.020353152238736055
0 0.7323688541666667 0.8163737518518518 0.014583318749999918 0.014726763333333195
0 0.643301995334042 0.5243887440664019 0.020631982334750394 0.014434418904233397
0 0.6390623541666667 0.8291469518518518 0.025655874999999877 0.014426243333333475
0 0.6748454791666667 0.8277943185185185 0.01836419375000003 0.016530066666666593
0 0.8744211666666666 0.7576168851851851 0.012962950000000006 0.015027320000000035
0 0.7138915917992205 0.8356865286005389 0.023871416773250213 0.01481666636186779
0 0.6821120209877294 0.7413266440257903 0.023715202392125434 0.015149112318789654
0 0.697090488392675 0.6968041636227051 0.024315902567162696 0.017294883166634793
0 0.694169879743719 0.8638600185185185 0.01269288124999998 0.009316926666666716
0 0.7154447945128981 0.7463462851851852 0.02403550625000008 0.019535523333333322
0 0.7150102598132686 0.8201632927010258 0.019803809725975206 0.02247430951595759
0 0.735687920577908 0.7391538006561512 0.013659526572482742 0.026707829058068035
0 0.6731994821691707 0.5768277519336064 0.01625503149499217 0.01470555349684246
0 0.7834998138540615 0.5258838732845239 0.011348897535667982 0.020933001637217997
0 0.6104358541666667 0.8619064185185185 0.013773156250000085 0.013224053333333232
0 0.7464121666666667 0.7507044851851851 0.02430557499999999 0.01442624333333337
0 0.6722503115512561 0.8103626185185185 0.01782405624999998 0.02073771333333325
0 0.781030377816208 0.7955570675606397 0.021541888840851325 0.019529671918521712
0 0.7594191358168054 0.6593165522263389 0.009844120218901627 0.011578647134336961
0 0.6728701852746554 0.6906599043622705 0.01097281278402266 0.029583401687504028
0 0.6292050416666667 0.7292152518518519 0.009182118749999902 0.03336065333333333
0 0.7119791666666667 0.6673028518518519 0.019714493749999916 0.01773225666666673
0 0.6969644701445934 0.5554122694487561 0.026375678531969152 0.017073844910803535
0 0.7074085705403036 0.6794848236204194 0.022254271791084197 0.01965697964119415
0 0.6455439166666667 0.7529583851851852 0.018634262500000057 0.024945360000000014
0 0.7316353977564911 0.840382871198453 0.010415674679648863 0.02381205464013097
0 0.7630339790287836 0.7009545552958036 0.024009244025766208 0.016946301559715948
0 0.6413758886967382 0.6512479948213825 0.017758922995628503 0.02865131509004702
0 0.7018092620239017 0.8534941714117166 0.022991037848723413 0.0203308426875889
0 0.6816833488632338 0.7940104788621216 0.017006614950671305 0.025558137693010963
0 0.6904698728094826 0.803764117067667 0.012884112285631962 0.026120462901703136
0 0.6996278779736813 0.7654076416434256 0.01699096034761259 0.02720365930184351
0 0.6787863189359958 0.7706778647037476 0.011661942038658423 0.02917889096287554
0 0.7253367139837633 0.5120259923123992 0.013555627612047871 0.019646616061746475
0 0.6576747031660571 0.645607268458186 0.012737058251218987 0.029641683212668322
0 0.685273555778105 0.830092923577097 0.014132582565481281 0.025769988122302342
0 0.6827752022349521 0.5051262915288096 0.01060702886342888 0.006548864687248797
0 0.7223906302191418 0.863700438150995 0.010831039604950259 0.009636234068380363
0 0.6991255670264238 0.8081805348769843 0.014094855530485855 0.025389879383598036
0 0.6145941153594418 0.6687200627912323 0.02220085261444993 0.014055460071442224
