0 0.437963 0.4811480000000001 0.033950600000000046 0.06229509999999996
0 0.561111 0.455738 0.025925900000000064 0.04262289999999994
0 0.440123 0.986066 0.020987700000000026 0.027868900000000068
0 0.6115395768616811 0.9008301986504125 0.045301753723362446 0.05382670722042386
0 0.3791068581740976 0.6561999784979639 0.027348916348195387 0.06485805699592778
0 0.37907929491035625 0.428451206625248 0.029763089820712425 0.06509821325049592
0 0.6367517941731541 0.45519236426594967 0.05859441165369195 0.03223917146810061
0 0.405864 0.634836 0.025308599999999966 0.07295080000000005
0 0.41843385822521034 0.4278192511851309 0.025757116450420635 0.07262713405032895
0 0.452469 0.403689 0.044444399999999974 0.035245900000000004
0 0.561728 0.8495900000000001 0.030864199999999994 0.07131150000000003
0 0.6246909999999999 0.48606600000000005 0.059259299999999966 0.032786899999999966
0 0.47373407258394273 0.35658606790748665 0.02760459211291966 0.07099827245483972
0 0.4980048848293622 0.4040044572282553 0.025655126267987834 0.07604692218335612
0 0.5051464756900212 0.546352995421322 0.030046751380042366 0.07467419084264376
0 0.41358 0.9647540000000001 0.059259300000000036 0.036065599999999934
0 0.438272 0.552869 0.05679010000000006 0.03688519999999993
0 0.474691 0.587705 0.05432099999999997 0.04426229999999999
0 0.387963 0.584836 0.035185199999999965 0.05819670000000005
0 0.524074 0.680738 0.027160499999999983 0.07131149999999994
0 0.4672839999999999 0.44098400000000004 0.06172839999999999 0.040983600000000016
0 0.362963 0.332377 0.04567900000000003 0.04508200000000001
0 0.571914 0.693852 0.021604899999999955 0.09098360000000001
0 0.5981777482719981 0.8775373954108803 0.04450319654399615 0.0649105908217604
0 0.53858 0.401639 0.026543200000000024 0.08360660000000003
0 0.53179 0.8614749999999999 0.031481499999999954 0.0754098000000001
0 0.523457 0.458607 0.04938270000000004 0.05
0 0.497222 0.293852 0.05123460000000006 0.05327869999999997
0 0.455556 0.286885 0.05432099999999997 0.049180299999999975
0 0.403395 0.554098 0.04259259999999998 0.06229509999999996
0 0.453395 0.209016 0.04135800000000006 0.0639344
0 0.357407 0.05286890000000001 0.05185190000000002 0.05327869999999999
0 0.586728 0.557787 0.035185199999999965 0.06147540000000003
0 0.289198 0.313115 0.03765429999999998 0.06229510000000005
0 0.633025 0.721311 0.04753090000000005 0.04754099999999996
0 0.304012 0.0696721 0.048765400000000014 0.05245899999999999
0 0.717901 0.409836 0.03950619999999993 0.06393440000000002
0 0.551543 0.956967 0.05123460000000006 0.048360700000000076
