0 0.20634115541526374 0.4121336006582216 0.02435458916947256 0.06917529868355697
0 0.64537 0.00696721 0.019135800000000005 0.0139344
0 0.5597263930597264 0.44195835179441734 0.025859192525859182 0.07089056269384136
0 0.623765 0.536475 0.054938299999999926 0.04344260000000006
0 0.5383255630169214 0.5895907736071306 0.057916773966157305 0.03393335278573884
0 0.5199082625010791 0.6309239579731742 0.056478874997841655 0.039791284053651135
0 0.605065379306565 0.6469588787919411 0.034821358613130245 0.07424525758388233
0 0.22961100368499812 0.4371458494411326 0.022259792630003727 0.08144520111773478
0 0.445988 0.137295 0.021604899999999955 0.041803299999999995
0 0.7474645150398062 0.32201981268959706 0.02729316992038781 0.07563147462080588
0 0.511728 0.55 0.05432099999999997 0.04262289999999994
0 0.411111 0.00737705 0.025925900000000064 0.0147541
0 0.495988 0.730328 0.05370370000000001 0.02622950000000002
0 0.486111 0.310656 0.04382720000000004 0.05245900000000004
0 0.534259 0.729098 0.022839500000000016 0.07459019999999991
0 0.333642 0.198361 0.05 0.03278689999999999
0 0.51142 0.668852 0.04629629999999999 0.04590159999999991
0 0.513272 0.991803 0.05246909999999995 0.014754100000000183
0 0.591358 0.561066 0.034567900000000006 0.04672130000000003
0 0.567593 0.740574 0.03641980000000002 0.06311480000000007
0 0.473148 0.684426 0.027777799999999943 0.0754098000000001
0 0.47472353693415636 0.16704228579234975 0.035738226131687194 0.06427582841530056
0 0.691358 0.189344 0.0506173000000001 0.03442619999999998
0 0.411111 0.931967 0.025925900000000064 0.027868900000000068
0 0.525926 0.306557 0.03209880000000005 0.07049180000000001
0 0.544753 0.521721 0.04135800000000006 0.06967210000000008
0 0.7086419999999999 0.461885 0.03703700000000009 0.05
0 0.508642 0.50123 0.04320989999999994 0.05327869999999997
0 0.329321 0.168443 0.052469099999999984 0.030327900000000015
0 0.591049 0.509426 0.054938299999999926 0.04672130000000003
0 0.518519 0.438525 0.03333329999999994 0.07213109999999998
0 0.54537 0.780328 0.04629629999999999 0.03934430000000009
0 0.558642 0.327459 0.03209880000000005 0.07131150000000003
0 0.573457 0.621721 0.04814809999999998 0.05327869999999997
0 0.453704 0.0803279 0.027160499999999983 0.08032789999999998
0 0.427161 0.054918 0.025925900000000064 0.0737705
0 0.5688272830246913 0.9872952889344262 0.061110866049382706 0.02377007786885248
0 0.333025 0.5 0.03271610000000001 0.04426229999999999
0 0.455864 0.372951 0.029012299999999974 0.08196720000000003
0 0.6751349203703703 0.10687318661202186 0.025038359259259256 0.07969582677595627
0 0.432716 0.9131149999999999 0.03580250000000006 0.07049180000000001
0 0.420679 0.186885 0.04259259999999998 0.0770492
0 0.348765 0.977049 0.030864199999999994 0.0459016000000001
0 0.407407 0.130738 0.05061729999999996 0.030327900000000015
0 0.478395 0.9647540000000001 0.03333329999999994 0.03770489999999986
0 0.627778 0.740164 0.039506200000000075 0.07213109999999993
0 0.5302728068930042 0.21483115040983605 0.053137513786008214 0.049333600819672134
0 0.477469 0.452869 0.04876539999999994 0.056557399999999945
0 0.303704 0.137705 0.0641975 0.02950819999999999
0 0.323765 0.265574 0.030246900000000035 0.06393439999999997
0 0.489815 0.271311 0.04876539999999994 0.05901639999999998
0 0.472222 0.811885 0.05555560000000003 0.03852459999999998
0 0.6231479999999999 0.859426 0.04012349999999996 0.06311479999999997
0 0.4070620737287404 0.48291872062363866 0.031080031080031077 0.041843402499140196
