0 0.7284307474552261 0.6959883163384006 0.037035735003781885 0.021835225757395292
0 0.7588869829125161 0.5946684427648117 0.01625523417368567 0.050530843391269356
0 0.6375686674837401 0.3960248648639317 0.023831723098670446 0.03602438059483996
0 0.8595072484457783 0.5562310957370364 0.02115906309384492 0.02853116313787104
0 0.7165099785521879 0.5437129276745597 0.01777180933307996 0.045561860206435906
0 0.7572577756481877 0.7733631334607854 0.029606394621288366 0.015204191153735017
0 0.5799492122719734 0.5203293641084197 0.01640320292825995 0.030747899845037018
0 0.6774328398133356 0.5063787120626121 0.03295471302957876 0.026459904763664697
0 0.6463111223983776 0.25682306613725414 0.03327638814874033 0.02137961761738149
0 0.6845581368377393 0.421233200601711 0.0183414667625069 0.027644476637388386
0 0.6125773224444906 0.44641954163608183 0.03130872211089617 0.03366364896827342
0 0.6196693860189626 0.5477477034765629 0.029907497613020577 0.03134541547090203
0 0.6614151208527236 0.6825257193764931 0.035666246410394585 0.01822061068269123
0 0.6482263502685794 0.710188589846166 0.03239138238272877 0.029728364798075363
0 0.6181846838784408 0.6744235372014953 0.03611791404008121 0.02290908247733438
0 0.5750160751028807 0.3378082100493136 0.037480709876543256 0.02148473943755828
0 0.6602856929388792 0.624859162951737 0.03255338282579719 0.030442463497791793
0 0.7631717996099755 0.6566098187847483 0.016727021972921818 0.024517721312807866
0 0.7162257972665403 0.7770841759358751 0.02002975566731789 0.00817931232906559
0 0.6824463334196543 0.34052495252888554 0.026983831386940695 0.03357552830764208
0 0.6333168303320307 0.5296474295973057 0.03533897419101741 0.020527840023063643
0 0.7507179271285174 0.47125116920198884 0.019888160730174558 0.0435189287648304
0 0.9437206135416666 0.7684788444444444 0.03402168682291666 0.02415301777777788
0 0.7414706605835674 0.6423223476272351 0.026556170115251968 0.024712164286241192
0 0.6664213363105811 0.3895300153319967 0.035957750003700654 0.023423883843744664
0 0.7224437986340455 0.5788717912737404 0.03685134786101673 0.02218331721090189
0 0.7917431088180218 0.3133677531106842 0.01708218398537807 0.043358496746623815
0 0.7043940334016645 0.365501577146919 0.03666872523954297 0.029743658092318558
0 0.7552250894997629 0.6823781840673215 0.018815582413496894 0.025449840832099245
0 0.7440630790821217 0.572823002486594 0.016378917673492904 0.03310124786737708
0 0.7428303352535085 0.5181024737037037 0.024484599492983015 0.038056799259259234
0 0.6036625382443492 0.500051654296822 0.03544518197976174 0.025358181768751924
0 0.6446954299985936 0.462655121804196 0.028669945987654207 0.029982571319993247
0 0.7949368868902452 0.4635714510668046 0.016892198455165187 0.04415909865800234
0 0.6241465192708333 0.3877140444444444 0.013379284427083249 0.018469937777777754
0 0.6562432842368594 0.21934996431038775 0.03293787900533509 0.03176107962181073
0 0.6473726670637355 0.4190985244715703 0.02482803495504058 0.04248004872298873
0 0.6195541397079561 0.34441449361480614 0.016538834971467863 0.035621381383061944
0 0.6963816891624487 0.7683493446881677 0.02881330212798332 0.025102808996498888
0 0.5701678240740741 0.3567517437469457 0.01883359053497943 0.020098627215780332
0 0.6876735760563696 0.7034757332788588 0.016612492067612786 0.04271147200517507
0 0.6574086674731087 0.7525906416171922 0.032167624316599586 0.023884138307533404
0 0.7009874495950036 0.6900779630551725 0.014897779559993059 0.046455740556321616
0 0.7352263702521772 0.6003535913500049 0.02094368415238925 0.02381687406703779
0 0.6368611946056754 0.334030666340429 0.02553194194920465 0.04302938857624452
0 0.6515500576138789 0.322878295265204 0.027380814355575468 0.04016297391403632
0 0.7099650713541666 0.7211974851812131 0.017584257239583324 0.044517315555555534
0 0.6975830124944576 0.2941113085776038 0.028752648426415443 0.026383314932985354
0 0.761815843350398 0.2380954429738025 0.017982348239382162 0.02330807922563546
0 0.6948132911591287 0.5878279323991511 0.035655360858826056 0.02268643297947548
0 0.7338170923181593 0.3254478381521355 0.026456489009514545 0.0407075459179512
0 0.7139639445850726 0.24327980238759808 0.02282595220120195 0.03926694709805924
0 0.8136251493470058 0.49257127820956126 0.023869687982100155 0.03801878013915012
0 0.8095558648442758 0.3998737025057845 0.02438241549830238 0.033637619357061985
0 0.6237742397939652 0.36640081375363615 0.028741161049449935 0.03072322172199104
0 0.7051608279300321 0.2775603361807603 0.0339694159121476 0.024538223472631706
0 0.7894610973821042 0.40093290011322796 0.03073624840117901 0.03311918475852909
