0 0.8010294077777245 0.4676461376120789 0.06418035576378263 0.07633466459065706
0 0.4058908843276919 0.25378987326020286 0.04745047655294907 0.051962598372257515
0 0.44312005833333334 0.8722756018518518 0.10919365875000012 0.04043719722222237
0 0.8025847064059839 0.6170611728835771 0.0954708882286339 0.05213966349210498
0 0.9935884093798327 0.48059116345256186 0.012823181240334472 0.0759220009791979
0 0.7558107264798226 0.1314425049557147 0.0917982640857795 0.05105071555651269
0 0.4378024228378228 0.596604148369768 0.1056031338006458 0.05093301529750123
0 0.1601547291666667 0.07995976018518518 0.08805942062500047 0.034540116666666676
0 0.7566100208333334 0.018708271759259258 0.07162161645833352 0.037416543518518516
0 0.4397954518544772 0.19030878439785326 0.052440157332712546 0.04799767064755842
0 0.6838033411298402 0.34539301060589805 0.05435301590755325 0.07695188480532059
0 0.4589701187500001 0.7741310462962964 0.09393001062499996 0.04127956388888905
0 0.666204 0.08332953518518518 0.07162161645833352 0.059813274999999985
0 0.9121814166666666 0.07153537407407408 0.04931322229166675 0.08845631111111109
0 0.32286459541641255 0.7496060874661128 0.04742074216830782 0.08091768866845352
0 0.6608295817978518 0.18327968872049255 0.11723341130403687 0.033456534596051864
0 0.2894318765108018 0.5873586223260349 0.08076729093672981 0.0619972603928102
0 0.56170544375 0.9097637962962963 0.09275585458333306 0.039594727777777956
0 0.7368488800045543 0.7001115047658065 0.057928295009108295 0.07980101083875718
0 0.2843390048048052 0.22629206053534417 0.06403156877627722 0.07548118541079316
0 0.6709002437499999 0.8743815185185185 0.06457687041666667 0.08508653611111143
0 0.5505516270833335 0.1701009074074074 0.07514408458333328 0.06318305000000003
0 0.6391982208333334 0.22949310185185184 0.10684534666666655 0.05054641944444443
0 0.4601437041666667 0.2467628518518519 0.0798405185416667 0.049704052777777716
0 0.4003380169621169 0.8071446552511999 0.05578885862083401 0.06993833366050607
0 0.40372996052638693 0.7394193533711165 0.0750317731361072 0.07363604140591475
0 0.5065222020833333 0.20084996296296298 0.0833629866666667 0.04043719722222221
0 0.6078481761565556 0.06305460678598224 0.05119057397977779 0.06666548457618367
0 0.3447769798041667 0.3927519756754222 0.04635900794166569 0.06605883013063707
0 0.6373207012452738 0.6975465324290884 0.049082172907214054 0.07145154717886021
0 0.6869785946926932 0.019971924537037035 0.054465476468719604 0.03994384907407407
0 0.5925887310643642 0.12769169330779956 0.10115358096319582 0.038183227283248064
0 0.5705120895833332 0.7341155462962964 0.0821888306249999 0.06739529444444435
0 0.5470289687500002 0.09049026851851852 0.04696510041666677 0.03706742222222224
0 0.9549168376041666 0.6846442683900277 0.09016632479166671 0.0359884621413572
