0 0.5898148438271605 0.9762292639344263 0.029012287654320925 0.04590212786885253
0 0.4993828314814815 0.9770490889344262 0.027160262962962985 0.04426247786885265
0 0.5616601883076332 0.972222061427569 0.030246900000000035 0.05327870000000016
0 0.5045406300175338 0.20895576601550042 0.04400463996493241 0.034547367968999175
0 0.5160455934716819 0.8805322235552083 0.053079586943363705 0.036473347110416506
0 0.566975 0.918033 0.04382720000000004 0.05245900000000004
0 0.47607228925037237 0.2650650974851694 0.025978464267185444 0.08871921072590419
0 0.637654 0.9938520000000001 0.05802470000000005 0.01229510000000014
0 0.5217763766152663 0.9398450614275692 0.035185199999999965 0.03442620000000007
0 0.40925899999999993 0.158197 0.04814809999999998 0.04262289999999999
0 0.475309 0.336066 0.025925900000000064 0.06229510000000005
0 0.536111 0.956967 0.04629629999999999 0.0598361000000001
0 0.6182099999999999 0.9077870000000001 0.04753089999999998 0.05
0 0.711728 0.280738 0.025925899999999925 0.04836069999999998
0 0.5816533766152664 0.4108824299929833 0.05740740000000002 0.0377049
0 0.7414228977566412 0.4758501221152006 0.028265404486717636 0.0778085557695987
0 0.507716 0.9168029999999999 0.04753090000000005 0.0401638999999999
0 0.4 0.191393 0.04814809999999998 0.0598361
0 0.462037 0.639754 0.027777799999999943 0.07459019999999991
0 0.534568 0.536066 0.025925900000000064 0.0754098000000001
0 0.702710680915838 0.5214022257718314 0.03778913816832393 0.06047364845633714
0 0.50463 0.576639 0.03765430000000005 0.07786879999999995
0 0.511111 0.689344 0.05555560000000003 0.04262289999999994
0 0.4902606233847336 0.8468588157172928 0.05308640000000005 0.049180299999999975
0 0.5621497258502666 0.6843016389567519 0.05838777508526687 0.035364317927537164
0 0.528704 0.247131 0.05617279999999996 0.04344259999999996
0 0.563272 0.872131 0.040123500000000034 0.03934430000000009
0 0.6282219539246771 0.6138449816259488 0.0324442921506461 0.06739143674810226
0 0.62284 0.815574 0.029629599999999933 0.06885250000000008
0 0.728395 0.981967 0.05185190000000002 0.036065599999999934
0 0.5287745592544556 0.8085092811124578 0.037229187683143546 0.07782101167315181
0 0.467901 0.955738 0.04814809999999998 0.049180299999999885
0 0.7028219592196281 0.925630145073994 0.025878395054522895 0.06364689872743522
0 0.6302469999999999 0.879508 0.05308639999999998 0.049180299999999885
0 0.441975 0.834426 0.04938270000000004 0.04590160000000001
0 0.38057837344478074 0.8148880525610768 0.05019935629533558 0.04528927728519487
0 0.294444 0.164344 0.0395062 0.06311480000000003
