0 0.5827158009259259 0.006855171600424578 0.04004845854427566 0.014889727562212523
0 0.444136 0.4368850000000001 0.04135800000000006 0.032786899999999966
0 0.439506 0.403689 0.05185190000000002 0.03688519999999998
0 0.5649553389825054 0.1775967515946702 0.060774477965010947 0.03716140318934039
0 0.4934519557598365 0.010066044458662578 0.05670564527933204 0.02203090200141526
0 0.47474901641568307 0.7187894073139974 0.028659611992945335 0.07295982705818777
0 0.5048593512466715 0.302700181268081 0.05031518760590643 0.051301662536161995
0 0.6683880685333117 0.7276152719739991 0.03335216116624976 0.03803707275259825
0 0.5220831029653835 0.42612504058984246 0.034507238755749285 0.047139182722597324
0 0.4708119714657467 0.4316938812841529 0.019886587206487484 0.04725190313404041
0 0.49691399999999997 0.507787 0.03703699999999995 0.056557399999999945
0 0.41418548281287826 0.2657665927193828 0.05059296562575643 0.036451385438765666
0 0.5100578528685548 0.35415467536965606 0.045969987799564176 0.05446789130504659
0 0.4956184609779714 0.3893039474525876 0.05741957768094889 0.035278315316618396
0 0.5786834731277981 0.5984956062826519 0.03582258026726356 0.06944726698792997
0 0.4825058028055304 0.97240921070264 0.03959027147038045 0.05622236119176302
0 0.561728 0.357377 0.024691400000000033 0.04262290000000003
0 0.5895162645163479 0.6334848445505314 0.04569952903269575 0.04450572073500269
0 0.516667 0.498771 0.044444399999999974 0.054918000000000085
0 0.5026354331908832 0.7275177111241218 0.029527668416768467 0.07576983806521335
0 0.7158611043868851 0.7605628772456159 0.027703811291320404 0.0585735204828744
0 0.558642 0.408197 0.05432099999999997 0.04262290000000003
0 0.45041800568927237 0.980636233441283 0.024191883144952388 0.04006819654710316
0 0.4905347408436213 0.26638518735937 0.06201935878721859 0.02782107497589196
0 0.49252605639675623 0.23064954537929927 0.05367942920600323 0.05011203106718094
0 0.5503968750881834 0.6020764410106287 0.033774349823633226 0.08273331797874262
0 0.5606752091744194 0.23638411933804676 0.05412205254227371 0.051666537176598595
0 0.5693766110432777 0.7779003783102144 0.0378171211504545 0.04210952981444786
0 0.5338488671822005 0.7164249684741487 0.04748338081671414 0.06597910286434874
0 0.5290669662309369 0.3400034094824815 0.041599788186879615 0.058340979170684586
0 0.7191360000000001 0.988115 0.03456789999999986 0.023770500000000166
0 0.5168964907528443 0.4606476537528126 0.0564999257806826 0.053953808534233254
0 0.46764708042846764 0.3100130821922211 0.04616319983054951 0.06264911520411447
0 0.467901 0.351639 0.03950619999999993 0.06557380000000002
0 0.4889092389092389 0.822599531615925 0.05155338488671821 0.04503693028283202
0 0.43427741466957154 0.5244294439087109 0.03413217138707339 0.03471552555448411
0 0.7077360031485922 0.020500651530251206 0.02937211840305525 0.04302983268663757
0 0.47017026183692845 0.8939830661142136 0.026624609957943298 0.072059088452531
0 0.618892984611784 0.1645171315360112 0.035983851149727936 0.07575168984538888
0 0.6677491077175122 0.3305881438893637 0.05236674273009197 0.05205500738093388
0 0.478625044456548 0.20397806407907426 0.052626511086903964 0.05597927184185154
0 0.6010039343372676 0.8451179967573409 0.0539275539275539 0.03693028283192208
0 0.48275188116876766 0.09570050607725249 0.03908922114726865 0.06423288204507116
0 0.3817750640982944 0.8824819179467996 0.04379672819658892 0.06824293589359898
0 0.4249126815124271 0.10476645486072061 0.0547643630248542 0.05215660972144125
