0 0.80504810625 0.18145100370370373 0.046349085104166694 0.09205748768518515
0 0.6136413153425984 0.0523510949594222 0.07261538068519696 0.06433697869226672
0 0.6992511218749999 0.9065387722222222 0.07859174239583334 0.051985477870370556
0 0.5677602343750002 0.060692449999999995 0.03728072552083314 0.0671478813888889
0 0.4660407274548261 0.49126640653729975 0.06961726532631923 0.08325614609206698
0 0.6518950760416667 0.009227384745370363 0.07254622375000004 0.018454769490740725
0 0.45946582582892137 0.03732355377266777 0.05817869012212616 0.07464710754533554
0 0.5917069566355051 0.5037898210443932 0.08852791455553195 0.06698507708883902
0 0.5957429361702711 0.0059782510879629654 0.04085136213220875 0.011956502175925931
0 0.5119153494374271 0.24023171399391435 0.04193427531577783 0.0820097672769899
0 0.9053018281249999 0.5318112148148147 0.07959935604166653 0.0628157472222221
0 0.7672638187499999 0.030887989513888894 0.08967532927083326 0.06177597902777779
0 0.5642572794160705 0.6886249119767921 0.06654776424880779 0.09359149965752667
0 0.6120949083333334 0.7332547268518518 0.07959935604166676 0.05415147888888896
0 0.764094672416599 0.6352996313013634 0.04424645846577739 0.09319074269680201
0 0.597484265625 0.8583444898148148 0.09471323427083327 0.05090241129629623
0 0.49387766341727507 0.7007073466057836 0.04196897368628285 0.10385781135971515
0 0.7939648458333333 0.8621352888888888 0.054409667812499764 0.11046909092592604
0 0.5607428679927401 0.7751014090618693 0.04523719296590324 0.09029189814090076
0 0.8486156256879698 0.6376596237981849 0.050210627669381225 0.10349544789130957
0 0.70781575625 0.6801861824074075 0.06952354604166651 0.08664241907407397
0 0.9059228112585932 0.33570109956445593 0.05649478757820129 0.10392077380137653
