0 0.626543 0.289344 0.03950619999999993 0.05409839999999999
0 0.512346 0.019672099999999998 0.029629599999999933 0.0393443
0 0.48734600000000006 0.623361 0.05493830000000007 0.03360660000000008
0 0.379938 0.990984 0.026543200000000024 0.018032799999999967
0 0.491358 0.586885 0.05802469999999998 0.04262289999999994
0 0.3861647637284602 0.443643771381764 0.025416327456920455 0.04138584276352785
0 0.504012 0.4475410000000001 0.03271610000000001 0.03442620000000007
0 0.643827 0.528279 0.05802470000000005 0.03852459999999998
0 0.3982482426926927 0.6359990708351795 0.02572571461461468 0.07882135832964107
0 0.638889 0.00901639 0.034567899999999936 0.0180328
0 0.35669002335669003 0.6461010190518387 0.03303303303303305 0.03655294638901195
0 0.621605 0.991393 0.03827160000000001 0.01721309999999985
0 0.492593 0.659426 0.05679010000000006 0.03852459999999998
0 0.40760337056633356 0.7442102524069737 0.02841465804428767 0.04293520686963312
0 0.530556 0.606148 0.031481499999999954 0.07131149999999994
0 0.5764055280455154 0.990074829315623 0.024966343908969322 0.01984944136875371
0 0.398765 0.409426 0.05061729999999996 0.031967200000000036
0 0.540741 0.95123 0.023456799999999976 0.035245899999999816
0 0.4935128149206815 0.4818407495393399 0.04134662984136287 0.05712389907867998
0 0.482407 0.745492 0.04259259999999998 0.06639339999999992
0 0.604938 0.304098 0.03950619999999993 0.05409839999999999
0 0.608333 0.9159839999999999 0.025308599999999966 0.031967200000000036
0 0.747531 0.306557 0.029629600000000075 0.036065600000000024
0 0.558642 0.735246 0.027160499999999983 0.07377049999999997
0 0.543827 0.979098 0.03703699999999995 0.0401638999999999
0 0.6990739999999999 0.807787 0.05 0.03852459999999998
0 0.509259 0.8204919999999999 0.027160499999999983 0.06885249999999998
0 0.53858 0.663934 0.029012299999999974 0.04918030000000007
0 0.349383 0.695082 0.04197530000000002 0.04918030000000007
0 0.429012 0.267623 0.04197530000000002 0.06147540000000003
0 0.520062 0.75 0.03271610000000001 0.07049180000000001
0 0.476235 0.722541 0.040123500000000034 0.0647541
0 0.38765399999999994 0.377869 0.044444399999999974 0.05737700000000003
0 0.601235 0.186885 0.03333329999999994 0.04262289999999999
0 0.596296 0.754098 0.04197530000000002 0.03770490000000005
0 0.420679 0.693852 0.04629629999999999 0.04672130000000003
0 0.609877 0.41885199999999995 0.03827160000000001 0.06721309999999998
0 0.53642 0.8938520000000001 0.04197530000000002 0.06311479999999989
0 0.40463 0.23975400000000002 0.04753090000000005 0.056557400000000035
0 0.45123500000000005 0.0696721 0.04814809999999998 0.05245899999999999
0 0.4304764198532525 0.4484417648287123 0.05601513970650516 0.046063829657424546
0 0.562346 0.566803 0.034567900000000006 0.06639339999999992
0 0.645988 0.707787 0.035185199999999965 0.05327869999999997
0 0.3711847291442718 0.48801851291145815 0.040392195185510876 0.0694234179679052
0 0.550926 0.40327899999999994 0.035185199999999965 0.08196719999999999
0 0.24259299999999998 0.136475 0.022222199999999987 0.06967209999999999
0 0.709259 0.669672 0.023456799999999976 0.0852459
0 0.376235 0.183607 0.04506170000000007 0.04426229999999999
0 0.705556 0.8549179999999998 0.04814809999999998 0.05573769999999992
0 0.492593 0.0622951 0.04320989999999994 0.0622951
0 0.297222 0.114754 0.026543200000000024 0.0754098
0 0.443519 0.929098 0.04753090000000005 0.05327870000000016
0 0.150309 0.782377 0.0401235 0.06639339999999992
