0 0.7644252536083879 0.6005081654701954 0.07214435253267967 0.01572786825719961
0 0.7335824460824459 0.7513444704018475 0.03644553644553656 0.03109014379506176
0 0.6867102703124999 0.776815787037037 0.0556249443749999 0.02847981250000005
0 0.7580437415986689 0.5675538961564476 0.07468219272858813 0.016604322405487752
0 0.8327263125000001 0.6037737268518518 0.05871530249999992 0.02415375
0 0.7606193427546295 0.5790492926754452 0.05665483300925895 0.014642926250714347
0 0.6134723574379651 0.5614754272290954 0.05362728237333426 0.020947589766605764
0 0.6595224417892156 0.6582948274938392 0.07555274714052279 0.02650764313011183
0 0.6463775095275993 0.5767052598027341 0.06612348561769868 0.023051971433653024
0 0.43546183054773085 0.7556743385464769 0.04529858557902973 0.020632378945767804
0 0.412970008928685 0.7807838996720724 0.07157651042388018 0.015496624266966432
0 0.6019827980303792 0.5375507043115775 0.05767986949825854 0.028698760475006996
0 0.7191582796875 0.7876308333333333 0.07880212968750015 0.014059648148148191
0 0.6256765734375002 0.5965638425925925 0.07107635953125009 0.015501668981481434
0 0.506992066977518 0.7195344018613437 0.060840909111286125 0.014857840759724341
0 0.713556537795139 0.4876474655553175 0.04133310496527767 0.016134301481005343
0 0.7695684647161865 0.7528329113921113 0.032429239008795345 0.03165629814445586
0 0.4518495609375 0.6434291898148148 0.03090283031250003 0.02992183333333329
0 0.5616124949252688 0.5078253935183117 0.06525502053367825 0.01784549715421172
0 0.5909682462224305 0.5795936700775637 0.05410679358712471 0.0185506307221357
0 0.6256765734375002 0.6140482407407407 0.07262153859374992 0.021630224537037075
0 0.17045303702855785 0.5451715476134874 0.06812666403812233 0.016006111122231388
0 0.8300293505913091 0.8922680826825853 0.07247619293179296 0.01606205702537472
0 0.5035653827016269 0.5071178575414187 0.07063835886119758 0.021619006141630145
0 0.7563243452709695 0.5068001160776204 0.039113802649782294 0.023598864241059107
0 0.7375368072576253 0.6578530334416706 0.03919653799019602 0.032516042239603846
0 0.4619859905557375 0.7243772473051314 0.052634931033227694 0.030509894954037817
0 0.8242269515624999 0.8245827546296296 0.037083296249999974 0.02379327777777786
0 0.6264500390624999 0.8505388657407408 0.06335071453124996 0.023072245370370423
0 0.5349007453125001 0.5989071759259259 0.04558165593750001 0.03100333796296308
0 0.8412244218749998 0.6520812268518518 0.02781247218750001 0.014780680555555628
0 0.3209276382889369 0.620344241313154 0.04321716762658987 0.01572824993672639
0 0.4617806906809958 0.7428485262269962 0.06012467595412752 0.02127721574170283
0 0.6606642308111592 0.8569065224156808 0.040985035352378914 0.03003257606952635
0 0.6284154777815637 0.7902420507479816 0.04177333054115913 0.01582957432590951
0 0.5668974247685186 0.4838303562924866 0.07712818287037043 0.012105157029417741
0 0.4333076625 0.5235616203703702 0.04326388734374997 0.031724326388888884
0 0.6590491104330916 0.6282722494346897 0.064001962957346 0.01940010331879423
0 0.533220284237726 0.7521147603739632 0.03393715905828305 0.03446678558933395
0 0.7260808142701526 0.620742333059514 0.045823971949891275 0.03304619510220606
0 0.7078179060057412 0.8548291644824149 0.04994191763648222 0.017232898409274094
0 0.6379812538268484 0.6517156016286296 0.052739493980290084 0.022701203257259262
0 0.571597809375 0.7429284953703704 0.03553824234375007 0.035689872685185156
0 0.16522547812500002 0.49526221990740743 0.05098953234375001 0.01550166898148154
0 0.6092689037004227 0.8083985010251729 0.06298263349459544 0.030359245105901357
0 0.34131676938880323 0.865416728646098 0.04142591165896246 0.01849735195803543
0 0.926093009892606 0.7359020286279542 0.031131220996038066 0.020902213577425263
0 0.6376469119476219 0.5149534865231283 0.058554393481011026 0.02211988783740432
0 0.8151134058718372 0.8650072025645187 0.0743884935368539 0.01543742147438778
0 0.7968014625 0.6369401620370371 0.06721353703124973 0.013338659722222175
0 0.627039286566056 0.530214298564297 0.05883084621714379 0.028210191039074132
0 0.5832290855399792 0.6301777327605937 0.059326594409830354 0.018305963642003608
0 0.7568549278176062 0.6202369534696924 0.04373329523624735 0.030699319485368536
0 0.851266959375 0.614589212962963 0.06644094749999993 0.019827731481481377
0 0.7979027004262927 0.8363632008692672 0.04073200288778871 0.023825384587639137
0 0.5283337968749999 0.5734915972222222 0.06953130562500001 0.014059648148148085
0 0.8991667593749999 0.4930992106481481 0.040173654374999875 0.029200800925925852
0 0.4897043203125 0.6376614583333334 0.04635412031249988 0.02847981249999994
0 0.7008018875953159 0.6257787852542354 0.05585980051742918 0.02933512506399028
0 0.7415132676334423 0.5468743675369359 0.06040432666122004 0.023150008333631063
0 0.4866142125 0.5614147222222222 0.055624944374999964 0.025235254629629684
0 0.6550344750000001 0.7604128935185186 0.08343754171875008 0.016583173611111012
0 0.5890862586959592 0.6500173112244708 0.02214662067997691 0.01514129157179727
0 0.5691537467700258 0.7103820037684992 0.03393715905828311 0.036143548131517766
0 0.5715228946998584 0.5422927148618594 0.046744625502174134 0.03087397095889207
0 0.8098902880152881 0.7335850007981155 0.04100122850122858 0.036316122381696105
0 0.5240847421874999 0.6172927546296297 0.05948789203125002 0.014420164351851752
