0 0.544136 0.0122951 0.03641980000000002 0.0229508
0 0.6583216485518694 0.30095589121086164 0.04755430289626109 0.06038431757827677
0 0.587654 0.415984 0.029629599999999933 0.07131149999999999
0 0.5156264511585045 0.9843388778105818 0.05640141867064536 0.02968290011654118
0 0.362037 0.759426 0.027777799999999943 0.035245900000000004
0 0.486111 0.207377 0.04382720000000004 0.049180300000000024
0 0.5298872266119595 0.7917623479236268 0.03261335322391912 0.07368919584725349
0 0.479938 0.461885 0.04753090000000005 0.045081999999999914
0 0.4410490000000001 0.443852 0.027777799999999943 0.05655739999999999
0 0.36234600000000006 0.72582 0.05185190000000002 0.03360660000000008
0 0.57037 0.277869 0.030864199999999994 0.06557380000000002
0 0.500926 0.8397540000000001 0.035185199999999965 0.033606599999999986
0 0.567593 0.46393400000000007 0.03765430000000005 0.0393442999999999
0 0.474383 0.779918 0.029012299999999974 0.040163900000000086
0 0.6484569999999998 0.458607 0.029012299999999974 0.031967200000000036
0 0.4410490000000001 0.24016399999999996 0.054938299999999926 0.03442619999999998
0 0.61142 0.760656 0.021604899999999955 0.05901639999999998
0 0.35987699999999995 0.690984 0.05802469999999998 0.03770490000000005
0 0.48487699999999995 0.013114800000000001 0.024074099999999935 0.024590200000000003
0 0.6709879999999999 0.629508 0.028395100000000045 0.03114749999999992
0 0.514506 0.9590160000000001 0.05246909999999995 0.03770489999999986
0 0.58731054750746 0.34394974705928055 0.04005329501492017 0.05640941738792642
0 0.444444 0.19877 0.05432099999999997 0.04672129999999998
0 0.4755121718433679 0.9814874384779737 0.0230505563132643 0.03538572304405236
0 0.418827 0.455738 0.021604899999999955 0.07377049999999997
0 0.458951 0.552459 0.040123500000000034 0.06557379999999993
0 0.500617 0.49754100000000007 0.05308640000000005 0.040983600000000016
0 0.5406293547612779 0.14844814923859842 0.0491608095225557 0.039518898477196786
0 0.709877 0.45245900000000006 0.055555599999999886 0.04262289999999994
0 0.471914 0.414344 0.03271610000000001 0.04836070000000003
0 0.36882699999999996 0.811066 0.04135800000000006 0.054918000000000085
0 0.366358 0.162705 0.024074099999999935 0.08114750000000001
0 0.5663375328052777 0.7451633943166809 0.05374463438944479 0.05065621136663807
0 0.6253090000000001 0.619672 0.030864200000000064 0.057376999999999935
0 0.6487649999999999 0.763525 0.05432099999999997 0.04672130000000003
0 0.6009273908445967 0.28543806939049027 0.04383008168919322 0.07087663878098048
0 0.6415993733090516 0.8040341761867765 0.05785794988883054 0.04137613523424752
0 0.633642 0.937295 0.03765429999999998 0.03688520000000012
0 0.6484569999999998 0.9758200000000001 0.03888890000000004 0.048360700000000076
0 0.37129600000000007 0.543443 0.05493830000000007 0.040983600000000016
0 0.337560903538412 0.9513190251961775 0.02916779619390315 0.0776050304249862
0 0.710802 0.704918 0.05370369999999987 0.03442620000000007
0 0.2768374472918005 0.2063157945181465 0.05861369458360095 0.03558218903629299
0 0.534568 0.294672 0.03827160000000001 0.06639340000000002
0 0.5210725186779592 0.6589852879574236 0.026990862644081685 0.0787506240851526
0 0.512037 0.431967 0.04629629999999999 0.05901639999999998
0 0.2825260408197297 0.46309748687359176 0.03494851836054062 0.07544522625281634
0 0.7046300000000001 0.116803 0.038888900000000115 0.035245900000000004
0 0.5697998573357322 0.8203560190350401 0.04311618532853535 0.0510919619299199
0 0.44645595082645834 0.6248351333598787 0.051533398347083204 0.04541263328024232
0 0.558951 0.103279 0.05123460000000006 0.034426200000000004
0 0.491667 0.173361 0.05246909999999995 0.05327870000000002
0 0.39784 0.132787 0.04259259999999998 0.06721309999999998
0 0.417901 0.312705 0.05308640000000005 0.04836069999999998
0 0.591358 0.940574 0.03703699999999995 0.0663934000000001
0 0.473457 0.9118849999999998 0.034567900000000006 0.06967209999999989
0 0.025 0.457787 0.043827200000000004 0.07459019999999991
0 0.379321 0.040983599999999995 0.04506170000000007 0.0622951
