0 0.44148391923515073 0.42312329379441355 0.036785461529698464 0.035721012411172856
0 0.5643524268280082 0.8584131053261098 0.04757872606103951 0.05619848504889891
0 0.49629600000000007 0.994262 0.025925900000000064 0.009836070000000157
0 0.38024273347639487 0.9535849734081474 0.030871733047210293 0.07152652178287486
0 0.5950619999999999 0.521311 0.07654319999999995 0.032786899999999966
0 0.6058006954988608 0.8084621974055443 0.03160880900227838 0.05356690518891154
0 0.45414614765273137 0.9805475461830718 0.03985590469453711 0.036096851319214945
0 0.6219863365747365 0.12156310774818828 0.05232322685052725 0.032755428188981923
0 0.5978329974606581 0.36275438142369665 0.025125612136385252 0.07305593144656296
0 0.6246845224606581 0.6203231191936959 0.03334615507868381 0.07410856161260818
0 0.661728 0.578279 0.0493826999999999 0.04344260000000006
0 0.393827 0.181148 0.03209880000000005 0.03278690000000001
0 0.501852 0.8864750000000001 0.04814809999999998 0.028688499999999877
0 0.383025 0.14877 0.05370370000000001 0.033606599999999986
0 0.4393603876529964 0.5183878642580736 0.052143124694007344 0.04191187148385278
0 0.570679 0.827869 0.03888889999999997 0.040983600000000016
0 0.5223504654360728 0.9660997224600718 0.05793246074550941 0.03923515720467161
0 0.436728 0.564754 0.05493830000000007 0.03114749999999992
0 0.5355840214486304 0.9020686107788644 0.04577150036560154 0.05824229015689864
0 0.507716 0.318852 0.024074099999999935 0.0754098
0 0.6348660432827318 0.6951788891402237 0.05915044403380484 0.03298704687961731
0 0.589033197271234 0.25736126532399917 0.03304440545753194 0.0672448693520017
0 0.276235 0.518852 0.024074100000000005 0.06721310000000004
0 0.815741 0.388525 0.04629630000000013 0.05901639999999998
0 0.5645500712658295 0.911066 0.04691360000000009 0.054918000000000085
0 0.6036826661950936 0.8833321229930345 0.032141467609813006 0.07595855401393095
0 0.647222 0.18442599999999998 0.030246899999999965 0.07049179999999998
0 0.316667 0.355328 0.030864199999999994 0.030327900000000015
0 0.640432 0.0836066 0.03271610000000001 0.06721309999999998
0 0.43193195107031207 0.08380706696158446 0.02682650214062421 0.06597483392316894
0 0.522222 0.8422129999999999 0.04814809999999998 0.06147540000000003
0 0.758951 0.339754 0.03765429999999991 0.04836069999999998
0 0.599383 0.9610660000000001 0.044444399999999974 0.05
0 0.245679 0.0442623 0.035802499999999994 0.0393443
0 0.376852 0.617213 0.040123500000000034 0.06393440000000007
0 0.485185 0.943443 0.04938270000000004 0.05245900000000004
0 0.50463 0.52623 0.04753090000000005 0.06229509999999996
0 0.358333 0.305328 0.05370370000000001 0.04672130000000003
0 0.751543 0.9631150000000002 0.040123500000000034 0.03114749999999992
0 0.143519 0.408197 0.06111110000000001 0.049180299999999975
