0 0.5453154545710267 0.17920236211350904 0.02796486757305836 0.07515093713426024
0 0.578704 0.712705 0.03765430000000005 0.03032789999999992
0 0.6116113852359744 0.42610006119008087 0.026160729528051315 0.07403037761983815
0 0.447531 0.245902 0.024691400000000033 0.03442619999999998
0 0.475 0.77623 0.025308599999999966 0.03114749999999992
0 0.58642 0.653279 0.04938270000000004 0.05409840000000009
0 0.46637366756524457 0.07379644759804939 0.03885766486951077 0.05732520480390122
0 0.673765 0.769672 0.026543200000000024 0.04426229999999999
0 0.561728 0.897131 0.027160499999999983 0.04344260000000006
0 0.570679 0.385656 0.05740740000000002 0.02377049999999998
0 0.652469 0.417213 0.05308640000000005 0.03770490000000005
0 0.570679 0.17541 0.021604899999999955 0.08032790000000001
0 0.611728 0.908607 0.019753099999999964 0.06967209999999989
0 0.558951 0.95 0.029012299999999974 0.06721309999999985
0 0.47901199999999994 0.272951 0.03333329999999994 0.0754098
0 0.634877 0.918443 0.025308600000000035 0.07131150000000012
0 0.603395 0.985246 0.04876539999999994 0.02950819999999999
0 0.6790119999999998 0.504098 0.03580250000000006 0.0606557000000001
0 0.558025 0.238934 0.027160499999999983 0.07786880000000002
0 0.56142 0.688525 0.04753090000000005 0.05901639999999998
0 0.492284 0.0881148 0.029012299999999974 0.041803300000000015
0 0.576235 0.9647540000000001 0.024074099999999935 0.07049180000000001
0 0.533025 0.95123 0.026543200000000024 0.07459019999999991
0 0.498765 0.9454920000000001 0.030864199999999994 0.03360659999999989
0 0.613272 0.0213115 0.022839500000000016 0.0426229
0 0.545062 0.612705 0.05308640000000005 0.045081999999999914
0 0.44541170377742784 0.3881628237323289 0.0488477075548558 0.032063547464657796
0 0.519444 0.678689 0.026543200000000024 0.07868850000000006
0 0.642901 0.765984 0.029012299999999974 0.07295080000000005
0 0.252778 0.9877049999999999 0.030246900000000035 0.02459019999999991
0 0.514815 0.554508 0.028395100000000045 0.07622950000000002
0 0.0611111 0.852869 0.023456799999999993 0.031967200000000036
0 0.442593 0.783197 0.06049379999999993 0.04344260000000006
0 0.275617 0.578279 0.025308599999999966 0.06147540000000003
0 0.505864 0.815984 0.03641980000000002 0.06311480000000007
0 0.548765 0.793852 0.04938270000000004 0.05163929999999992
0 0.63858 0.542213 0.03148150000000002 0.07459019999999991
0 0.376852 0.9491800000000001 0.027777799999999943 0.07704919999999996
0 0.43919800000000003 0.977049 0.040123500000000034 0.0459016000000001
0 0.734877 0.361066 0.040123500000000034 0.05327869999999997
0 0.433333 0.8545080000000002 0.04691359999999995 0.054918000000000085
0 0.20463 0.211475 0.05123459999999999 0.055737700000000015
