0 0.4034465415057184 0.800800488711582 0.06534460286803506 0.053778761160838975
0 0.6324548890585224 0.036166201585687875 0.04062461811704464 0.07233240317137575
0 0.5306527153938314 0.13378928797663267 0.03546062805534357 0.09803811479061585
0 0.5613837846075107 0.7578198439954694 0.06673521024917986 0.0555797475094002
0 0.7304815353143842 0.4107323172152327 0.058234490142597295 0.047021054842490015
0 0.5209337372497027 0.804600659669895 0.06333152855096576 0.05133649649297817
0 0.5133289874315089 0.18911195897201197 0.06642667076198212 0.05482958900042052
0 0.29568138535112437 0.9342681229519357 0.032951925598082174 0.09137325979276036
0 0.403832061073075 0.9872267928595285 0.05482762907054551 0.025546414280942946
0 0.6294239598623971 0.23448504222463148 0.03738444235853914 0.09557059842110736
0 0.3767821930727023 0.4429796599878567 0.046241283721993716 0.08464464008635234
0 0.33192505600231553 0.5146568731211787 0.028905296308880914 0.09222936151170984
0 0.5834601884973181 0.1018616953507686 0.06151577787031807 0.04146360899837
0 0.6879238505210261 0.5610477043980708 0.06287147708294777 0.06441099166682146
0 0.5387836760416665 0.2567039351851852 0.042322488541666675 0.07826729166666668
0 0.35397460000000003 0.610471064814815 0.04937631281249987 0.0699187500000001
0 0.6770657441800652 0.3447511596136739 0.030962704265958506 0.1007160658561725
0 0.4731425031701598 0.364924708949323 0.052903163580246944 0.07614377268041955
0 0.544543475728469 0.8312276057024458 0.05234961777297968 0.07183277245487758
0 0.46930296806057803 0.7496756877861565 0.06951390406668019 0.051458549643392096
0 0.6220174083333334 0.6746504629629629 0.036679566250000066 0.08974650462962967
0 0.5330876560826564 0.9926980032153985 0.060871531758541646 0.014603993569202792
0 0.4344162646685961 0.8414736073486648 0.048022598087192434 0.060232122104737634
0 0.5856907104166666 0.26087731481481485 0.03174192354166661 0.09079010416666668
0 0.6038717042276217 0.5414761586833675 0.03283456126774358 0.048807629866735064
0 0.5826397487199733 0.17198670327304044 0.036909183893195655 0.0864580685813529
0 0.5463996065788629 0.9622515561126864 0.03236244008175457 0.046251502698433984
0 0.24503643796092575 0.2172701867181253 0.030903828230045248 0.1017733262397279
0 0.7092587545757968 0.22659179921915817 0.04121525534740158 0.09555891790570585
0 0.4495339600848292 0.6376502390787984 0.04789052572226839 0.08301562734748563
0 0.6195859580670666 0.2828292465681606 0.0387869149320147 0.1007658699030995
0 0.6035356431886546 0.8044365553894703 0.039380830288434865 0.09827284830960516
0 0.5807067617510929 0.5124504949774242 0.03653743671729295 0.05830945444009101
0 0.642442005642289 0.8133279083317678 0.04159501351750355 0.07393861920436941
0 0.30953581562500004 0.580730324074074 0.03667956625000013 0.08765943287037042
0 0.5187128008964179 0.2348845756254624 0.029179572986029592 0.056580394073559255
0 0.4528424520289022 0.3458129253681818 0.058234490142597295 0.06886309322093721
0 0.23473516188424395 0.09250745429734228 0.04696683499368461 0.060960672569989306
0 0.23088662916666672 0.6871731481481483 0.044438670104166654 0.08974650462962967
0 0.6147426301284438 0.07615496129546673 0.04611168681938764 0.08032976055389646
0 0.453970232647861 0.2904494253117014 0.06500117385634988 0.04732441648663529
0 0.6524849081455646 0.8928821188681145 0.06452762553285751 0.054284049542448226
0 0.482872291991864 0.2141152670477147 0.05253831417624533 0.07700783032891563
0 0.46714322879712405 0.10352146710494173 0.04118744382952565 0.09284121600401976
0 0.5369703295138557 0.3200159499993986 0.06326963189592831 0.0573128795105239
