0 0.5147400258898577 0.40596295563439067 0.025776651779715127 0.056187611268781336
0 0.530664047022022 0.026439964554718653 0.02642632704371036 0.05434204696499778
0 0.45729062395729064 0.10788657509968985 0.05472138805472138 0.04253433761630481
0 0.5160742157657657 0.12649525559370847 0.03258296653319986 0.07886593542312804
0 0.5527375424906894 0.6591332490284646 0.05418626647165766 0.04027888075230717
0 0.49302073252983786 0.6398699427592384 0.03328348142283223 0.05159456407460762
0 0.5135001748984098 0.3652633955914932 0.03184826950283622 0.037128474833850324
0 0.5941775108441775 0.27359326539654405 0.03520186853520184 0.035002215330084185
0 0.500016855263597 0.2688635414045193 0.0550213445278612 0.03648647501107661
0 0.41021879046546544 0.20089728819229066 0.04142428093093095 0.03949917638458127
0 0.5061559092425758 0.32712695909392997 0.04234184851518182 0.0680775779131591
0 0.5635093543590275 0.9705767552922807 0.05256423557077147 0.03317720530835295
0 0.5228299961960093 0.9700406392065022 0.029821558252930806 0.061493777839004574
0 0.5553327428205918 0.694742145646587 0.02977027870590301 0.0353044630388226
0 0.49827634500812673 0.9699913751986041 0.028609957367638467 0.0613952498232081
0 0.420988 0.162295 0.044444399999999974 0.05901639999999998
0 0.5077563707809155 0.5493360850434174 0.025512448315298655 0.07963085549628139
0 0.46212876799299296 0.2850908682875498 0.04871543698698708 0.040363234625609215
0 0.297839 0.515164 0.043827200000000004 0.06639339999999992
0 0.5873455108024692 0.024645538989809482 0.03852219160827494 0.04995570979175897
0 0.5634298745412079 0.04688747598582188 0.04397775508842175 0.06705801214000887
0 0.5451889978158041 0.3653741782246367 0.044189904368391805 0.06269504355072665
0 0.5765925357694789 0.47292065811300177 0.04824597153895777 0.055677316226003734
0 0.4548633764681348 0.24493783018387238 0.038188548064731424 0.053898699800620314
0 0.3947782521855188 0.14492699820558264 0.047481095628962314 0.05768740358883475
0 0.6461461461461461 0.3018387239698715 0.042709376042709364 0.0693398316349136
0 0.45680478578340816 0.49842295860753083 0.03152400222867363 0.05568318990693508
0 0.6066066066066066 0.2463447053610988 0.05672339005672338 0.04430660168365087
0 0.5048381715048381 0.05028799291094373 0.028028028028028035 0.08551174124944616
0 0.22441600311978646 0.023560049379707574 0.02964647223890556 0.0481390948604342
0 0.524383 0.930328 0.05864199999999994 0.04426230000000017
0 0.602778 0.355328 0.054938299999999926 0.04836069999999998
0 0.22539205872539203 0.06734603455914931 0.047047047047047034 0.038546743464776254
0 0.592284 0.395082 0.04382720000000004 0.07213109999999998
0 0.6959573953038005 0.9078385452541673 0.02386139641041595 0.036506405841024936
0 0.6582309657953881 0.5161277135031275 0.0609587143252978 0.03556682065328482
0 0.5484482685101768 0.25286876270491804 0.05618916297964642 0.06311457459016397
0 0.5483317770353687 0.12511091896322551 0.04581225507173843 0.06612729809481614
0 0.4245912579245912 0.37904297740363313 0.02836169502836169 0.08462560921577318
0 0.39043199999999995 0.553279 0.05987649999999997 0.040983600000000016
0 0.46648192135128 0.7173591371052529 0.03562945368171018 0.07417935438651135
0 0.548457 0.888115 0.04506170000000007 0.056557399999999945
0 0.337346 0.488525 0.033950600000000046 0.06229509999999996
0 0.5485909504120113 0.5263619017951015 0.034456467552271206 0.05198395701101979
0 0.614506 0.838934 0.048765400000000014 0.040163899999999995
0 0.594337409460133 0.7072349207585374 0.04559983578194189 0.06561270978544446
0 0.459877 0.82459 0.03827160000000001 0.05901639999999998
0 0.8383020645727426 0.8609531213918354 0.04573912914548533 0.06288964278367094
0 0.5560141794711377 0.010456349800620296 0.025776112195528864 0.02295083606557376
0 0.6467300633967299 0.17766947275144 0.05188521855188515 0.047408063801506424
