0 0.48456800000000005 0.359016 0.034567900000000006 0.06557380000000002
0 0.5069009581993944 0.335439346767708 0.04722766664337288 0.038215027466749166
0 0.46697500000000003 0.385656 0.029012299999999974 0.0647541
0 0.425617 0.295902 0.026543200000000024 0.04262290000000003
0 0.437654 0.378689 0.025925900000000064 0.07213110000000003
0 0.6555672169287212 0.2983914347123415 0.03582573385744222 0.07055396942468295
0 0.38516194638947115 0.49587845542066195 0.025739466177498255 0.07381685965047943
0 0.6663580000000001 0.988934 0.03148150000000009 0.022131099999999935
0 0.662037 0.906148 0.05123459999999992 0.04180330000000013
0 0.539198 0.25082 0.026543200000000024 0.08032790000000001
0 0.490123 0.23975400000000002 0.030864199999999994 0.035245900000000004
0 0.599383 0.986066 0.03827160000000001 0.027868900000000068
0 0.512346 0.680738 0.06172839999999999 0.03032789999999992
0 0.46327199999999996 0.633197 0.05617279999999996 0.02868850000000006
0 0.471296 0.32377 0.03888889999999997 0.05081970000000002
0 0.545679 0.9409840000000002 0.04567900000000003 0.032786900000000146
0 0.589198 0.290574 0.04753090000000005 0.06967209999999999
0 0.675 0.8864750000000001 0.05493830000000007 0.05163929999999992
0 0.540432 0.481967 0.024074099999999935 0.06229509999999996
0 0.491358 0.72541 0.03333329999999994 0.0540983999999999
0 0.665741 0.67582 0.03271610000000001 0.03360660000000008
0 0.494444 0.597131 0.029629599999999933 0.056557399999999945
0 0.45 0.195902 0.030864199999999994 0.07377050000000003
0 0.46296300000000007 0.8561479999999999 0.04938270000000004 0.04344260000000006
0 0.576235 0.233607 0.04753090000000005 0.05245900000000002
0 0.48119035795481013 0.43491319395298483 0.054973115909620285 0.04031898790596967
0 0.58179 0.185656 0.05 0.04344260000000001
0 0.475617 0.811475 0.05246909999999995 0.04754099999999996
0 0.547222 0.075 0.021604899999999955 0.0647541
0 0.323765 0.06106559999999999 0.022839500000000016 0.06967210000000001
0 0.576543 0.962295 0.04567900000000003 0.03934430000000009
0 0.8858019999999999 0.632787 0.024691399999999895 0.07704919999999996
0 0.526235 0.559836 0.05123460000000006 0.032786899999999966
0 0.695679 0.714344 0.05432099999999997 0.031967200000000036
0 0.523148 0.9114750000000001 0.035185199999999965 0.06393440000000007
0 0.587037 0.0422131 0.028395100000000045 0.07459019999999998
0 0.6197530000000001 0.72418 0.04074070000000003 0.0647541
0 0.587037 0.734016 0.044444399999999974 0.06803279999999996
0 0.141358 0.0418033 0.025925899999999995 0.040983599999999995
0 0.556481 0.8893440000000001 0.04382720000000004 0.06557379999999993
0 0.544444 0.839344 0.04320989999999994 0.07377049999999997
0 0.46975300000000003 0.9508199999999999 0.03827160000000001 0.07049180000000001
0 0.48456800000000005 0.092623 0.05061729999999996 0.0409836
0 0.223765 0.298361 0.04629629999999999 0.04754099999999996
0 0.127778 0.8495900000000001 0.05185190000000002 0.05
0 0.5511879804332634 0.3928240024744819 0.02212904728627996 0.0363439529848438
