0 0.473457 0.585246 0.059259300000000036 0.03442620000000007
0 0.31142000000000003 0.975 0.042592600000000015 0.048360700000000076
0 0.5315359849925216 0.5981755141885752 0.032321849570309515 0.07573972464402327
0 0.5468621399890993 0.4864626574502642 0.028497520021801392 0.07953318509947149
0 0.5227991279194495 0.9896534440002687 0.023537944161101006 0.020693611999462572
0 0.4258129670829612 0.6735728755048814 0.04051543416592232 0.03793287060281651
0 0.6098976008148378 0.7461526610237538 0.035845101629675434 0.033288522047507554
0 0.5117953331186259 0.010727002476835354 0.0265435259259259 0.022737014290805414
0 0.38370820398110655 0.016144561701068563 0.02792522987454393 0.032289123402137125
0 0.8064417552866396 0.3990829410809933 0.037892678156704475 0.0559974030189904
0 0.446487682777278 0.16744543754894803 0.028527922159744153 0.03954342703258779
0 0.5721532165735036 0.45714997426869086 0.024829666852992593 0.07914325146261827
0 0.5153509173349138 0.7412601469980838 0.055672108846973226 0.03516576701542025
0 0.5384990253411305 0.11614787283467179 0.032113760183935615 0.03517621291564345
0 0.5632447061380704 0.5984608878760974 0.04624311227614094 0.060855875752194706
0 0.47714363600632176 0.7562577597121262 0.04825515910121624 0.03984312895313134
0 0.5299268358792002 0.8779022973987956 0.026520271758400292 0.05416529479759119
0 0.4835598367184389 0.257717477525119 0.03098864994026287 0.061640666314119505
0 0.4697703955639158 0.7161532893967274 0.03846655672026382 0.053615012748258736
0 0.528812901828947 0.8357444949367377 0.032636683430678694 0.03670691012652452
0 0.24154758145233934 0.5399193883099979 0.047292162904678615 0.03885537661999581
0 0.578971939247598 0.5209535844514761 0.04189387849519609 0.0632195689029522
0 0.5202981048634877 0.5222928153743226 0.02607039027302457 0.08656226925135488
0 0.5624264864450516 0.9844130172601451 0.033171127109896774 0.031174865479709886
0 0.521605 0.797131 0.04074069999999996 0.06803279999999996
0 0.6213658002456538 0.7191186080530125 0.05603469950869228 0.043730083893974814
0 0.49726345778977354 0.1811077188557775 0.026365771979807124 0.0764916705382624
0 0.4605039140938172 0.19385895259507535 0.049402528187634354 0.05463956477732793
0 0.43589501005749104 0.6353000100071475 0.04508851581117295 0.06125313853675598
0 0.51142 0.35 0.04876539999999994 0.05901639999999998
0 0.4403966808338393 0.8496371943026069 0.02792956891317543 0.08519215264713785
0 0.6040084346453741 0.08242517578150926 0.026551031943819577 0.07341871328067961
0 0.49787697712880574 0.4132781394629212 0.045136354257611463 0.05606397892584233
0 0.5632259392025906 0.7240058022507391 0.05379452159481893 0.061825095498522005
0 0.6018367721210282 0.48894807208411717 0.039799436935842786 0.06805924416823433
0 0.41514585169565654 0.03532223312205481 0.041403203391313016 0.06408706624410965
0 0.41044122948876527 0.6175620631124731 0.047158828111042446 0.05777688330393261
0 0.6072863868280308 0.8643519798670886 0.043451126343938225 0.07293584026582307
0 0.617684784351451 0.8232458408102437 0.0550860074669598 0.04577389823291469
0 0.47253100000000003 0.9672129999999999 0.030246900000000035 0.05245900000000004
0 0.5605640149293388 0.8374000625756562 0.044496469099154834 0.0624789891769822
0 0.5331541218637993 0.2793660761501851 0.05301672640382317 0.054038868323638294
0 0.6602450734517918 0.030704503827902036 0.057527546903583644 0.036818907655804076
0 0.416358 0.332377 0.05987649999999997 0.03852459999999998
0 0.6302270011947432 0.21565970386039135 0.057248108323377074 0.04594130089899523
0 0.5872693001349527 0.03271553726687463 0.04768299973009451 0.03456892546625075
0 0.6608603037174465 0.7734420146598133 0.04157218442932724 0.06782444721554792
0 0.44845699999999994 0.379098 0.05246909999999995 0.05163930000000002
0 0.35349098654624567 0.9582773907014244 0.035377873092491366 0.06409558140284852
0 0.42046246515332536 0.22433566895822316 0.04592293906810035 0.050733738762559474
0 0.2401498896041297 0.4807573192385514 0.029076095406909846 0.07783788247925016
0 0.592187816231532 0.943563558183284 0.04857316332726171 0.05751142166084376
0 0.6729308379528435 0.9841440222991132 0.06110150589961562 0.031711855401773785
0 0.234568 0.112705 0.05802469999999998 0.0319672
0 0.35777591193208325 0.4039517694181773 0.03731691389122125 0.07370855184374618
0 0.3995476583195881 0.1333211654609411 0.03436297295946415 0.07085020242914979
0 0.6609748276414944 0.6507953404908909 0.051650289745527884 0.04790291675537575
