0 0.5369608119791667 0.09793379722222223 0.017442112187500077 0.1360867594444444
0 0.5907410895833334 0.4536822407407407 0.04069834026041666 0.07543947379629601
0 0.6868881690878157 0.16062521856850756 0.02499559212726664 0.05854096000652223
0 0.2956783385416666 0.21922836851851846 0.03682228916666664 0.1065027440740742
0 0.3400100401041667 0.13195647962962972 0.029554703177083277 0.08875222657407425
0 0.6544526541666668 0.07056839351851847 0.042151810364583396 0.08431464231481477
0 0.4667635574304027 0.1746695469665856 0.020460237725388807 0.13053533680756962
0 0.4374569162166319 0.7743725764793429 0.04658925122661562 0.06040640432181779
0 0.4686458333333333 0.458119825 0.05717142005208326 0.057688956296296376
0 0.5879330166935683 0.2818886357248749 0.028762051214936926 0.07108545143649142
0 0.6394336723958334 0.6304475175925925 0.03149276796875 0.11537791259259254
0 0.5391412526041667 0.4684747898148149 0.03633777296875002 0.11094032833333337
0 0.7184075364583333 0.4559019351851851 0.019864614687500056 0.1212947517592593
0 0.41656171562499994 0.5631438555555557 0.038275759270833494 0.08135631296296297
0 0.8225757718750001 0.256948737037037 0.047965847760416715 0.08727315212962952
0 0.4880256963541667 0.9868117337037038 0.03003921937499996 0.026376532592592462
0 0.472839578540839 0.023080885162036994 0.02679808557126151 0.04616177032407399
0 0.5224253260416666 0.9905097356249998 0.0319772056770832 0.018980528750000128
0 0.45994855181415545 0.9657529172220183 0.025145880330022408 0.06849416555596333
0 0.4439365276041667 0.6393226861111111 0.023256149583333396 0.13016992027777763
0 0.5920733913410123 0.5367870472202835 0.04308005644607083 0.057149757226100446
