0 0.4159378627949066 0.7010533740279804 0.018741474410186806 0.08805645194403922
0 0.510794389502941 0.5540296970217148 0.036519940533902104 0.04377306668955453
0 0.5704220800206838 0.5171229937344435 0.05752698597375737 0.03776499871255687
0 0.5743003037941955 0.6956484421938031 0.05558787408700148 0.05321431636769368
0 0.6034986267080343 0.31906077803407434 0.02757064781849905 0.07769682861986084
0 0.5558448548687868 0.47322343133851175 0.03885000973757345 0.04316776267702334
0 0.6012862775515481 0.9630074671701999 0.028763492986878685 0.07038022487340156
0 0.6983024691358025 0.28090846994535523 0.02700617283950617 0.08111338797814206
0 0.6180919139034322 0.9211655651875374 0.04621549996768155 0.05021028237919489
0 0.7412255187124297 0.7447858552913913 0.030702604873634576 0.07939232683889792
0 0.399618641328938 0.23474379881555227 0.05203283562794909 0.04806454381598146
0 0.39531700405274384 0.7100870792807484 0.027671208105487684 0.07755135856149682
0 0.4345226552905435 0.18775212428117755 0.029409863615797244 0.08196721311475408
0 0.46263977764850367 0.4252853832289074 0.0500937237411932 0.05578920264354991
0 0.5156421692198306 0.7072354304351557 0.028763492986878685 0.045489657540125225
0 0.5746038881132441 0.38108955686207197 0.030864199999999994 0.041803300000000036
0 0.467463316614957 0.9407155097287785 0.027519233229914005 0.04372561945755736
0 0.5237540758596729 0.41509761857995026 0.03710176360610171 0.05985711886104191
0 0.4194945381681856 0.9482018710840271 0.05494150345808285 0.047635396103338716
0 0.608025 0.765164 0.027160499999999983 0.07786879999999995
0 0.5138646499903045 0.33473521586129945 0.05494150345808285 0.05578920264354991
0 0.5116621812123542 0.14975324748993135 0.04677688068691526 0.05445572635997504
0 0.7181177687285888 0.749506480130461 0.03037941955917533 0.07338425886190025
0 0.6830521621097536 0.5825680199124538 0.062374765690647024 0.04420221440219723
0 0.5477763739254088 0.4009526177581323 0.0511087478508176 0.051240417217406194
0 0.5897438029345227 0.415642377568449 0.03633554712688254 0.06992544141275422
0 0.43322991403270633 0.8145223585958287 0.036519940533902104 0.07123852029868677
0 0.5169349104776678 0.28323749034417645 0.05332557688578635 0.04892283924126685
0 0.5049770538426733 0.5920092695905931 0.046215499967681414 0.06823448631018789
0 0.36277551548057657 0.48837009698738304 0.057850171288216685 0.03604840786198608
0 0.4789606360286988 0.3733585099991417 0.06075883911835045 0.041198180413698396
0 0.4399926648859156 0.8983111500622266 0.02806884085708746 0.07488167700197418
0 0.10931069958847738 0.3357667349726776 0.02572016460905351 0.0482411202185792
0 0.5676572083591882 0.3277056984593597 0.050129316718376254 0.05869039691871944
0 0.44696528989722706 0.3195004720624839 0.05364876220024559 0.051926873229765684
0 0.4151315364229849 0.051497725517122984 0.051386464999030455 0.06523045232168913
0 0.34758580570098896 0.7398506565960002 0.046215499967681484 0.05063943009183759
0 0.4939887531510568 0.8896232083082996 0.044922758709844225 0.061797270620547434
0 0.547439019180657 0.12039820749900733 0.0495535904993806 0.0626808100289296
0 0.0169753 0.05942619999999999 0.0327161 0.06803279999999999
0 0.4717067774481288 0.06391298482748262 0.05328995489625754 0.055849251356106765
0 0.24093465192941632 0.28688524590163933 0.05074009437011182 0.04334391897691188
0 0.8425892962103857 0.7552731001563293 0.03951230757922873 0.06978229968734155
0 0.25359392193135544 0.040811926160844565 0.045459043862710845 0.048837052321689126
