0 0.5572603346289752 0.42079882115072703 0.050248340034026964 0.038318942301454016
0 0.5753182503457226 0.4573959440146556 0.04728698227326267 0.04969864084747728
0 0.4660222656720324 0.4150550956279325 0.032488906687606345 0.06718460107455249
0 0.4430048422981285 0.5116433991774315 0.034026959822012856 0.03736314661414587
0 0.5372007799441928 0.7377306807868459 0.0242750543757587 0.03886815841687312
0 0.49738130403088604 0.00866448973614088 0.04131469421105434 0.019165256755488615
0 0.6625070314119075 0.7646341942839172 0.027681558456938097 0.07508747100680112
0 0.5837194553679711 0.12233550828506051 0.02743087070627755 0.046124326070207944
0 0.518030020428102 0.7917600345952747 0.05580720608698225 0.03891968392499118
0 0.4902086248069624 0.366545354809419 0.04955264961392478 0.03444679834617392
0 0.5734600261440475 0.016192161853385855 0.03835238151201853 0.033652865657765166
0 0.5038181974490686 0.2778734420929155 0.06072289489813716 0.037429272913166896
0 0.5448676002268463 0.580432138098824 0.0331544736727304 0.041707698546023304
0 0.5261701235909348 0.3206512834342235 0.027361362555075736 0.06946612918669984
0 0.5338524625921564 0.4490818513583966 0.035990053657898174 0.03968024097781375
0 0.5728842818904594 0.390287233752824 0.05782607915412464 0.050683135460232856
0 0.4524931291715744 0.3873892139257371 0.03162762291148631 0.04779007125065167
0 0.6408499336081664 0.2674058637968487 0.04927775351393779 0.03519348586862075
0 0.559626875531126 0.08106500269362218 0.05831059353487775 0.04279964565834444
0 0.555556 0.701639 0.03209880000000005 0.03442620000000007
0 0.4765595294856694 0.5656374450950007 0.03409901894167433 0.07245563173550373
0 0.4912432855756227 0.3234955032410357 0.0479195711512455 0.059143500845739425
0 0.46001171529141033 0.3328506754228697 0.03709387517995031 0.04448807161849043
0 0.47161386498494956 0.07517379601170132 0.04936567003010077 0.051291807976597346
0 0.5889991816985093 0.9649454339301743 0.060483153662788586 0.03779468039873396
0 0.5680692588306504 0.35055600428662453 0.052187617661300895 0.046150923709668085
0 0.5211916834887647 0.7207303917266187 0.039121799259851354 0.07483437713959978
0 0.49116779353258133 0.7221252612749145 0.031371965411374644 0.06339581939301028
0 0.5209745543744274 0.15418659250130337 0.025101451823495973 0.07568520577535769
0 0.4588274307758582 0.28177620364942363 0.041678767672206934 0.06479784551931878
0 0.46842569371700915 0.0252939702818166 0.044695530508659397 0.05194348502867404
0 0.46816464383530215 0.6931643282482212 0.03157161232939571 0.07760514350355788
0 0.4907952618658116 0.12301146798934137 0.05544647626837674 0.03922226402131727
0 0.5081658582015869 0.6689044923448126 0.05828334028925014 0.04127244343082909
0 0.4400923705480061 0.7738727051145968 0.05329070077271509 0.04285096512953575
0 0.5916838511960801 0.7309374502260487 0.02958785908458405 0.08311861293391508
0 0.4305719146708546 0.41866998783525455 0.04187933516555426 0.07327810925099923
0 0.6153538914610192 0.7824803049299022 0.055696142370775754 0.04390866294389454
0 0.5935532150716464 0.6693782092709439 0.0601920273869794 0.05016523102370557
0 0.4499515855725006 0.8919961427193827 0.054768821108690406 0.05143040822886532
0 0.7315628978298843 0.8086645437748162 0.029013825976255982 0.04403034949089909
0 0.6059755191445273 0.05753342600069513 0.030905481363695864 0.08652035763772228
0 0.5060357731374747 0.9812363583313648 0.048254703495570574 0.03825105086219112
0 0.8088933579129658 0.6869853868407388 0.031003854533266356 0.058044655440991036
0 0.6426335076671292 0.9527802711768318 0.034688867541893494 0.0753531440449756
0 0.5069260760711692 0.8832929680810029 0.037998847857661645 0.06456086383799421
0 0.6240916558958252 0.3552150510760007 0.046586133743401724 0.05479031144934247
