0 0.6398149999999999 0.00737705 0.020370399999999997 0.0147541
0 0.586111 0.344262 0.03271610000000001 0.03770490000000005
0 0.6751934821679936 0.45643470597518 0.03532896966655123 0.03856309915734632
0 0.553704 0.527459 0.06790119999999995 0.03360660000000008
0 0.48858 0.0118852 0.030246900000000035 0.0221311
0 0.613889 0.273361 0.05617280000000003 0.033606599999999986
0 0.5296813426848967 0.35682555762601503 0.03940191463020654 0.07323438474797003
0 0.580864 0.8237699999999999 0.03950619999999993 0.05245899999999995
0 0.396296 0.244672 0.05061729999999996 0.035245900000000004
0 0.502939176693204 0.6422630177570092 0.027454446613591803 0.06957276448598139
0 0.6805553552469136 0.9807379389344263 0.0265436104938272 0.03688477786885243
0 0.346914 0.988934 0.028395100000000045 0.022131099999999935
0 0.609877 0.783197 0.029629599999999933 0.03032789999999992
0 0.457099 0.517623 0.05123460000000006 0.03360660000000008
0 0.45123500000000005 0.492623 0.05432099999999997 0.036065599999999934
0 0.63642 0.762705 0.030864199999999994 0.031967200000000036
0 0.559877 0.013524599999999998 0.03209880000000005 0.023770500000000003
0 0.174691 0.620902 0.028395099999999975 0.03688519999999993
0 0.586728 0.0754098 0.024074099999999935 0.07868849999999998
0 0.528395 0.15082 0.06049379999999993 0.0377049
0 0.347222 0.85041 0.033950600000000046 0.04344260000000006
0 0.558642 0.351639 0.030864199999999994 0.07213110000000003
0 0.487654 0.793443 0.04691359999999995 0.032786899999999966
0 0.507716 0.467213 0.05370370000000001 0.0393442999999999
0 0.556173 0.791393 0.05432099999999997 0.03360660000000008
0 0.334568 0.829508 0.04197530000000002 0.04918030000000007
0 0.647839 0.297541 0.030246899999999893 0.07049180000000001
0 0.665432 0.838115 0.0506173000000001 0.03360660000000008
0 0.375309 0.0155738 0.025925900000000064 0.022950800000000004
0 0.504012 0.128279 0.040123500000000034 0.051639300000000006
0 0.606173 0.82623 0.04691359999999995 0.05737700000000003
0 0.18765400000000002 0.590574 0.04814809999999998 0.05
0 0.40486912528845037 0.18857067398881566 0.02976824942309915 0.07531815202236862
0 0.713272 0.18688500000000002 0.020370399999999924 0.07540980000000003
0 0.35925900000000005 0.281148 0.027160499999999983 0.07049180000000001
0 0.583642 0.983607 0.033950600000000046 0.032786900000000146
0 0.665123 0.891393 0.026543200000000024 0.07459019999999991
0 0.645679 0.360246 0.055555599999999955 0.05
0 0.542284 0.737295 0.05 0.05163929999999992
0 0.612346 0.227049 0.03827160000000001 0.0639344
0 0.4990740000000001 0.189344 0.05123460000000006 0.0393443
0 0.332099 0.209836 0.04938270000000004 0.050819699999999975
0 0.516358 0.847131 0.04629629999999999 0.04344260000000006
0 0.62716 0.10737700000000001 0.05555560000000003 0.04262289999999999
0 0.462346 0.10901599999999999 0.04074069999999996 0.0622951
0 0.49382699999999996 0.0622951 0.06049380000000007 0.05901639999999998
0 0.82037 0.29877 0.028395100000000045 0.07622950000000002
0 0.558333 0.121721 0.05617279999999996 0.04836069999999999
0 0.287346 0.409016 0.04012349999999996 0.06721310000000004
0 0.46142 0.930738 0.030246900000000035 0.07459019999999991
0 0.62963 0.557787 0.05185190000000002 0.05819670000000005
0 0.36821 0.421311 0.03641980000000002 0.08032789999999997
0 0.818827 0.956557 0.0561728000000001 0.05245900000000004
