0 0.520679 0.615164 0.025308599999999966 0.03688519999999993
0 0.572531 0.00819672 0.025308599999999966 0.016393399999999995
0 0.5520281566578484 0.5066743689695551 0.04673708932980628 0.033255061124121826
0 0.616667 0.994262 0.04691360000000002 0.011475400000000024
0 0.539815 0.925 0.029012299999999974 0.03032790000000011
0 0.7256170000000001 0.11065600000000002 0.06481480000000003 0.024590200000000003
0 0.584259 0.521721 0.024074099999999935 0.07622950000000002
0 0.5738292970838654 0.39357462216412287 0.05357600583226898 0.039080655671754304
0 0.459259 0.339344 0.04320989999999994 0.055737700000000015
0 0.530247 0.9610660000000001 0.04938270000000004 0.0401638999999999
0 0.476543 0.302869 0.04320989999999994 0.056557400000000035
0 0.280864 0.601639 0.05185190000000002 0.03770490000000005
0 0.605556 0.758197 0.04074069999999996 0.06885250000000008
0 0.655556 0.355738 0.023456799999999976 0.049180299999999975
0 0.587346 0.162295 0.029012299999999974 0.0393443
0 0.489815 0.537705 0.026543200000000024 0.07049180000000001
0 0.278086 0.634426 0.05864200000000001 0.032786899999999966
0 0.529321 0.547541 0.054938299999999926 0.036065599999999934
0 0.475926 0.8467209999999998 0.04938270000000004 0.03442620000000007
0 0.696296 0.9450819999999999 0.020987700000000026 0.03114749999999992
0 0.372531 0.21516399999999997 0.033950600000000046 0.06311479999999997
0 0.649691 0.681967 0.05123459999999999 0.03770490000000005
0 0.466667 0.564754 0.044444399999999974 0.04918030000000007
0 0.46821 0.771311 0.04753090000000005 0.05409840000000009
0 0.458333 0.905328 0.026543200000000024 0.07131150000000012
0 0.577778 0.435246 0.05308640000000005 0.04426229999999999
0 0.289506 0.24385199999999999 0.028395099999999975 0.028688499999999967
0 0.572839 0.806148 0.027160499999999983 0.07459019999999991
0 0.436111 0.286885 0.045061699999999934 0.07049180000000001
0 0.458642 0.508197 0.034567900000000006 0.07213109999999993
0 0.540432 0.885246 0.04135800000000006 0.06229510000000014
0 0.19938300000000003 0.8975409999999999 0.03209879999999998 0.07377050000000017
0 0.3740740000000001 0.0672131 0.020987700000000026 0.06721310000000001
0 0.60679 0.027049199999999995 0.027160499999999983 0.05245899999999999
0 0.491358 0.920902 0.039506200000000075 0.0598361000000001
0 0.52963 0.4766389999999999 0.05555560000000003 0.041803299999999946
0 0.53179 0.297541 0.05370370000000001 0.031147500000000012
0 0.719444 0.310246 0.05740740000000002 0.03852459999999998
0 0.396605 0.347951 0.04135800000000006 0.0598361
0 0.502778 0.130328 0.03271610000000001 0.055737700000000015
0 0.49321 0.884836 0.06172839999999999 0.05327870000000016
0 0.424383 0.187705 0.03765430000000005 0.08852460000000002
0 0.511111 0.764344 0.04197530000000002 0.05819670000000005
0 0.737963 0.693443 0.0561728000000001 0.03114749999999992
0 0.578086 0.9233610000000001 0.054938299999999926 0.03852459999999998
0 0.656173 0.795492 0.04567900000000003 0.05163929999999992
0 0.57037 0.65 0.04938270000000004 0.057376999999999935
0 0.37037 0.794262 0.05185190000000002 0.03114749999999992
0 0.170062 0.763115 0.02901229999999999 0.06885250000000008
0 0.249383 0.175 0.044444399999999974 0.058196700000000004
0 0.825617 0.152459 0.045061699999999934 0.0393443
0 0.45679 0.0684426 0.04691359999999995 0.045082000000000004
0 0.208642 0.502049 0.04814809999999998 0.04344260000000006
