0 0.3019287484375 0.35714032777777777 0.02613520656249998 0.008561023888888838
0 0.2829061828125 0.21459925 0.012571378749999933 0.017978152777777777
0 0.3811612125 0.21449219444444445 0.017202950625000036 0.016908014999999974
0 0.42631877031250004 0.28330150000000004 0.036060018749999874 0.008561023888888892
0 0.2541241953125 0.17575364555555556 0.015879613749999983 0.006634781111111097
0 0.38331139374999995 0.32257522222222224 0.020180351406249977 0.01262751611111115
0 0.4352512406250001 0.3261064888888889 0.02282697156249996 0.00898906333333337
0 0.36528138437499996 0.4121446888888889 0.027789377656250024 0.0145537327777777
0 0.38430394999999995 0.3528596722222222 0.028120158281249925 0.01369762777777776
0 0.18472829519267558 0.2658191232253597 0.02595908522910119 0.009552575895163836
0 0.44559911210144576 0.40910026155849105 0.013379216890858636 0.009513640216351229
0 0.2696728140625 0.2231603 0.02183446890624999 0.019690336666666648
0 0.2546204734375 0.22583564444444446 0.026135206562499923 0.013055555555555523
0 0.36180797343750004 0.188488165 0.024811923281249964 0.016265942777777764
0 0.4185444609374999 0.21727459444444444 0.013233047187499913 0.019048264444444463
0 0.32459032968749996 0.33070805 0.017202950625000036 0.008346991111111134
0 0.34907141875000003 0.35071960555555554 0.026466040781250064 0.012413483333333341
0 0.3965447625 0.19276866388888889 0.02613520656249998 0.011557378333333349
0 0.3689209359375 0.17446949066666667 0.014556330468750052 0.004494531666666685
0 0.43260478124999996 0.2166325222222222 0.012240544531249913 0.019048264444444463
0 0.2475133954591215 0.30812382247863845 0.01647028824246277 0.016442302430482204
0 0.324921003125 0.185063745 0.013894662031250012 0.010273233888888903
0 0.31880059687499995 0.3497563666666667 0.013563827812499932 0.015195805000000041
0 0.3685897265625 0.401229461111111 0.026466040781250064 0.012841522777777767
0 0.314169025 0.29689207222222225 0.028120158281249984 0.01091530611111106
0 0.4269409338309773 0.2710297900825705 0.01943972672445463 0.01055667627625212
0 0.2550205938290482 0.2571124591277998 0.015681336599086364 0.013744756939222266
0 0.46243444467464057 0.42109028703294904 0.018084892369468798 0.020633789822990634
0 0.3924094687500001 0.17832196055555555 0.013233047187500032 0.011771411111111105
0 0.27430438593749995 0.3187227888888889 0.01918790234375004 0.017336054444444398
0 0.34278540781250005 0.1828164922222222 0.015879613749999955 0.01904826444444444
0 0.36246985625 0.20710849444444443 0.026796875000000022 0.011129312777777756
0 0.22583848593750003 0.3604577444444444 0.02348863999999997 0.015195804999999988
0 0.33170275625 0.21171005555555555 0.012902212968750012 0.01776412000000002
0 0.32078570937500006 0.2658584944444444 0.018195399687500037 0.016908015000000026
0 0.400183778125 0.3363799055555556 0.02150368828125 0.015837877222222223
0 0.387777896875 0.2010086777777778 0.020511185624999997 0.016908015
0 0.3601540703125 0.38581972777777773 0.018195399687500037 0.014125693333333326
0 0.39869494375000003 0.39844706111111106 0.028450992500000005 0.011129312777777782
0 0.37537201562499994 0.3407673555555556 0.028120158281249984 0.008346991111111134
0 0.3463989569053074 0.3220189024317917 0.013190306382013203 0.018696372528553697
0 0.3161632606766279 0.39644378776863115 0.0146244800773592 0.011573911208048921
0 0.14639522950581946 0.35212003102707895 0.013473559636638951 0.01992289872082459
0 0.37462671207225795 0.29696250583773137 0.020013617113266057 0.015764711675462794
0 0.4174292765187392 0.37310211188368236 0.03001996086877181 0.011737342899301844
0 0.257928815625 0.3264276555555556 0.02282697156249996 0.014339699999999995
0 0.3085448968749999 0.3390549888888889 0.028120158281249984 0.010487240555555598
0 0.3512216 0.2166325222222222 0.028781826718750025 0.010487240555555546
0 0.29663529375000003 0.25686922222222225 0.016210447968749975 0.017336054444444454
0 0.38744668749999994 0.28629775 0.018526233906249998 0.017122047777777784
0 0.18300305351484875 0.3427838555456754 0.014569491717197547 0.020084936091350973
0 0.35113672776094845 0.2954084660847618 0.030274800884353206 0.010029797830476533
0 0.40436724942963526 0.3576151031404739 0.012006440578020635 0.017215832947614466
