0 0.5973955833333332 0.3767207944444445 0.03784724999999997 0.03814971444444445
0 0.5789928333333333 0.7484474000000001 0.01562501249999997 0.07816033796296301
0 0.5838539583333334 0.302747587037037 0.019791674999999977 0.07443840629629626
0 0.4307290833333333 0.9759498629629632 0.02118054374999995 0.04001062351851845
0 0.5900534862794824 0.5207107736341424 0.02004992890817121 0.08331417352276392
0 0.5499998958333333 0.20039474999999998 0.03125002499999994 0.04652397555555554
0 0.5236113333333333 0.2194692666666667 0.027777768750000043 0.05303732759259264
0 0.6206594583333334 0.08268853333333333 0.02395833749999999 0.06792505425925925
0 0.46706282953834116 0.43566176464331213 0.01885766220657293 0.08015247916236969
0 0.49258789277456644 0.8227780312226425 0.031013133012203 0.04639479583268427
0 0.5848957083333333 0.930821711111111 0.03159719999999998 0.04466306648148159
0 0.5270830833333333 0.7642650703703703 0.015277781249999952 0.08188215611111102
0 0.4902775833333333 0.7907841314814814 0.024305568750000006 0.03256676018518518
0 0.42621502083333335 0.71727635 0.018402806250000008 0.07350789499999998
0 0.5335068333333334 0.9765763383796295 0.030208331250000005 0.0468473232407409
0 0.4704714397496088 0.5019486988720423 0.026652973395931135 0.04717925036558157
0 0.3916668333333334 0.20597759074074076 0.0277777687500001 0.05768977055555556
0 0.5136377492063492 0.08445879341736055 0.02241448174603183 0.06438635038750112
0 0.5270830833333334 0.6205063537037038 0.015972243750000104 0.045593464259259364
0 0.5496528333333333 0.9564099203703702 0.0284722312499999 0.04001062351851845
0 0.48934873963957354 0.13215509203611775 0.033597714020931174 0.04238273604714506
0 0.5005403305653364 0.29299676711555156 0.0369081259194053 0.04178039532070678
0 0.6994792083333333 0.6474897055555556 0.024652800000000023 0.05675925925925922
0 0.44565952083333327 0.11153358888888892 0.018402806250000008 0.07909073574074073
0 0.6506947083333334 0.11572128703703706 0.027777768749999984 0.050245907222222205
0 0.5612847708333334 0.3167046888888889 0.02465280000000014 0.05024590722222218
0 0.4628912363067292 0.5737004754696974 0.03447769953051652 0.03997130933750639
0 0.5414932083333334 0.8866232759259258 0.02951386874999997 0.05303732759259232
0 0.5102429583333332 0.2497106 0.028819462499999973 0.05024590722222223
0 0.40399289583333337 0.09431964074074074 0.022569468749999898 0.07629931537037035
0 0.5197504820799214 0.8280406905293081 0.030344734230491412 0.03694517624824077
0 0.5014198815540704 0.8556918164674429 0.037838960282193315 0.02789798261414186
0 0.5111452063492063 0.001624639496053426 0.02840400396825397 0.003249278992106852
0 0.5692705833333334 0.5442071518518518 0.013541681249999963 0.09583937148148154
0 0.6184027083333333 0.8070672277777778 0.01874998124999993 0.0483848846296296
0 0.5581595208333333 0.6065492518518519 0.028819462499999914 0.04001062351851845
0 0.5505722346610915 0.4990525678511934 0.03329431282766038 0.043797769280638374
0 0.49131933333333333 0.18829821666666666 0.031250024999999994 0.04094113481481485
0 0.48096796988599866 0.9818822364010935 0.03276942310533079 0.036235527197813
0 0.5387150208333333 0.302747587037037 0.012152756250000073 0.07816033796296296
0 0.5310762708333333 0.9187251777777778 0.028125 0.0521068162962965
0 0.47777770833333333 0.4013781518518518 0.02361110625000003 0.08002124703703707
0 0.44319481126760557 0.27131441566812686 0.030834555868544555 0.04983997921930183
0 0.4373201312003968 0.14501436329831294 0.021502861607142522 0.07287677257936506
0 0.3534719583333334 0.8749921685185185 0.023611106249999972 0.06513352037037058
0 0.33159745833333326 0.1906242111111111 0.029861100000000106 0.07536880407407409
0 0.43680577083333333 0.9415219666666667 0.029861100000000106 0.04745448685185183
0 0.5366320833333333 0.708902088888889 0.014236087499999902 0.09025653074074064
0 0.5173613958333333 0.6991315499999999 0.024305568750000006 0.06513352037037047
0 0.6086804583333333 0.9956513374999999 0.024999974999999945 0.008697325000000084
0 0.5127762840791275 0.441808445168702 0.02910303764182321 0.0455800276611765
0 0.42486844697334614 0.8626540825659503 0.028843348667308887 0.05485001351485963
0 0.5135414583333333 0.38742104999999993 0.016666649999999984 0.07443840629629621
0 0.5515943504499217 0.5706209793829157 0.029861099999999988 0.035358180555555424
0 0.5479163958333333 0.7940409777777778 0.026388899999999892 0.057689770555555665
