0 0.5606996113168724 0.8176685070127506 0.019890306310013713 0.03242262422586529
0 0.3435190000000001 0.517623 0.05 0.031967200000000036
0 0.2181688194034361 0.7291613131778057 0.025390561193127836 0.07118517364438841
0 0.6589510000000001 0.3 0.027777799999999943 0.06721310000000004
0 0.7567499712587977 0.6399915222345641 0.029710857482404558 0.07575445553087175
0 0.48368390960960955 0.980449612007089 0.028929380780780785 0.03910037598582184
0 0.455556 0.45532800000000007 0.023456799999999976 0.04344260000000006
0 0.5310142921254587 0.20146218588834736 0.060193415749082366 0.046256228223305246
0 0.241667 0.753279 0.020370399999999997 0.08196720000000003
0 0.462346 0.4 0.028395100000000045 0.08196720000000003
0 0.569444 0.758197 0.025308599999999966 0.07213109999999993
0 0.5215213983733733 0.9801726957465663 0.0495493032532532 0.039654208506867426
0 0.535802 0.62459 0.03209880000000005 0.07049180000000001
0 0.437346 0.37541 0.025308599999999966 0.07213110000000003
0 0.5496915441358026 0.9066028045537341 0.05617321172839517 0.03269559089253189
0 0.5292183032921811 0.9489524727231329 0.05637899341563794 0.03815995455373416
0 0.700926 0.509016 0.05 0.036065599999999934
0 0.40925899999999993 0.168443 0.05802469999999998 0.035245900000000004
0 0.436728 0.0840164 0.030246900000000035 0.06967209999999999
0 0.554321 0.846311 0.04197530000000002 0.05327870000000007
0 0.334568 0.584016 0.029629599999999933 0.0647541
0 0.41821 0.45 0.05123460000000006 0.03114749999999992
0 0.521296 0.8672130000000001 0.05246909999999995 0.04262289999999994
0 0.339198 0.48688499999999996 0.052469099999999984 0.03114749999999992
0 0.630247 0.0446721 0.05802469999999998 0.04508199999999999
0 0.42654300000000006 0.297131 0.03580250000000006 0.07131150000000003
0 0.41759300000000005 0.79959 0.029012299999999974 0.040163900000000086
0 0.68642 0.427049 0.023456799999999976 0.07868850000000002
0 0.600617 0.878689 0.03580250000000006 0.049180299999999885
0 0.49691399999999997 0.628689 0.04320989999999994 0.04918030000000007
0 0.65463 0.236066 0.025308600000000105 0.04426229999999999
0 0.678086 0.034426200000000004 0.03271610000000001 0.0606557
0 0.431481 0.506557 0.04197530000000002 0.08196720000000003
0 0.488272 0.770082 0.04938270000000004 0.05819670000000005
0 0.529012 0.756967 0.03333329999999994 0.07295080000000005
0 0.314815 0.45614799999999994 0.06419750000000005 0.02868850000000006
0 0.427778 0.239344 0.04814809999999998 0.049180299999999975
0 0.467593 0.0913934 0.03888889999999997 0.0909836
0 0.518519 0.265984 0.05555560000000003 0.040163899999999995
0 0.518519 0.819262 0.04197530000000002 0.054918000000000085
0 0.568827 0.645492 0.031481499999999954 0.07131149999999994
0 0.540123 0.531967 0.05308640000000005 0.05081969999999993
0 0.475 0.288525 0.04876539999999994 0.049180299999999975
0 0.6342589999999999 0.8536890000000001 0.05493830000000007 0.041803300000000036
0 0.5 0.589754 0.04814809999999998 0.05983609999999991
0 0.478704 0.230328 0.03271610000000001 0.06885249999999998
0 0.601235 0.82623 0.05432099999999997 0.04426230000000008
0 0.614506 0.9631150000000002 0.035185199999999965 0.07213109999999993
0 0.466358 0.690164 0.029012299999999974 0.08196720000000003
0 0.34321 0.816803 0.03333329999999994 0.045081999999999914
0 0.71821 0.779508 0.03765429999999991 0.04754099999999996
0 0.583642 0.939344 0.04876539999999994 0.05245900000000004
0 0.745679 0.10041 0.028395100000000045 0.04508199999999999
0 0.485494 0.487705 0.035185199999999965 0.06393440000000007
0 0.565741 0.168443 0.05864199999999994 0.04344260000000001
0 0.3211591220850479 0.23497267759562837 0.04286694101508917 0.058287795992714005
0 0.594753 0.295902 0.04629629999999999 0.05737700000000003
0 0.394753 0.115574 0.04135800000000006 0.0606557
