0 0.5531056297790958 0.5648201691155543 0.028708417029148236 0.04899051079575553
0 0.44543622730270604 0.5725653740853255 0.0350475887453026 0.039194168990414155
0 0.35349459557420265 0.48626165109213715 0.024383481980452735 0.04415342039162114
0 0.4558397440521584 0.10584158935201657 0.029430480842556506 0.045078039395754714
0 0.4717812545085431 0.19651962438916104 0.04106026762711519 0.032266386093803404
0 0.45129067779289206 0.2588696704586576 0.03583873070343569 0.030747967924683168
0 0.5438394988852181 0.15500846151176814 0.025899918049482964 0.04680242770498782
0 0.48884313594915946 0.24764393308707505 0.01980409343902097 0.05642608127722863
0 0.4608583393206495 0.5872926244309492 0.024752430958260754 0.05035735432313065
0 0.5444872004609878 0.3426673731669763 0.02523742846445026 0.0421361041930844
0 0.46264964062499997 0.4938066601851852 0.023220797187500076 0.02728600064814825
0 0.434329232758595 0.15693839150051808 0.042896994066143536 0.03607735022850141
0 0.40801357850769104 0.5684238626642201 0.026658215638464475 0.04975481908630486
0 0.5606660535048126 0.39277517274794155 0.020411462519837543 0.05751008815542607
0 0.40097883757309477 0.14338269880002394 0.02461409153289722 0.04667593804030801
0 0.6426118247877507 0.4813110925132783 0.019809624439254138 0.03748748748748746
0 0.5717906563420044 0.5080872141061511 0.04420671880880853 0.023549804902657352
0 0.30768617812500004 0.3610720703703704 0.018481887187499997 0.05968808740740741
0 0.5339254553199091 0.4385649706604714 0.020886147694717454 0.051910921156795416
0 0.5976519400475415 0.10161848881915113 0.02412982972306376 0.04517294053132472
0 0.4485516237278035 0.6631132666637335 0.03672821547644022 0.041116610191051735
0 0.5548116030146265 0.47609836977841014 0.03401910419972935 0.043274917819924444
0 0.4253412215661219 0.5324696443069962 0.044224835459648185 0.024104888434782493
0 0.5257028888394496 0.7498360230236238 0.040845978590464384 0.03434551795859338
0 0.741336778460565 0.20210618658109492 0.021605471098573404 0.05196092024887338
0 0.49771778958333335 0.6271099351851852 0.027959783958333397 0.03240208675925931
0 0.5297846766000057 0.16742160905995992 0.03523125025752165 0.05117334662622155
0 0.5286749521002797 0.6529829024798062 0.02539221710843294 0.053734239084131365
0 0.47189054583333334 0.4787427444444444 0.029381426250000096 0.04831889157407414
0 0.5107548023915023 0.6489717464801764 0.02186780368874975 0.04874836339313091
0 0.5097956255968452 0.10883097512247188 0.03718367203226241 0.043274917819924506
0 0.5489570816772829 0.08714608298268758 0.025474629357574347 0.028755009401787074
0 0.44985424583333333 0.3786943759259259 0.02701197124999991 0.04831889157407414
0 0.5102307536738185 0.2624759136103179 0.024920971681196964 0.03606243151660377
0 0.46596690833333326 0.42616017037037046 0.02037743583333344 0.05343504703703701
0 0.5201595852483908 0.49541075086690733 0.030538079583943063 0.02666721909517283
0 0.5470023614583333 0.25420225370370375 0.042176590729166644 0.030128247592592607
0 0.5496617083904893 0.2978995198902606 0.04089529987806747 0.03852880658436217
0 0.4877279656766217 0.554903222558902 0.041308011637942954 0.03257217012131622
0 0.5595403942690295 0.5311001359362796 0.04743239649920099 0.029501136972176153
0 0.5181666872823963 0.5530622073226356 0.027976339176594086 0.05086897547163089
0 0.5410109506566982 0.597577912013514 0.029993829836243317 0.04345254268008297
0 0.42852884375 0.45458333333333334 0.03933322937500018 0.03524440305555553
0 0.48293635611822183 0.7002074014269887 0.03773747140295539 0.032930694042793286
0 0.5470023614583333 0.22833678703703703 0.046915500729166656 0.021601368055555577
0 0.6499943524506281 0.5447575839348759 0.03710916236636403 0.025264791202860376
0 0.6212962962962963 0.3665929559713712 0.03417781207133051 0.04048108590458315
0 0.43417135539190826 0.12825058141963358 0.04447998003228974 0.02854059366038368
0 0.5166970799628336 0.35710007258896254 0.044973901882426344 0.026936468871193404
0 0.2957862042216385 0.6956549700655377 0.02396580807224732 0.05086201386891652
0 0.4896614583333333 0.5850445694444444 0.03459424260416656 0.036949765092592624
0 0.8838931540929671 0.2502323725906481 0.017630358480732276 0.047201756477592616
0 0.4824466338478191 0.6193417044290908 0.025328650637695384 0.02709752006188532
0 0.4405707042601868 0.30067362067724696 0.020411462519837543 0.05285993251249558
0 0.45884608349306455 0.3417658123790613 0.04208875217268844 0.035967530381033806
0 0.4891134596000499 0.5335214747430745 0.03331946885418695 0.03206074793304681
0 0.5158684431148267 0.2000341591893042 0.04394954175291937 0.03662545276191825
0 0.5174169151249945 0.6035088028206701 0.02536919612040401 0.05151999953547225
0 0.5126665970684019 0.5156464378623481 0.042925614975375656 0.031178983364475873
0 0.4218943083333333 0.4784584018518519 0.04217659072916658 0.03979201203703703
