0 0.3523307530744539 0.8143004997951326 0.07944145585169717 0.06723992329983794
0 0.3414264992902466 0.17094143467399725 0.09007598266950675 0.05650253273962378
0 0.06754093749999993 0.23393722962962962 0.06657663750000005 0.06778986296296297
0 0.005821509202103314 0.8553181710854753 0.011643018404206628 0.04815236456857585
0 0.2580037400212635 0.6398379722597474 0.09685876020786933 0.06686247385068088
0 0.41548890939628075 0.9897712382505549 0.07126891491838272 0.02045752349889043
0 0.16311016666666672 0.28574873703703707 0.07946242708333338 0.05713727148148138
0 0.12814125411293506 0.008361426525653031 0.06242008991173774 0.016722853051306063
0 0.32535200010447735 0.4700221644028862 0.10958498974216523 0.04198576437843384
0 0.27271192212690304 0.795454988012219 0.06361587707479781 0.0450782484993301
0 0.10075772807885836 0.027341741683265648 0.07892195276196763 0.054683483366531296
0 0.5047933649866398 0.6071855601856911 0.06699413738068713 0.06666004740841955
0 0.2582345054673967 0.9189045351111289 0.09110219785222272 0.04104091415914455
0 0.16958358339048932 0.38805192943398775 0.05219943129858251 0.09280763003440598
0 0.11478976041666655 0.15404190740740736 0.07946242708333338 0.07844257259259264
0 0.8596042617568075 0.9270230817183974 0.06983397032271081 0.07311735043671248
0 0.020586491197988187 0.6340594009309856 0.041172982395976374 0.0850064089590502
0 0.7298967705573017 0.3607660072718309 0.06056970378587122 0.06364872551010402
0 0.16700433691238878 0.9623954872394026 0.06170261761390172 0.04378413610221957
0 0.08794328304398166 0.472842995261924 0.10308564016203738 0.0475070203376509
0 0.017603666552354784 0.7044048944208325 0.03520733310470957 0.03900610537677949
0 0.39037737897201835 0.13427139578879324 0.05596283923121348 0.1052544749649427
0 0.0315680937500001 0.1254736851851852 0.04617410833333331 0.0929690055555556
0 0.09620609710791056 0.42530948525939416 0.09515210619570193 0.06563786008230454
0 0.3359690630527831 0.39233897631246933 0.09398887101652503 0.06923501324538235
0 0.3675561131281169 0.6566548430349693 0.08876394544015428 0.04142477748193353
0 0.5464332324788523 0.585692017170276 0.06866545662437128 0.0479913338075961
0 0.3303488633864005 0.9175329241395911 0.07557374870539917 0.07311735043671248
0 0.3418862050465869 0.21374837065228267 0.09124256946817427 0.0636210031398791
0 0.16533023488410467 0.7100435698029622 0.04591822706150867 0.09511726118758158
0 0.3313054931168486 0.6949455918366794 0.10092443656227369 0.04335276530318321
0 0.21531413830001742 0.7684943130724283 0.09518465817958485 0.05025469808776993
0 0.6882241707603475 0.6849102922336978 0.08264454463189187 0.052477612794323836
