0 0.34894476535659 0.7709179325211811 0.04775927813644434 0.05188750187998198
0 0.5480131793100711 0.4622845395603817 0.030169504981938013 0.07485108850350532
0 0.5563881854002992 0.3311227643194238 0.031594178507295304 0.07108805223546948
0 0.7432059322368162 0.3934688105588436 0.017946594091428923 0.03482951867176454
0 0.6986485622660294 0.9435254302882072 0.02718515344484269 0.04017018648863041
0 0.4298293391430646 0.7147018643522983 0.028443476155894484 0.043193506910961056
0 0.3867935213500963 0.7484834812252469 0.052101030694302816 0.03759963904346522
0 0.5231784071653353 0.864472838315654 0.029351246671508083 0.05504660880745748
0 0.5999174126973873 0.01201866983415936 0.02647869743037612 0.024571123922988946
0 0.4438452378177197 0.6729589523947284 0.06040894573953036 0.04127309604628736
0 0.5815002787224093 0.3413187966467958 0.03228563784137667 0.07593170625931445
0 0.3536977491961415 0.4912761583469506 0.030566472152752985 0.07695956986980133
0 0.5403199212660373 0.8390629444631951 0.0383386130476881 0.062471989569270345
0 0.5482057452190753 0.7855513897701702 0.051313031469377844 0.05056227992606888
0 0.6409704277921332 0.06147540983606557 0.026557565317255238 0.044319481509721696
0 0.5675892498997192 0.6594365863762798 0.031198466818202028 0.0642125821151684
0 0.60538615073832 0.8104748178399228 0.028637042507867354 0.07946823638701386
0 0.6675895666908739 0.9124879459980711 0.027687000726216496 0.04982320797171325
0 0.7086661825223917 0.9047532947605271 0.05144032921810709 0.045202507232401046
0 0.4550519231626331 0.5759898206782269 0.028970004902616205 0.06657986624844653
0 0.6336132644272179 0.10484178421654593 0.0581395348837209 0.04098360655737704
0 0.4854938546296297 0.021721274999999998 0.052469190740740745 0.043442549999999996
0 0.547138047138047 0.24478390461997018 0.0579872802095024 0.03949329359165425
0 0.5786369696683612 0.750357856975249 0.03345404100702011 0.07794168630665375
0 0.4984416606148632 0.7019447123111539 0.05552529653836839 0.0466088074574092
0 0.3437219073998387 0.025369574733760464 0.0266388166810779 0.051805164451106715
0 0.5346736763132414 0.7553841835663773 0.059603949092229484 0.04982333338154937
0 0.424925435119115 0.8319546799017397 0.05398874919771963 0.05464480874316937
0 0.16842689043209877 0.4575435450819672 0.052806712962962965 0.05827356557377049
0 0.22569444444444445 0.5436731557377049 0.049672067901234566 0.04994877049180328
0 0.4301191376021307 0.9617406681642212 0.05578951157182449 0.035606748554222516
0 0.14752955404496146 0.823612589921722 0.053084208089922924 0.035749379843444194
0 0.47093380259115714 0.08479791874761723 0.033225705182314096 0.08107133749523444
0 0.8262429095762428 0.7977403633141338 0.03586920253586921 0.0646876384581303
