0 0.608642 0.9967210000000001 0.024691400000000033 0.006557380000000105
0 0.479938 0.0360656 0.03765430000000005 0.06393440000000002
0 0.5000326605264876 0.8656431607251278 0.053563263439806656 0.051175297076936466
0 0.5291576124907672 0.2910009713289898 0.02687067501846578 0.03275155734202042
0 0.64321 0.0836066 0.03827160000000001 0.06557380000000002
0 0.539198 0.985246 0.025308599999999966 0.026229499999999833
0 0.59769809554235 0.33656085541962316 0.028730091084699896 0.07804051083924635
0 0.49691399999999997 0.393852 0.06049379999999993 0.03688520000000002
0 0.535494 0.24385199999999999 0.05987649999999997 0.04344259999999996
0 0.565123 0.981967 0.025308599999999966 0.036065599999999934
0 0.527778 0.35123 0.03950619999999993 0.05819669999999996
0 0.39759932938957476 0.011429903233151184 0.04259283641975303 0.02313290755919854
0 0.498765 0.343033 0.034567900000000006 0.06803279999999996
0 0.179938 0.57377 0.030246900000000035 0.032786899999999966
0 0.6926682478269085 0.86895268768819 0.03688600434618295 0.04570062462361994
0 0.6969937676726108 0.9222155586911267 0.037196735345221554 0.03951371738225336
0 0.59537 0.9168029999999999 0.03641980000000002 0.06147540000000003
0 0.556481 0.363934 0.05 0.049180299999999975
0 0.599074 0.844672 0.030246900000000035 0.08278690000000005
0 0.665123 0.663115 0.03271610000000001 0.06557379999999993
0 0.3395059999999999 0.184426 0.030864199999999994 0.06885250000000001
0 0.554321 0.8717210000000001 0.05185190000000002 0.03852459999999998
0 0.6081357764079623 0.619441832478357 0.03355505281592446 0.07167076495671398
0 0.462346 0.360246 0.04320989999999994 0.056557400000000035
0 0.487963 0.687705 0.04876539999999994 0.040983600000000016
0 0.615741 0.262705 0.031481499999999954 0.07622950000000002
0 0.429012 0.915574 0.034567900000000006 0.03114749999999992
0 0.5200795105117905 0.7791156914107902 0.05119827897641913 0.03685051717841967
0 0.583951 0.947131 0.05308640000000005 0.06147540000000003
0 0.07191360000000001 0.42950800000000006 0.020370400000000004 0.07868850000000002
0 0.3740740000000001 0.332787 0.044444399999999974 0.03442619999999998
0 0.6206789999999999 0.563525 0.04012349999999996 0.054918000000000085
0 0.433025 0.653279 0.04753090000000005 0.05901639999999998
0 0.6447530000000001 0.732377 0.05246909999999995 0.06311480000000007
0 0.49382699999999996 0.975 0.05308640000000005 0.04672129999999984
0 0.275617 0.808607 0.03148150000000002 0.06803279999999996
0 0.32623500000000005 0.24549199999999996 0.05493830000000003 0.04672130000000003
0 0.408951 0.153279 0.05493830000000007 0.04590160000000001
0 0.5683297407064472 0.09945357527322404 0.05024038141289441 0.05792345054644808
0 0.4221193603909465 0.050523664253187606 0.052880620781893005 0.04694902850637523
0 0.32314800000000005 0.08975409999999999 0.04506170000000004 0.059836099999999996
