0 0.44845699999999994 0.52582 0.021604899999999955 0.06803279999999996
0 0.5485642179933156 0.49633185399873203 0.028988472819043726 0.04619146816411563
0 0.466667 0.571721 0.04074069999999996 0.02704919999999995
0 0.48148100000000005 0.402869 0.027160499999999983 0.07459019999999995
0 0.526235 0.202869 0.05370370000000001 0.033606599999999986
0 0.749074 0.703279 0.05 0.05245900000000004
0 0.587346 0.9799179999999998 0.029012299999999974 0.02540980000000009
0 0.546296 0.277459 0.04938270000000004 0.028688499999999967
0 0.6439514925670146 0.5669300115840956 0.029878885134029164 0.05353242316819127
0 0.508333 0.631967 0.04382720000000004 0.04754099999999996
0 0.376852 0.57582 0.027777799999999943 0.03360660000000008
0 0.39598800000000006 0.252459 0.024074099999999935 0.03442619999999998
0 0.655556 0.130328 0.022222200000000056 0.036065600000000024
0 0.398148 0.805738 0.025925900000000064 0.05081969999999993
0 0.572839 0.761066 0.03827160000000001 0.04672130000000003
0 0.478395 0.942213 0.027160499999999983 0.04344260000000006
0 0.623457 0.9606559999999998 0.044444400000000044 0.040983600000000016
0 0.5397639389006095 0.16624805558207095 0.034052022198781104 0.03471648883585807
0 0.432407 0.537295 0.027777799999999943 0.048360700000000076
0 0.312037 0.495492 0.03888889999999997 0.06311480000000007
0 0.525617 0.313525 0.035185199999999965 0.06147540000000003
0 0.345988 0.459426 0.026543200000000024 0.04344260000000006
0 0.3985299080434486 0.16025943613576668 0.05972948391310279 0.03521862772846664
0 0.4990740000000001 0.141393 0.035185199999999965 0.0647541
0 0.4723125853949253 0.2399760346164297 0.027341270789850537 0.08159126923285936
0 0.440741 0.593852 0.04074069999999996 0.048360700000000076
0 0.570679 0.24877 0.029012299999999974 0.07786880000000002
0 0.61821 0.232787 0.03641980000000002 0.0639344
0 0.439506 0.883607 0.05432099999999997 0.03114749999999992
0 0.422839 0.213525 0.06296300000000005 0.03688520000000002
0 0.49537 0.611066 0.04876539999999994 0.06639339999999992
0 0.665741 0.558607 0.025308600000000105 0.04672130000000003
0 0.620062 0.294262 0.03765429999999998 0.03770489999999995
0 0.455864 0.338115 0.05246909999999995 0.04344259999999996
0 0.425 0.369672 0.05740740000000002 0.032786899999999966
0 0.501543 0.973361 0.029012299999999974 0.05327870000000016
0 0.322531 0.284426 0.025308599999999966 0.03442619999999998
0 0.552778 0.340984 0.03641980000000002 0.07377049999999997
0 0.541358 0.717213 0.04320989999999994 0.05901639999999998
0 0.547222 0.608197 0.026543200000000024 0.07377049999999997
0 0.40463 0.0987705 0.04753090000000005 0.03852460000000001
0 0.4672839999999999 0.17377 0.04567900000000003 0.057376999999999984
0 0.520679 0.9020490000000001 0.029012299999999974 0.03688520000000012
0 0.185802 0.559426 0.030864199999999994 0.06311480000000007
0 0.458333 0.013114800000000001 0.05864199999999994 0.026229499999999996
0 0.529938 0.748361 0.04753090000000005 0.057376999999999935
0 0.47901199999999994 0.675 0.03827160000000001 0.0598361000000001
0 0.604321 0.939344 0.04567900000000003 0.05901639999999998
0 0.449383 0.9360660000000001 0.05555560000000003 0.049180299999999885
0 0.609877 0.57377 0.034567900000000006 0.07377049999999997
0 0.585802 0.715574 0.05061729999999996 0.05901639999999998
0 0.52963 0.4274589999999999 0.05432099999999997 0.04836070000000003
0 0.638889 0.729508 0.05308640000000005 0.055737700000000015
0 0.207099 0.35 0.027777800000000016 0.05901639999999998
0 0.15740699999999996 0.779918 0.02962959999999999 0.07459019999999991
0 0.65463 0.0614754 0.048765400000000014 0.0508197
0 0.808642 0.17827899999999997 0.03950619999999993 0.06639339999999999
