0 0.6048952331207857 0.009840381020372853 0.03324676624157133 0.01968080204074571
0 0.5288445877715886 0.16880055365716512 0.046255578357601204 0.06509797136554349
0 0.5826537083480307 0.5056793171545667 0.05493067854203412 0.04494503469945355
0 0.6844609460946095 0.9819793864632367 0.041700281139225054 0.03634961856841424
0 0.542901 0.4573769999999999 0.04876539999999994 0.04918030000000007
0 0.5477476484420929 0.3282347775175644 0.027741034685479102 0.07928376268540203
0 0.6009918789241623 0.5493706961943793 0.030379557848324537 0.058069692701014884
0 0.5852403451940035 0.6289618269125684 0.05232942131099355 0.04428165452771265
0 0.5654648061410795 0.020090607040745705 0.031323229829961864 0.04027209272243609
0 0.541685038212816 0.5132708821233412 0.0303130511463845 0.05025370804059323
0 0.532716 0.41844300000000006 0.05679010000000006 0.03852460000000002
0 0.5005049024398188 0.09862018253384662 0.02801394182220914 0.04974263592715948
0 0.4859942466738583 0.9909955435301608 0.043305765312237905 0.019234442145472125
0 0.6719835373865558 0.3509300164268974 0.028371447323864648 0.07742245704879475
0 0.5718143738977073 0.6845238095238096 0.054196061140505576 0.036104605776737006
0 0.5446037435284747 0.9161819143310418 0.0333532457188371 0.03437334743521951
0 0.4279651675485009 0.4991217798594848 0.02810846560846557 0.06440281030444973
0 0.5717885170047031 0.5543275720530836 0.030364764932392693 0.06767194410616705
0 0.579012 0.46393400000000007 0.03703699999999995 0.06885250000000008
0 0.5530663033552369 0.9442590108540454 0.05699961152927132 0.04002507718138546
0 0.3982899271474065 0.2505358280715982 0.03969811979234826 0.045762613682442214
0 0.5012676366843034 0.6452478532396565 0.02884332745443857 0.07903981264637004
0 0.5419312166225749 0.5872268239071039 0.05149911878306886 0.04919974797033563
0 0.7002356658900404 0.4981152875075566 0.04485685975201525 0.05778599623057507
0 0.4776343642857142 0.4030104106947697 0.027976421340388115 0.0873242215456675
0 0.37473280111678225 0.31266292069744545 0.04536927976268374 0.0344667786595609
0 0.5192202384332745 0.5689451731459797 0.046950469635508606 0.07015024699453552
0 0.45921691260301645 0.16815173666681085 0.04413824554545748 0.059907435442709475
0 0.4076680022150559 0.9400276828582551 0.03029414638913323 0.07245123058955832
0 0.5033470836713698 0.5320355646174864 0.044392580041152256 0.07753717138953936
0 0.4841564565013721 0.31083501943324976 0.04653129628590956 0.06382957081343806
0 0.3694745757190788 0.8188070418270686 0.041532297468972884 0.0540680825295212
0 0.4638587576142545 0.8747134391625937 0.05081598749144924 0.04822872961633288
0 0.5888849445824952 0.8939139998952498 0.049303829921508315 0.0646833918189913
0 0.143827 0.577459 0.056790100000000024 0.048360700000000076
0 0.5448060197400566 0.08131839612439984 0.03941496465682923 0.07223495825944028
