0 0.46821 0.627459 0.029012299999999974 0.045081999999999914
0 0.540123 0.00696721 0.03950619999999993 0.012295099999999998
0 0.41391981390936755 0.3005419888858675 0.02290052781873505 0.0748541777717349
0 0.6667644785632788 0.47648791383342404 0.029176560397285285 0.03684625297956648
0 0.6529268321982331 0.14701064554813145 0.048466735603534025 0.061716108903737084
0 0.525 0.637705 0.029012299999999974 0.07377049999999997
0 0.357716 0.606148 0.027777799999999943 0.035245900000000004
0 0.606481 0.608607 0.022839500000000016 0.05819670000000005
0 0.33334354640600317 0.7990985052734829 0.02841559281200632 0.07688651054696617
0 0.510185 0.806148 0.054938299999999926 0.03852459999999998
0 0.48209899999999994 0.051639300000000006 0.04320989999999994 0.0491803
0 0.45458143762214037 0.39735622583326863 0.041454724755719374 0.06594234833346285
0 0.358642 0.573361 0.05308640000000005 0.035245900000000004
0 0.511728 0.837705 0.05555560000000003 0.03770490000000005
0 0.436111 0.290164 0.029012299999999974 0.055737700000000015
0 0.583287888755778 0.26164232415507727 0.02972012248844419 0.07343615168984531
0 0.564815 0.123361 0.030864199999999994 0.06311480000000001
0 0.5644653103636418 0.6684525121649445 0.04420143708091985 0.05148748596457162
0 0.7078286817623312 0.5525988656670033 0.05529225908372837 0.035350788594514855
0 0.56358 0.310656 0.03827160000000001 0.040983600000000016
0 0.475309 0.308197 0.04938270000000004 0.04426229999999999
0 0.620679 0.4668030000000001 0.031481499999999954 0.056557399999999945
0 0.49629600000000007 0.687295 0.034567900000000006 0.031967200000000036
0 0.6363350344084605 0.6500891805240463 0.059024975358375885 0.040043843908787326
0 0.473148 0.932787 0.027777799999999943 0.07049180000000001
0 0.355556 0.537705 0.05802469999999998 0.03934430000000009
0 0.43642000000000003 0.0864754 0.05432099999999997 0.035245900000000004
0 0.628704 0.784836 0.03765430000000005 0.03688519999999993
0 0.48734600000000006 0.022541 0.05246909999999995 0.0434426
0 0.644136 0.304098 0.030246899999999965 0.031147500000000012
0 0.47284000000000004 0.853279 0.025925900000000064 0.08360659999999999
0 0.495988 0.343852 0.05246909999999995 0.040163899999999995
0 0.5829720086068692 0.1898104412943827 0.039368720484465505 0.058573507901483975
0 0.51595415559505 0.5057957779076996 0.026115788809899856 0.07693224418460105
0 0.363889 0.657377 0.040123500000000034 0.05409840000000009
0 0.46697500000000003 0.260656 0.03271610000000001 0.049180299999999975
0 0.362037 0.025 0.025308599999999966 0.048360700000000006
0 0.503704 0.905738 0.025925900000000064 0.06393440000000007
0 0.530247 0.139344 0.03827160000000001 0.06557380000000002
0 0.5606665631809139 0.5931821294712921 0.056445173638172086 0.04970044105741598
0 0.278086 0.310246 0.03395059999999998 0.07295079999999995
0 0.5968812535793693 0.13052209821692176 0.0431458071587385 0.06760159643384353
0 0.2713592905769118 0.051786948185844145 0.05876758115382367 0.0347214963716883
0 0.644136 0.611475 0.05370369999999994 0.04918030000000007
0 0.441975 0.47254099999999993 0.05061729999999996 0.04344260000000006
0 0.705556 0.297951 0.055555599999999886 0.04344259999999996
0 0.440123 0.0442623 0.05432099999999997 0.04590160000000001
0 0.586728 0.787295 0.03641980000000002 0.06803279999999996
0 0.507407 0.277049 0.04567900000000003 0.05901639999999998
0 0.430864 0.940574 0.044444399999999974 0.04672129999999984
0 0.366667 0.389754 0.05555560000000003 0.040163899999999995
0 0.469136 0.758607 0.034567900000000006 0.06967210000000008
0 0.6447530000000001 0.835246 0.03765429999999998 0.07377049999999997
0 0.412963 0.158607 0.05308640000000005 0.04836069999999998
0 0.020987699999999998 0.304918 0.04197530000000001 0.07377049999999997
