0 0.7846884505208335 0.6392653722222221 0.056571204374999934 0.1228005133333334
0 0.6770052083333336 0.2750021388888889 0.07741311703124995 0.09796444500000014
0 0.6179534708333333 0.7806923055555557 0.08436047484374995 0.06071042666666644
0 0.7325840708333333 0.4667927222222222 0.047638841249999925 0.10624324666666675
0 0.7370675061498225 0.23090901607764253 0.0514878468311623 0.13292174694912978
0 0.37975765677083323 0.35020000555555547 0.04664633859375004 0.11866119666666664
0 0.973479789986979 0.3667572722222222 0.05304042002604182 0.05243162499999993
0 0.6378019161458333 0.7130829055555554 0.08634548015624996 0.06898905999999998
0 0.6765924407130015 0.18627788487908922 0.07605872272728327 0.09776441302291601
0 0.6080284442708332 0.16186025555555555 0.07642077515625006 0.10624324666666675
0 0.68497119432673 0.13320777258657354 0.06346759738820656 0.07524189260463059
0 0.6750195598958333 0.500595738888889 0.06550340671874993 0.1131420516666668
0 0.981915258658854 0.8979735055555558 0.03616948268229194 0.0993442733333333
0 0.6090204645833331 0.3715867555555555 0.09031532999999996 0.062090086666666544
0 0.4755318317708333 0.5344004388888888 0.08336813296874995 0.053811453333333426
0 0.6432604395833332 0.9952091081944443 0.07741311703124995 0.009581783611111372
0 0.6308545583333331 0.2605153722222222 0.07443576984375007 0.09934427333333341
0 0.5910897579874574 0.9055819643816793 0.09331622904756405 0.0724352584082729
0 0.7023137848958335 0.8248444555555554 0.07245076453125006 0.09382512833333337
0 0.44774240052083336 0.6075294888888889 0.09527784328124997 0.062090086666666544
0 0.9558915411458334 0.5688953055555555 0.08733798281250008 0.0676092316666667
0 0.8253805770833333 0.8634786388888889 0.0784056196875003 0.08278683833333347
0 0.7345681114583333 0.36399828888888897 0.07145826187499994 0.08554649499999993
0 0.4998483880208334 0.4012521388888888 0.06252605953124994 0.06898905999999998
0 0.5579081052083334 0.46472222222222226 0.061533556875000055 0.1103825633333331
0 0.7096824213339873 0.5880091597736293 0.08331057480151809 0.08229263994819765
0 0.7436958553548156 0.10419669117769294 0.051999613417964476 0.08646326714923083
0 0.6839525661458333 0.7468876055555554 0.08535297750000008 0.06484974333333332
0 0.5951257489583334 0.5461299055555557 0.08039062499999995 0.09658461666666675
0 0.5479830786458333 0.33157392222222226 0.07939812234375007 0.08968581166666659
0 0.5752756958333334 0.23636795555555556 0.07840561968749996 0.051051964999999935
