0 0.5733024441358024 0.25041007336065574 0.053395011728395045 0.04180375327868854
0 0.4990740000000001 0.416803 0.05246909999999995 0.05
0 0.494444 0.44549199999999994 0.05308640000000005 0.03852459999999998
0 0.571296 0.685656 0.03271610000000001 0.05327869999999997
0 0.559568 0.329918 0.026543200000000024 0.0745902
0 0.618519 0.991803 0.023456799999999976 0.016393400000000106
0 0.710185 0.617623 0.027777799999999943 0.04672130000000003
0 0.265741 0.4995899999999999 0.027777800000000016 0.045081999999999914
0 0.535185 0.445902 0.022222200000000056 0.06721310000000004
0 0.6 0.640574 0.05432099999999997 0.03852459999999998
0 0.516358 0.617623 0.03641980000000002 0.0647541
0 0.493519 0.628689 0.03641980000000002 0.06885250000000008
0 0.519136 0.989754 0.04814809999999998 0.020491800000000008
0 0.4077160000000001 0.9618850000000001 0.026543200000000024 0.020491800000000008
0 0.680556 0.605738 0.04629630000000013 0.04426229999999999
0 0.4841046049382716 0.8329914098360657 0.027160499999999983 0.06803280000000006
0 0.669444 0.202869 0.025308600000000105 0.07622950000000002
0 0.57963 0.590984 0.04814809999999998 0.0540983999999999
0 0.561111 0.734426 0.027160499999999983 0.07704919999999996
0 0.529321 0.397131 0.05740740000000002 0.04508200000000001
0 0.520062 0.669672 0.04382720000000004 0.04590159999999991
0 0.438889 0.317213 0.025925900000000064 0.0606557
0 0.521914 0.834836 0.04382720000000004 0.03852459999999998
0 0.488272 0.14877 0.04938270000000004 0.05491799999999999
0 0.517284 0.503689 0.04567900000000003 0.05
0 0.48734600000000006 0.190984 0.05493830000000007 0.0393443
0 0.530556 0.74918 0.033950600000000046 0.0754097999999999
0 0.494136 0.902869 0.03888889999999997 0.0663934000000001
0 0.38858 0.27377 0.05 0.031147500000000012
0 0.380864 0.052459 0.022222200000000056 0.03442619999999999
0 0.49660499999999996 0.784426 0.04753090000000005 0.05901639999999998
0 0.49822533302469135 0.07090167418032788 0.0273147660493827 0.08770484836065573
0 0.576852 0.870492 0.05864199999999994 0.03114749999999992
0 0.553086 0.145902 0.03827160000000001 0.0622951
0 0.400617 0.819672 0.04938270000000004 0.05245900000000004
0 0.595679 0.43032799999999993 0.04567900000000003 0.03934429999999995
0 0.670062 0.944262 0.021604899999999955 0.03114749999999992
0 0.629938 0.9147539999999998 0.026543200000000024 0.03934430000000009
0 0.46265400000000007 0.581148 0.03888889999999997 0.07049180000000001
0 0.590123 0.947131 0.03209880000000005 0.048360700000000076
0 0.244753 0.8954919999999998 0.05617280000000003 0.0401638999999999
0 0.309877 0.525 0.04567899999999996 0.06147540000000003
0 0.525617 0.937705 0.040123500000000034 0.06393440000000007
0 0.30462999999999996 0.870492 0.03641979999999999 0.0754098000000001
0 0.7216049999999999 0.0340164 0.027160500000000126 0.0663934
0 0.6845679999999998 0.477459 0.04444440000000011 0.06639339999999992
0 0.6845679999999998 0.398361 0.055555599999999886 0.0606557
0 0.628395 0.171311 0.04938269999999997 0.05901639999999998
0 0.275926 0.197131 0.024691399999999964 0.08114750000000001
0 0.31265400000000004 0.0618852 0.038888900000000004 0.045082000000000004
0 0.817901 0.836066 0.05185190000000002 0.05409840000000009
