0 0.737346 0.994262 0.05246909999999995 0.011475400000000024
0 0.33972200638867306 0.061045511865184 0.02849002849002851 0.07738163475868394
0 0.437037 0.477459 0.039506200000000075 0.05163929999999992
0 0.533292282057757 0.4344318348417976 0.03835353588448587 0.07211943031640497
0 0.562037 0.251639 0.040123500000000034 0.05245900000000004
0 0.527778 0.244262 0.028395100000000045 0.07868849999999997
0 0.517901 0.154508 0.039506200000000075 0.06311480000000003
0 0.550309 0.0180328 0.021604899999999955 0.034426200000000004
0 0.587963 0.720082 0.024074099999999935 0.03688519999999993
0 0.491975 0.232787 0.04074069999999996 0.057377000000000004
0 0.548457 0.27623 0.031481499999999954 0.06393439999999997
0 0.5 0.18278699999999998 0.03703699999999995 0.07049179999999998
0 0.401543 0.8991799999999999 0.030246900000000035 0.03934430000000009
0 0.475926 0.0696721 0.04814809999999998 0.05409839999999999
0 0.6919623586290253 0.058466124039894526 0.034533367866701165 0.07336925369712256
0 0.58179 0.661066 0.026543200000000024 0.07131149999999994
0 0.525309 0.577049 0.028395100000000045 0.04426229999999999
0 0.517284 0.641393 0.05185190000000002 0.05163929999999992
0 0.542284 0.661885 0.040123500000000034 0.05983609999999991
0 0.586111 0.228689 0.030246900000000035 0.07049180000000001
0 0.221605 0.529098 0.04320990000000001 0.048360700000000076
0 0.375 0.788525 0.05370370000000001 0.040983600000000016
0 0.513272 0.041393400000000004 0.04382720000000004 0.0614754
0 0.579321 0.593033 0.045061699999999934 0.054918000000000085
0 0.741975 0.889754 0.03827160000000001 0.08934430000000008
0 0.549691 0.9479509999999999 0.04876539999999994 0.04672129999999984
0 0.5959164292497626 0.4691619855554282 0.05136838470171806 0.03955061332110514
