0 0.34752294276058754 0.4366361795341357 0.03084878552117516 0.04704305906827137
0 0.391667 0.376639 0.031481499999999954 0.033606599999999986
0 0.526543 0.49836099999999994 0.05679010000000006 0.032786899999999966
0 0.185494 0.00655738 0.04382719999999997 0.013114800000000001
0 0.4367512033357593 0.13129094097465818 0.024120106671518742 0.03307278194931636
0 0.48715992469325153 0.42966649961782155 0.054074450613497034 0.04066660076435681
0 0.362654 0.365164 0.05370370000000001 0.04672130000000003
0 0.372531 0.704918 0.05617279999999996 0.03114749999999992
0 0.506481 0.8352460000000002 0.045061699999999934 0.04262290000000003
0 0.639198 0.013114800000000001 0.035185199999999965 0.024590200000000003
0 0.483333 0.532787 0.029629599999999933 0.0393442999999999
0 0.6172252046144815 0.7849869791637333 0.04556170922896313 0.0371868583274665
0 0.592901 0.082377 0.030246900000000035 0.06967209999999999
0 0.506481 0.579098 0.029012299999999974 0.040163900000000086
0 0.741975 0.47540999999999994 0.023456799999999976 0.04262289999999994
0 0.585802 0.848361 0.05555560000000003 0.03442620000000007
0 0.7146544076105642 0.44968891079062046 0.025606015221128306 0.06659022158124095
0 0.39290100000000006 0.428689 0.05617279999999996 0.02950819999999999
0 0.279012 0.368852 0.022222199999999987 0.07049180000000001
0 0.583025 0.022950799999999997 0.026543200000000024 0.0442623
0 0.49784 0.8938520000000001 0.026543200000000024 0.03852459999999998
0 0.498765 0.758197 0.024691400000000033 0.0754098000000001
0 0.476543 0.0905738 0.04814809999999998 0.0319672
0 0.594136 0.479918 0.05370370000000001 0.03360660000000008
0 0.610494 0.026229499999999996 0.023456799999999976 0.0508197
0 0.5323088452800689 0.34822105723208535 0.0316779094398619 0.07077098553582935
0 0.651235 0.827869 0.030864199999999994 0.03770489999999995
0 0.38117300000000004 0.665984 0.05123460000000006 0.056557399999999945
0 0.525 0.0266393 0.033950600000000046 0.051639300000000006
0 0.545062 0.584016 0.06049380000000007 0.03688519999999993
0 0.5592821733974876 0.23212467109671417 0.025971746794975506 0.0740855421934283
0 0.539815 0.668033 0.05123460000000006 0.02950819999999999
0 0.583642 0.895902 0.054938299999999926 0.03114749999999992
0 0.304321 0.366803 0.029629600000000006 0.08442619999999998
0 0.508333 0.379508 0.030246900000000035 0.07377049999999997
0 0.530247 0.759426 0.03580250000000006 0.06803279999999996
0 0.569444 0.538115 0.05 0.06147540000000003
0 0.531482 0.136475 0.03333329999999994 0.06803280000000002
0 0.520679 0.539754 0.05370370000000001 0.041803299999999946
0 0.573457 0.12623 0.04814809999999998 0.057376999999999984
0 0.363889 0.771311 0.024074099999999935 0.07377049999999997
0 0.32623500000000005 0.739754 0.037654300000000016 0.06639339999999992
0 0.52716 0.884836 0.05555560000000003 0.045081999999999914
0 0.443519 0.571721 0.05617279999999996 0.03360660000000008
0 0.560494 0.710246 0.04567900000000003 0.054918000000000085
0 0.557716 0.327459 0.040123500000000034 0.0647541
0 0.479938 0.47254099999999993 0.03888889999999997 0.0647541
0 0.558333 0.03196720000000001 0.033950600000000046 0.0622951
0 0.633642 0.743443 0.05123459999999999 0.032786899999999966
0 0.467593 0.0360656 0.045061699999999934 0.0377049
0 0.627778 0.560656 0.029629599999999933 0.06393440000000007
0 0.566358 0.44467200000000007 0.04753090000000005 0.058196700000000004
0 0.191667 0.243443 0.030246900000000035 0.027868899999999974
0 0.455247 0.885246 0.05864199999999994 0.03770489999999986
0 0.420679 0.284426 0.05123460000000006 0.040983600000000016
0 0.44845699999999994 0.761066 0.022839500000000016 0.08606559999999994
0 0.7984570000000001 0.843033 0.030246899999999893 0.054918000000000085
0 0.34380371933114545 0.3955696202531645 0.05391467416783876 0.02645777132185101
