0 0.25469472812500005 0.47759452962962967 0.02705470958333329 0.04708178370370367
0 0.3512934779741698 0.8310370385915149 0.05519779644918828 0.028622349178845995
0 0.36920572916666666 0.7219241537037037 0.05473861505208314 0.02924031212962977
0 0.4383574289671511 0.6040190313654351 0.061146905503198096 0.02041335115679601
0 0.5407540985512439 0.5769537222255962 0.03165272580040455 0.04759394036362239
0 0.561131024077897 0.6943727946226228 0.05084763413671981 0.029019584832569216
0 0.38084580208333335 0.7385266787037038 0.04907595401041671 0.028744697222222306
0 0.49639248197338415 0.5387692142506427 0.03945353219906504 0.048505045630915226
0 0.5960250869791667 0.8574706287037037 0.030200587083333254 0.041630261574074144
0 0.46484085364583333 0.7687581601851853 0.04593007651041662 0.036674233425925865
0 0.6042047354166667 0.3056219612037037 0.04907595401041658 0.03518744916666661
0 0.46609965312499996 0.8148490768518519 0.02327963619791671 0.04361260027777773
0 0.5265006234374999 0.34997777222222226 0.022021244427083295 0.05253336629629628
0 0.47333218356722073 0.6794131952100814 0.0364859995302749 0.044878439672429604
0 0.3761059427004191 0.6827381109364884 0.03146814600583513 0.04289372837406149
0 0.5111305474968649 0.7023964924548133 0.05580933188254065 0.030823114446663854
0 0.6089229401041667 0.8205483157407406 0.0559970068229165 0.031222650833333254
0 0.5032204776041667 0.7905647324074074 0.024538027968749945 0.04460383009259267
0 0.29526094670754843 0.5055699212867878 0.03897590513384681 0.038708278074572625
0 0.4971321306080016 0.31492558333672344 0.04256018829933635 0.02054500323396053
0 0.6635512423994941 0.8490947029024947 0.034431573695678355 0.04605979639231308
0 0.2945897416307957 0.7494780382714497 0.02647609892675611 0.03953772376039524
0 0.43731683024647544 0.7170975053966623 0.04296348320666006 0.02584867052298526
0 0.46704349791666666 0.5135252499999999 0.025167223854166743 0.04559499944444446
0 0.4338217125756162 0.7462686719695746 0.04849720053008681 0.03233338180951932
0 0.2685374453125 0.7843696972222223 0.053480223281250024 0.02329311462962959
0 0.489693734375 0.6066980712962963 0.0578844925520834 0.025771068240740647
0 0.41881698213484675 0.4384175810104254 0.05904149113568534 0.022313656598094492
0 0.3723382872417294 0.5606999805379701 0.033319519952209005 0.04045356133146714
0 0.48057024114583335 0.7585985685185186 0.035863248124999934 0.02131071546296297
0 0.49409800364583323 0.7452175101851851 0.047817664166666655 0.02626668314814811
0 0.5909919276041666 0.29397540388888893 0.04026751739583313 0.01288556435185184
0 0.6727843348958333 0.8222829981481482 0.03145897885416661 0.01784153203703709
0 0.7133666031249999 0.29769242500000004 0.03712163989583329 0.02031954611111112
0 0.5265006234374999 0.39259932407407405 0.02831310135416659 0.0376654632407408
0 0.47270554739583337 0.3388270112037037 0.0578844925520834 0.025275513796296264
0 0.4138773119791666 0.7853606851851852 0.03208817473958329 0.03716984833333333
0 0.37927306718750003 0.8212920101851852 0.050963541666666855 0.02775346740740748
0 0.5349942072916666 0.7680150703703703 0.049075954010416645 0.03023148148148146
0 0.3622848802083333 0.7982465518518519 0.057255296666666664 0.021310715462962863
0 0.6246365815366701 0.6816235987925771 0.04907595401041658 0.02626668314814822
0 0.48526089708400605 0.7218326934991921 0.05416584171740464 0.023424712191007932
0 0.2858395677083333 0.3591463759259259 0.026425513697916615 0.029240312129629666
0 0.5743186953125 0.8532575694444444 0.030829782968749934 0.04212581601851837
0 0.4264612296875 0.8264954527777779 0.0421550031250001 0.0441082151851852
0 0.43935908281249997 0.784121799074074 0.033975660468750016 0.04262143092592594
