0 0.6691285083333334 0.7128844370370371 0.014607763541666567 0.05116572888888898
0 0.4421299572750386 0.5982145688551664 0.04174366333778915 0.049806828860812294
0 0.4848794920185578 0.7414860642202189 0.01911155670886746 0.09039017089554822
0 0.5846444853093096 0.10809102500554955 0.022496619173047586 0.042525927048136146
0 0.4571187854166668 0.9701605703703704 0.030399971458333338 0.03668483333333307
0 0.5370477971841621 0.2560877430537669 0.028896254901468885 0.06750983249915884
0 0.42217834791666675 0.1143413037037037 0.030794722291666687 0.04537341777777782
0 0.4626460645833334 0.9913553085185185 0.03671681624999993 0.017289382962962917
0 0.6424796291666667 0.46477848148148143 0.020529857500000047 0.04923499777777767
0 0.45948780208333334 0.0737947725925926 0.02171423791666669 0.1013661511111111
0 0.6154354875 0.10275668148148148 0.017766217916666587 0.03958110666666666
0 0.38230352500000003 0.07138127037037036 0.03711163104166649 0.046338842222222225
0 0.42277060208333334 0.5613173925925925 0.01776621791666647 0.04730414888888895
0 0.6257001604166667 0.9339592148148148 0.028820712291666696 0.053096577777777744
0 0.4983757479166666 0.6665447703703703 0.036322001458333315 0.04923499777777773
0 0.46205381041666665 0.9204430370370369 0.03158435187499992 0.04923499777777762
0 0.4110234910448694 0.943996963177559 0.0249956904483336 0.04653560994117872
0 0.40480726458333344 0.8885853259259259 0.03316361104166674 0.04923499777777773
0 0.38072375416666676 0.9652900557407407 0.022898682291666597 0.06941988851851853
0 0.5599650645833333 0.26880332592592593 0.016581773541666678 0.08785068000000004
0 0.3170007383078589 0.8913524414819455 0.030475535782384475 0.0765243733324054
0 0.43585449689722255 0.7923107620655776 0.02814192754444515 0.07766832994291908
0 0.36276041666666664 0.988941982962963 0.020135042708333373 0.022116034074074125
0 0.3639547616365111 0.8371676317577801 0.02722114026864458 0.06996899166370817
0 0.5566091708333333 0.7746694814814816 0.03671681625000005 0.06468120000000017
0 0.6049731833333333 0.8181118148148149 0.01974022791666658 0.07626594000000003
0 0.3045921138333735 0.9806562501208528 0.019081414125080323 0.03868749975829444
0 0.5404588928538898 0.945069756999273 0.027168539292220354 0.038634477702249606
0 0.35131123541666676 0.5560079703703704 0.019345413124999784 0.0868852555555556
0 0.40855778125 0.6771647925925927 0.01618695875 0.09557372222222209
0 0.36738605705109717 0.018559560134427007 0.01798978860613912 0.037119120268854014
0 0.6746557875 0.20267463703703703 0.016976588333333355 0.052131153333333305
0 0.27314008125 0.6810255481481483 0.029610341875000046 0.05502730888888889
0 0.4424568654819009 0.25963314814814814 0.03158435187500004 0.06564662444444445
