0 0.5089503675925926 0.9844262139344262 0.05246963518518526 0.029508227868852568
0 0.6216916165908598 0.9785017318234108 0.055382366818280265 0.042997136353178166
0 0.51821 0.010245899999999999 0.05 0.0188525
0 0.551543 0.838934 0.027777799999999943 0.031967200000000036
0 0.553704 0.355328 0.025925900000000064 0.041803300000000036
0 0.561111 0.314344 0.023456799999999976 0.06311479999999997
0 0.582099 0.365164 0.03209880000000005 0.07295079999999995
0 0.582407 0.272541 0.025308599999999966 0.04344259999999996
0 0.6689276617149759 0.2564503509978617 0.03291762342995161 0.0653245296507484
0 0.547531 0.981967 0.027160499999999983 0.036065599999999934
0 0.569136 0.10737700000000001 0.034567900000000006 0.0377049
0 0.650926 0.220902 0.03765429999999991 0.05491799999999999
0 0.599383 0.19959 0.029629599999999933 0.07295079999999998
0 0.4993830000000001 0.22254100000000002 0.025925900000000064 0.07786880000000002
0 0.327161 0.581967 0.02592590000000003 0.040983600000000016
0 0.479938 0.763525 0.025308599999999966 0.07459019999999991
0 0.445062 0.796311 0.05308640000000005 0.048360700000000076
0 0.69321 0.145492 0.029629600000000075 0.040163899999999995
0 0.454012 0.864754 0.026543200000000024 0.07213109999999993
0 0.592284 0.32418 0.03765430000000005 0.0647541
0 0.541358 0.145082 0.05555560000000003 0.040983600000000016
0 0.234877 0.297541 0.03641980000000002 0.06885249999999998
0 0.551543 0.2 0.03641980000000002 0.06229509999999998
0 0.404012 0.9118849999999998 0.031481499999999954 0.07459019999999991
0 0.7 0.4381149999999999 0.05185190000000002 0.03688519999999993
0 0.535494 0.306557 0.025308599999999966 0.07049180000000001
0 0.608642 0.494262 0.03209880000000005 0.04590159999999991
0 0.606173 0.0934426 0.03209880000000005 0.07049179999999998
0 0.49629600000000007 0.0967213 0.027160499999999983 0.0721311
0 0.548457 0.893443 0.027777799999999943 0.07868849999999987
0 0.36604899999999996 0.178279 0.03580250000000006 0.035245900000000004
0 0.330556 0.355738 0.025308599999999966 0.06557380000000002
0 0.705247 0.0557377 0.05246909999999995 0.040983599999999995
