0 0.5470885808582999 0.2853866705100762 0.04838790866163395 0.05363931429988518
0 0.6078361071167796 0.9923950867895645 0.03617963761829269 0.013570482158576263
0 0.47940374503813793 0.35863803078730283 0.027274132948022365 0.07942436653440534
0 0.31142 0.413525 0.030246899999999965 0.028688500000000016
0 0.501543 0.305328 0.035185199999999965 0.03688520000000002
0 0.5661730737300464 0.349389073827921 0.031450345423448836 0.067641399175107
0 0.48642 0.283197 0.04691359999999995 0.041803300000000036
0 0.42037 0.798361 0.025925900000000064 0.07213109999999993
0 0.386728 0.4704920000000001 0.030246900000000035 0.06885250000000008
0 0.40925899999999993 0.461885 0.029629599999999933 0.07295080000000005
0 0.495988 0.24549199999999996 0.05370370000000001 0.035245900000000004
0 0.5972300165762365 0.2722434788320977 0.04874956684752697 0.05059534233580456
0 0.5997761744908391 0.409426 0.04814809999999998 0.04672130000000003
0 0.558951 0.8479509999999999 0.033950600000000046 0.06311479999999997
0 0.541975 0.347541 0.03209880000000005 0.07213110000000003
0 0.32067899999999994 0.45696699999999996 0.030246900000000035 0.07131149999999994
0 0.513889 0.4 0.021604899999999955 0.07213109999999998
0 0.516049 0.322541 0.04567900000000003 0.05819669999999996
0 0.541049 0.659016 0.05246909999999995 0.04426229999999999
0 0.6166510952425885 0.3717864166675368 0.05866918641188975 0.03955340661480628
0 0.440432 0.0209016 0.026543200000000024 0.0418033
0 0.6835654621471259 0.2927323475096586 0.027065820220963904 0.06400799997911658
0 0.4709933618148935 0.2130519921139188 0.05577142127860349 0.04915922073196201
0 0.606576476850651 0.9026105806579703 0.03623024629869817 0.0587135386840593
0 0.550926 0.740984 0.03271610000000001 0.07377049999999997
0 0.627148639641818 0.42486670214576594 0.05418742622867013 0.04511884589119761
0 0.6091590482208854 0.24395176443301658 0.054521603558229145 0.05144117113396676
0 0.6199043883868953 0.5751944644144288 0.026857823226209228 0.07747957117114235
0 0.560185 0.79877 0.03765430000000005 0.03360660000000008
0 0.3719020269874971 0.4088546854677874 0.05496234602500595 0.05442232906442523
0 0.37762042326343853 0.905525759947694 0.036117053473122954 0.059440880104611855
0 0.709568 0.34877 0.05246909999999995 0.03852459999999998
0 0.5429325604407486 0.2379712125117469 0.0433320168082095 0.04092089334342696
0 0.503086 0.836475 0.034567900000000006 0.04836069999999998
0 0.508025 0.629918 0.05679010000000006 0.041803299999999946
0 0.541975 0.0479508 0.05802469999999998 0.03196720000000001
0 0.592284 0.697131 0.033950600000000046 0.06639339999999992
0 0.447222 0.322541 0.04753090000000005 0.05
0 0.5909952783097949 0.6117690431587677 0.033842656619589837 0.06943888631753525
0 0.39290100000000006 0.8258200000000001 0.04876539999999994 0.05163930000000002
0 0.491358 0.052459 0.05555560000000003 0.0426229
0 0.5078263333018793 0.17319889079565626 0.03743453339624126 0.07491401840868746
0 0.602469 0.179918 0.029629599999999933 0.06803279999999999
0 0.47963 0.729918 0.034567900000000006 0.07622950000000002
0 0.553704 0.418443 0.04074069999999996 0.07295079999999995
0 0.421296 0.19876999999999997 0.04876539999999994 0.04508199999999999
0 0.420679 0.692213 0.03641980000000002 0.06147540000000003
0 0.720320902446318 0.8926484950038275 0.05669210489263591 0.03775589000765444
0 0.468827 0.9647540000000001 0.025308599999999966 0.07049180000000001
0 0.589675737386511 0.9610449722714806 0.03984437477302205 0.05979434454296127
0 0.38240013910385745 0.9689016772820054 0.04751657820771487 0.05747635456401108
0 0.631173 0.868033 0.05370369999999994 0.04262289999999994
0 0.457099 0.819672 0.031481499999999954 0.07049180000000001
0 0.525 0.9774590000000001 0.04259259999999998 0.045081999999999914
0 0.358642 0.180328 0.04814809999999998 0.04262289999999999
