0 0.5935738348918604 0.4375308128615303 0.026588812769966035 0.04345930337428309
0 0.47509510132953464 0.7299497733921816 0.03319061405508074 0.06784320226986121
0 0.5675477965600929 0.7367138510578674 0.05061729999999996 0.040163900000000086
0 0.4816237523029439 0.9847415380201764 0.028299736324786297 0.033165295460277446
0 0.5840534173868313 0.7719947883879782 0.05063327285533403 0.05121849384195034
0 0.5004746628205129 0.6803592844577554 0.04890822421652416 0.03650715617906675
0 0.5442204618128099 0.7623476574295922 0.03853061445605148 0.041579159611881675
0 0.5006408367521368 0.6383986179066835 0.04667654112060783 0.05800730390920551
0 0.5142450636277304 0.5938523188524589 0.0617282962962962 0.038020456872635576
0 0.6278671267951323 0.019911761695488868 0.030691392421697695 0.041948063916819905
0 0.45292034366096856 0.8251260251261034 0.034520649335232634 0.038020019987389755
0 0.651111475828364 0.5826089062159479 0.048325036015828673 0.03390076761023795
0 0.47386492242134604 0.1884064921348086 0.028896078019789825 0.07309142121384689
0 0.5357076323124406 0.6355929056746532 0.028774668898385536 0.06866286456494321
0 0.4814374296328118 0.39204433832291613 0.050140740313283465 0.05337478758088009
0 0.46984790132953463 0.6472886976986129 0.03798700835707496 0.043379729445144975
0 0.4627019574548908 0.7011349126103404 0.032716355555555486 0.047288740731399596
0 0.4406457739791073 0.7328184110970997 0.04226020892687559 0.07282471626733919
0 0.5690353845571792 0.39643631554021075 0.05851313041693473 0.0419471948033194
0 0.5306038455380939 0.46941086511410335 0.02539586864565134 0.07610728575845077
0 0.5832095131476206 0.7049321877189296 0.057597012535612634 0.04943224779319036
0 0.5015400485931134 0.4384879299078631 0.05494420281377328 0.0389983957145182
0 0.5862668278038172 0.31967521482325184 0.04197530000000002 0.0598361
0 0.46876582891626956 0.5973312614497768 0.04092561013614857 0.06411014284510498
0 0.5183760683760683 0.9808322824716269 0.059544159544159536 0.0385876418663304
0 0.8179014679012346 0.9856559627049182 0.03228916562203242 0.03184155970996221
0 0.5547146352602396 0.2840815380872961 0.04488250704898451 0.056020538648659635
0 0.5109615407506969 0.30910882805393974 0.047218847855589274 0.046876107875361
0 0.6156135658426003 0.3727229466124964 0.03060542046993225 0.08805693393198549
0 0.5780466484172206 0.6649504641305871 0.05131330316555873 0.04714907173882576
0 0.500669405707196 0.25332944609791325 0.04207018898385575 0.07097605878655977
0 0.5363298859718908 0.1209945616025666 0.028433365744423802 0.08353221957040571
0 0.5548433048433048 0.8939155107187894 0.03323836657169988 0.04192938209331655
0 0.4778972520908004 0.33488589675792213 0.04503262567778693 0.06366188016108694
0 0.38561100389057373 0.17674815929707519 0.03017492264804098 0.07240776146117235
0 0.6342988287432731 0.6700994815748915 0.04616439801624996 0.0553453832142357
0 0.4449652299114664 0.16668022617255826 0.031247128021321534 0.08115364276125778
0 0.44786700892311454 0.08050641129686739 0.055983376115389345 0.039603960396039604
0 0.4869184764245014 0.8793505588587643 0.0361345571225071 0.07232031986128616
0 0.47292507028480624 0.045934101606882 0.04155971152670822 0.03895471514364551
0 0.6035374782288699 0.9790039302332912 0.0617758111585946 0.04375817572509456
0 0.5854621526857008 0.06768652920693298 0.053920268717404775 0.04851520012520051
0 0.170988 0.284426 0.0395062 0.06393439999999997
