0 0.510185 0.5875929158400335 0.06111110000000003 0.041803299999999946
0 0.5558739762758512 0.5849328343400857 0.04261235255170235 0.0747829686801711
0 0.6585829019127939 0.5605198773807037 0.028277303825587824 0.08497465476140746
0 0.536111 0.0118852 0.024074099999999935 0.0221311
0 0.538272 0.42950800000000006 0.022222200000000056 0.04426229999999999
0 0.5086890655068019 0.02829957803852981 0.05441553101360377 0.035287656077059616
0 0.5627842552980262 0.8642452708128852 0.06085198940394749 0.03380535837422996
0 0.59321 0.972131 0.03209880000000005 0.03934430000000009
0 0.5199672547888653 0.6512454297379137 0.026354709577730666 0.07789965947582751
0 0.533951 0.37541 0.024691400000000033 0.06885249999999998
0 0.4051663128096249 0.5573248407643312 0.03735157662970828 0.07987887647488771
0 0.504321 0.0680328 0.05679010000000006 0.0377049
0 0.583642 0.9323769999999999 0.05617279999999996 0.03852459999999998
0 0.572839 0.445902 0.03580250000000006 0.057376999999999984
0 0.545321205349139 0.9676229786885248 0.05270900866163401 0.036143830656781714
0 0.62037 0.8709020000000001 0.029629600000000006 0.08278690000000005
0 0.457716 0.25041 0.030246900000000035 0.07786880000000004
0 0.37839500000000004 0.0733607 0.05802469999999998 0.0385246
0 0.6484569999999998 0.9803280000000001 0.05123459999999999 0.032786900000000146
0 0.6500509049677596 0.11087244279523857 0.0359051099355194 0.07584308559047716
0 0.6575508432570575 0.18537638743343424 0.05707728651411497 0.03960537486686854
0 0.422531 0.181557 0.031481499999999954 0.04344260000000001
0 0.5693223390559881 0.18575220155320038 0.053460378111976174 0.05347210310640075
0 0.495062 0.395082 0.04691359999999995 0.06065570000000005
0 0.509259 0.23770499999999997 0.04320989999999994 0.049180299999999975
0 0.333025 0.397541 0.04506170000000004 0.05245900000000004
0 0.4863705578182748 0.7755875086143887 0.04636716461822749 0.0526675221885768
0 0.69537 0.8536890000000001 0.04135800000000006 0.06475410000000009
