0 0.3515732080844285 0.3682573041380222 0.02664251254480287 0.07522521192490748
0 0.608025 0.781148 0.05679009999999999 0.032786899999999966
0 0.5469335503484668 0.20078009869116864 0.059060019972122645 0.032072801031200304
0 0.449074 0.784836 0.040123500000000034 0.05327869999999997
0 0.7014434056650737 0.36722634101004764 0.032914688669852636 0.07210471797990481
0 0.586728 0.22458999999999998 0.06358019999999998 0.031147500000000012
0 0.561728 0.308607 0.023456799999999976 0.07131150000000003
0 0.559877 0.259836 0.024691400000000033 0.02950819999999999
0 0.528086 0.46311500000000005 0.03888889999999997 0.06229509999999996
0 0.571296 0.559016 0.03888889999999997 0.05245900000000004
0 0.553086 0.020491799999999998 0.027160499999999983 0.0393443
0 0.537654 0.55123 0.029629599999999933 0.07622950000000002
0 0.591975 0.9655739999999999 0.027160499999999983 0.06885250000000008
0 0.513889 0.177459 0.05864199999999994 0.040163899999999995
0 0.536111 0.882377 0.029012299999999974 0.04672129999999984
0 0.558333 0.585246 0.03271610000000001 0.05901639999999998
0 0.485802 0.379508 0.04814809999999998 0.05409839999999999
0 0.502778 0.539754 0.040123500000000034 0.05819670000000005
0 0.542901 0.742213 0.031481499999999954 0.0647541
0 0.523765 0.35082 0.04259259999999998 0.06393439999999997
0 0.595988 0.536885 0.031481499999999954 0.07213109999999993
0 0.509568 0.492213 0.03765430000000005 0.06967210000000008
0 0.232099 0.834836 0.04320990000000001 0.05
0 0.46574100000000007 0.167623 0.03641980000000002 0.06311480000000003
0 0.552469 0.968033 0.039506200000000075 0.06065569999999991
0 0.527469 0.947541 0.05123460000000006 0.05245900000000004
0 0.549074 0.127049 0.04876539999999994 0.04426229999999999
0 0.501543 0.131557 0.035185199999999965 0.0647541
0 0.367901 0.0709016 0.029629599999999933 0.07131150000000001
0 0.589506 0.9 0.04567900000000003 0.05573769999999983
0 0.6772130084323318 0.061583693009588616 0.030759583135336666 0.062078613980822754
0 0.367901 0.166393 0.059259300000000036 0.04426229999999999
