0 0.573457 0.2309545228735731 0.03703699999999995 0.032786899999999966
0 0.677778 0.755738 0.027160500000000126 0.06885250000000008
0 0.651235 0.553689 0.04320990000000001 0.05163929999999992
0 0.701776062870855 0.7619625248669641 0.02484357425828968 0.04164885026607165
0 0.526235 0.652459 0.05370370000000001 0.032786899999999966
0 0.517901 0.685656 0.03703699999999995 0.03360660000000008
0 0.54321 0.752049 0.03209880000000005 0.04344260000000006
0 0.6549350397517937 0.48386404600463473 0.04233727619416963 0.05021028237919489
0 0.524074 0.534426 0.03209880000000005 0.06557379999999993
0 0.49382699999999996 0.011475399999999998 0.05679010000000006 0.0213115
0 0.456173 0.531967 0.024691400000000033 0.036065599999999934
0 0.4846257412578372 0.6142472614367865 0.03827160000000001 0.036065599999999934
0 0.50679 0.703279 0.04814809999999998 0.05901639999999998
0 0.545988 0.465164 0.04753090000000005 0.05819670000000005
0 0.481173 0.719262 0.027777799999999943 0.07295080000000005
0 0.5032691225421756 0.7613874730795639 0.05350958634218868 0.04103931871084021
0 0.512346 0.48401599999999995 0.05185190000000002 0.05
0 0.41203699999999993 0.0106557 0.022839500000000016 0.0196721
0 0.625 0.609836 0.027777799999999943 0.040983600000000016
0 0.612963 0.513115 0.04814809999999998 0.040983600000000016
0 0.454012 0.702869 0.026543200000000024 0.06639339999999992
0 0.513889 0.584836 0.05370370000000001 0.031967200000000036
0 0.559877 0.48729500000000003 0.03827160000000001 0.05819670000000005
0 0.6904320000000002 0.568033 0.026543200000000024 0.06557379999999993
0 0.5988526871953979 0.6964918104819329 0.04785082753538865 0.05066928436614877
0 0.511111 0.126639 0.03209880000000005 0.06967209999999999
0 0.49784 0.538115 0.029012299999999974 0.07459019999999991
0 0.4465984659233404 0.4540402462063342 0.0252957318466809 0.07037629241266843
0 0.276852 0.616393 0.05740740000000002 0.03770490000000005
0 0.293519 0.581148 0.05370370000000001 0.03114749999999992
0 0.42416146960280526 0.7648958216140245 0.024277409834529088 0.07264591577976144
0 0.449383 0.0245902 0.03209880000000005 0.047541
0 0.520988 0.43729500000000004 0.04074069999999996 0.06311480000000003
0 0.458333 0.6527914091494292 0.06111110000000003 0.03688519999999993
0 0.52716 0.618852 0.05555560000000003 0.04918030000000007
0 0.550926 0.807377 0.05864199999999994 0.03442620000000007
0 0.422531 0.567213 0.031481499999999954 0.06885250000000008
0 0.456173 0.601639 0.03703699999999995 0.057376999999999935
0 0.485185 0.0495902 0.04938270000000004 0.048360700000000006
0 0.5284695835482516 0.32320187149386315 0.050940090870014776 0.0359411201141533
0 0.701235 0.834836 0.030864199999999994 0.06639340000000002
0 0.38858 0.962705 0.05987649999999997 0.031967200000000036
0 0.645679 0.759836 0.027160500000000056 0.07704919999999996
0 0.559259 0.671311 0.04814809999999998 0.055737700000000015
0 0.565432 0.279918 0.05555560000000003 0.04836069999999998
0 0.355247 0.943443 0.05370370000000001 0.03770489999999986
0 0.6774689999999999 0.832377 0.03271610000000001 0.06639339999999992
0 0.702778 0.504508 0.05123459999999992 0.045081999999999914
0 0.605556 0.447951 0.03827160000000001 0.0729508
0 0.480864 0.0930328 0.04197530000000002 0.056557400000000015
0 0.6918072383895676 0.32069995303407434 0.03064445929480952 0.07785166032100245
0 0.308025 0.302049 0.03209880000000002 0.035245900000000004
0 0.610802 0.0422131 0.025308599999999966 0.07459019999999998
0 0.592284 0.852049 0.05740740000000002 0.03688520000000002
0 0.535494 0.0971311 0.035185199999999965 0.07131149999999999
0 0.472222 0.158197 0.05308640000000005 0.0377049
0 0.489815 0.8606559999999999 0.03271610000000001 0.04754099999999996
0 0.553086 0.578689 0.04074069999999996 0.05901639999999998
0 0.24876500000000001 0.397951 0.030864199999999994 0.0729508
0 0.226235 0.23196700000000003 0.05864200000000001 0.031147500000000012
0 0.141049 0.375 0.043827200000000004 0.031967200000000036
0 0.316049 0.818852 0.04074070000000003 0.04754099999999996
0 0.251235 0.12254100000000001 0.04814809999999998 0.06147540000000001
0 0.6408764785728136 0.5750579349412067 0.03361127270376841 0.03604840786198608
