0 0.54767781044323 0.8395859229239451 0.05461402088646023 0.033271045847890285
0 0.5606101040680024 0.8034065804958344 0.036844960858125775 0.03790600052405261
0 0.612654 0.365984 0.03271610000000001 0.06803279999999996
0 0.48305552503102744 0.6052175080861307 0.05746985006205494 0.033384916172261164
0 0.418827 0.798361 0.05740740000000002 0.03114749999999992
0 0.416975 0.8893440000000001 0.024074099999999935 0.036065599999999934
0 0.594136 0.20041 0.025308599999999966 0.07950819999999999
0 0.5367864426506279 0.3246216033102144 0.04371111469874427 0.037641693379571205
0 0.425926 0.736885 0.04938270000000004 0.0393442999999999
0 0.566358 0.913525 0.04753090000000005 0.028688499999999877
0 0.55 0.238934 0.04814809999999998 0.040163899999999995
0 0.584259 0.377049 0.035185199999999965 0.05409839999999999
0 0.63858 0.8700820000000001 0.03765429999999998 0.06311479999999997
0 0.519753 0.778279 0.034567900000000006 0.06311480000000007
0 0.445062 0.8508200000000001 0.06172839999999999 0.03770489999999995
0 0.522839 0.202869 0.05679010000000006 0.03688520000000002
0 0.568827 0.17459 0.03641980000000002 0.0622951
0 0.47963 0.644262 0.05802469999999998 0.040983600000000016
0 0.640123 0.928279 0.03703700000000002 0.03688520000000012
0 0.488272 0.810246 0.04567900000000003 0.056557399999999945
0 0.545988 0.94959 0.035185199999999965 0.06147540000000003
0 0.675309 0.767623 0.022222200000000056 0.03360660000000008
0 0.591049 0.8856560000000001 0.027777799999999943 0.07786880000000013
0 0.634568 0.020082 0.020987700000000026 0.040163899999999995
0 0.49321 0.876639 0.027160499999999983 0.08114749999999991
0 0.49660499999999996 0.136885 0.031481499999999954 0.0754098
0 0.22993800000000003 0.9774590000000001 0.029012299999999974 0.045081999999999914
0 0.34321 0.918852 0.025925900000000064 0.036065599999999934
0 0.6364840355967079 0.14998299726775954 0.031970128806584286 0.05577200546448084
0 0.674691 0.70123 0.0493826999999999 0.05
0 0.573148 0.970902 0.03641980000000002 0.058196699999999865
0 0.41481500000000004 0.318443 0.044444399999999974 0.0598361
0 0.419444 0.611475 0.03888889999999997 0.06393440000000007
0 0.521914 0.10041 0.035185199999999965 0.05983610000000002
0 0.7185180000000001 0.17459 0.03580250000000006 0.05409839999999999
0 0.476543 0.973361 0.05185190000000002 0.04344260000000006
0 0.772839 0.518033 0.04444440000000011 0.057376999999999935
0 0.446914 0.192213 0.04814809999999998 0.058196700000000004
0 0.783025 0.189754 0.038888900000000115 0.06147540000000003
0 0.828086 0.816803 0.038888900000000115 0.06639340000000002
