0 0.5305406080099941 0.35357132406323183 0.02745493918283356 0.07755680542544892
0 0.5862782360235054 0.02156560956403465 0.05527252142972669 0.0431312191280693
0 0.5445008393140223 0.4156485792530458 0.05909843185857708 0.038129389940677424
0 0.6656672545561434 0.3661982825917252 0.040799529688418566 0.06572989851678372
0 0.5762057021049827 0.5070369933561348 0.04366876868875266 0.047371938514761944
0 0.5118867868668028 0.8093525179856116 0.05240252242650326 0.046192554153398596
0 0.5999412110523222 0.2992974238875878 0.05514403292181072 0.04090554254488678
0 0.5526748971193416 0.3397345823575332 0.023398001175778966 0.0836846213895394
0 0.4936616116469788 0.7333753982948068 0.037268452295940946 0.06839407213311315
0 0.5827655872429127 0.36039773698609123 0.03925337660222772 0.06825855422198737
0 0.6750683216190745 0.2825377854534268 0.06467815676185099 0.03656432909314647
0 0.5978180418628061 0.4814836655265951 0.039523936406430385 0.05405511656248765
0 0.6219549168413417 0.7806913234294531 0.03240244982384458 0.06695402806345094
0 0.621222810111699 0.3605776736924278 0.04009406231628455 0.06947697111631537
0 0.561550759392486 0.5715100051106655 0.04692542262486303 0.05877265400794121
0 0.5785993060196288 0.5465077849618666 0.04539486873168124 0.062387976091913495
0 0.6570299316102673 0.5760309784958918 0.04307664979127813 0.05484137280339664
0 0.4875560747394677 0.6178615536118646 0.0511106099698019 0.053193720896725145
0 0.6658377002102023 0.8506309706333295 0.026645350386357583 0.04344065731021737
0 0.6360186386126724 0.43104548064042864 0.047076908296104086 0.0660202844932066
0 0.5088975185723962 0.25969388835391033 0.054832037144792366 0.035781676707820675
0 0.5212911544534743 0.7410492251896843 0.03537014394558426 0.0778339315839132
0 0.261742862654321 0.17418032786885246 0.06196952160493827 0.03201844262295082
0 0.26331483919753085 0.13043038688524589 0.05255627839506172 0.036270373770491825
0 0.49661843378630427 0.6460776461453789 0.05155692702134594 0.04801847033848326
0 0.5892323178494242 0.7684671934583481 0.041004233650116885 0.05759326964657777
0 0.370062 0.805328 0.025308599999999966 0.06803279999999996
0 0.49792333485749124 0.32799534507184774 0.0375323883554336 0.07311273021655534
0 0.6596204517867188 0.8952510123049102 0.058915830298724006 0.03911624798521845
0 0.4965657103946472 0.8737272477100286 0.03419486632915891 0.07980500845225459
0 0.43900732127476305 0.07243614182234083 0.051859029572207865 0.03812428516965307
0 0.41330393430950335 0.11183781677468548 0.04512626861900653 0.07941243354937094
0 0.7776521220117488 0.2880323697493013 0.03549775390318212 0.07341592625036499
