0 0.46142 0.368033 0.04876539999999994 0.031147500000000012
0 0.5748359123742239 0.4316401779257083 0.03427897525155214 0.035079844148583374
0 0.45463 0.32623 0.04876539999999994 0.04262290000000003
0 0.534066456649183 0.3456364857197005 0.03941008249125808 0.04027256063678582
0 0.5065455606436879 0.46657327514687763 0.05805709822307859 0.03814123517009382
0 0.7024778477574395 0.38284869058087745 0.02837680448512098 0.047418218838245006
0 0.683951 0.30082 0.04567900000000003 0.06393439999999997
0 0.6358019999999999 0.863115 0.055555599999999955 0.0459016000000001
0 0.7503089999999999 0.12131100000000002 0.04753090000000005 0.04918030000000001
0 0.4535504207325341 0.39697717846583913 0.0577175414650681 0.033298556931678186
0 0.5435648358078213 0.29712886010376194 0.052376228384357376 0.041808179792476086
0 0.48209899999999994 0.49918 0.044444399999999974 0.06229509999999996
0 0.4179013577160494 0.17151293626220035 0.028394815432098687 0.07581237252440061
0 0.486728 0.82623 0.05 0.040983600000000016
0 0.643827 0.922951 0.04074069999999996 0.05901639999999998
0 0.6132716327160493 0.9852459389344261 0.037654265432098696 0.027868777868852553
0 0.533642 0.893033 0.03641980000000002 0.06147540000000003
0 0.468827 0.972541 0.027777799999999943 0.054918000000000085
0 0.609259 0.410656 0.03209880000000005 0.07213110000000003
0 0.4915435074288161 0.5549276657324932 0.05965876965674727 0.04001737069553689
0 0.6506353501445087 0.5247254474462238 0.029594399710982756 0.08005830510755234
0 0.679483557271819 0.7092982611769165 0.04401582986512534 0.05681331371174071
0 0.628395 0.573361 0.024691399999999964 0.07131149999999994
0 0.515432 0.0188525 0.029629599999999933 0.0360656
0 0.620062 0.95123 0.05617280000000003 0.03688520000000012
0 0.592593 0.621311 0.028395100000000045 0.06885250000000008
0 0.4339509999999999 0.9795080000000002 0.039506200000000075 0.03934430000000009
0 0.506173 0.721311 0.03580250000000006 0.05081969999999993
0 0.6950620000000001 0.659836 0.04691359999999995 0.040983600000000016
0 0.5069703895150932 0.8072610286908936 0.05292570209448364 0.04661695522126423
0 0.579938 0.555738 0.026543200000000024 0.07049180000000001
0 0.642593 0.43606600000000006 0.04567900000000003 0.04426229999999999
0 0.33169042764754153 0.34662886125983133 0.042392355295083145 0.03260222251966268
0 0.544136 0.67582 0.05740740000000002 0.040163900000000086
0 0.5823682661635624 0.36770564636833125 0.03649846767287519 0.07114520726333745
0 0.5267075654035538 0.5961196032407845 0.04814809999999998 0.055737700000000015
0 0.6614199999999999 0.9827869999999999 0.03271610000000001 0.03442620000000007
0 0.594136 0.883197 0.025308599999999966 0.07131150000000012
0 0.558951 0.594672 0.040123500000000034 0.07131149999999994
0 0.516358 0.8741799999999998 0.03888889999999997 0.06147540000000003
0 0.686728 0.946721 0.03148150000000009 0.07213109999999993
0 0.53858 0.115984 0.025308599999999966 0.07950819999999999
0 0.462037 0.608607 0.04382720000000004 0.06147540000000003
0 0.724887428441447 0.5205294567824315 0.05392814311710551 0.04418598643513692
0 0.545679 0.908607 0.04197530000000002 0.06803279999999996
0 0.22715999999999997 0.667623 0.027160499999999983 0.06967210000000008
0 0.607407 0.253279 0.04197530000000002 0.05737700000000003
0 0.551543 0.765574 0.06358019999999998 0.05081969999999993
0 0.457716 0.938525 0.04259259999999998 0.06557379999999993
0 0.0478395 0.42582000000000003 0.024074100000000005 0.04016390000000004
0 0.6141979999999999 0.816393 0.05185189999999995 0.05245900000000004
0 0.627469 0.0245902 0.030246899999999965 0.047541
0 0.5667310331745523 0.7046055746801857 0.061856566349104365 0.03871834936037141
0 0.43209900000000007 0.904098 0.05679010000000006 0.03770489999999986
0 0.30956799999999995 0.865984 0.05370369999999997 0.04180330000000013
0 0.489198 0.65 0.03888889999999997 0.06721310000000004
0 0.12963 0.148361 0.02345680000000001 0.04262289999999999
0 0.329012 0.9213110000000001 0.05308640000000001 0.03770489999999986
0 0.485185 0.0483607 0.06543209999999999 0.0409836
0 0.669444 0.8536890000000001 0.04629630000000013 0.06475410000000009
0 0.4958253458146007 0.21473974258978493 0.045386508370798544 0.06560191482043022
0 0.422839 0.50123 0.04938270000000004 0.06311480000000007
0 0.22963 0.23647500000000002 0.030864199999999994 0.0647541
0 0.397531 0.106967 0.05679010000000006 0.041803299999999995
0 0.197222 0.336475 0.04382719999999997 0.04344259999999996
0 0.30730369317419537 0.19977731573723115 0.05905278634839079 0.0600303206718469
