0 0.6461979166666667 0.6108987499999999 0.029962127968749995 0.03661960555555555
0 0.7237304152492707 0.2639714341301663 0.08021167775102261 0.031064314327015393
0 0.4108551241750534 0.5695597994736243 0.06224755156708165 0.05654609401201101
0 0.226012467414083 0.6011413945335244 0.04397138090349072 0.04150723922158266
0 0.2852855072255264 0.24231907101471498 0.0730509050760529 0.050894846659059564
0 0.4243248178031116 0.3758260991257533 0.05221202707604853 0.0518601433329473
0 0.4393550932791678 0.8147683268315611 0.03999043283815418 0.07203611444615268
0 0.34358169793693005 0.584197137714327 0.07933862994320175 0.04822363351734501
0 0.4845026633837807 0.8143171611878482 0.06405707341496172 0.06511824124255544
0 0.4107278832442913 0.2374630200398484 0.049707612417667475 0.06721168445734026
0 0.3633478567228101 0.25286230165801427 0.03926662973763477 0.07052511642271055
0 0.36118880483519855 0.38056762943763134 0.08435893207340388 0.032555532555557175
0 0.3816964093663494 0.8885736607412877 0.03903484579855091 0.023239338702609722
0 0.40823797014947955 0.05755742671613272 0.041793967297567035 0.061526332413657625
0 0.2447941703125 0.5164198888888888 0.0625678933333333 0.06005614953703708
0 0.5618597223806626 0.6963373453569366 0.0899332358396497 0.037897914071879875
0 0.4449646110075966 0.7603276724902099 0.05917136442568515 0.03594286294912405
0 0.33539806311844583 0.8135652184483269 0.04234281124039849 0.07173533735034383
0 0.4836682436993031 0.3769903064250643 0.04151492884583353 0.06900574174098292
0 0.3998764184913764 0.6241380128294016 0.06610974445563306 0.048450771492136474
0 0.1681887439692026 0.09506391713244058 0.042154661401357 0.07473604435127433
0 0.5039449272366768 0.7312584433621223 0.04905823410118989 0.07001915354061392
0 0.49512696600555933 0.6801428204911643 0.04658191111388123 0.04190289293317196
0 0.4005830803942122 0.772484905097677 0.04568441207073555 0.029578064391583957
0 0.21162676872343486 0.7025032758210124 0.0712951608064829 0.049327443712605425
0 0.35797297559869495 0.1363746058632045 0.08606474871158802 0.03342537739721234
0 0.5197761129184739 0.13884212080933392 0.04763443999555115 0.06175847979126666
0 0.35979625156250006 0.6076025601851852 0.04053696307291664 0.035887188425925844
0 0.5141788216890173 0.6096383474901165 0.03691424569675768 0.07113378315872686
0 0.04515962892358584 0.29921544817076795 0.051146312434438755 0.05141106229984408
0 0.5561597285598397 0.7516051367117614 0.0398094806533661 0.0678252351048325
0 0.5276980604476713 0.27181470421870507 0.06042627765124564 0.057522537121339
0 0.5777772388436929 0.3564579231463056 0.08914248525178993 0.030057715727667387
0 0.12902209636770007 0.6576122942715833 0.07762848727406399 0.03895063390720965
0 0.42823127206418105 0.4851061288793802 0.08372851628644457 0.03561508342077415
0 0.5020805119493522 0.8864743816262053 0.04465145444776901 0.02864141252608803
0 0.335584503742662 0.04658500638415657 0.07824219459195719 0.03284994553376906
0 0.09464118125797473 0.7463415375351115 0.05012375518628354 0.07323922282938675
0 0.46456859353803565 0.8664529912864368 0.06870317118132666 0.04787595473307049
0 0.5756274938132575 0.056101593396675364 0.07454789859303747 0.05186128751702521
0 0.4216890716358486 0.8937524145288546 0.04012501776996942 0.014347112145994996
0 0.2623401874598587 0.2557010732422938 0.07462499479649835 0.056305298475771294
0 0.3400123438305405 0.6390393086054041 0.041438050316458565 0.059253087874288284
0 0.77265509375 0.4486733148148148 0.0713802083333332 0.043211181018518556
0 0.5956073048436298 0.8662764044887787 0.05971422098004915 0.041808016317391415
0 0.5930721405007283 0.7479884408102856 0.034746486991040014 0.06032054921316395
0 0.19984444208075344 0.1598750418489579 0.07865247370293472 0.04209544115894659
0 0.5912759580389639 0.39434757888752014 0.0677482887913604 0.04953172873432508
