0 0.598148 0.9959020000000001 0.04074069999999996 0.008196720000000077
0 0.867901 0.990164 0.03580250000000006 0.019672099999999894
0 0.6901233216049383 0.9704919139344262 0.03950644320987656 0.05737682786885246
0 0.605247 0.613115 0.05617279999999996 0.040983600000000016
0 0.5849980446246343 0.3779209707500237 0.04530398924926853 0.041087841500047365
0 0.576543 0.416803 0.03580250000000006 0.0647541
0 0.604012 0.648361 0.05370370000000001 0.036065599999999934
0 0.609259 0.180328 0.034567900000000006 0.04262289999999999
0 0.535494 0.514754 0.025308599999999966 0.06229509999999996
0 0.624383 0.50082 0.024074099999999935 0.0754097999999999
0 0.51821 0.409836 0.029012299999999974 0.04590159999999996
0 0.563272 0.145492 0.06851850000000005 0.028688500000000016
0 0.5849926041800471 0.46396738108831614 0.06030095448868914 0.031034251374016837
0 0.549074 0.4274589999999999 0.031481499999999954 0.07786879999999999
0 0.675 0.9426230000000001 0.03271610000000001 0.07049180000000001
0 0.652547668231501 0.06348805779732693 0.028552536463002334 0.04009081559465385
0 0.72963 0.4274589999999999 0.024691399999999895 0.030327899999999967
0 0.518827 0.765164 0.024074099999999935 0.07131149999999994
0 0.5695263354795547 0.753146010482801 0.030082429040890667 0.0773144790343978
0 0.462346 0.434836 0.025925900000000064 0.08114749999999997
0 0.597222 0.9602460000000002 0.05864199999999994 0.035245899999999816
0 0.509877 0.469672 0.03827160000000001 0.07213109999999993
0 0.7913580000000001 0.790984 0.024691399999999895 0.0754097999999999
0 0.3114199999999999 0.947131 0.04999999999999997 0.04672129999999984
0 0.46018499999999996 0.503279 0.033950600000000046 0.07377049999999997
0 0.491358 0.57582 0.039506200000000075 0.056557399999999945
0 0.559568 0.0840164 0.06111110000000003 0.0368852
0 0.558025 0.826639 0.04938270000000004 0.041803299999999946
0 0.62037 0.0881148 0.04814809999999998 0.04344259999999999
0 0.667593 0.804508 0.03148150000000009 0.06803279999999996
0 0.483333 0.813525 0.03333329999999994 0.05
0 0.46358 0.0438525 0.029629599999999933 0.07622949999999999
0 0.5541103318133163 0.9189684840140243 0.03992693637336761 0.055505431971951076
0 0.560802 0.610246 0.04753090000000005 0.06147540000000003
0 0.3650269563275592 0.9176303638751219 0.043863846620091296 0.06205786419282403
0 0.824383 0.273361 0.03271610000000001 0.07295079999999995
0 0.41358 0.640164 0.034567900000000006 0.0606557000000001
0 0.7481480000000001 0.928279 0.03950619999999993 0.0663934000000001
0 0.328704 0.32418 0.03395060000000001 0.05819669999999996
0 0.428086 0.255738 0.054938299999999926 0.04262290000000003
