0 0.9430953965038721 0.195672190118115 0.05339254032558891 0.18117427179491022
0 0.8423310338541666 0.9746613761574074 0.09039067171874986 0.050677247685185285
0 0.8981893932291667 0.4101428564814815 0.04976560265625014 0.08295089916666669
0 0.9729316644851659 0.42828817719869455 0.054136671029668314 0.07233767833397693
0 0.8347132369791669 0.8878523055323496 0.050781254062500024 0.14862021166666667
0 0.8138934526041666 0.5051907398148147 0.04367185874999997 0.09331968249999997
0 0.8809251291666667 0.32710974195983805 0.09445311281249999 0.08295089916666669
0 0.5119445184651777 0.5457473524788923 0.059591547711878155 0.1505659034147282
0 0.7143619182291665 0.5864121731481482 0.07414057828124984 0.13479502666666693
0 0.719708858250641 0.025055034220556473 0.07370946499959068 0.050110068441112945
0 0.9174872635416667 0.976389313449074 0.0903906717187502 0.047221373101852065
0 0.6659657980737348 0.7363772144560831 0.07484741781413587 0.11674416761586978
0 0.32334682135416665 0.7929255314814815 0.049765602656250074 0.07085391500000018
0 0.8386030430819152 0.6820580355270389 0.10877785754253928 0.07500656845217188
0 0.7367052619791666 0.6615869064814814 0.061953090468750104 0.09850407416666676
0 0.600064032705402 0.9755258982407407 0.05882699567122043 0.048948203518518474
0 0.9149485463541667 0.7695968231481483 0.08124997359375025 0.09677587333333311
0 0.8475948481864229 0.1860766379985902 0.1001744258667376 0.07830884363244953
0 0.9678801265270506 0.5208433739242975 0.0642397469458988 0.08372907770742144
0 0.8182958655684173 0.4007107500309264 0.0881683037671794 0.0787245373153235
0 0.6792353216159468 0.8852500906188944 0.09935549114856007 0.11395879065144598
0 0.8631508182291667 0.8007031731481481 0.062968741875 0.1278824341666669
