0 0.543519 0.00860656 0.026543200000000024 0.017213099999999995
0 0.491667 0.00942623 0.03271610000000001 0.0172131
0 0.705556 0.45983599999999997 0.028395100000000045 0.04590159999999991
0 0.566049 0.527869 0.030864199999999994 0.05081969999999993
0 0.585185 0.790574 0.03333329999999994 0.04672130000000003
0 0.594444 0.484426 0.05432099999999997 0.03934430000000009
0 0.644444 0.991803 0.027160500000000056 0.016393400000000106
0 0.489506 0.286885 0.05308640000000005 0.0393443
0 0.5560956506172838 0.16885256639344262 0.03194450123456797 0.07213093278688523
0 0.612037 0.865984 0.021604899999999955 0.07950819999999999
0 0.260494 0.342213 0.028395099999999975 0.04344259999999996
0 0.477469 0.676639 0.026543200000000024 0.06967210000000008
0 0.40215999999999996 0.804918 0.026543200000000024 0.021311499999999938
0 0.516667 0.678279 0.044444399999999974 0.03852459999999998
0 0.512346 0.46024600000000004 0.03333329999999994 0.0647541
0 0.555864 0.576639 0.027777799999999943 0.07622950000000002
0 0.494136 0.259016 0.05123460000000006 0.05409839999999999
0 0.624691 0.758197 0.025925900000000064 0.03934430000000009
0 0.514506 0.512705 0.04382720000000004 0.04672130000000003
0 0.525 0.591393 0.033950600000000046 0.07786879999999995
0 0.511728 0.346311 0.04814809999999998 0.05163930000000002
0 0.524691 0.977869 0.05185190000000002 0.040983600000000016
0 0.55463 0.939344 0.05987649999999997 0.03770489999999986
0 0.676235 0.447951 0.045061699999999934 0.045081999999999914
0 0.5719137919753087 0.7162907586065573 0.05740698395061723 0.03258241721311483
0 0.529938 0.287705 0.022839500000000016 0.06885249999999998
0 0.520679 0.780738 0.03888889999999997 0.06311480000000007
0 0.48734600000000006 0.471311 0.03765430000000005 0.07049180000000001
0 0.23950599999999997 0.739344 0.05802469999999998 0.0393442999999999
0 0.48858 0.745082 0.03888889999999997 0.06721310000000004
0 0.622531 0.0217213 0.04629630000000006 0.0418033
0 0.358642 0.9856559999999999 0.04938270000000004 0.02704919999999995
0 0.590741 0.272951 0.044444399999999974 0.0393443
0 0.491667 0.627459 0.04876539999999994 0.056557399999999945
0 0.664815 0.786885 0.022222200000000056 0.032786899999999966
0 0.39567900000000006 0.662295 0.04814809999999998 0.05245900000000004
0 0.575309 0.43319700000000005 0.04814809999999998 0.05655739999999999
0 0.664506 0.0438525 0.025308600000000105 0.07459019999999998
0 0.482407 0.031147500000000005 0.054938299999999926 0.0409836
0 0.530556 0.9176229999999999 0.03888889999999997 0.05
0 0.523765 0.238525 0.05864199999999994 0.04426229999999999
0 0.739506 0.968852 0.020987700000000026 0.06229510000000014
0 0.569136 0.0930328 0.04938270000000004 0.0368852
0 0.434259 0.158607 0.026543200000000024 0.06147540000000003
0 0.489198 0.8975409999999999 0.040123500000000034 0.05901639999999998
0 0.432407 0.969672 0.027777799999999943 0.05901639999999998
0 0.45740699999999995 0.422951 0.039506200000000075 0.07213109999999998
0 0.304938 0.367213 0.04567900000000003 0.0606557
0 0.652778 0.895902 0.05740740000000002 0.03934430000000009
0 0.29907399999999995 0.713115 0.03641979999999999 0.07704919999999996
0 0.521296 0.8524590000000001 0.06111110000000003 0.05901639999999998
0 0.585185 0.9106560000000001 0.05555560000000003 0.04754099999999996
0 0.27037 0.0401639 0.024691399999999964 0.0786885
0 0.67963 0.239344 0.05432099999999997 0.0606557
0 0.6799379999999999 0.319262 0.0438271999999999 0.0647541
0 0.382099 0.115984 0.04691359999999995 0.0336066
0 0.813272 0.678689 0.05123459999999992 0.05409840000000009
