0 0.41835226485834126 0.34697030731866796 0.06688953354173274 0.1040849329783756
0 0.161827283207037 0.6158655687927179 0.04723672457525652 0.06722649868349691
0 0.1733101793661436 0.11760797775744744 0.040995440198871455 0.11149299288161382
0 0.23383669420891864 0.11650116804461431 0.05435895533216263 0.08285660942256172
0 0.09832939010881041 0.7314283190460924 0.03951485902141165 0.10973400388129217
0 0.6227552427265767 0.016748151442839462 0.051888189061154104 0.033496302885678925
0 0.30113162708333335 0.4937122370370372 0.04237004645833314 0.05741353407407425
0 0.0636319700461217 0.1459088362630946 0.06924332206345554 0.08141145378876162
0 0.229355813830908 0.9752926374689755 0.05314757630528095 0.049414725062048866
0 0.31555616249999996 0.45782905185185185 0.07842977854166668 0.07655128148148159
0 0.536817529446291 0.5762255188143166 0.07902499967025432 0.06191424190058072
0 0.29797712708333335 0.12291737777777777 0.08474023895833321 0.05023675111111111
0 0.0770422799936688 0.08418714129900243 0.09280062333575406 0.05006360117256942
0 0.16302866314215733 0.9639292761726793 0.058776401568749394 0.07214144765464131
0 0.21257198154665471 0.7438089135051527 0.060779309349570806 0.0568289526823761
0 0.2587620187500001 0.5206253555555556 0.06400597333333344 0.07774743629629631
0 0.5718514644006542 0.7226728278299316 0.05143126121135377 0.11826961997727052
0 0.2579870247501827 0.7655340584671294 0.04663721057821479 0.05048625549415238
0 0.3214153541666667 0.5451452888888889 0.037862616458333304 0.09090470148148144
0 0.059603921103104085 0.918490289488361 0.060779309349570806 0.06900658540002783
0 0.09407272405638416 0.6398931143145221 0.09300458074967868 0.062241233890221195
0 0.4381446322346207 0.48402505332150153 0.04521905831222952 0.06536457117058227
0 0.45223044113379757 0.652707817632681 0.07281279677113002 0.08184947768281113
0 0.21909710208333327 0.8340071185185186 0.03876413166666678 0.11602307703703711
0 0.17295154967257426 0.8336011788881609 0.06434515565485176 0.10564268888743308
0 0.2701433689181938 0.9675665271012425 0.05251021950305379 0.06486694579751484
0 0.325514343754763 0.8314433931502843 0.04465723117664986 0.11767326677010938
0 0.24775463544867146 0.43152028781247675 0.0650624150419901 0.092008780533371
0 0.23092814879988074 0.2945895732539898 0.08566211384838857 0.06007632140708318
0 0.010609593593749977 0.5032820592592593 0.021219187187499954 0.062197861481481424
0 0.1420027163286967 0.4978207326085822 0.03956773830139824 0.1136579053647521
0 0.15148419166666666 0.6976510148148148 0.051385052499999875 0.11123860370370371
0 0.06267309930239887 0.7234452407460019 0.035508224003750755 0.10080366692538469
0 0.19284492433180803 0.9203713024114872 0.06864331495041576 0.07985771881495793
