0 0.416743145007198 0.0603935877165035 0.043362290014395996 0.05357417543300702
0 0.671588440704996 0.5597137536967395 0.04014407874838464 0.04490853992478734
0 0.4028245973650918 0.47573583237849737 0.032809994730183686 0.07673895912066264
0 0.5232711297179689 0.27625829728610324 0.052790288659861136 0.04065956252679136
0 0.5877592449428521 0.3286753970819093 0.04988830678139858 0.04183243007298847
0 0.6829105452560584 0.9383877765027321 0.028783390512116938 0.03579275300546446
0 0.47048815600052346 0.5188843190638939 0.02661082755311254 0.04489370329606666
0 0.35953432140862884 0.4386967941391995 0.03285828640666575 0.04671525890343513
0 0.5944297411687227 0.36929894231570487 0.05637246056891607 0.034780471667266735
0 0.6263359944160887 0.15133522562706367 0.03380883828469217 0.03852169379597983
0 0.4875021191324385 0.7338399296265691 0.05832916173512294 0.03559874074686213
0 0.5383239541072286 0.8790476742165325 0.036644418269859945 0.043445519318774335
0 0.6715820759030636 0.9119611414693382 0.06424325560128033 0.029751062537947792
0 0.7190214906264288 0.8413782635094111 0.02560585276634662 0.07134183363691562
0 0.6036513545347467 0.1873950066616463 0.06827204118134626 0.0341771418641024
0 0.5059329058151202 0.40940161038058276 0.028137678314356766 0.06748537334182939
0 0.5504296994285216 0.4763077101314951 0.049077345897133896 0.06864392052366328
0 0.545062 0.311475 0.044444399999999974 0.04426229999999999
0 0.6270722489858906 0.841100655854801 0.024867602028218826 0.03583128829039804
0 0.458440160508124 0.6545975223980435 0.030144357077740817 0.0656161820632509
0 0.5750664379183907 0.620449367936749 0.04003094829616176 0.05717603966587743
0 0.5809592697244929 0.7188815121666593 0.02589052301947726 0.0738285243333185
0 0.6309079288189189 0.6676866038325814 0.023547616644801064 0.07705364720596769
0 0.4897919120533962 0.45646758964258816 0.052567290494263376 0.03823205700052134
0 0.3780614786775291 0.46792725838932975 0.03893934264494172 0.06578558322134044
0 0.4914590776163084 0.6937150344820655 0.05687731689709698 0.041077547063027624
0 0.41955677703616456 0.4047674216532468 0.031191379836845085 0.047210797659734634
0 0.564636168799475 0.3879216213945319 0.050973662401050085 0.05202645721093623
0 0.5269131722474518 0.648424401373565 0.03844667330036662 0.06242220274713004
0 0.6291715744012564 0.308318368765568 0.035990053657898244 0.07791229797833514
0 0.5706471945993108 0.45969122094653303 0.047467989198621385 0.06480338907490012
0 0.43940583693233876 0.1453976713201645 0.0530035335689046 0.034756415455019396
0 0.5479025801459952 0.7189440300174208 0.03380764961146432 0.06253629338455355
0 0.4790648787985865 0.2568846408083763 0.03809311317890322 0.05903951274691541
0 0.4806110521648562 0.8978393222107977 0.03035840432971248 0.03830154442159524
0 0.4758321336648781 0.3252621212998899 0.040788727478951264 0.06024445345536698
0 0.3805792972459639 0.3149432534678436 0.05555555555555555 0.0390920554854981
0 0.6771833561957018 0.8677899210686094 0.043895747599451286 0.06405585913782626
0 0.4659881268954761 0.8501174660169148 0.030698061582253654 0.07189686796617055
0 0.6785761026043711 0.3826102068006719 0.03271823059808917 0.07182992527370677
0 0.5162193193670113 0.8228755218921971 0.03984683873402257 0.06542314378439439
0 0.422283296252672 0.9476915947401956 0.027919556777036152 0.0741470196373747
0 0.6822841687388213 0.15567977755894105 0.044060550538760124 0.06516827897816138
0 0.5390338628593553 0.9607167835631119 0.029339374281289566 0.07528863287377627
0 0.5188020765170352 0.031425592307246716 0.06172839506172839 0.033887505068643915
0 0.43201466680122447 0.7296645374547729 0.04558145793386482 0.05538928842631888
0 0.7299954275262918 0.9301760777170613 0.04069501600365794 0.07528840315725552
0 0.5529380971077084 0.12903319237675953 0.04275182131483658 0.05474135434165556
0 0.1884531590413943 0.492092574734812 0.042556281771968046 0.07888138862102219
0 0.4015414550644195 0.6277417046299191 0.05494148987116094 0.03959919074016176
0 0.5504373083193583 0.5312059109770036 0.030334111469236223 0.038835386803685694
