0 0.4509908144426528 0.13617349927981315 0.05765875028013942 0.05768457720057093
0 0.4871821916642236 0.13784105607617111 0.04130387948141631 0.06429799079328688
0 0.5089353713072023 0.5775197323336037 0.04307241491296947 0.040581226985460156
0 0.4387498341558356 0.1564079536495956 0.0476118988403531 0.053116875260608126
0 0.4944786475129483 0.23952160560577881 0.040717938695071454 0.06293524806436265
0 0.6012182010698861 0.4545271690146557 0.038238902139772296 0.0565947380293112
0 0.6462965003086419 0.3593855541273243 0.05802509938271593 0.036966091745351384
0 0.4400207966586859 0.08027922233228081 0.02659359826867319 0.07145424465591073
0 0.5506673157930899 0.40789419184382786 0.05994443310866818 0.042695078051323686
0 0.6588162480862567 0.24449586919849473 0.040717938695071454 0.04995890825727757
0 0.5797939557192416 0.2432762026828582 0.029375898457604528 0.04893788400666117
0 0.6501112419840335 0.41591843827839886 0.03555381058325695 0.04923825522794414
0 0.5419255438514227 0.6586519177936649 0.029015333220447744 0.07186561511580127
0 0.5549704522848283 0.9231994406029058 0.02749985372418227 0.07652863025405951
0 0.540349625072478 0.24191028472144127 0.053865393654516425 0.042153737404299445
0 0.5009161104567464 0.6066442680878178 0.045587401300004424 0.05647917511440654
0 0.4970989835536361 0.5395933499391763 0.059329058151201854 0.0469211608642762
0 0.5215285957335427 0.37232810056189536 0.0479867382105309 0.040259514568730795
0 0.4765627544871168 0.2967256369220122 0.025733737255285195 0.07569531554132965
0 0.5222452366135704 0.1887817403023487 0.0275314167367015 0.08006876992516979
0 0.38642 0.368033 0.044444399999999974 0.05409839999999999
0 0.486411028224927 0.6285118461449343 0.04885922435981328 0.054451717546197084
0 0.5641005501134231 0.4664298390256618 0.03846589977315355 0.07205912194867639
0 0.5759499192950311 0.5385796211550715 0.045587401300004354 0.05937554306899146
0 0.5376265051255048 0.984962115521327 0.05366269956117247 0.02912709018335788
0 0.5554515330645949 0.190632025496345 0.042228957715234904 0.06858239565292619
0 0.43385407524428066 0.7518840804910264 0.05909543034345568 0.043120192681221366
0 0.358951 0.4045079999999999 0.05123460000000006 0.03196719999999999
0 0.39773224761404435 0.5657772352052087 0.027142982225724577 0.08342053249622147
0 0.5736596431531649 0.39072003707350983 0.05671159970335469 0.06951283091003879
0 0.4986258343148802 0.42547645252852917 0.04536927976268381 0.06024445345536698
0 0.5878903195999869 0.18310793326268435 0.048363469728655566 0.056380266525368754
0 0.7140206007229841 0.5533662350706396 0.051293205424670384 0.04698575271450588
0 0.5191328769527822 0.9181493279465467 0.045345503481364506 0.06021288167197591
0 0.4541864139020538 0.8307435319710977 0.05412205254227371 0.0555512392199518
0 0.37076606521050964 0.2541771752837326 0.046296296296296294 0.05858554014291717
0 0.216049 0.10204899999999999 0.03209879999999998 0.04999999999999999
0 0.7202767387235972 0.9664030068370756 0.05327362255280537 0.05571798632584872
