0 0.46142 0.709016 0.022839500000000016 0.02950819999999999
0 0.507716 0.00942623 0.022839500000000016 0.0172131
0 0.475 0.040983599999999995 0.05617279999999996 0.03770489999999999
0 0.47963 0.804508 0.04691359999999995 0.041803299999999946
0 0.690741 0.590984 0.022222200000000056 0.04590159999999991
0 0.503395 0.533197 0.035185199999999965 0.06147540000000003
0 0.373148 0.378689 0.026543200000000024 0.07049180000000001
0 0.5110337169753086 0.6331966274590163 0.0541671339506173 0.04508215491803287
0 0.479938 0.988934 0.05493830000000007 0.022131099999999935
0 0.485494 0.019672099999999998 0.026543200000000024 0.0377049
0 0.667284 0.605738 0.022222200000000056 0.07049180000000001
0 0.565741 0.57418 0.035185199999999965 0.056557399999999945
0 0.5111518751455858 0.8320445406742966 0.03581411600279532 0.05567584287039955
0 0.538272 0.014344299999999997 0.027160499999999983 0.027049199999999995
0 0.610802 0.6 0.03271610000000001 0.06065569999999991
0 0.679321 0.435656 0.040123500000000034 0.03688519999999998
0 0.473148 0.472131 0.04259259999999998 0.05081969999999993
0 0.55463 0.744262 0.03641980000000002 0.07049180000000001
0 0.585802 0.588115 0.03950619999999993 0.0647541
0 0.487963 0.575 0.027777799999999943 0.07950819999999999
0 0.490123 0.8938520000000001 0.05185190000000002 0.04344260000000006
0 0.441975 0.569672 0.06172839999999999 0.02459019999999991
0 0.348148 0.3938519999999999 0.023456799999999976 0.06475409999999995
0 0.579012 0.0213115 0.029629599999999933 0.0409836
0 0.428086 0.24918000000000004 0.033950600000000046 0.06229510000000005
0 0.46296300000000007 0.528689 0.04691359999999995 0.05081969999999993
0 0.289198 0.506967 0.03271610000000001 0.041803299999999946
0 0.586111 0.739754 0.035185199999999965 0.07622950000000002
0 0.603395 0.375 0.05246909999999995 0.04344259999999996
0 0.408642 0.719672 0.04814809999999998 0.03114749999999992
0 0.2966863962599855 0.583052043780135 0.038725007480029085 0.07160071243973007
0 0.430247 0.765164 0.04691359999999995 0.05
0 0.551235 0.320082 0.023456799999999976 0.06639340000000002
0 0.497531 0.372951 0.034567900000000006 0.07213110000000003
0 0.42932100000000006 0.352459 0.05740740000000002 0.03770490000000005
0 0.540123 0.867623 0.05432099999999997 0.03852459999999998
0 0.26142 0.896721 0.04382719999999997 0.05245900000000004
0 0.35925900000000005 0.263525 0.039506200000000075 0.06311479999999997
0 0.391975 0.9131149999999999 0.04320989999999994 0.06229510000000014
0 0.532099 0.0905738 0.028395100000000045 0.08114750000000001
0 0.407099 0.191803 0.04876539999999994 0.0606557
0 0.662037 0.837705 0.05246909999999995 0.040983599999999926
