0 0.45861067604166667 0.5336889666666667 0.0406829029166668 0.06139950444444451
0 0.5481128281249998 0.8327043555555556 0.024409697812499923 0.07490740740740738
0 0.49997124166666673 0.2537060518518518 0.022149552812500063 0.11788703055555551
0 0.4735588145912296 0.3066843353850363 0.04333223050504067 0.04532185430441928
0 0.4738162488616002 0.1791934448544034 0.03287291436013291 0.06464307193102893
0 0.5420106416666666 0.4759728092592592 0.028478017395833354 0.08595924629629624
0 0.5883434677083333 0.01387823587962963 0.04068290291666668 0.02775647175925926
0 0.4963041805051484 0.97486439699436 0.029280168093630425 0.0502712060112799
0 0.36752604166666664 0.25309330925925927 0.0176292628125001 0.04297962314814812
0 0.5629595854018739 0.26262992596628654 0.018985320520833328 0.12279900888888896
0 0.4840313830609672 0.7431708904962956 0.022470949594424344 0.1135713558721235
0 0.5220543845101703 0.7582862444761451 0.017495857041173814 0.10831101512178394
0 0.5995607970739577 0.5724518074675887 0.026050641752082035 0.0943919121018597
0 0.3216450395833334 0.7989345981481482 0.017177219166666664 0.11543111629629624
0 0.51036831875 0.3838741518518519 0.019437364166666703 0.09332728870370362
0 0.47962964374999995 0.2395845074074074 0.025765828749999997 0.09209925666666671
0 0.6617989125 0.09898030740740743 0.02486174145833336 0.08595924629629628
0 0.49273912916666673 0.8535795518518519 0.035710496041666616 0.06262753648148116
0 0.41295521979166677 0.8191955537037037 0.0235056837499999 0.10192321333333336
0 0.40775668125000003 0.9878825719907409 0.02395772739583322 0.024234856018518436
0 0.29836548749999997 0.03843775300925926 0.023957727395833336 0.07687550601851852
0 0.35373918645833335 0.9780587276851853 0.028930061041666615 0.04388254462962967
0 0.5221208677083333 0.22730418703703703 0.021245465520833305 0.06753951481481482
0 0.63512885 0.9719186049537037 0.03209429333333335 0.056162790092592674
0 0.5277712302083333 0.31694887777777775 0.028025973749999978 0.1068351916666667
0 0.4592468641235594 0.5851467898124809 0.04031476050288122 0.05625372481014695
0 0.4440473690383466 0.36203230227290123 0.019322214348726163 0.12059901576929145
0 0.49115664687499994 0.5281622981481481 0.03435443833333327 0.09209925666666675
0 0.5656215078346892 0.3666814037037037 0.02531378510416656 0.1129750522222222
