0 0.6293208901234567 0.08975411885245901 0.03518538024691358 0.041803237704918034
0 0.598148 0.45614799999999994 0.05555560000000003 0.041803299999999946
0 0.47037 0.583607 0.022222200000000056 0.06721310000000004
0 0.367901 0.257377 0.019753099999999964 0.055737700000000015
0 0.474383 0.831148 0.05 0.03114749999999992
0 0.4310958259259259 0.5300203106557377 0.02422810123456794 0.08750036229508198
0 0.5510030154320987 0.36383217540983603 0.05138903086419759 0.03258155081967216
0 0.263889 0.990164 0.035185199999999965 0.019672099999999894
0 0.47901199999999994 0.797541 0.05679010000000006 0.03442620000000007
0 0.46142 0.880738 0.033950600000000046 0.06967209999999989
0 0.350617 0.827459 0.030864199999999994 0.07622950000000002
0 0.57037 0.268852 0.04814809999999998 0.05081970000000002
0 0.595679 0.987295 0.04074069999999996 0.023770500000000166
0 0.508951 0.412705 0.04876539999999994 0.041803299999999995
0 0.333333 0.838934 0.030864199999999994 0.06967209999999999
0 0.557407 0.981967 0.03580250000000006 0.036065599999999934
0 0.497531 0.606967 0.025925900000000064 0.07622950000000002
0 0.47932099999999994 0.343443 0.031481499999999954 0.07213110000000003
0 0.408951 0.44836099999999995 0.024074099999999935 0.09344260000000001
0 0.46975300000000003 0.18729500000000002 0.025925900000000064 0.050000000000000024
0 0.414198 0.742213 0.03209880000000005 0.06803279999999996
0 0.454012 0.386475 0.029012299999999974 0.07950819999999999
0 0.551543 0.522541 0.04876539999999994 0.035245900000000004
0 0.519136 0.773361 0.03333329999999994 0.06803279999999996
0 0.547531 0.618852 0.023456799999999976 0.07868850000000006
0 0.351543 0.972131 0.021604899999999955 0.05573769999999983
0 0.523148 0.446311 0.04629629999999999 0.058196700000000004
0 0.6511571580246914 0.2978481262295082 0.02854888395061728 0.06495854754098358
0 0.449691 0.0520492 0.05123460000000006 0.0418033
0 0.733025 0.768443 0.022839499999999874 0.06147540000000003
0 0.535185 0.8467209999999998 0.04691359999999995 0.04426230000000008
0 0.573148 0.727869 0.035185199999999965 0.06393440000000007
0 0.600617 0.596311 0.04938270000000004 0.04672130000000003
0 0.682099 0.587705 0.04444440000000011 0.05901639999999998
0 0.40463 0.156148 0.054938299999999926 0.04344260000000001
0 0.509877 0.179918 0.03703699999999995 0.07131150000000001
0 0.629938 0.818033 0.05370369999999994 0.03770490000000005
0 0.512963 0.834016 0.04197530000000002 0.06311480000000007
