0 0.540299311371706 0.005446820068450192 0.026603566252972374 0.011075303156494657
0 0.5261270987008326 0.04161743468356843 0.03014681870513933 0.04939956627906977
0 0.5381567454631316 0.4758579082683866 0.05802469999999998 0.03934430000000009
0 0.5676758698418516 0.034086657769583466 0.0552407877601876 0.04515338544270945
0 0.5458338052629592 0.7719205895623402 0.060595763959678396 0.04035694590665262
0 0.5709469363822925 0.15809507331631992 0.05163034626535067 0.04411955534408927
0 0.5576728883676992 0.2137851983217267 0.05277044854881269 0.03525238980924782
0 0.5421527541812964 0.805634932571314 0.05965190470796992 0.03860229608462424
0 0.5268307525978044 0.11703255194861371 0.0509347357242907 0.05011673787793588
0 0.5565019111298414 0.08306912063670573 0.031007383317046194 0.06830096457459232
0 0.5901482022281694 0.6147609300392137 0.028021548047660064 0.07868575388595377
0 0.5696440595662725 0.013926870632380295 0.028176619132545055 0.028809609226177597
0 0.4492913690970492 0.9862475189296479 0.044627138349111445 0.026968315812688222
0 0.4004675075664048 0.668020238922007 0.0423122725589225 0.06932464883258803
0 0.46864937019266734 0.5341280615871833 0.04616518258511036 0.03994017682563328
0 0.5858292408148473 0.07915352403434403 0.030009325139255374 0.059262916030105105
0 0.4578187723251029 0.5728514794088425 0.052937090591096116 0.04406355881768511
0 0.5666297526762644 0.6270083328794728 0.029941347770805135 0.09776155982789612
0 0.48666080328349454 0.17399108957999915 0.02866542884133029 0.07937194515333709
0 0.4337977120851738 0.7611420263698802 0.034356476762185215 0.04236225998897084
0 0.5099316457746369 0.615843397430524 0.040869985808688586 0.06244542630590087
0 0.4877805669679794 0.06036376432155369 0.04426044010228345 0.07574288397854578
0 0.3838383838383838 0.6076751117734723 0.04526748971193411 0.06184798807749622
0 0.5024785577254022 0.5723050198460009 0.04928904990647207 0.05856929463487328
0 0.5042843177440633 0.09795298034625201 0.047817566016808304 0.07183918399368482
0 0.4109614665170221 0.5768753104818678 0.04526748971193418 0.060854446100347744
0 0.3923850103791106 0.47120266937472793 0.029607778870315737 0.07311765559263024
0 0.6699058739541035 0.5210337209574643 0.041669752091792904 0.05301455808507173
0 0.24867965149527366 0.8980658417831778 0.053991321021293795 0.045115468798856445
0 0.5498117699164037 0.9727633610233037 0.06186679953496101 0.03381606998456219
0 0.2737013743303051 0.6102433240540261 0.025234878484354375 0.05593360140220632
0 0.640047578032074 0.6783399596971842 0.0332225913621262 0.08060563150155223
0 0.41241897130199673 0.02995371772135473 0.027307078406462716 0.05990743544270946
0 0.35405776146516893 0.35014522719440755 0.041152263374485576 0.05242947865898687
0 0.5737473246580714 0.42504771945782427 0.049538769939498566 0.06625596923903836
0 0.6994688486936549 0.891790570593468 0.03469231505407213 0.03939509467530816
0 0.4813682183712764 0.7618940191507495 0.04983576849020267 0.06291672933273174
0 0.518461886963416 0.871684965157668 0.044738928530977454 0.06391938637389084
0 0.4488801187343992 0.4058048911582907 0.05110301558388991 0.0483740929857565
0 0.685802 0.027049199999999995 0.04320990000000008 0.05245899999999999
0 0.6033148336919999 0.8047576076602998 0.038509457469702094 0.05639945856519783
0 0.127778 0.106557 0.05679009999999999 0.04918030000000001
0 0.5294592019850908 0.44671244470348465 0.0348342104870809 0.03523264717817779
