0 0.399074 0.993033 0.021604899999999955 0.013934400000000065
0 0.541667 0.577869 0.05617279999999996 0.04262289999999994
0 0.601235 0.9893439999999999 0.024691400000000033 0.019672099999999894
0 0.632407 0.581557 0.05123459999999999 0.05
0 0.6150798743609808 0.06998385056568922 0.030490572961224136 0.07476330787347034
0 0.490432 0.00983607 0.029012299999999974 0.0196721
0 0.621296 0.543033 0.05370370000000001 0.03360660000000008
0 0.579321 0.662705 0.05370370000000001 0.035245900000000004
0 0.556173 0.697541 0.04814809999999998 0.032786899999999966
0 0.549074 0.0844262 0.026543200000000024 0.0754098
0 0.641667 0.523361 0.05 0.05
0 0.446914 0.0155738 0.03209880000000005 0.031147499999999998
0 0.6608020000000001 0.768852 0.0561728000000001 0.04262289999999994
0 0.532099 0.732787 0.05432099999999997 0.040983600000000016
0 0.518519 0.0348361 0.05802469999999998 0.03524589999999999
0 0.519444 0.106967 0.031481499999999954 0.0647541
0 0.527469 0.797951 0.05123460000000006 0.04344260000000006
0 0.596914 0.726639 0.05185190000000002 0.040163900000000086
0 0.594136 0.612295 0.030246900000000035 0.07377049999999997
0 0.451543 0.384836 0.029012299999999974 0.0745902
0 0.49512986550024046 0.5667236241004897 0.032267106341189684 0.07638955179902077
0 0.480864 0.0479508 0.027160499999999983 0.07131149999999999
0 0.511728 0.386475 0.04320989999999994 0.05491799999999999
0 0.669444 0.806967 0.025308600000000105 0.03032789999999992
0 0.478086 0.618033 0.025308599999999966 0.07377049999999997
0 0.495988 0.443443 0.05 0.04590159999999991
0 0.508333 0.514344 0.04135800000000006 0.05983609999999991
0 0.5334144842267706 0.3353610773583549 0.049155437004548344 0.04828848664078228
0 0.521914 0.644672 0.040123500000000034 0.0647541
0 0.537346 0.47868900000000003 0.05246909999999995 0.057376999999999935
0 0.502469 0.0897541 0.034567900000000006 0.06803279999999999
0 0.506481 0.681557 0.031481499999999954 0.07459019999999991
0 0.43361815923520924 0.4576163633542687 0.030295481529581517 0.07001237329146268
0 0.610494 0.337705 0.05308640000000005 0.05901639999999998
0 0.430556 0.9102459999999999 0.026543200000000024 0.07459019999999991
0 0.428086 0.627869 0.03888889999999997 0.04590159999999991
0 0.567593 0.21475400000000003 0.05 0.0393443
0 0.3371093843314093 0.6328772500904832 0.03689313133718133 0.07031059981903352
0 0.7046300000000001 0.845492 0.0561728000000001 0.041803300000000036
0 0.582407 0.968852 0.04876539999999994 0.05245900000000004
0 0.284259 0.0885246 0.026543200000000024 0.08032789999999998
0 0.258025 0.259836 0.03827160000000001 0.04590160000000001
0 0.811728 0.9065570000000001 0.03333329999999994 0.04754099999999996
0 0.40246899999999997 0.147541 0.04691359999999995 0.04754100000000001
0 0.686111 0.339344 0.04135800000000006 0.06721310000000004
