0 0.5524359860687225 0.3165185307500176 0.036970872137445064 0.044511661500035174
0 0.341049 0.024590200000000003 0.029012299999999974 0.0491803
0 0.498457 0.30082 0.033950600000000046 0.07868849999999997
0 0.550617 0.46311500000000005 0.04938270000000004 0.03770490000000005
0 0.42820806752636037 0.7673839278741293 0.021360764947279183 0.0734296442517413
0 0.6672484628870144 0.6141661934533517 0.048219374225971307 0.06019231309329682
0 0.450617 0.0139344 0.034567900000000006 0.026229500000000003
0 0.579321 0.591803 0.030246900000000035 0.06557379999999993
0 0.451543 0.553279 0.054938299999999926 0.03442620000000007
0 0.37856642556234243 0.47678944801090034 0.02626835112468484 0.07980879602180062
0 0.45092600000000005 0.757377 0.029012299999999974 0.057376999999999935
0 0.489506 0.775 0.04938270000000004 0.04344260000000006
0 0.7199130088294228 0.7654643763496695 0.055875617658845536 0.04404335269933909
0 0.3740740000000001 0.991803 0.05061729999999996 0.016393400000000106
0 0.4942795041933294 0.22172149467213115 0.025596508386658914 0.048360289344262314
0 0.7143996130437593 0.4314392474937773 0.03910237391248139 0.035481705012445346
0 0.49660499999999996 0.520492 0.04259259999999998 0.05081969999999993
0 0.510185 0.810656 0.05246909999999995 0.03770490000000005
0 0.597064700119218 0.728714734705903 0.030562399761564156 0.07207803058819383
0 0.36913598672839504 0.025819675 0.02469172654320986 0.05163935
0 0.597046122336953 0.6577804054072611 0.0404756565606618 0.05857016506737605
0 0.481173 0.727049 0.033950600000000046 0.04918030000000007
0 0.6105195625412061 0.5994977369303064 0.043261825082412116 0.06784857386061266
0 0.576852 0.77623 0.03641980000000002 0.0393442999999999
0 0.612112985585935 0.2675735988327182 0.03037941955917526 0.07338425886190025
0 0.5395354484066963 0.023311284488455927 0.03462569681339279 0.040065268976911844
0 0.454321 0.513525 0.05432099999999997 0.048360700000000076
0 0.5692586746170254 0.4180069880224873 0.05209734923405077 0.036014176044974616
0 0.4688434197595501 0.8629215950047205 0.040271922034774636 0.06799424883700947
0 0.5211229707531924 0.7431909328255821 0.046643758493615274 0.059519134348835594
0 0.546296 0.242213 0.05061729999999996 0.03852459999999998
0 0.536728 0.287295 0.04876539999999994 0.04672130000000003
0 0.658025 0.770082 0.029629600000000075 0.03032789999999992
0 0.50216 0.48688499999999996 0.05246909999999995 0.05245900000000004
0 0.292901 0.77582 0.035185199999999965 0.07295080000000005
0 0.4077160000000001 0.447951 0.04259259999999998 0.06803279999999996
0 0.286728 0.519262 0.05864200000000001 0.03360660000000008
0 0.9259260000000001 0.013524599999999998 0.03580250000000006 0.025409799999999996
0 0.543827 0.606967 0.03950619999999993 0.06639339999999992
0 0.45827180806185763 0.253890292867565 0.030369483876284638 0.07090821426486997
0 0.680556 0.9409840000000002 0.027777799999999943 0.032786900000000146
0 0.4270233480932066 0.1799482374710325 0.052811296186413344 0.043502374942065054
0 0.45598191942990113 0.9359260651081454 0.05099816114019783 0.04454116978370968
0 0.380247 0.8549179999999998 0.05555560000000003 0.040983600000000016
0 0.530247 0.966803 0.025925900000000064 0.0663934000000001
0 0.41481500000000004 0.0598361 0.044444399999999974 0.04590160000000001
0 0.38894858064119964 0.35523146266629474 0.045559238717600724 0.06330817466741051
0 0.345679 0.0901639 0.05185190000000002 0.027868899999999995
0 0.4296755724050231 0.626639 0.05370370000000001 0.05
0 0.6342589999999999 0.932787 0.03148150000000002 0.05737700000000012
0 0.490123 0.0491803 0.03209880000000005 0.06885249999999998
0 0.0358025 0.770082 0.043209899999999996 0.07459019999999991
