0 0.4998467363312888 0.266578576352198 0.06079278853896363 0.04448637897567091
0 0.5445858134957144 0.26403344599039363 0.036880114771565504 0.0712857236608541
0 0.6323483043819299 0.7072438968178971 0.0529328279979559 0.040362284603738176
0 0.5081762144629236 0.3329224513078208 0.02713266976094997 0.08073544613657727
0 0.532099 0.69877 0.024691400000000033 0.041803299999999946
0 0.582716 0.655328 0.03209880000000005 0.040163900000000086
0 0.5391975438271606 0.9762293389344263 0.030246887654320983 0.04590197786885226
0 0.6483370712864669 0.24483914275086147 0.030682938499646078 0.07521677558212383
0 0.5349393705728553 0.6499897259397515 0.0554885547810019 0.034447448120496965
0 0.527469 0.109426 0.022839500000000016 0.04344260000000001
0 0.485802 0.772541 0.03827160000000001 0.04672130000000003
0 0.6385783406090273 0.6625511187793672 0.051238618781945466 0.03555436244126559
0 0.5480461659904065 0.7830611154954579 0.06597516598254315 0.03537147396888389
0 0.4507745537469529 0.8791897253837319 0.06251474404340644 0.05847342591625763
0 0.5621608737300464 0.8383599119322334 0.04026109440512699 0.06390876546413289
0 0.5524258619171187 0.5468128520230761 0.06058027616576234 0.03588319595384772
0 0.594136 0.82418 0.05 0.041803299999999946
0 0.715432 0.989754 0.027160500000000126 0.020491800000000008
0 0.54537 0.8799179999999999 0.030246900000000035 0.06967209999999989
0 0.5737024599827004 0.6161613204996345 0.05728171996540058 0.040518540999269194
0 0.6103014074624518 0.5525060711809544 0.030478414924903625 0.08533974236190855
0 0.5244870017338995 0.05488407067714315 0.02675140346779901 0.0687846413542863
0 0.234568 0.8352459999999999 0.030864199999999994 0.03442619999999998
0 0.562654 0.12582 0.03641980000000002 0.058196700000000004
0 0.8421402950145473 0.7945600814138039 0.02996019002909485 0.048135762827607724
0 0.39567900000000006 0.23975400000000002 0.03580250000000006 0.08114750000000001
0 0.6723402396929307 0.7077140114962932 0.040866426330895725 0.07146766459225222
0 0.3487909387493119 0.7178891518560091 0.038440769352048515 0.07200075027148388
0 0.471914 0.738115 0.04506170000000007 0.0647541
0 0.549383 0.933197 0.05555560000000003 0.04672129999999984
0 0.442593 0.809016 0.04567900000000003 0.055737700000000015
0 0.48456800000000005 0.075 0.04691359999999995 0.06147540000000001
0 0.47554243172328375 0.45727530014618356 0.047569883498466636 0.053111736347499175
0 0.40246899999999997 0.942213 0.034567900000000006 0.06311479999999989
0 0.594753 0.937705 0.054938299999999926 0.05245900000000004
0 0.7479986958539749 0.7433615478568445 0.054619708292050095 0.039505804286311015
0 0.6845679999999998 0.536066 0.04197529999999988 0.06721310000000004
0 0.3227728754600141 0.07802806599665867 0.04801405092002831 0.05277753199331731
0 0.6562060676712275 0.9671555518899446 0.054253764657544966 0.0610731378197765
