0 0.5217236467236467 0.6109118852459017 0.04184472934472935 0.04393915510718794
0 0.5498399634202104 0.5332333297617773 0.03644530514537778 0.057144898032072525
0 0.49619153571572655 0.41538443621379334 0.032701530776782554 0.06824163931211827
0 0.5813100884087792 0.3058678829169919 0.029619682088967304 0.04452236583398384
0 0.6251512950859356 0.15071966855959143 0.03456252185373473 0.0600021429336762
0 0.44738331099817985 0.3948743897948894 0.0584596616583917 0.037066463811771186
0 0.5565353713501863 0.26932084309133486 0.056437389770723115 0.03695029924538124
0 0.4522714435568466 0.039644273009750354 0.04088329433282224 0.06857387763848709
0 0.6550990253604185 0.19123380728954603 0.026578086345786553 0.0800489038679953
0 0.5493020253368838 0.40358584235151257 0.05850076656176875 0.04214436229865353
0 0.3837739556328842 0.21435564977052754 0.046621377849054554 0.05380593321725779
0 0.6041537038086017 0.5150594184586951 0.03917100761720329 0.056348536917389856
0 0.7438761512835588 0.6582097319802238 0.026650989613952552 0.04293520686963312
0 0.4186534845208316 0.23189411096824886 0.04074069999999996 0.06885249999999998
0 0.5043966534008851 0.9855470011437449 0.04972675025093701 0.030875235591766893
0 0.5834341428223455 0.4577387569166691 0.054520132548375004 0.036342194013370605
0 0.610063245829635 0.19213537930997535 0.036662708340729835 0.06818804138004927
0 0.41603754033809986 0.7171639737390416 0.025609142315776996 0.07095962574202937
0 0.42308167584120066 0.05980570447783849 0.030380248317598592 0.077109891044323
0 0.04938270000000001 0.978279 0.03333330000000001 0.04344260000000006
0 0.6675811614083219 0.36885245901639346 0.030393501707953314 0.07625272331154685
0 0.42414985989183623 0.4640154162976742 0.029557956960573402 0.07371460701586341
0 0.4535266531637484 0.20625313344673024 0.02680720632749678 0.07643976689346048
0 0.38008682517739223 0.3440485636539404 0.049063050354784456 0.06022812730788079
0 0.5049221334624384 0.5307332404728741 0.052583447645176064 0.05500196435586986
0 0.7248166040436571 0.181872178664766 0.032563964931114665 0.0805416963649323
0 0.44434729853563326 0.9759815662415096 0.048534603224875975 0.04603391538481189
0 0.6210495172005702 0.26340226436658454 0.03254525404125983 0.07964570163220114
0 0.6894423158790973 0.05577539099302807 0.035050376046544506 0.04258526474467683
0 0.520988 0.47090200000000004 0.039506200000000075 0.06803279999999996
0 0.18467456427015247 0.7994063404050143 0.024850217864923745 0.07247468659594983
0 0.6528116944783612 0.8313817330210772 0.02696377696377688 0.040533237254548854
0 0.5114001284521517 0.8475078176821756 0.05726825090986941 0.033876622761300074
0 0.4607563053094489 0.10937425505910925 0.05511397966056112 0.04840388818172079
0 0.6121964455297788 0.7749729778418303 0.023063356396689702 0.041659160511619484
0 0.5163817663817664 0.662436948297604 0.05430911680911677 0.05438209331651952
0 0.15562248995983935 0.4721755875962868 0.030864197530864196 0.0703634208967016
0 0.40227497612280544 0.8153506333981995 0.04158795224561098 0.058570266796398936
0 0.284877 0.9737699999999999 0.04382719999999997 0.04754099999999996
0 0.7948064064176246 0.15125777111362354 0.04640251283524911 0.06153194222724704
