0 0.5057856270833333 0.6690354462962964 0.037265624999999976 0.02851397092592602
0 0.5478816223958333 0.83770655 0.0165624834375001 0.021056486481481434
0 0.44413635833333337 0.6523654981481481 0.03082463437500008 0.032900723333333375
0 0.4583986583333334 0.6786864407407407 0.04370661562499993 0.022372506851851777
0 0.35028213645833334 0.789013261111111 0.03542537390625 0.022811144629629555
0 0.37896863911848633 0.6075917483019749 0.021298604679694223 0.033720312529875736
0 0.32129767864583336 0.60257615 0.024383718281249973 0.03860349611111107
0 0.23388444739583328 0.472069637037037 0.029904546093750047 0.029391299999999974
0 0.2035196708333333 0.7776079296296297 0.01886281593749999 0.021933815555555444
0 0.33855017239583335 0.5530056925925926 0.017482646250000046 0.03772616703703696
0 0.18442700052083333 0.8456026722222222 0.01564239515624995 0.017547063148148297
0 0.36408383333333333 0.5815192888888888 0.017942727656249956 0.027197950555555572
0 0.41078138802083336 0.4861075444444444 0.020243060156250083 0.034655435
0 0.3447616067708334 0.42359593462962963 0.022543392656250206 0.024565856296296283
0 0.31140589114583334 0.5508119685185184 0.03128471578124999 0.039480878703703634
0 0.3539624895833333 0.6023567240740741 0.02714413218750001 0.038164858333333294
0 0.4386158286458333 0.7806782870370371 0.021623229843750025 0.02807527962962958
0 0.47335037239583333 0.778704524074074 0.04232637140625002 0.01798575444444442
0 0.4678298427083333 0.3843343748148148 0.026684050781250097 0.021495124259259268
0 0.5397881015446342 0.42709173256404054 0.03551128060864818 0.0254160416095626
0 0.41860269739583333 0.8506473277777777 0.02024306015624996 0.02588193018518523
0 0.4668902462593534 0.43352058680971506 0.02112368491454036 0.03981078526945867
0 0.42665356302083335 0.38323772685185187 0.024383718281249855 0.0184243922222222
0 0.49290364583333335 0.5227366888888889 0.028984383281249925 0.03860349611111118
0 0.40341993645833335 0.6740801018518517 0.029444464687500015 0.039480878703703634
0 0.3127862098958334 0.41635776907407407 0.0395659575000001 0.02675925925925924
0 0.35465264895833326 0.4602254537037037 0.01932289734375002 0.04079689907407408
0 0.2886328677083333 0.5628755777777777 0.043706615624999993 0.025004547592592668
0 0.39283510681672584 0.4363548342484103 0.034052534908214936 0.03341445664496876
0 0.4383855270833334 0.4486006962962963 0.037725706406249886 0.028952662222222193
0 0.29839959644998937 0.37943925691850466 0.03705543751668827 0.012582164022194425
0 0.3351979439245868 0.8285197030382232 0.04075010834874284 0.023739600150520346
0 0.5674348958333333 0.8363905296296296 0.02346355546875003 0.034216743703703714
0 0.37558624114583333 0.6933820907407408 0.036345462187499795 0.02895266222222214
0 0.38363710677083335 0.4817206314814815 0.029444464687500015 0.0241272185185185
0 0.38064691302083326 0.40473285111111107 0.03266496000000008 0.03597145537037034
0 0.3146140985634017 0.8654891510357215 0.02026771047736323 0.03889621725662812
0 0.42596340364583335 0.6556558166666666 0.019322897343750138 0.021056486481481538
0 0.35120259739583326 0.8701687425925926 0.04002603890625001 0.022811144629629555
0 0.2801213989583334 0.5968732166666667 0.0202430601562502 0.019301774814814866
0 0.3548829505208333 0.7087354833333334 0.016102402031249834 0.03684883796296306
0 0.41630191770833336 0.4099969861111111 0.022083311250000057 0.021056486481481486
0 0.39812970833333333 0.6330640444444445 0.028064220468750043 0.03904218740740751
0 0.15291220677083336 0.3814830151851852 0.028984383281250102 0.016669680555555524
0 0.27230008958333335 0.5159371611111112 0.03036455296874981 0.032023394259259264
0 0.35465264895833326 0.39354662444444444 0.017482646249999925 0.04079689907407403
0 0.38248708958333333 0.8791614592592594 0.03082463437500008 0.03465543500000016
