0 0.4261376014410969 0.38276080322431544 0.03704363502702541 0.06449565696109613
0 0.5015272974771331 0.09968492584972302 0.013428568230285915 0.04487548210585309
0 0.625613602347737 0.6681700585649158 0.023836123733083407 0.07264768309891417
0 0.7013664091935676 0.361647706792393 0.01883102869800316 0.06370421634922684
0 0.4908992135644213 0.3825971424604097 0.02274830775384261 0.11191504547637492
0 0.5433457203125001 0.0330714277777778 0.037057291666666714 0.05596997388888888
0 0.5304291572170183 0.10356384220112205 0.031780080357630185 0.06862853615331153
0 0.5406005161458334 0.4352870388888889 0.04986725625000007 0.05267764611111092
0 0.6512326805409773 0.10634960140999829 0.017225611660918717 0.04620841721790812
0 0.5437115238833076 0.12334452408870013 0.042971418336915514 0.08108688598334855
0 0.46813176833809345 0.4110160434167957 0.019972835475400845 0.10380729548976422
0 0.410176403860328 0.42309618233966767 0.027483987278115643 0.06531464943044343
0 0.35456458976793975 0.7571567185616266 0.02460901753668736 0.05676601220430013
0 0.44292490677083335 0.06270237777777776 0.027449818229166627 0.086698545
0 0.6573550372053955 0.012075968083301974 0.0399877865462076 0.024151936166603948
0 0.6351974161963315 0.7547843647068109 0.043672738440670385 0.04665977131734038
0 0.5710245526041666 0.7233677277777777 0.028364836875000066 0.05158015888888875
0 0.41982116770833333 0.08081085000000002 0.018757363437499976 0.09218584722222224
0 0.624514460303477 0.05836393737601671 0.0413970344754335 0.043542546993798066
0 0.5144709975497337 0.9677621139530492 0.020236583922651145 0.06447577209390155
0 0.3971223250134167 0.49848044185377743 0.04198400127683346 0.047632406671152275
0 0.49841287787664873 0.03867630853280346 0.03595691093836025 0.05803634925519716
0 0.6441379331700396 0.8380648801877291 0.04272502744310908 0.04734740960311157
0 0.5442610354166667 0.7310502722222223 0.024247401197916633 0.08889338555555544
0 0.5878646653372857 0.4088135678841353 0.021436200789146417 0.09524977581721504
0 0.5869810236914554 0.95743634375 0.024593978841244042 0.08512731250000005
0 0.4628261546875 0.01022516236111111 0.03522732848958334 0.02045032472222222
0 0.6410137322240973 0.6318462170154587 0.023039438819314858 0.07474239187884658
0 0.5595871901041666 0.48631878888888896 0.03385480052083333 0.08669854499999997
0 0.6088188697868812 0.4135191694687692 0.019353107563342794 0.09531296035089964
0 0.5837657015357125 0.030514903800063407 0.027505412168241133 0.061029807600126815
0 0.5789646353112337 0.5180535780058247 0.04548982280649317 0.042966306529792664
0 0.5231519228686626 0.011853812231292811 0.043341861598440626 0.023707624462585623
0 0.5677440304747505 0.03540233254426523 0.03306206109111803 0.07080466508853046
0 0.5234444723958334 0.7112949666666668 0.037514800989583284 0.06913928499999997
0 0.5129860819840922 0.5827494301253908 0.03581207766610118 0.09299503302855962
0 0.535525324455914 0.9680695228911237 0.025437882200205073 0.06386095421775284
0 0.5243562039495582 0.5270449949105326 0.024556847237351617 0.050434278902817674
0 0.4894702677776242 0.28396983660930325 0.01980212747988451 0.1122019683005736
0 0.5896927937201146 0.1222337448286542 0.023430536291464795 0.09930366584810067
0 0.4527613942708333 0.3107261888888888 0.036142273020833275 0.04499550333333336
0 0.3427639657819552 0.016663472995861454 0.024264717880509146 0.03332694599172291
0 0.6326114219936715 0.3534919838686775 0.02428237876692698 0.11070951189219498
0 0.4265216944310085 0.3249194600766658 0.030983501186198716 0.09459363020960765
0 0.6009282426827068 0.027404721871935007 0.025779336888463907 0.054809443743870014
