0 0.014793200572916672 0.9709343983796297 0.029586401145833344 0.05813120324074059
0 0.21804757499999988 0.7787874259259259 0.04628853395833339 0.06697181555555563
0 0.2081295854166667 0.964916925925926 0.09037297104166661 0.05479503500000015
0 0.11004057916666661 0.3169441203703704 0.09037297104166661 0.04609742555555551
0 0.32274797916666675 0.14516508703703707 0.06833075250000001 0.04174867388888888
0 0.05218058124999996 0.004741200462962962 0.08927083333333338 0.009482400925925925
0 0.4284121772409699 0.3118427322383077 0.05482876948194004 0.06372738151365262
0 0.15688098541666662 0.4813293314814814 0.051799043958333374 0.05305555555555562
0 0.010935807864583324 0.2290979148148148 0.021871615729166648 0.042618360555555554
0 0.32786448748872465 0.5259734756858296 0.07624381040667126 0.05509572567723311
0 0.0026707123958333414 0.3869594148148148 0.005341424791666683 0.04174867388888891
0 0.46988059583333347 0.46523864259259257 0.09367920562500014 0.05044628333333334
0 0.46932890208333333 0.1390774925925926 0.05290118166666673 0.03305095833333335
0 0.36132190625 0.09341469814814815 0.050697084791666805 0.07566942499999998
0 0.13153163958333328 0.23822983703703704 0.07163716562500018 0.06784150222222222
0 0.1629424749999999 0.8061853148148148 0.0484928093750001 0.07479963222222215
0 0.20757789166666676 0.5469961925925927 0.06502451791666672 0.03305095833333319
0 0.2405338887829177 0.35300224513812994 0.045399093684164525 0.08356976046448084
0 0.5795391020833335 0.13168367037037038 0.09918989416666643 0.04435794611111108
0 0.09791760000000001 0.12342185925925925 0.04849280937499998 0.0608833722222222
0 0.4285499854166667 0.9705705259259259 0.08376032333333328 0.052185762777777554
0 0.1530227 0.09210953148148146 0.05951382937499995 0.05044628333333334
0 0.15743267916666667 0.622665087037037 0.06171810479166678 0.07306015277777783
0 0.4037541187499999 0.4617592592592593 0.047390671666666745 0.06784150222222236
0 0.5073511354166667 0.001697021240740742 0.03857374854166646 0.003394042481481484
0 0.5759691730383134 0.9062845393457695 0.09089982434003994 0.04681474149364659
0 0.22962064583333336 0.6726773759259258 0.0936792056249999 0.0391392955555555
0 0.0026705784895833416 0.42435933703703704 0.005341156979166683 0.03653002333333333
0 0.5110622408680768 0.3209955454616717 0.05458383696959809 0.035528713863185096
0 0.23127394166666662 0.7048576925925926 0.09698561874999996 0.040878881111111105
0 0.2985020208333333 0.9379551537037036 0.059513829374999834 0.07740890444444454
0 0.2252106666666668 0.1099404425925926 0.08045391020833333 0.06349275055555556
0 0.2555199000000001 0.49437569259259256 0.05510545708333344 0.07914848999999999
0 0.05769037708333335 0.1360331648148148 0.03857374854166658 0.07914849
0 0.4418333010353889 0.6492614013310141 0.06612647708333341 0.03826960888888893
0 0.32219628541666673 0.44610362592592595 0.09808775645833308 0.05044628333333334
0 0.08854951874999996 0.8161873481481483 0.08045391020833322 0.04957649055555559
0 0.48641176874999986 0.0012621407685185168 0.03636965166666641 0.0025242815370370335
0 0.20537290208333328 0.17995573703703702 0.0936792056249999 0.04174867388888891
0 0.16349416874999995 0.7235576537037037 0.04518639624999991 0.08697630666666667
0 0.4714073364004813 0.7039597309195916 0.06808049863429583 0.08082972165399827
0 0.4561025354166667 0.5069869981481481 0.10359826645833342 0.04000908833333336
0 0.0021193757291667246 0.5139447037037036 0.004238751458333449 0.0574044133333334
0 0.582229590866538 0.40182804006710476 0.09506343494626772 0.03957216481495865
0 0.3602203041666667 0.023441108518518522 0.07053502791666659 0.046882217037037044
0 0.3682163424912783 0.6541396533037519 0.06657651332844547 0.07164642364454123
0 0.16790236249999987 0.14125170925925928 0.08927083333333326 0.04783701111111111
0 0.48090018749999985 0.997896754212963 0.05179904395833314 0.00420649157407377
