0 0.5085159989921894 0.9928153228504517 0.017283950617284022 0.01507193041150898
0 0.5992822492780178 0.34414228802496666 0.0590975875932469 0.03428469190465155
0 0.4234829647079352 0.3416266002432949 0.06347336736029317 0.041997335341481826
0 0.572569035466562 0.40158141690320337 0.044933036688042584 0.05705844870532353
0 0.6371742112482853 0.6955069823922283 0.029263831732967524 0.039465695203400125
0 0.4168619052658101 0.9503007597858815 0.020370400000000066 0.03114749999999992
0 0.48711319253806223 0.5129772811287145 0.028260200449330378 0.07176889253026705
0 0.4738560289034132 0.28982653671648984 0.039941542193173515 0.03674082656702023
0 0.4551712253212396 0.9852460389344261 0.03707503487024436 0.03121417840414876
0 0.523538323971557 0.4690433803669698 0.033497447943113844 0.03972706073393967
0 0.329012 0.8983609999999999 0.02839510000000001 0.02950819999999999
0 0.4424443242682022 0.06771705490934368 0.031160951463595488 0.06128709018131263
0 0.34266893513065483 0.10340033597868271 0.04362430746411897 0.05908590627353298
0 0.336728 0.865984 0.05740740000000002 0.035245899999999816
0 0.5500599908301707 0.28667957139981465 0.030622067809623475 0.041829410754214175
0 0.47975832133664875 0.08949776979667495 0.0595471796885224 0.03996987777327231
0 0.5236293356662218 0.5850758490104858 0.04903822866755656 0.04624090197902834
0 0.464053570649566 0.5184498638707061 0.032500109060768695 0.07820193477379361
0 0.5046285374787332 0.48040750544662 0.03641757495746631 0.047700310893239874
0 0.4367283367283951 0.8600283167029106 0.04012357345679011 0.0725161334058212
0 0.6211445410253893 0.3945636956279326 0.0337219112747022 0.07456953280136704
0 0.5150221589789731 0.4179791315371025 0.0457311041072286 0.05380597257429184
0 0.4071238494088907 0.3084631871632972 0.05823845046459892 0.03359786827318543
0 0.48425900000000005 0.320902 0.054938299999999926 0.04344259999999996
0 0.4781585514036121 0.4470296308101141 0.03220970432971254 0.07448618239297924
0 0.6795041017261089 0.9721160544930175 0.04716549654778231 0.05412889101396484
0 0.5100755667506297 0.870979064293678 0.04338091239854463 0.05719122930173011
0 0.43191239188806 0.015760575159300235 0.046178269925402415 0.032778218273185424
0 0.5449928324564848 0.1879614564328332 0.027297535087030544 0.07817628713433353
0 0.5456043785178966 0.7624809018458107 0.05535342227197812 0.04418383779989264
0 0.5167033646119618 0.376710452818166 0.05185190000000002 0.04590160000000001
0 0.476852 0.373771 0.035185199999999965 0.07213110000000003
0 0.45772804606726863 0.2086833111278457 0.028137678314356766 0.0767537507965012
0 0.5793240761440474 0.02288130684122111 0.02618803843737733 0.04807970804611018
0 0.552313427360075 0.42321993680994024 0.03222259779479127 0.07286731516538272
0 0.429263185446931 0.26226611828766727 0.04449679361340142 0.06285118461449343
0 0.5337827294430451 0.7905853241018705 0.04601494111390995 0.0450596517962589
0 0.4313430993052829 0.389142843820599 0.03731430138943428 0.06925481235880211
0 0.4209004300887755 0.14063148022794417 0.027335039822449086 0.08430993954411169
0 0.5368692467249051 0.2653957577970225 0.039842406550189724 0.07084828440595492
0 0.447677973395716 0.437955232139547 0.03907671908999695 0.06251275300642997
0 0.30520518107888556 0.36063950351199703 0.048025851833998344 0.035670387131387184
0 0.48470667240488785 0.9548093778186684 0.05779753954396573 0.040531796386751355
0 0.5604534005037783 0.7046702729487551 0.03716142675000777 0.06689515629516457
0 0.4371565222537163 0.9659249245316159 0.038763297140337584 0.06045526970558699
0 0.41536923931090947 0.9160423402224823 0.04656058915343904 0.05048474076614251
0 0.40898211136306367 0.8779692204750753 0.02683295540438398 0.06105720976915347
0 0.5665564992409371 0.11976184560331346 0.0364546846311564 0.06749131197937787
0 0.5680943428074423 0.5325524134579738 0.04776221438511539 0.059485873084052635
0 0.45170170170170165 0.7266282676118742 0.05394283172060946 0.03655294638901195
0 0.46700799767002515 0.6615983012749308 0.05240390465994958 0.05549209745013836
0 0.515123 0.344672 0.04259259999999998 0.04508200000000001
0 0.46050018153187194 0.8422045400970224 0.043222363063744086 0.0680164801940448
0 0.5541225063146185 0.06721453465938715 0.055154230445404163 0.05159294581764469
0 0.603276164502901 0.26511923170653995 0.05724385822972564 0.05888277854949892
0 0.315123 0.270082 0.025308600000000035 0.05163930000000002
0 0.6863283036122542 0.8248330297510625 0.027892089620484704 0.07589556769884649
0 0.7137176544581618 0.9705978931390407 0.03923229108367628 0.05716421372191865
0 0.767593 0.580328 0.027777799999999943 0.06885250000000008
0 0.7518519999999999 0.0938525 0.023456799999999976 0.0844262
0 0.5940888631287353 0.22924170341047326 0.051328273742529344 0.05299189317905347
0 0.5448230062505831 0.9135607517250279 0.058782012501166034 0.05007220345005575
0 0.6925925925925925 0.2758919961427194 0.030355846042120452 0.06576663452266149
0 0.5919558912678422 0.8451482270770533 0.04201421746431578 0.07036004584589345
