0 0.6486351108476972 0.8006142581676381 0.03843704622127243 0.027065857275835013
0 0.4867274752873976 0.6034968152466953 0.040917611991000594 0.029600564731189737
0 0.42011140312500006 0.7847660972222222 0.016224940312499984 0.03154600879629638
0 0.7396793608800256 0.12256527397927049 0.0395634687605727 0.03523023839014092
0 0.5856963014488947 0.4485460905439978 0.019936040461035986 0.05810724075933051
0 0.6743207290918196 0.7255537163931213 0.03521893439588908 0.038291120941394224
0 0.7181127609265917 0.6103611657564803 0.01956749661748347 0.06154378658760322
0 0.7770609642748274 0.591616611732732 0.029385798386570034 0.049909367038996726
0 0.6102531056520691 0.8255851600550483 0.01868368588336189 0.02660738220471804
0 0.7030772065848876 0.6762389615233845 0.034400529288833324 0.0322803054447801
0 0.36417814728084025 0.14278764861411164 0.027452724243946847 0.047290219355840775
0 0.6680926748843113 0.48644717960212497 0.02386341768074409 0.04673528530686374
0 0.6190733367719152 0.7658937606511032 0.0189255552104972 0.05477922329773056
0 0.5725972614734025 0.8102926101689489 0.04011912697589845 0.026886935224725104
0 0.407606408926584 0.7202639491823942 0.020336354519834763 0.031200480309233097
0 0.6930251231794157 0.47820515539245445 0.026001478909464974 0.04169140713358825
0 0.6794611961970046 0.5381015164993436 0.03761144158531913 0.031287065277248345
0 0.5721342946504001 0.5585350706375934 0.03869030628729438 0.03824960851654156
0 0.7325525880167959 0.6012150792137925 0.018987126459469886 0.05861829471484452
0 0.5877929420758223 0.36919777008787535 0.036156043903671414 0.03716396900937808
0 0.8085802991458176 0.2479845174409158 0.021564279265891054 0.06240951510662367
0 0.5827711972220632 0.5226320066819916 0.025640224706031726 0.05575289899252153
0 0.6905388228900546 0.30383118761964245 0.02004498506670025 0.048725679867310974
0 0.6753499742948681 0.6367319776182878 0.022374645331051112 0.05557007489035049
0 0.5702573560931573 0.13603240666333322 0.028856543260308242 0.04866524250866103
0 0.6439136158045754 0.48409669322461785 0.01803549017456376 0.05777583727596765
0 0.6334916862271798 0.16480831193904508 0.02506079744228131 0.030220500703601726
0 0.33410498450616893 0.6274789714671227 0.01810966286650455 0.050989319786097234
0 0.6288384571551807 0.6673478446788755 0.03098101647248844 0.04035276025465211
0 0.7122871051916823 0.09821231787549686 0.036022225743685965 0.02610801003263336
0 0.6048001775022518 0.4641049035268528 0.028746699429519986 0.053182814724478444
0 0.661003569523374 0.7737448921078246 0.020471005617610536 0.03092744383727993
0 0.5372237398644021 0.20413659828244143 0.02742189713716859 0.05526887934259003
0 0.6234673137082497 0.6278270657714521 0.026968975799119478 0.031646686717216654
0 0.5924367066213774 0.7670357640796317 0.029715975896531552 0.046309347121429784
0 0.6199601269889319 0.3229829461080559 0.03811662283519688 0.029154296502571925
0 0.5084089971796509 0.7076605452965685 0.022307475698878972 0.03380689550488872
0 0.5715444489583333 0.8314663518518518 0.03536198718749996 0.014845149537036926
0 0.6193471335015793 0.7126558649072716 0.024324996203846774 0.05438655882865594
0 0.6813428807138691 0.5856686041582828 0.03529931788607167 0.035408407390639975
0 0.5983561239295311 0.13685692912189157 0.03631461176865329 0.027864593063032652
0 0.6171933708979935 0.35365150029309267 0.03655727257357348 0.036364571850535085
0 0.7967065261175343 0.6418532533096892 0.04072189289524673 0.03125471837524045
0 0.7855230427253803 0.2753980546024484 0.03688581891807831 0.043514194236172865
0 0.6387658582759116 0.5790983606557377 0.030476152024117197 0.041356465596362676
0 0.7019675177083332 0.8323937916666666 0.01580890583333338 0.012989515277777636
0 0.757807286713463 0.7775312837719712 0.01858664535505407 0.057391212456891945
0 0.7248049478713845 0.29922677381838086 0.029150953819625514 0.04835135585828272
0 0.7322668820900559 0.8024632328138704 0.024102958227186614 0.05760031868107155
0 0.6962323559935331 0.8146100439910989 0.03762053198706627 0.029379401871086782
0 0.5570039798985409 0.5231415990085848 0.02876625006409294 0.033013917012947626
