0 0.4771217740740741 0.3106214510928962 0.029552748148148147 0.031079502185792342
0 0.530118358436214 0.9875514405737704 0.023714083127572044 0.023258618852458977
0 0.675 0.495492 0.024074100000000074 0.07459019999999991
0 0.558025 0.0762295 0.03827160000000001 0.031147500000000012
0 0.48209899999999994 0.785656 0.025925900000000064 0.031967200000000036
0 0.541049 0.263525 0.025308599999999966 0.041803300000000036
0 0.539198 0.316803 0.029012299999999974 0.06803279999999996
0 0.663272 0.4 0.0561728000000001 0.03442619999999998
0 0.615631408127572 0.28257323838797815 0.023058083744855913 0.07419702322404369
0 0.566975163271605 0.021311475 0.047530573456790154 0.04262295
0 0.55679 0.330328 0.023456799999999976 0.07377049999999997
0 0.454012 0.140164 0.026543200000000024 0.031147500000000012
0 0.541358 0.052459 0.04814809999999998 0.0590164
0 0.592901 0.27418 0.020370400000000066 0.06967209999999999
0 0.513889 0.316393 0.026543200000000024 0.0754098
0 0.691667 0.440164 0.022839499999999874 0.055737700000000015
0 0.555556 0.695492 0.030864199999999994 0.05983609999999991
0 0.6543210000000002 0.134836 0.025925899999999925 0.04344260000000001
0 0.6879630000000001 0.620902 0.027777799999999943 0.07622950000000002
0 0.647222 0.49180299999999993 0.025308600000000105 0.07868850000000006
0 0.570988 0.9848359999999999 0.025925900000000064 0.03032790000000011
0 0.793827 0.382377 0.03703700000000009 0.04672130000000003
0 0.48487699999999995 0.181148 0.03641980000000002 0.0639344
0 0.581173 0.360246 0.05246909999999995 0.04836069999999998
0 0.45 0.785246 0.05185190000000002 0.04262289999999994
0 0.370988 0.70041 0.05061729999999996 0.05327869999999997
0 0.62284 0.129508 0.029629599999999933 0.07213109999999999
0 0.453704 0.734426 0.05061729999999996 0.05245900000000004
0 0.498457 0.0405738 0.025308599999999966 0.0778688
0 0.529012 0.158607 0.05061729999999996 0.05163930000000002
0 0.355864 0.315574 0.026543200000000024 0.07704920000000004
0 0.607716 0.815984 0.054938299999999926 0.031967200000000036
0 0.23179 0.357377 0.030246899999999965 0.02950819999999999
0 0.418827 0.347951 0.03888889999999997 0.05491799999999999
0 0.649074 0.595492 0.04382719999999997 0.05327869999999997
0 0.514198 0.693852 0.04691359999999995 0.06147540000000003
0 0.55 0.772951 0.05432099999999997 0.03770490000000005
0 0.727469 0.673361 0.0561728000000001 0.045081999999999914
0 0.0388889 0.218852 0.023456799999999996 0.03278689999999999
0 0.6558639999999999 0.8811479999999999 0.04753090000000005 0.049180299999999885
0 0.327778 0.602049 0.04814809999999998 0.05
0 0.412963 0.218852 0.04567900000000003 0.055737700000000015
0 0.4 0.554918 0.03703699999999995 0.06229509999999996
0 0.421296 0.146721 0.06111110000000003 0.04426229999999999
0 0.392593 0.8975409999999999 0.05432099999999997 0.04426230000000017
0 0.500926 0.887705 0.05864199999999994 0.036065599999999934
