0 0.46909215813548594 0.5913459436002522 0.03205943175055395 0.036833123308112635
0 0.5067861665083887 0.35203867171080283 0.02789648622981952 0.07934005884825554
0 0.6251714677640604 0.9755616272009715 0.060128029263831796 0.04159077109896774
0 0.4950498257597341 0.55304765919504 0.02960595151946816 0.03724221839007986
0 0.6218613262056076 0.40270084076146556 0.06111467967978571 0.03540664923281683
0 0.46252790789806897 0.5584333971626734 0.038699373884140575 0.035530098234552436
0 0.5303300094966762 0.13923917612442202 0.027105096549540957 0.07723833543505675
0 0.5573221931246622 0.44640393001048734 0.03470923224009644 0.042777501793895244
0 0.4599994385485913 0.6456653696406053 0.028498402263374495 0.08073805327868858
0 0.7256478089811423 0.6496577193298504 0.0295075295075296 0.047288776796973554
0 0.6196145210034821 0.5970523398802017 0.05231891620766058 0.050115580853299736
0 0.6190505881863906 0.3448418612353038 0.04759529450887477 0.05933653474637082
0 0.4906616017727129 0.4567307692307691 0.056188667299778394 0.042822614543926
0 0.5237770572649573 0.5122738495691467 0.031505714529914415 0.0704501991382934
0 0.41211617600506484 0.26035098781000415 0.05856283634061415 0.044661622530475
0 0.48179000000000005 0.508607 0.04135800000000006 0.07131149999999994
0 0.4184472934472934 0.6243432114333755 0.040756568534346366 0.037042875157629294
0 0.5467963656233112 0.3024590012295082 0.05285113124662258 0.05081970245901641
0 0.5149174723251029 0.2600621385456074 0.06275675534979429 0.03725332290878521
0 0.47589822975625196 0.6700555448507777 0.028735354352643214 0.07750135250105089
0 0.4530705919594808 0.3118432114333754 0.060145615701171204 0.04203446826397645
0 0.5131172839506173 0.2122740647330811 0.05361665083887306 0.04886506935687263
0 0.7070645623113854 0.984760317137219 0.060219659602194886 0.03266574659987875
0 0.6173413068472793 0.9223740137674561 0.032579275788751715 0.0712204015482697
0 0.6010010431307375 0.5707176631357712 0.0552784395378285 0.043810273728457305
0 0.4656339031339031 0.4043190416141235 0.05876068376068379 0.044661622530474954
0 0.28196394082768217 0.8832314110828907 0.035533081655364326 0.0599052221657817
0 0.6708863906125128 0.28948263248000317 0.04547598122502534 0.060933364960006384
0 0.5580134185070873 0.8733148597905283 0.05064046298582532 0.04353318041894361
0 0.4050925925925926 0.3360130306851618 0.025522317188983835 0.07145859604875998
0 0.5555555555555556 0.8077373446225905 0.03527336860670192 0.06260133309313638
0 0.5295386198163976 0.5869062631357713 0.03660177271288384 0.06935687263556109
0 0.5974365091646922 0.25966216662940883 0.043020318329384445 0.06686543325881766
0 0.5560128029263831 0.9350333940497875 0.05121170553269317 0.04978749241044334
0 0.6964708816560667 0.18228735441850194 0.05362264621523879 0.05712866368604073
0 0.4285437269730463 0.04420221440219723 0.05364876220024559 0.05922238434469144
0 0.49382716049382713 0.13332807902480034 0.044713516935739175 0.060161832702816324
0 0.24523539206225003 0.8709017471311475 0.04726178412450012 0.061475194262294974
