0 0.4459998196562576 0.005700202267223835 0.04753090000000005 0.013114800000000012
0 0.3054961526281166 0.362195946698745 0.03260570364668996 0.05043849416329384
0 0.6235418489355498 0.5071317929521104 0.029041508700301415 0.040983606557377046
0 0.5341357792902738 0.47468770023853896 0.027632975041452963 0.042102747303475706
0 0.5949256342957131 0.17861752936620628 0.05079226207835135 0.0490512456434749
0 0.6528275870870871 0.9642997548737261 0.04269317417417417 0.05810850974745246
0 0.49577170512184293 0.08945406838369228 0.026369927931090106 0.07529737057216329
0 0.6368034701368035 0.8903411608329641 0.04738071404738072 0.05139565795303501
0 0.6271855188521855 0.9635910500664598 0.030814147480814173 0.07117855560478518
0 0.542876986371148 0.24954829991609656 0.030295627257703822 0.058280800167806894
0 0.5060514677955618 0.4456977666082001 0.05950106440887642 0.03647236678359968
0 0.44896510457516337 0.02735991185845923 0.051597750181554144 0.039033524616950595
0 0.4710320342128621 0.10975838422800814 0.03267973856209153 0.064957677059895
0 0.5037231549771557 0.2664061307635214 0.05575971522309716 0.04617227185362078
0 0.651049721852824 0.3410354455950691 0.0544081828910276 0.04150034775396933
0 0.6387916788179255 0.4452530011617401 0.06027024399727817 0.03920872595843546
0 0.7061950294521101 0.07667684560162863 0.043068667796336724 0.04861780777884924
0 0.494136 0.38893399999999995 0.03271610000000001 0.07622949999999998
0 0.5872484553611353 0.26700000080353686 0.054238386254495986 0.053969534987737225
0 0.5338912630579298 0.5343631778058008 0.029281418170307005 0.07750105086170654
0 0.6699596578205501 0.5323028269007357 0.029527559055118134 0.070995223957661
0 0.39807996261281164 0.31714573811386504 0.048220246703355465 0.047761082358379864
0 0.672222 0.379918 0.04814809999999998 0.05163930000000002
0 0.32005108556832695 0.958111927642736 0.025031928480204316 0.06885245901639345
0 0.5136803470136803 0.9448382809038545 0.03036369703036375 0.08108108108108111
0 0.45462944691358026 0.35747337176952754 0.058714231517792315 0.050337293201542926
0 0.3074446573009792 0.3169163369135105 0.05108556832694764 0.04769643866591298
0 0.5338194948761398 0.05973427622415087 0.04327039457758414 0.057323475838422795
0 0.4532657657657658 0.4625886132033673 0.023982315648982316 0.06839831634913601
0 0.357716 0.308197 0.05246909999999995 0.049180299999999975
0 0.585326139788082 0.35416935587969534 0.05152133761057646 0.029043500709952253
0 0.45418745171838504 0.9848251139233494 0.03683669856523186 0.03123640418697371
0 0.546048583454846 0.2946559302955983 0.05036419208710017 0.05125868284497224
0 0.5285403050108932 0.37145612343297973 0.03921568627450979 0.07251687560270012
0 0.6448673082531351 0.2289595972634568 0.053465539029843474 0.036465728669162256
0 0.24228400000000003 0.755328 0.03271610000000001 0.06967210000000008
0 0.30435294513405325 0.5082190557019699 0.06105560601473405 0.03819180774556659
0 0.3814230897564231 0.1929183281642298 0.046852407963519055 0.061660020676414136
0 0.4566132973251029 0.6025870901639344 0.042599022633744835 0.06147540983606557
0 0.5888388388388388 0.8831413380593709 0.05121788455121785 0.05073105892778022
0 0.41051468134801467 0.46535777580859544 0.06026860193526858 0.03738369517058043
0 0.602161 0.745492 0.03271610000000001 0.07131149999999994
0 0.2553606237816764 0.41598360655737704 0.05588044184535414 0.05327868852459021
