0 0.6890134833333335 0.13822348148148147 0.030730479166666786 0.11244692370370363
0 0.7141806749999999 0.18952731111111112 0.03549894999999997 0.09698546740740731
0 0.6241088916666667 0.014997286759259246 0.0460956758333334 0.029994573518518492
0 0.41477488303058896 0.7348460238457106 0.022610809677334722 0.06266943564635923
0 0.7321765587718375 0.0705008458418318 0.02698467504367509 0.10733499794596618
0 0.5258245749999999 0.28510765925925924 0.04556582666666665 0.05481782814814814
0 0.48078868333333336 0.3940412703703704 0.018014442499999936 0.11244692370370363
0 0.6437123666666668 0.3933381962962963 0.042916666666666596 0.05481782814814824
0 0.5425140083333333 0.7552755851851852 0.042916666666666714 0.09557983370370379
0 0.5239697166666666 0.9605673945370372 0.05033438333333316 0.07886521092592581
0 0.8350961255967405 0.30149599639237906 0.023616063806518758 0.13257238019216527
0 0.5125787749999999 0.3645241629629629 0.0445062141666666 0.08995747037037052
0 0.5271439561808996 0.02408403234601411 0.033389950971534195 0.04816806469202822
0 0.3872419805010353 0.8132361190093549 0.02908024766873763 0.13708408198128982
0 0.5139031833333334 0.16422693333333335 0.03126032833333336 0.08292964481481493
0 0.43071866666666675 0.18882595185185191 0.036558648333333346 0.059034557777777795
0 0.6339110583333334 0.27456669259259264 0.044506214166666544 0.07027928444444445
0 0.5684760166666667 0.3525753333333333 0.042916666666666714 0.08292964481481493
0 0.6215101700891523 0.6518535064880847 0.022884305178304722 0.07753048665345988
0 0.6172599455606341 0.34648791617039665 0.023286158715826608 0.10525797628248999
0 0.4587999 0.49664892962962953 0.0460956758333334 0.07309038037037029
0 0.7663699166666668 0.4144218444444445 0.03708849750000003 0.09979656333333324
0 0.4868811333333333 0.2555905518518518 0.03443933750000004 0.10541892666666673
0 0.536685925 0.6828881074074075 0.04185696833333328 0.08292964481481493
0 0.5735567629288878 0.16052541002943 0.020923435820817342 0.11728137242390146
0 0.894059875 0.35960435925925943 0.020133753333333358 0.12790837999999993
0 0.4895308083333333 0.6653181148148148 0.04503597750000002 0.07027928444444434
0 0.5406600083333334 0.9816512999074074 0.038148109999999964 0.03669740018518534
0 0.5504613166666666 0.5809835222222224 0.029140931666666602 0.09276873777777786
0 0.6084786416666667 0.21904441851851852 0.026491771666666608 0.052006732222222
0 0.5676509544310766 0.007521395782333421 0.046908993211187064 0.015042791564666843
