0 0.4544119495812996 0.26223802299847504 0.054904687305005286 0.03976337451391535
0 0.603086 0.392213 0.05185190000000002 0.04672130000000003
0 0.620062 0.992623 0.021604899999999955 0.013114799999999885
0 0.517284 0.781148 0.05432099999999997 0.036065599999999934
0 0.13827154197530866 0.9786883389344262 0.024691483950617266 0.04098397786885254
0 0.6700977923054838 0.48068066111322916 0.025237215389032418 0.07306547777354175
0 0.4703965470116757 0.35995022613419747 0.02587300597664844 0.03747574773160504
0 0.5637068641090056 0.7865263036917016 0.037291028218011266 0.05993760738340314
0 0.644444 0.483607 0.024691399999999964 0.07049180000000001
0 0.4835390946502057 0.46225695768204345 0.025361278591252808 0.07180073706951326
0 0.541667 0.44467200000000007 0.05 0.045081999999999914
0 0.595988 0.318852 0.024074099999999935 0.07868849999999997
0 0.514283909496124 0.25595997936840764 0.023686969150157947 0.06840744126318464
0 0.492593 0.303279 0.05432099999999997 0.027868899999999974
0 0.546296 0.29959 0.04074069999999996 0.05491799999999999
0 0.575309 0.472951 0.03209880000000005 0.06557379999999993
0 0.573457 0.179508 0.03209880000000005 0.049180300000000024
0 0.458642 0.9799179999999998 0.024691400000000033 0.0401638999999999
0 0.60463 0.239344 0.033950600000000046 0.03770490000000005
0 0.52037 0.4811480000000001 0.05185190000000002 0.03770490000000005
0 0.510494 0.8811479999999999 0.023456799999999976 0.06885250000000008
0 0.32623500000000005 0.8295079999999999 0.03148149999999999 0.06393439999999997
0 0.3408698927935688 0.6353284714703266 0.02741898558713751 0.05098494294065318
0 0.579321 0.9864749999999999 0.04753090000000005 0.02540980000000009
0 0.469444 0.9159839999999999 0.031481499999999954 0.031967200000000036
0 0.564815 0.953279 0.05185190000000002 0.032786900000000146
0 0.3927742713848215 0.4727889713781928 0.025055342769642996 0.06852804275638587
0 0.644136 0.218852 0.045061699999999934 0.0606557
0 0.587346 0.745082 0.035185199999999965 0.06229509999999996
0 0.345988 0.898771 0.04259259999999998 0.054918000000000085
0 0.339815 0.516393 0.04876539999999997 0.05081969999999993
0 0.384877 0.22418 0.027777799999999943 0.06147540000000003
0 0.579321 0.884836 0.03641980000000002 0.05
0 0.587037 0.420902 0.03827160000000001 0.0647541
0 0.659568 0.6890777857415173 0.035185199999999965 0.040983600000000016
0 0.504012 0.352459 0.029012299999999974 0.07213110000000003
0 0.440123 0.9479509999999999 0.05185190000000002 0.04180330000000013
0 0.659568 0.735656 0.06728399999999994 0.03360660000000008
0 0.450617 0.786066 0.05308640000000005 0.04262289999999994
0 0.3671187355799598 0.5062776014169525 0.042305228840080325 0.07596859716609493
0 0.462037 0.668852 0.033950600000000046 0.06557379999999993
0 0.41759300000000005 0.634016 0.030246900000000035 0.06639339999999992
0 0.2061728851851852 0.9618851139344263 0.028394970370370354 0.07459042786885235
0 0.3756169999999999 0.869262 0.03641980000000002 0.06803279999999996
0 0.515123 0.984426 0.05 0.03114749999999992
0 0.392284 0.272951 0.05123460000000006 0.040983600000000016
0 0.763272 0.031147500000000012 0.033950600000000046 0.0606557
0 0.33827199999999996 0.317623 0.027160499999999983 0.03852459999999998
0 0.664198 0.0454918 0.025925899999999925 0.07131150000000001
0 0.539506 0.0295082 0.05061729999999996 0.0360656
0 0.208642 0.668033 0.04938270000000004 0.03442620000000007
0 0.53858 0.37418 0.04629629999999999 0.06147540000000003
0 0.676235 0.8983609999999999 0.04259259999999998 0.036065599999999934
0 0.4700619999999999 0.163525 0.05 0.03688519999999998
0 0.611111 0.937295 0.04074069999999996 0.0598361000000001
0 0.365123 0.11311499999999998 0.029012299999999974 0.06885249999999998
0 0.886728 0.142213 0.0438271999999999 0.0598361
