0 0.532407 0.506557 0.027777799999999943 0.036065599999999934
0 0.51821 0.980738 0.020370400000000066 0.03688520000000012
0 0.42962999999999996 0.318852 0.05185190000000002 0.05081970000000002
0 0.49537 0.513525 0.05370370000000001 0.03852459999999998
0 0.40802499999999997 0.8741799999999998 0.025925900000000064 0.04180330000000013
0 0.49321 0.9803280000000001 0.025925900000000064 0.03934430000000009
0 0.613889 0.786885 0.05 0.055737700000000015
0 0.537346 0.363934 0.026543200000000024 0.032786899999999966
0 0.465432 0.286885 0.023456799999999976 0.0754098
0 0.59321 0.019672099999999998 0.03209880000000005 0.0377049
0 0.473765 0.568852 0.025308599999999966 0.07377049999999997
0 0.569444 0.771311 0.03888889999999997 0.0606557000000001
0 0.609259 0.67459 0.027160499999999983 0.07049180000000001
0 0.412654 0.972541 0.04382720000000004 0.05163929999999992
0 0.438272 0.388525 0.027160499999999983 0.07377049999999997
0 0.581173 0.715984 0.05123460000000006 0.05
0 0.607407 0.503279 0.05679009999999999 0.0393442999999999
0 0.533333 0.418852 0.027160499999999983 0.07868849999999997
0 0.387346 0.43729500000000004 0.030246900000000035 0.07459019999999995
0 0.532407 0.74918 0.05370370000000001 0.04262289999999994
0 0.676543 0.671311 0.05185190000000002 0.036065599999999934
0 0.58858 0.838934 0.05 0.0598361000000001
0 0.437963 0.92459 0.040123500000000034 0.06721309999999985
0 0.45463 0.9516389999999999 0.03888889999999997 0.06557379999999993
0 0.37037 0.756967 0.04567900000000003 0.07295080000000005
0 0.658025 0.8938520000000001 0.027160500000000126 0.07786880000000013
0 0.311728 0.10532799999999999 0.02592590000000003 0.041803299999999995
0 0.554012 0.932787 0.05246909999999995 0.04262289999999994
