0 0.448765 0.757377 0.10123500000000003 0.04918030000000007
0 0.507407 0.993443 0.025925900000000064 0.013114799999999885
0 0.350309 0.233197 0.03765430000000005 0.031967200000000036
0 0.388889 0.293033 0.05061729999999996 0.033606599999999986
0 0.407407 0.11393400000000001 0.04814809999999998 0.03278690000000001
0 0.412963 0.0840164 0.05308640000000005 0.04344260000000001
0 0.6593640392132246 0.9787022366004446 0.059050321573550946 0.03603742679911062
0 0.318519 0.22418 0.02592590000000003 0.04836069999999998
0 0.530556 0.620492 0.020370400000000066 0.05081969999999993
0 0.5242881219920486 0.7164834504028896 0.054938299999999926 0.031967200000000036
0 0.459259 0.194672 0.05679010000000006 0.027049199999999995
0 0.541358 0.022541 0.019753099999999964 0.045082
0 0.470679 0.745902 0.04259259999999998 0.05901639999999998
0 0.6703699999999999 0.545492 0.0506173000000001 0.040163900000000086
0 0.605247 0.664754 0.04629629999999999 0.05409840000000009
0 0.5240476340238543 0.7529943626007224 0.05 0.04344260000000006
0 0.451543 0.788115 0.025308599999999966 0.07786879999999995
0 0.421296 0.758607 0.04382720000000004 0.05
0 0.408951 0.147131 0.04753090000000005 0.035245900000000004
0 0.363889 0.262295 0.04876539999999994 0.040983600000000016
0 0.6574597047917975 0.801354378174493 0.05566020958359496 0.03385695634898588
0 0.44290099999999993 0.161885 0.03641980000000002 0.058196700000000004
0 0.39043199999999995 0.05 0.05123460000000006 0.05409839999999999
0 0.666049 0.584016 0.05679009999999992 0.041803299999999946
0 0.5925976707260934 0.7071200124409559 0.0604830585478133 0.033300875118088345
0 0.630864 0.634426 0.027160499999999983 0.07049180000000001
0 0.662654 0.636066 0.035185199999999965 0.07868850000000006
0 0.540741 0.246311 0.05432099999999997 0.033606599999999986
0 0.483025 0.872131 0.035185199999999965 0.06229510000000014
0 0.494136 0.626639 0.054938299999999926 0.03360660000000008
0 0.567284 0.645082 0.024691400000000033 0.07213109999999993
0 0.46296300000000007 0.858197 0.03209880000000005 0.06557379999999993
0 0.357716 0.321721 0.029012299999999974 0.07950819999999999
0 0.41813133602218044 0.6063488759933314 0.05262592795563923 0.03320344801333702
0 0.694444 0.21803300000000003 0.055555599999999886 0.03770490000000002
0 0.342593 0.0381148 0.028395100000000045 0.04836069999999999
0 0.7086419999999999 0.9729509999999999 0.03333329999999994 0.0540983999999999
0 0.595988 0.610246 0.04259259999999998 0.06311480000000007
0 0.452469 0.0954918 0.04197530000000002 0.06475410000000001
0 0.572222 0.0655738 0.03827160000000001 0.0721311
0 0.571296 0.281967 0.04753090000000005 0.055737700000000015
0 0.664506 0.109426 0.05740740000000002 0.0336066
0 0.719444 0.172131 0.05 0.0377049
0 0.366667 0.519672 0.034567900000000006 0.06721310000000004
0 0.509568 0.580328 0.03765430000000005 0.06393440000000007
0 0.6473737769826323 0.02292300917616005 0.025612353965264723 0.04584611835232009
0 0.46975300000000003 0.0467213 0.05679010000000006 0.0327869
0 0.487037 0.931148 0.04814809999999998 0.04262289999999994
0 0.638889 0.713934 0.03827160000000001 0.06557379999999993
0 0.439506 0.309426 0.05185190000000002 0.05327869999999997
0 0.540432 0.0627049 0.04382720000000004 0.058196700000000004
0 0.384259 0.164754 0.04506170000000007 0.07213110000000003
0 0.444444 0.370902 0.05432099999999997 0.04344259999999996
0 0.545988 0.131967 0.05123460000000006 0.03442619999999998
0 0.530556 0.8479509999999999 0.04753090000000005 0.054918000000000085
0 0.741358 0.777459 0.04814809999999998 0.041803299999999946
0 0.309568 0.640164 0.030246899999999965 0.06557379999999993
0 0.666975 0.754918 0.04135800000000006 0.06721310000000004
0 0.200926 0.846311 0.03271610000000001 0.05327870000000007
0 0.21481499999999998 0.672131 0.06296299999999998 0.036065599999999934
0 0.21203699999999998 0.303689 0.04382719999999997 0.06147540000000003
0 0.604012 0.9012300000000001 0.04259259999999998 0.06311479999999989
0 0.262037 0.44057399999999997 0.05 0.05
0 0.5278300899769827 0.6710197277021395 0.05231219920485461 0.05140316754654063
