0 0.4033684875 0.5143809555555555 0.06239204250000015 0.10974497333333341
0 0.45196223750000003 0.043186963055555576 0.09478774624999993 0.08637392611111115
0 0.4654048295717864 0.46865816906071217 0.06408253351857288 0.13973045854524246
0 0.5833441875 0.03331024749999998 0.04799390875000012 0.06662049499999996
0 0.35177553125000005 0.002582412777777763 0.05999228875 0.005164825555555526
0 0.6422391028419786 0.25864335778053565 0.10538435244104273 0.08554044778329363
0 0.42796470000000014 0.3793941777777777 0.08518912000000008 0.17339708999999995
0 0.5869440125000001 0.7053359666666668 0.0983873768749999 0.08779603222222215
0 0.43456373125 0.7031428666666667 0.06479160187499992 0.16242248555555514
0 0.6313392625000002 0.01245966388888891 0.09358786937499998 0.02491932777777782
0 0.4813575687500001 0.8940978777777777 0.05999228875 0.2019306866666665
