0 0.5253970942487203 0.20123200719712114 0.056741192411924095 0.03436125549780087
0 0.5264812195505264 0.2560460964129199 0.027415439956694116 0.07269228093769561
0 0.44188497440529956 0.35348360655737704 0.026912074676302335 0.0469812075169932
0 0.4735019572417946 0.25621001599360255 0.03067600120445652 0.03935925629748099
0 0.4805384444293887 0.28651059953018787 0.032976107226738945 0.040233499060375835
0 0.577950652208078 0.23726435875437657 0.04444095203171107 0.06156236232522546
0 0.7223148148148149 0.06897540983606558 0.0338888888888888 0.036639344262295086
0 0.6746850829082054 0.5308797532768615 0.030851065816410696 0.05192280655372313
0 0.66578141759517 0.011978532135767824 0.030327935190339838 0.023956964271535642
0 0.583612513569685 0.9880632048011594 0.025367072860629877 0.02387309039768111
0 0.48813547387691875 0.8654085894159447 0.04447730366615033 0.06217665025244654
0 0.37751383848518993 0.9885307734120801 0.04620732302962025 0.022938253175839907
0 0.5975089388113067 0.30140493893517273 0.04966943263846722 0.05591388217026486
0 0.3102913004282173 0.7108709085669315 0.031439536223173845 0.042362196433123896
0 0.40375768671079193 0.9708283986785515 0.062080458151434065 0.034282864800847815
0 0.651233411218425 0.4963972658435437 0.05505794748958973 0.036713368312912636
0 0.6167711014120485 0.5386656471768202 0.04300049717590307 0.06693010564635966
0 0.3875041074027133 0.9338964034158201 0.05445242454114447 0.03334787757900652
0 0.46489197530864196 0.2269092363054778 0.04714317976513099 0.06022590963614556
0 0.4681854110207768 0.3376774290283886 0.03359304426377595 0.07959316273490605
0 0.5642009890375903 0.15744822519171603 0.050316422865442495 0.06601001056160168
0 0.44553094893442236 0.8724365898148726 0.03650698914237429 0.07492361648070822
0 0.5173744146445296 0.37106062747314866 0.031396338867603214 0.06377190503109102
0 0.304321 0.962295 0.019753100000000037 0.036065599999999934
0 0.539713667799987 0.5268409985623211 0.05143726440002618 0.04795730287535785
0 0.6429658980426687 0.5936837746327918 0.031552106836901385 0.07539034906097002
0 0.6414206774717036 0.24358309920624097 0.024855693186253382 0.07855759526472272
0 0.5904772325254846 0.07797176550354748 0.0330069113919434 0.0462503329539676
0 0.41074027132328783 0.8088418624945459 0.03919635732056521 0.07152652247085953
0 0.40212850045167114 0.32205867652938824 0.04356744956338448 0.05260395841663331
0 0.6961134734290586 0.15234172553940153 0.05762001602267817 0.04337033905239901
0 0.5539128705793978 0.5857989829300027 0.03251654115879551 0.06831876586000513
0 0.3194506922577098 0.1270989579876551 0.03011445993902134 0.033185106524191946
0 0.579402670876916 0.3643391666424017 0.05646558340460059 0.04120199167224763
0 0.367593 0.443443 0.04506170000000007 0.04590159999999991
0 0.5771121687911447 0.026091483642879627 0.05298976968105473 0.05218296728575925
0 0.28821162593092414 0.11216566005176876 0.026865597041035614 0.08063980885378641
0 0.4581047096479195 0.6143204094023766 0.048092625253119047 0.05291005291005287
0 0.5895296437121532 0.8690706227014896 0.03978312913674132 0.07199401608178016
0 0.53701356616439 0.9491678613725612 0.05445242454114447 0.04581437387022371
0 0.4996491856628898 0.09911392154141971 0.04657620135250121 0.055900251749360724
0 0.6604345362794313 0.09158983151669961 0.045061069607494474 0.06228458456532008
0 0.796605 0.810246 0.03148150000000009 0.048360700000000076
0 0.24520116770226852 0.3460055871970894 0.048926072704144036 0.04147086211750442
