0 0.665741 0.00696721 0.024074100000000074 0.0139344
0 0.5855251386652354 0.08572899342678388 0.04920379316514583 0.020194820622475653
0 0.4557119831409912 0.8401481383840184 0.05833806628198253 0.03111577676803675
0 0.492593 0.44098400000000004 0.04814809999999998 0.040983600000000016
0 0.8026658404813027 0.5800172683990655 0.03002348096260524 0.06986963679813102
0 0.5814993737699052 0.05801061218024867 0.05785173256992899 0.03286608062089175
0 0.6575415995705852 0.666825057416647 0.02862766147790294 0.04118159499485232
0 0.4505309764701497 0.8707016730715926 0.04461774705970061 0.032367153856814525
0 0.4815365509139977 0.4663757265324305 0.035913001827995464 0.029472353064861113
0 0.558904977732053 0.7953551207650273 0.04144964453589398 0.07158455846994546
0 0.449074 0.815574 0.06111110000000003 0.03934430000000009
0 0.4179445245735671 0.7455569849548587 0.029543250852865723 0.04659033009028263
0 0.473327184612632 0.09783598187019879 0.032358430774736095 0.04203293625960243
0 0.462346 0.781967 0.05679010000000006 0.03934430000000009
0 0.4903246876878117 0.8678347222983717 0.02639399277885587 0.0796941535537401
0 0.596605 0.571311 0.04506170000000007 0.04590159999999991
0 0.3813742385534085 0.4367603996614398 0.027375422893183097 0.03959350067712055
0 0.44355594679679683 0.7549070135135135 0.05007529359359363 0.044240027027026986
0 0.5095791540237768 0.7693683906800243 0.038912108047553615 0.0338193813600486
0 0.563272 0.442213 0.045061699999999934 0.05
0 0.627469 0.397541 0.05 0.036065600000000024
0 0.575309 0.358197 0.03703699999999995 0.055737700000000015
0 0.61142 0.43606600000000006 0.05493830000000007 0.04590159999999996
0 0.49942876680682297 0.017622950000000002 0.05175906638635416 0.035245900000000004
0 0.665271191626409 0.45516566997307356 0.04229761674718203 0.04868566005385278
0 0.5834377050158049 0.751168131781104 0.05099302200751481 0.04514136374435737
0 0.546605 0.35123 0.033950600000000046 0.03852459999999998
0 0.5251165250556569 0.6042460724334856 0.05763985011131341 0.03472204486697117
0 0.619444 0.552459 0.04259259999999998 0.04918030000000007
0 0.401543 0.572951 0.05370370000000001 0.05081969999999993
0 0.301543 0.852869 0.05864200000000001 0.03524589999999991
0 0.681173 0.9159839999999999 0.027777799999999943 0.045081999999999914
0 0.585185 0.12131100000000002 0.05432099999999997 0.04918030000000001
0 0.4996347984940657 0.6689414915181754 0.030133396988131514 0.08050618303635068
0 0.516667 0.115164 0.05555560000000003 0.0319672
0 0.435185 0.528689 0.04938270000000004 0.04262289999999994
0 0.582716 0.397541 0.04938270000000004 0.04426229999999999
0 0.49689724564919185 0.559539209966738 0.03953910870161627 0.054692580066524187
0 0.5408673311788037 0.7030016649580265 0.03801783764239277 0.06284977008394695
0 0.332716 0.880738 0.03580250000000003 0.07295080000000005
0 0.573765 0.304508 0.03888889999999997 0.0647541
0 0.360802 0.258607 0.05370370000000001 0.04344259999999996
0 0.37608875988488494 0.8408120410168365 0.03736201976976983 0.07014818203367304
0 0.4200396048222135 0.7013419335229741 0.050956753855304605 0.04025586527368432
0 0.525 0.841393 0.04382720000000004 0.05163929999999992
0 0.619753 0.8946719999999999 0.029629599999999933 0.07950819999999999
0 0.6413579999999999 0.756967 0.03827160000000001 0.05327869999999997
0 0.292901 0.331557 0.04629629999999999 0.05163930000000002
0 0.29876500000000006 0.46762299999999996 0.04814810000000001 0.03688519999999993
0 0.38026759038587704 0.29796502312504947 0.03333329999999994 0.05081970000000002
0 0.345988 0.747951 0.040123500000000034 0.06311480000000007
0 0.707716 0.48729500000000003 0.0438271999999999 0.06147540000000003
0 0.440123 0.386885 0.034567900000000006 0.06557380000000002
0 0.41142 0.965164 0.029012299999999974 0.06803279999999996
0 0.404321 0.64959 0.05679010000000006 0.05163929999999992
0 0.545679 0.970902 0.059259300000000036 0.03852459999999998
0 0.87963 0.365164 0.028395100000000045 0.07786880000000004
0 0.657099 0.8598359999999999 0.0438271999999999 0.06229510000000005
0 0.49691399999999997 0.173361 0.03703699999999995 0.06967209999999999
0 0.46519949901592417 0.579512156490061 0.023856384564919186 0.038409756870198805
0 0.5410926224130733 0.7028589530371426 0.03787201049680921 0.06335629999208046
0 0.5268160672750045 0.9949572344975053 0.026614779030237894 0.008446186742694073
0 0.5969131756032225 0.7699612059469885 0.020529597662778017 0.030511361499320273
