0 0.3773883355673133 0.02415107886416862 0.02638147113462676 0.04830205772833723
0 0.504629663271605 0.005737695000000001 0.022839573456790094 0.011475390000000002
0 0.558951 0.714754 0.05740740000000002 0.02950819999999999
0 0.523457 0.994672 0.05679010000000006 0.010655699999999909
0 0.520062 0.32377 0.024074099999999935 0.036065600000000024
0 0.482716 0.763115 0.023456799999999976 0.07049180000000001
0 0.688889 0.736475 0.032098799999999914 0.03852459999999998
0 0.449383 0.677049 0.04938270000000004 0.04262289999999994
0 0.5355443195759968 0.5576393083042194 0.05257053915199341 0.03494981660843851
0 0.5718480158166364 0.7612268756651437 0.057275431633272506 0.045404351330287564
0 0.522531 0.363525 0.03641980000000002 0.06311479999999997
0 0.513889 0.47418 0.04629629999999999 0.040163900000000086
0 0.22963 0.534426 0.020987700000000026 0.03114749999999992
0 0.565432 0.515984 0.04197530000000002 0.05819670000000005
0 0.532716 0.435246 0.024691400000000033 0.07049180000000001
0 0.513272 0.744262 0.04259259999999998 0.06393440000000007
0 0.480864 0.57377 0.05432099999999997 0.03770490000000005
0 0.334877 0.017623 0.031481499999999954 0.0319672
0 0.453395 0.72459 0.05370370000000001 0.03442620000000007
0 0.473457 0.648771 0.06296300000000005 0.03852459999999998
0 0.410802 0.711885 0.027777799999999943 0.07131149999999994
0 0.4991448776736576 0.11991877075350582 0.03220318685110826 0.07491555849298835
0 0.385802 0.114754 0.024691400000000033 0.0409836
0 0.575926 0.125 0.04074069999999996 0.03688520000000002
0 0.537654 0.690164 0.06419749999999994 0.03934430000000009
0 0.555247 0.385656 0.024074099999999935 0.0598361
0 0.558642 0.46024600000000004 0.029629599999999933 0.05163929999999992
0 0.616049 0.9848359999999999 0.034567899999999936 0.03032790000000011
0 0.487963 0.190984 0.027777799999999943 0.06885249999999998
0 0.392284 0.44917999999999997 0.022839500000000016 0.06885250000000004
0 0.594753 0.379098 0.04753090000000005 0.04508200000000001
0 0.679321 0.178279 0.05 0.040163899999999995
0 0.46142 0.115164 0.04259259999999998 0.06639340000000002
0 0.357407 0.389344 0.030864199999999994 0.06721310000000004
0 0.4873101956486541 0.7056772946788498 0.04622559129730818 0.04578058935769949
0 0.538272 0.104918 0.027160499999999983 0.0721311
0 0.685185 0.22622999999999996 0.04814809999999998 0.055737700000000015
0 0.4996761310716454 0.8661381672870196 0.04132776214329074 0.0667024345740391
0 0.487963 0.941393 0.05864199999999994 0.03360659999999989
0 0.47253100000000003 0.0290984 0.05864199999999994 0.0401639
0 0.3422373862974609 0.8621096179554593 0.02293272740507802 0.07250256408908133
0 0.455247 0.09303280000000001 0.03888889999999997 0.06475410000000001
0 0.5176077717061324 0.7825853265251276 0.04068002428658168 0.06826122010212309
0 0.517593 0.03319670000000001 0.030246900000000035 0.05
0 0.574818060514066 0.6020626110185433 0.04419187897186815 0.05980917796291317
0 0.327778 0.0655738 0.043209899999999975 0.0508197
0 0.517284 0.265574 0.04197530000000002 0.06229509999999996
0 0.399383 0.0643443 0.04691359999999995 0.04672130000000001
0 0.688272 0.0418033 0.024691399999999895 0.0819672
0 0.37438790692673546 0.8615222250403117 0.04013331385347087 0.06894695008062363
0 0.422222 0.30123 0.04691359999999995 0.05491799999999999
0 0.625 0.0786885 0.033950600000000046 0.055737700000000015
0 0.373148 0.595082 0.04259259999999998 0.07049180000000001
0 0.128086 0.153689 0.0401235 0.06639340000000002
0 0.588538926602461 0.2888662302732666 0.026876778933991954 0.03402283733431454
0 0.46400567233900564 0.004430660168365086 0.04991102213324432 0.008492098656033082
