0 0.5525807097969964 0.37920844394963665 0.06150608040600738 0.03338731210072669
0 0.488272 0.347951 0.03580250000000006 0.040163899999999995
0 0.614471271585847 0.3412034301123881 0.04019365682830598 0.05201983977522388
0 0.580556 0.44836099999999995 0.03888889999999997 0.06557379999999997
0 0.49197522191358023 0.031557375000000006 0.029629456172839522 0.06311475000000001
0 0.47901199999999994 0.41065599999999997 0.022222200000000056 0.07049179999999997
0 0.491358 0.262705 0.05061729999999996 0.05819669999999996
0 0.438272 0.363525 0.03333329999999994 0.06639340000000002
0 0.40463 0.884016 0.029012299999999974 0.05
0 0.615123 0.466393 0.035185200000000035 0.06885250000000008
0 0.340432 0.543033 0.029012299999999974 0.040163900000000086
0 0.463889 0.186475 0.03765430000000005 0.04344260000000001
0 0.642593 0.180328 0.03580250000000006 0.05245899999999999
0 0.56821 0.209426 0.029012299999999974 0.0729508
0 0.476235 0.733197 0.04135800000000006 0.07295080000000005
0 0.510494 0.717623 0.028395100000000045 0.06639339999999992
0 0.63858 0.355328 0.040123500000000034 0.0647541
0 0.6807943379247805 0.2602625975874599 0.02825477584956094 0.08282109517491973
0 0.355556 0.513115 0.03827160000000001 0.05901639999999998
0 0.473457 0.853279 0.04567900000000003 0.05245900000000004
0 0.535494 0.744672 0.033950600000000046 0.07131149999999994
0 0.490432 0.883607 0.04753090000000005 0.05573769999999983
0 0.708025 0.8561479999999999 0.05308640000000005 0.040163899999999995
0 0.624383 0.22991799999999998 0.054938299999999926 0.04836069999999998
0 0.510802 0.213934 0.04876539999999994 0.06557380000000002
0 0.543445473641339 0.5751349548800069 0.026689852717322115 0.09399139023998652
0 0.548765 0.823361 0.04567900000000003 0.05819670000000005
0 0.5493442495863561 0.7820180456312319 0.044444399999999905 0.06557379999999964
0 0.606481 0.18483600000000003 0.05 0.054918000000000015
0 0.57716 0.740164 0.05061729999999996 0.06557379999999993
0 0.54784 0.916393 0.04135800000000006 0.06721309999999985
0 0.07870370000000002 0.837295 0.05000000000000001 0.03688520000000002
0 0.609877 0.812295 0.05308640000000005 0.04590159999999991
0 0.721296 0.959836 0.04753090000000005 0.0540983999999999
0 0.7040120000000001 0.12131100000000002 0.036419799999999884 0.06885249999999998
0 0.5495099910907472 0.048588811897921254 0.027364133893343516 0.032955889809024835
