0 0.814931075 0.8408973314814815 0.06263890875000015 0.08429880574074063
0 0.6194254850139965 0.7614718794600881 0.041149634972006764 0.14831170533908256
0 0.37149275000000004 0.2894432777777778 0.06951383999999994 0.08781115777777776
0 0.607917125 0.20865682407407407 0.025972278749999946 0.0772738874074074
0 0.5836974419845499 0.28217243216838933 0.07886372929532731 0.07784671725625167
0 0.2809721 0.30173747407407403 0.06416672624999992 0.07024896907407396
0 0.515104625 0.1621175703703703 0.029791698750000015 0.14927892537037032
0 0.4757645000000001 0.7645010499999999 0.05499994500000002 0.12820438462962994
0 0.5708676125000002 0.4492592592592593 0.06187499999999998 0.09483607611111114
0 0.53802065 0.20338818888888885 0.02826388125000001 0.1931845042592592
0 0.6476384000000001 0.1814351851851852 0.06722223750000005 0.11064198166666675
0 0.7752085624999999 0.03583561898148149 0.04736110500000012 0.07167123796296299
0 0.6975908318090548 0.35698918155928916 0.037596607631890794 0.08267808965919951
