0 0.7061887417041319 0.9153083066213399 0.028427483408263666 0.04373191324267975
0 0.6463268595357882 0.7295011737539089 0.029689819071576463 0.03441184750781768
0 0.6832210284414473 0.9099734463588551 0.029404656882894432 0.07240599271771052
0 0.6566119670734318 0.7046882948190087 0.04408713414686364 0.053714474514356236
0 0.4990740000000001 0.994672 0.029012299999999974 0.010655699999999909
0 0.5088364048776136 0.9142329609423859 0.053475409755227375 0.03924941972424907
0 0.6054483713551702 0.8482799365606937 0.04936158883893532 0.05270573855301797
0 0.522531 0.838115 0.03765430000000005 0.03360660000000008
0 0.534259 0.4766389999999999 0.05 0.031967200000000036
0 0.57963 0.386066 0.03580250000000006 0.03442619999999998
0 0.53179 0.805328 0.05617279999999996 0.031967200000000036
0 0.5289163769357026 0.6866298043210464 0.030864199999999994 0.06229509999999996
0 0.517284 0.636475 0.05185190000000002 0.048360700000000076
0 0.597531 0.993033 0.05802469999999998 0.013934400000000065
0 0.4517286074288161 0.6064174936629395 0.025680014857632164 0.07021248732587881
0 0.511728 0.8553280000000001 0.04814809999999998 0.06147540000000003
0 0.48734600000000006 0.871311 0.029012299999999974 0.07213109999999993
0 0.694410726669878 0.7191961439709088 0.02722864666024415 0.06816581205818253
0 0.490432 0.203279 0.05 0.050819699999999975
0 0.6599229287090559 0.6360750497488866 0.042460572325697644 0.04785369089358472
0 0.458951 0.8549179999999998 0.026543200000000024 0.06721309999999994
0 0.551235 0.618033 0.04691359999999995 0.05901639999999998
0 0.6302469999999999 0.762295 0.028395099999999975 0.0393442999999999
0 0.461728 0.684426 0.024691400000000033 0.036065599999999934
0 0.618519 0.666393 0.04814809999999998 0.040983600000000016
0 0.46296300000000007 0.806557 0.06049380000000007 0.036065599999999934
0 0.50216 0.690574 0.029012299999999974 0.07295080000000005
0 0.516358 0.279918 0.031481499999999954 0.07131150000000003
0 0.489815 0.767623 0.040123500000000034 0.03852459999999998
0 0.486728 0.246311 0.04259259999999998 0.056557400000000035
0 0.519136 0.737705 0.05432099999999997 0.032786899999999966
0 0.53179 0.770492 0.05617279999999996 0.04754099999999996
0 0.497531 0.156148 0.05555560000000003 0.040163899999999995
0 0.54784 0.904098 0.031481499999999954 0.04426230000000017
0 0.650309 0.9118849999999998 0.027777799999999943 0.07622949999999984
0 0.28179 0.768852 0.05740740000000002 0.03770490000000005
0 0.541049 0.251639 0.03641980000000002 0.07213110000000003
0 0.298765 0.733197 0.054321000000000036 0.031967200000000036
0 0.7064810000000001 0.9766390000000001 0.030246899999999893 0.045081999999999914
0 0.41759300000000005 0.131148 0.022839500000000016 0.08688519999999998
0 0.31358 0.45614799999999994 0.03209879999999998 0.035245900000000004
0 0.476852 0.312295 0.05246909999999995 0.0393443
0 0.564815 0.639754 0.03950619999999993 0.05819670000000005
0 0.556481 0.959836 0.05864199999999994 0.03442620000000007
0 0.454321 0.170082 0.030864199999999994 0.06311479999999997
0 0.616049 0.195082 0.024691400000000033 0.07704919999999997
0 0.427469 0.720492 0.030246900000000035 0.06885250000000008
0 0.526543 0.590984 0.04074069999999996 0.06229509999999996
0 0.7074218382020269 0.6562515783852932 0.051823623595946715 0.04651244322941335
0 0.615741 0.014344299999999997 0.04506170000000007 0.027049199999999995
0 0.57037 0.433607 0.05432099999999997 0.04754099999999996
0 0.6964067612663242 0.47426822861982376 0.029793469724541517 0.07769404276035248
0 0.610185 0.60082 0.03765430000000005 0.07377049999999997
0 0.558333 0.731148 0.040123500000000034 0.05901639999999998
0 0.504321 0.106148 0.04814809999999998 0.051639300000000006
0 0.254012 0.55041 0.030246900000000035 0.07295080000000005
0 0.681481 0.975 0.03333329999999994 0.05
0 0.42932100000000006 0.917213 0.025308599999999966 0.07049180000000001
0 0.565123 0.822951 0.04753090000000005 0.057376999999999935
0 0.46142 0.754098 0.03765430000000005 0.057376999999999935
0 0.721914 0.027459000000000008 0.036419799999999884 0.05327869999999999
0 0.23179 0.384836 0.05864200000000001 0.030327900000000015
0 0.146605 0.527459 0.04382719999999999 0.031967200000000036
0 0.256481 0.27623 0.048765400000000014 0.0606557
0 0.470988 0.027459 0.05679010000000006 0.0434426
0 0.321605 0.970902 0.04074069999999996 0.048360700000000076
