0 0.385494 0.994262 0.025308599999999966 0.011475400000000024
0 0.525 0.485656 0.025308599999999966 0.035245900000000004
0 0.54321 0.267213 0.028395100000000045 0.07049180000000001
0 0.565123 0.876639 0.05740740000000002 0.031967200000000036
0 0.580247 0.286885 0.04074069999999996 0.0393443
0 0.477469 0.191393 0.05617279999999996 0.03688520000000002
0 0.5291545742165243 0.5242643213955445 0.03855694843304843 0.06328304279108875
0 0.540123 0.718443 0.05185190000000002 0.03360660000000008
0 0.538272 0.597131 0.025925900000000064 0.06967210000000008
0 0.48734600000000006 0.9233610000000001 0.022839500000000016 0.07131150000000012
0 0.478086 0.11762300000000002 0.05740740000000002 0.041803299999999995
0 0.47253100000000003 0.154508 0.05617279999999996 0.035245900000000004
0 0.6003849719900812 0.5409978246041754 0.050153343980162496 0.04592924920835083
0 0.575309 0.9204920000000001 0.05802469999999998 0.04262289999999994
0 0.340432 0.178689 0.031481499999999954 0.03278690000000001
0 0.36234600000000006 0.55123 0.029629599999999933 0.06639339999999992
0 0.515741 0.137295 0.030246900000000035 0.0729508
0 0.493519 0.353689 0.026543200000000024 0.06967209999999999
0 0.519136 0.904508 0.04197530000000002 0.0598361000000001
0 0.235185 0.693852 0.022222199999999987 0.03032789999999992
0 0.398148 0.610656 0.023456799999999976 0.06885250000000008
0 0.45948262405278845 0.8832673605709439 0.05263915189442311 0.03674387885811182
0 0.684259 0.339754 0.05 0.03852459999999998
0 0.3912490922294844 0.2770009643201543 0.028685548293391448 0.040983606557377046
0 0.333333 0.227049 0.04197530000000002 0.05081970000000002
0 0.5178563018070065 0.6336100188559619 0.047003096385987174 0.042615862288076255
0 0.56358 0.621311 0.030864199999999994 0.05245900000000004
0 0.46049399999999996 0.254098 0.03950619999999993 0.06393439999999997
0 0.45463 0.836885 0.05 0.0393442999999999
0 0.46697500000000003 0.27582 0.04382720000000004 0.06639340000000002
0 0.47932099999999994 0.809016 0.06234569999999995 0.03770490000000005
0 0.5608127759364777 0.5461608617346224 0.025287048127044354 0.06177667653075526
0 0.382309952322937 0.16911826836353178 0.02550359535412611 0.07651666327293644
0 0.6904320000000002 0.386885 0.04753090000000005 0.05737700000000003
0 0.48642 0.734836 0.05308640000000005 0.035245900000000004
0 0.522839 0.194672 0.029629599999999933 0.05
0 0.491667 0.865574 0.04382720000000004 0.04426230000000017
0 0.520679 0.427049 0.04135800000000006 0.06393440000000002
0 0.57037 0.677459 0.04197530000000002 0.05819670000000005
0 0.630247 0.24016399999999996 0.034567900000000006 0.05409839999999999
0 0.416049 0.872131 0.028395100000000045 0.07049180000000001
0 0.542901 0.85041 0.06234569999999995 0.03852459999999998
0 0.40524699999999997 0.22663899999999998 0.04629629999999999 0.04672130000000001
0 0.37808600000000003 0.755738 0.04382720000000004 0.07049180000000001
0 0.628395 0.057377 0.05802470000000005 0.034426200000000004
0 0.54784 0.0967213 0.035185199999999965 0.06721310000000001
0 0.522531 0.942213 0.040123500000000034 0.0663934000000001
0 0.476852 0.019672099999999998 0.040123500000000034 0.0360656
0 0.694444 0.202049 0.024691399999999895 0.08606559999999998
0 0.693519 0.897131 0.03271610000000001 0.03852459999999998
0 0.50463 0.281967 0.03271610000000001 0.07213110000000003
0 0.580864 0.763525 0.04197530000000002 0.05983609999999991
0 0.427469 0.462295 0.04876539999999994 0.055737700000000015
0 0.35432099999999994 0.027049199999999995 0.03827160000000001 0.05409839999999999
0 0.133642 0.315164 0.0401235 0.06639340000000002
0 0.5931882174572232 0.44974115616911126 0.02490794888455708 0.03307448950244455
0 0.34618212779132324 0.9929852510406495 0.01664151089438442 0.012076674032581293
0 0.5150742529969583 0.9948384414350201 0.019234210055466123 0.008683772867664547
