0 0.395072432369259 0.34232419945810666 0.03056788579879392 0.0460876467464931
0 0.5841543379717098 0.43080056522698623 0.03195639924026587 0.04723861635030208
0 0.6267806267806267 0.5111336032388664 0.02674064077572843 0.07682352160350436
0 0.689501014477802 0.3515000684962784 0.025104026961037106 0.04406593908397647
0 0.4888299125306142 0.34951185106524185 0.027777799999999943 0.03770490000000005
0 0.5968606701940036 0.3510070257611241 0.026031746031746034 0.0794379391100703
0 0.6517094017094017 0.506736576624411 0.02561603438796423 0.06869317050507731
0 0.5175162526040885 0.53516140748656 0.03188360732243715 0.03494749141833152
0 0.4747088519018343 0.3842835335501426 0.02873994102064281 0.06603836198314196
0 0.6508854635438147 0.10930415000821497 0.04773002152245046 0.054859150419876566
0 0.590041106951317 0.4871972318046061 0.034733086097365924 0.07806473639078781
0 0.6538961363522767 0.6408873697484568 0.04098565502074269 0.04894803212318305
0 0.5759025543732299 0.08990835736974698 0.029420660452583264 0.07685567198510351
0 0.5443569293797171 0.5811195570037168 0.027085428709951644 0.07874538599256654
0 0.5486204828310092 0.5192639543372934 0.041110611286049904 0.03799694697019981
0 0.641686601226319 0.06635875716528533 0.06282823283565672 0.0348680127058308
0 0.4718174458611617 0.579929230493595 0.030189570262430052 0.08039953417540087
0 0.5758685272167242 0.5817332273760537 0.04534396720897674 0.07334246540452637
0 0.4780112432161243 0.32260071392944845 0.05608746369020844 0.05218357427158693
0 0.6306382436659669 0.4486261382292427 0.06301001239316238 0.0422180892413884
0 0.5367549038278423 0.21123376968009216 0.05894468073100712 0.04155024335723721
0 0.7035322359396433 0.855191256830601 0.05589849108367633 0.04599271402550098
0 0.299383 0.976229 0.03333330000000002 0.04754099999999996
0 0.536932508244892 0.6942583235292238 0.036042812066517486 0.06452396905378201
0 0.41029389713600234 0.7347182584456096 0.05960413855150701 0.036171766111369165
0 0.5165028267368921 0.36637661892214773 0.04661647877992696 0.053733786779053515
0 0.5244139270356499 0.3056732363234481 0.043695380774032434 0.06428439860011055
0 0.670327885240166 0.7426826840114157 0.022866996551207098 0.06371540452644855
0 0.5091102803088826 0.6859472958912537 0.03610133938223479 0.06744950821749275
0 0.266975 0.0155738 0.03271610000000001 0.031147499999999998
0 0.5624108277142578 0.9783089666508066 0.038141307534447375 0.04174272243609158
0 0.7093618684647709 0.9773357411652753 0.052881201342063235 0.04368917340715426
0 0.5437471884840306 0.856507599389394 0.022866996551207098 0.0713479790270126
0 0.4592142750037486 0.8099654874892148 0.0454840805717999 0.06487688325479532
0 0.5627515862573099 0.6399052082182916 0.046630777852751604 0.054948134628658656
0 0.3029054359769892 0.5051068577804481 0.03538879193329457 0.08110891768946871
0 0.5339712392422118 0.08844791704698966 0.037394484313563715 0.05860016795063711
0 0.5825009181249063 0.6844875940864139 0.04032629890288393 0.07557249882524723
0 0.489911145064478 0.09397659234546717 0.05814960901592008 0.03622440485231298
0 0.49256139980636404 0.7578310706006997 0.05619792331943085 0.040916007266309305
0 0.4079197280951667 0.2466483042410566 0.04460938671464986 0.07018650029866592
0 0.3847895514562181 0.456199759478448 0.05028838362171697 0.055383252104563616
0 0.32704312126600016 0.4061825518731771 0.054086142532000246 0.04351340374635418
0 0.413690252562853 0.8015545521586911 0.029409794874294026 0.07393939568261772
0 0.7783003462015807 0.16913869372885768 0.051168158164042875 0.050597045132564265
