0 0.33620717664236494 0.7224401207225766 0.04910805119960564 0.11530693097773781
0 0.37331348438735845 0.9833029962470804 0.04404309524628332 0.03339400750583903
0 0.2761984593693043 0.5625723439088206 0.0673859357268133 0.0757993769375568
0 0.316277676043422 0.20470740673090101 0.03831749286426612 0.12357595391638038
0 0.4209241782618814 0.46256303032848517 0.04457182821582026 0.14810753871252585
0 0.2846769477088756 0.4331326068744059 0.06496395049759146 0.11325279231606868
0 0.224668037931153 0.33930872456547145 0.035674907149489364 0.1557332653444346
0 0.09011638195375825 0.6539909863971464 0.03655576905441518 0.143789121099729
0 0.39852815641585565 0.0730675804577581 0.04338244881758892 0.1461351609155162
0 0.4716396945246856 0.42383651460492866 0.053071929771770956 0.13092619652850718
0 0.4632715064278918 0.8469348549654729 0.04294201786512607 0.15022058338533964
0 0.46921732428614 0.07998297740637574 0.05571451548654818 0.14241095060995512
0 0.5161232207234315 0.11030272818139852 0.03809727738803481 0.09095925232506812
0 0.4537008157343918 0.5449574791578182 0.06123726743746663 0.08530325729711781
0 0.07182729217164324 0.21358945001457244 0.03300991092489767 0.07641089690053081
0 0.46281790998126854 0.22459177268393474 0.0763884392639806 0.06267527450044852
0 0.36054098676593643 0.4842463210733452 0.03655576905441495 0.1607865571402719
0 0.579985708830542 0.0664309675902671 0.051750636914382635 0.12173839326334872
