0 0.41790130895061733 0.9950018322558333 0.0341499952609577 0.011948325800589835
0 0.5446753708144595 0.3804497385697999 0.036267282470320086 0.056807013405668925
0 0.7392154751650876 0.5052659168890583 0.02673700832615564 0.04217499046892872
0 0.6234646793158313 0.013027725614265032 0.028299728848816832 0.028328523105364056
0 0.5172312913229186 0.45606401988967454 0.042712538763091716 0.04117784165954474
0 0.4909795681493586 0.26031409330601085 0.03303635731057859 0.06900491435229827
0 0.7978226393205458 0.012967059482960992 0.03139146374966848 0.027276100526233416
0 0.6509811696337546 0.03863609687389959 0.027481663207519304 0.07922845181736374
0 0.5763346331292907 0.15131876957823076 0.030040890198591515 0.04518514561211315
0 0.3790763517876788 0.060469076006330114 0.045525885337978196 0.05244277788508354
0 0.44193599475913825 0.2418112679684989 0.05870859082546603 0.03601726432015429
0 0.5447379569111596 0.24891513982642238 0.05885378842895184 0.04058180649308903
0 0.5992243242443083 0.3604984864567362 0.03967196613079907 0.05582419310453276
0 0.4138795910585503 0.07698018367553969 0.040105382117100685 0.07035386735107936
0 0.5516514923833937 0.11493016158691652 0.055540823241698345 0.03697327751476974
0 0.41916303558460416 0.3103905496624879 0.02919995158557247 0.07312761170041786
0 0.6058729498821415 0.03780763387652099 0.03758048534429415 0.06779023547478383
0 0.3973915549791036 0.6621164763666518 0.04347408368160634 0.05868469732729474
0 0.41136630265047225 0.564121466319331 0.025612497259462783 0.07287973113629503
0 0.6482682423019649 0.6779039357019838 0.028342220300715853 0.03986732155386873
0 0.5004884980904166 0.377108149545937 0.05299464132397786 0.05641388528521443
0 0.578795927401505 0.3043563451113578 0.053366779794402665 0.03788126183789432
0 0.6619778419568638 0.21448137145679577 0.03036461608627223 0.0743157570864085
0 0.4481725950372816 0.05169615322187957 0.02725828138369388 0.07774711897419251
0 0.17939027462836984 0.6458681833389094 0.025699168556311394 0.07393777183004355
0 0.5375469932220919 0.930398304900731 0.047418147501547325 0.05191587776287906
0 0.6168323882222516 0.10868504212606125 0.0344928003845133 0.07958989070777416
0 0.5118190860686912 0.5092844378836143 0.05412205254227371 0.05593970942428718
0 0.6067520917441929 0.6219407971408593 0.022233924287636764 0.04273172247688608
0 0.46018834755855237 0.9639040981032916 0.028165222430698054 0.07305669311388903
0 0.5162172152803683 0.31792462296359636 0.0410771305607366 0.06863634592719269
0 0.44066317626527046 0.8323319886705003 0.051386464999030386 0.0648013046090464
0 0.5063169524907527 0.6946482107546087 0.05716481721669788 0.034445365822542595
0 0.7199525154453579 0.03376405008607535 0.035388878770735724 0.06940996469736686
0 0.2795537301548058 0.8199315319071325 0.04459643969038851 0.05029993618573522
0 0.5731457050718264 0.9008823911068818 0.04821003941496472 0.06163761408365421
0 0.3745983330887492 0.1901095973476647 0.04919606617749817 0.060547894695329445
0 0.04522331518809385 0.8382779499012961 0.033656530376187696 0.06835869980259202
0 0.15043741313056988 0.319183584844208 0.031477393508298604 0.0711106285962436
0 0.49781751848594413 0.845516674596652 0.05358480732271405 0.054716899519875364
