0 0.7416195895833333 0.3098059657407407 0.02693028833333339 0.02673040379629636
0 0.6868199145833334 0.33096731574074073 0.01252574145833331 0.023611857592592593
0 0.575937835262846 0.4990508329021757 0.015352536388528648 0.041083717831501256
0 0.6892176762588007 0.5381409913347713 0.01649799362823193 0.04229706964527235
0 0.598513625 0.29465864814814813 0.015657151458333372 0.03474953037037033
0 0.6002358802083333 0.6913825981481482 0.022859424895833414 0.020938833518518624
0 0.6647430885416666 0.653736875 0.02223317333333341 0.023166335462962952
0 0.7309730593749999 0.2672598796296296 0.013151993020833311 0.03875912083333333
0 0.7108208335334903 0.4996575544735269 0.02558756064754763 0.023922164813279252
0 0.6306330487784424 0.4591311891603721 0.029703452443115334 0.021223191401478107
0 0.6153548632127588 0.4304046208292875 0.028146316712302402 0.025135607955981822
0 0.6304027857840547 0.5412613193661865 0.017789446926390205 0.03605659624030485
0 0.7579627908552455 0.5658822161657441 0.016790159539508902 0.038494154335178464
0 0.664040444357591 0.19704235110284404 0.022192472196631386 0.02194634901547553
0 0.730785742940229 0.4647839499110486 0.015631741449769265 0.040277875659322886
0 0.6999714510416666 0.6931642518518519 0.01628345375000002 0.017374765185185218
0 0.6439192729166667 0.257012925 0.019414863749999966 0.027175925925925947
0 0.5814756759435473 0.6214022936204475 0.01278151873790551 0.023682920444290257
0 0.7178210156250001 0.1728122862037037 0.025051432187499854 0.02093883351851852
0 0.687724511151893 0.6754428973295984 0.021606871041666646 0.04054115499999998
0 0.7585294879484954 0.6887094865319522 0.023172505584490702 0.02539371667501495
0 0.6498164321747862 0.4373524731782317 0.021120706449934207 0.03654886023446119
0 0.6933959364583334 0.4156138027777777 0.015030849166666608 0.027175925925925895
0 0.6658957102752008 0.5399959129495174 0.01991091407994882 0.039280805155187254
0 0.6606788833944112 0.35501159694315837 0.015956732377844198 0.04145801583590556
0 0.66536959375 0.4180639842592592 0.017222856458333286 0.04009563287037034
0 0.6348872726676227 0.4775062668490745 0.030265285892437058 0.017953524150220695
0 0.718206505312974 0.22649321698046532 0.029580428230114936 0.023161331460930645
0 0.726280488926207 0.43184172608594446 0.027322851069461033 0.01948781311649065
0 0.7142039658688624 0.6072597204911713 0.02856893812824997 0.02124373177132584
0 0.7187949200981069 0.5759709224369742 0.017222856458333404 0.03742260879629637
0 0.6630354735851408 0.2171782824216282 0.026274806996385063 0.021307842841928704
0 0.7015374604166666 0.531668050925926 0.021293719895833382 0.03029447212962966
0 0.7091120023136965 0.32262745917491475 0.013896377752392889 0.0354446911276073
0 0.7079567291666666 0.5713182703703704 0.021606871041666646 0.02851243796296301
0 0.6454220366096557 0.6402497017252362 0.015531725406811485 0.027376961783805755
0 0.5609359947916667 0.6437133064814816 0.015030849166666608 0.02182982342592589
0 0.7570885662660813 0.337025095492422 0.01590705346966293 0.04374610885521427
0 0.6180849375 0.24743449814814816 0.016596604895833405 0.03564057462962964
0 0.6606720729166666 0.25099889259259256 0.019101712604166703 0.02049331138888888
0 0.7920357572916666 0.5067200074074074 0.025051432187499854 0.029403482222222187
0 0.6691594736068077 0.6702173973634752 0.02605532221361552 0.023259955071645987
0 0.5900591426432723 0.6317086424591656 0.01854606756609177 0.03163125280737686
