0 0.7301446358432209 0.6300553148599866 0.009196176894774885 0.016398438428175014
0 0.7037912793874022 0.632761010737379 0.008623097506840694 0.018462478024346963
0 0.7293486687499999 0.5409319840740741 0.008167437708333244 0.016338790000000044
0 0.7197260520833333 0.8838693407407407 0.004881692499999938 0.014562860000000068
0 0.6887930625 0.9563283074074074 0.003849016250000048 0.018825126666666636
0 0.7250302625 0.9369704407407408 0.008167437708333362 0.019890693333333383
0 0.7212750208333334 0.8701942074074073 0.008167437708333362 0.014207656666666653
0 0.71198105625 0.6075305074074073 0.006289862500000017 0.022377030000000082
0 0.6818026024224153 0.6509483714275917 0.004137466928164102 0.02433910195963144
0 0.6839113395833333 0.7666561407407408 0.003661269375000013 0.018114763333333304
0 0.6823155291666666 0.8423118074074074 0.004975573541666615 0.029480880000000053
0 0.69822785625 0.5375576607407407 0.006195981458333341 0.009590143333333277
0 0.69865034375 0.5755631607407408 0.0044122872916666726 0.018825126666666636
0 0.7026870916666667 0.6069975074074074 0.008355199791666715 0.02202187000000006
0 0.6853733921801151 0.8581422112834364 0.00752392644356353 0.014869312247942006
0 0.7420692229166667 0.8247297407407408 0.005257201458333327 0.016338790000000044
0 0.7295833333333334 0.6156997074074074 0.00826131874999992 0.013852453333333343
0 0.7256497708077477 0.6669523677827687 0.0035388791933294544 0.015806940749005797
0 0.7049872 0.5808909074074075 0.006383743541666694 0.01598358666666663
0 0.6930646270833333 0.5737871874074074 0.005444963541666681 0.03303278333333329
0 0.6898854927755592 0.7425764743794125 0.0034051315927852007 0.0428311960559895
0 0.6814705541666667 0.8856451407407407 0.004787811458333379 0.03019124333333328
0 0.714375 0.7274074074074073 0.004881692500000057 0.0333879866666666
0 0.6867678470044492 0.6718663633549656 0.005806637342231843 0.03158578017537839
0 0.6967772196940277 0.6754853495921269 0.004072101128610228 0.03250097635009865
0 0.6729275770833333 0.793472974074074 0.00309799833333327 0.018469923333333325
0 0.7165069278788775 0.5901325234427978 0.005014888882755031 0.02916293198209027
0 0.7023585916666667 0.9435410740740741 0.003567388333333336 0.03303278333333339
0 0.6644785875 0.9515330407407406 0.00553884458333324 0.020601100000000004
0 0.6804516828924647 0.6981627663434071 0.005153562389329262 0.032234883363945824
0 0.6547151416666668 0.962899374074074 0.004975573541666615 0.0056830799999998075
0 0.6890277270833334 0.5789374407407407 0.003567388333333336 0.024863366666666678
0 0.71315453125 0.7982682407407407 0.007134776666666672 0.020956303333333315
0 0.6917033291666667 0.5444839307407408 0.0055388445833333575 0.014918019999999985
0 0.7043300479166666 0.7948938740740742 0.004881692499999938 0.014207656666666653
0 0.7024054333333333 0.6462462407407408 0.008167437708333362 0.018114763333333304
0 0.7010442875 0.7172843074074075 0.008824589791666664 0.012431683333333391
0 0.6925013104166666 0.6796341407407407 0.004881692500000057 0.028770473333333327
0 0.6839131043702869 0.6276246016992421 0.005195251357943794 0.018217229303207173
0 0.6834127396486672 0.6861735697280951 0.0064554725104429165 0.029434459325665855
0 0.7314139604166667 0.9586371074074074 0.004787811458333261 0.013497249999999928
0 0.70686466875 0.5654401907407408 0.008449080833333393 0.01562842666666671
0 0.6901073666666666 0.9170795740740741 0.004975573541666734 0.029125676666666638
0 0.6883858316493561 0.6281110767762742 0.0045367120487120145 0.019576594595599878
0 0.6548089770833333 0.7014784740740742 0.007604166666666737 0.009945346666666587
0 0.7101035875000001 0.7879674740740741 0.007416404583333384 0.02237702999999998
0 0.6998183794592571 0.7603900554037167 0.004870935585180902 0.034198924007381386
0 0.7146566583333335 0.6682682407407409 0.0067592525000000825 0.026639340000000043
0 0.71399950625 0.8421341407407407 0.0039428972916667245 0.026994543333333353
0 0.7070853827705027 0.7118068648639204 0.006261885332672179 0.02480755508697396
0 0.7058790166666667 0.6796341407407407 0.0044122872916666726 0.03658468666666663
0 0.7497202312500001 0.619607074074074 0.00516332041666665 0.013852453333333343
0 0.7127790375 0.6824755074074075 0.007698047708333178 0.02521856999999999
0 0.7185995708333333 0.628664174074074 0.004318421458333314 0.03125681000000003
