0 0.42511956262321754 0.12364992309696277 0.056861768561584876 0.04778275380607447
0 0.442593 0.376229 0.034567900000000006 0.036065600000000024
0 0.604088976856637 0.5696847945704664 0.027346976902095917 0.05010810815224301
0 0.483333 0.773361 0.05061729999999996 0.05327869999999997
0 0.470679 0.735656 0.03888889999999997 0.06311480000000007
0 0.443519 0.633197 0.031481499999999954 0.05163929999999992
0 0.489815 0.810246 0.033950600000000046 0.03852459999999998
0 0.5073212009977031 0.6296354194751557 0.04708569800459372 0.04564776104968874
0 0.53858 0.168033 0.05 0.0393443
0 0.49321 0.675 0.028395100000000045 0.041803299999999946
0 0.571605 0.392213 0.05432099999999997 0.03688520000000002
0 0.5684873733969757 0.048567172528275505 0.029691753206048343 0.07171815494344898
0 0.545679 0.10532799999999999 0.05185190000000002 0.036885200000000014
0 0.584259 0.48278699999999997 0.05123460000000006 0.05081969999999993
0 0.529938 0.47868900000000003 0.031481499999999954 0.07213109999999993
0 0.581481 0.095082 0.020987700000000026 0.0786885
0 0.542901 0.0733607 0.05740740000000002 0.04672130000000001
0 0.568827 0.508607 0.04629629999999999 0.05163929999999992
0 0.698457 0.77541 0.05 0.03770490000000005
0 0.570679 0.726229 0.033950600000000046 0.04918030000000007
0 0.581173 0.769262 0.05246909999999995 0.03360660000000008
0 0.4685190000000001 0.680328 0.044444399999999974 0.04590159999999991
0 0.585802 0.831967 0.023456799999999976 0.07704919999999996
0 0.398148 0.515984 0.023456799999999976 0.06311480000000007
0 0.435185 0.9049180000000001 0.027160499999999983 0.07377050000000017
0 0.5925929999999999 0.1753273809886898 0.05802469999999977 0.03442619999999998
0 0.560185 0.143033 0.05987649999999997 0.03688519999999998
0 0.503395 0.8614749999999999 0.029012299999999974 0.03770489999999986
0 0.599383 0.629508 0.034567900000000006 0.04754099999999996
0 0.507716 0.9848359999999999 0.022839500000000016 0.028688499999999877
0 0.398457 0.69959 0.030246900000000035 0.07459019999999991
0 0.599383 0.8872950000000001 0.029629599999999933 0.04672129999999984
0 0.546296 0.686885 0.06172839999999999 0.0393442999999999
0 0.511111 0.513934 0.04938270000000004 0.04590159999999991
0 0.447531 0.726229 0.03580250000000006 0.07049180000000001
0 0.337037 0.892623 0.046913599999999986 0.04426230000000017
0 0.43355812922564796 0.8006371085336023 0.03782274154870396 0.06921688293279554
0 0.495679 0.178279 0.05802469999999998 0.040163899999999995
0 0.600309 0.213934 0.06234569999999995 0.040983600000000016
0 0.401852 0.635656 0.03827160000000001 0.05819670000000005
0 0.508642 0.368852 0.028395100000000045 0.07704920000000004
0 0.557716 0.42418 0.04382720000000004 0.058196700000000004
0 0.433025 0.43729500000000004 0.04753090000000005 0.04836070000000003
0 0.533333 0.9114750000000001 0.044444399999999974 0.06065569999999991
0 0.315123 0.309426 0.027777800000000016 0.031967200000000036
0 0.550926 0.8536890000000001 0.04382720000000004 0.06475410000000009
0 0.54784 0.986066 0.04135800000000006 0.027868900000000068
0 0.437654 0.577049 0.044444399999999974 0.057376999999999935
0 0.301235 0.268852 0.022222199999999987 0.07213110000000003
0 0.647531 0.709016 0.05308640000000005 0.05081969999999993
0 0.6679010000000001 0.65 0.03950619999999993 0.07213109999999993
0 0.6574069999999999 0.789754 0.05432099999999997 0.054918000000000085
0 0.586111 0.9553280000000001 0.026543200000000024 0.07622949999999984
0 0.442284 0.18237699999999998 0.029012299999999974 0.07622949999999999
0 0.616975 0.662705 0.05246909999999995 0.05
0 0.616358 0.737295 0.03765430000000005 0.06311480000000007
0 0.560494 0.568033 0.05308640000000005 0.04590159999999991
0 0.554321 0.622541 0.04814809999999998 0.0647541
0 0.416975 0.552459 0.03271610000000001 0.06721310000000004
0 0.8120748613217007 0.4448244517029651 0.05254502264340163 0.030632803405929925
0 0.473148 0.9340159999999998 0.05 0.054918000000000085
0 0.436111 0.283607 0.04135800000000006 0.0606557
0 0.376235 0.0319672 0.025308599999999966 0.0442623
0 0.401543 0.220902 0.04753090000000005 0.05163930000000002
0 0.264198 0.289344 0.027160499999999983 0.07868849999999997
0 0.6413579999999999 0.8745900000000001 0.05185190000000002 0.049180299999999885
0 0.23179 0.244672 0.029012299999999974 0.033606599999999986
0 0.48487699999999995 0.026229499999999996 0.04876539999999994 0.0508197
0 0.345679 0.143443 0.05308640000000005 0.036065600000000024
0 0.747222 0.97418 0.040123500000000034 0.05
0 0.854938 0.793033 0.04074069999999996 0.0647541
