0 0.4126159277777778 0.5923154196721312 0.033050785596707905 0.05928930928961736
0 0.38858 0.025409799999999996 0.022839500000000016 0.0491803
0 0.433025 0.644262 0.05 0.04262289999999994
0 0.5360082863168725 0.7673325019125683 0.02816346851851859 0.0807721546448088
0 0.480864 0.757787 0.029629599999999933 0.040163900000000086
0 0.500720120473251 0.832829549453552 0.05823054094650207 0.03942969890710384
0 0.634568 0.014344299999999997 0.023456799999999976 0.027049199999999995
0 0.5114582851851852 0.7938095349726776 0.02903816213991771 0.06880169508196735
0 0.638966111419753 0.5357667017759563 0.02800913518518522 0.07173845437158476
0 0.565432 0.783197 0.029629599999999933 0.07622950000000002
0 0.582407 0.137295 0.05370370000000001 0.03688519999999998
0 0.362654 0.03278690000000001 0.030246900000000035 0.0622951
0 0.518827 0.731967 0.035185199999999965 0.06557379999999993
0 0.490741 0.715164 0.04691359999999995 0.041803299999999946
0 0.577469 0.177459 0.05123460000000006 0.04508200000000001
0 0.521914 0.408197 0.027777799999999943 0.07704920000000004
0 0.612963 0.506148 0.03703699999999995 0.06803279999999996
0 0.49104899999999996 0.405328 0.031481499999999954 0.06967210000000003
0 0.548457 0.0684426 0.027777799999999943 0.0647541
0 0.582407 0.0942623 0.04629629999999999 0.05245899999999999
0 0.60463 0.797131 0.031481499999999954 0.07131149999999994
0 0.421914 0.0422131 0.03271610000000001 0.07786880000000002
0 0.436728 0.22622999999999996 0.05987649999999997 0.032786899999999966
0 0.7742719390626155 0.12657087103661532 0.031259478125231215 0.04822274207323059
0 0.509877 0.0692623 0.05308640000000005 0.054918000000000015
0 0.557716 0.883607 0.027777799999999943 0.08196720000000003
0 0.433642 0.976229 0.04753090000000005 0.04754099999999996
0 0.454938 0.48237700000000006 0.03827160000000001 0.07131149999999994
0 0.6839956275720165 0.6057889344262296 0.054333847736625605 0.05037568306010923
