0 0.489815 0.00778689 0.021604899999999955 0.0155738
0 0.542284 0.567623 0.03641980000000002 0.03360660000000008
0 0.566049 0.00696721 0.025925900000000064 0.0139344
0 0.449074 0.765574 0.025308599999999966 0.04426229999999999
0 0.5869969202982003 0.4661038366140608 0.030943659403599312 0.04484122677187834
0 0.475309 0.8536890000000001 0.04691359999999995 0.05
0 0.5533305508568269 0.4902065256606313 0.06741289828634607 0.03187704283908339
0 0.474383 0.257787 0.05246909999999995 0.03852459999999998
0 0.506173 0.4819692029198272 0.05185190000000002 0.048360700000000076
0 0.575617 0.542623 0.04135800000000006 0.055737700000000015
0 0.512346 0.541393 0.024691400000000033 0.06639339999999992
0 0.5145674700540507 0.6464890380413506 0.032839140108101315 0.0405183760827012
0 0.3687699699943326 0.07745699886100149 0.035366961950494734 0.06474999772200302
0 0.387346 0.758607 0.05 0.05
0 0.516049 0.288934 0.034567900000000006 0.033606599999999986
0 0.304938 0.597951 0.046913599999999986 0.056557399999999945
0 0.34784000000000004 0.744262 0.03888889999999997 0.06393440000000007
0 0.48771817346049084 0.4380123272624524 0.05913235307901823 0.03708924547509526
0 0.50216 0.753689 0.026543200000000024 0.07786879999999995
0 0.46358 0.0262295 0.025925900000000064 0.052459
0 0.540123 0.740574 0.05061729999999996 0.05
0 0.333025 0.722541 0.04259259999999998 0.07131149999999994
0 0.590123 0.620082 0.03209880000000005 0.08114749999999991
0 0.28864055746108425 0.27401089447612254 0.026422285077831443 0.0339448110477548
0 0.606481 0.575 0.03271610000000001 0.07786879999999995
0 0.431481 0.387295 0.04691359999999995 0.05163930000000002
0 0.3869450217707757 0.1039721755280972 0.04055624354155148 0.05712375105619443
0 0.382407 0.547131 0.03765430000000005 0.06147540000000003
0 0.32345699999999994 0.586066 0.04197530000000002 0.057376999999999935
0 0.586728 0.739344 0.04259259999999998 0.06229509999999996
0 0.6464642254197928 0.7275379131332033 0.03176374916041434 0.07771037373359332
0 0.483025 0.11024600000000001 0.024074099999999935 0.07131149999999999
0 0.4012345679012346 0.9639119180703004 0.045907845297624116 0.04876767828337771
0 0.544444 0.39836099999999997 0.039506200000000075 0.05245899999999999
0 0.267284 0.9168029999999999 0.022222199999999987 0.06967209999999989
0 0.492593 0.0381148 0.03209880000000005 0.0696721
0 0.537654 0.785246 0.03580250000000006 0.07213109999999993
0 0.516358 0.844262 0.04259259999999998 0.06229510000000005
0 0.32226659992584117 0.8957121309168322 0.025836700148317678 0.07742793816633527
0 0.531482 0.692213 0.05061729999999996 0.05
0 0.595679 0.693852 0.04938270000000004 0.05163929999999992
0 0.383025 0.492213 0.05370370000000001 0.048360700000000076
0 0.665123 0.773361 0.040123500000000034 0.05327869999999997
0 0.6246998333192079 0.9679446299283491 0.036585021329491145 0.04407847844843758
0 0.380556 0.325 0.033950600000000046 0.06147540000000003
0 0.428704 0.447951 0.04629629999999999 0.056557399999999945
0 0.22037 0.315164 0.034567900000000006 0.07295079999999995
0 0.4380246913580247 0.9949180327868852 0.025185185185185158 0.0085245901639345
