0 0.6180271311538237 0.29631537855450235 0.03308193769235271 0.07130374289099527
0 0.5562213450939091 0.604098 0.04506170000000007 0.05245900000000004
0 0.33149194640600316 0.7762490034282497 0.03211879281200633 0.07053050685649917
0 0.51142 0.62418 0.03641980000000002 0.035245900000000004
0 0.39804600538441287 0.7882874208802735 0.031829117310280285 0.07131576502991212
0 0.49660499999999996 0.602049 0.04876539999999994 0.041803299999999946
0 0.419136 0.781148 0.030864199999999994 0.06885250000000008
0 0.6080733450939091 0.591803 0.048765400000000014 0.05081969999999993
0 0.575617 0.669262 0.031481499999999954 0.06311480000000007
0 0.552161 0.666803 0.031481499999999954 0.06967210000000008
0 0.321605 0.731557 0.02962959999999997 0.03032789999999992
0 0.48858 0.677459 0.025308599999999966 0.07622950000000002
0 0.50679 0.565164 0.05308640000000005 0.035245900000000004
0 0.606481 0.990574 0.026543200000000024 0.018852500000000084
0 0.626852 0.690164 0.05617279999999996 0.036065599999999934
0 0.552161 0.368443 0.05864199999999994 0.033606599999999986
0 0.42685199999999995 0.988934 0.029012299999999974 0.022131099999999935
0 0.5253523512638231 0.7172384726944294 0.024130005798373502 0.07434132824955332
0 0.526235 0.640984 0.04629629999999999 0.05901639999999998
0 0.612963 0.4995899999999999 0.029629599999999933 0.06967210000000008
0 0.62037 0.564344 0.05432099999999997 0.048360700000000076
0 0.480247 0.531148 0.05308640000000005 0.04754099999999996
0 0.384877 0.729098 0.054938299999999926 0.05327869999999997
0 0.6370534483646365 0.742341178773988 0.05246909999999995 0.04344260000000006
0 0.609877 0.728279 0.04814809999999998 0.045081999999999914
0 0.5530745010210052 0.5565360661059747 0.042408718395646854 0.04068437466397328
0 0.431481 0.520082 0.04938270000000004 0.04672130000000003
0 0.6934117714308702 0.6098960829636392 0.02620085594464924 0.0644903296053144
0 0.501852 0.372541 0.05802469999999998 0.04344259999999996
0 0.694136 0.204508 0.036419799999999884 0.06147540000000003
0 0.524074 0.218852 0.024691400000000033 0.0754098
0 0.630247 0.8938520000000001 0.025925900000000064 0.07459019999999991
0 0.458025 0.640574 0.04691359999999995 0.048360700000000076
0 0.45052081752823125 0.3237372947867299 0.029822864943537506 0.07875421042654032
0 0.551543 0.976229 0.05370370000000001 0.04426230000000017
0 0.518827 0.492623 0.03271610000000001 0.07377049999999997
0 0.718827 0.667623 0.05246909999999995 0.03852459999999998
0 0.5714879426174596 0.09361354492269441 0.05702421476508111 0.03572371015461112
0 0.4653635901805043 0.025854623383963955 0.02825708036100879 0.0500699467679279
0 0.369444 0.4995899999999999 0.04753090000000005 0.041803299999999946
0 0.563889 0.736885 0.04135800000000006 0.07213109999999993
0 0.494753 0.259836 0.03765430000000005 0.08032790000000001
0 0.600617 0.928279 0.03333329999999994 0.0663934000000001
0 0.73179 0.158607 0.026543200000000024 0.07622950000000002
0 0.51821 0.945902 0.05617279999999996 0.04262289999999994
