0 0.4886491505682065 0.03665208377309854 0.05921524421105438 0.04197127704628396
0 0.6736446591519055 0.8848895224518888 0.03292181069958843 0.038251366120218455
0 0.6433546829210834 0.1319699258761513 0.02769101805173842 0.07783156688872155
0 0.4491366351851852 0.5929685266393443 0.040191235802469104 0.028842659836065564
0 0.5183224143818436 0.10720919262584719 0.025170814912969547 0.039882721160864276
0 0.5271700672839507 0.5833503856557377 0.03506958765432098 0.047438572950819734
0 0.49551481728395064 0.4251407110655738 0.06221019012345683 0.02868818442622953
0 0.4766155734567901 0.5889215643442622 0.021884593827160483 0.04590174836065574
0 0.535581923173232 0.06924056412558652 0.03296737557038782 0.035880222614840994
0 0.5697820216049383 0.3352330942622951 0.06028163580246913 0.038422131147540985
0 0.4478581400220302 0.06115101662515206 0.030210019955939412 0.07769796674969588
0 0.480336241689032 0.8757365833808506 0.02805537491501161 0.07176275626039443
0 0.5018419651234568 0.6651318569672131 0.03846498950617281 0.05805595819672139
0 0.5154609956790123 0.5127177774590164 0.04546689753086421 0.05358596147540982
0 0.471605 0.0897541 0.03209880000000005 0.0614754
0 0.5089022333333334 0.46057227786885246 0.05038611975308632 0.05093536229508192
0 0.4440537762345679 0.5608799073770491 0.05139844753086421 0.03889608524590162
0 0.5674911666666667 0.5140752709016394 0.02483633950617284 0.045107654918032696
0 0.500309 0.547131 0.05740740000000002 0.03360660000000008
0 0.564477237654321 0.565125512295082 0.0544945987654321 0.04418545081967213
0 0.49876245728215624 0.16073832520772766 0.05774708299272634 0.038252249543995566
0 0.5241221984567901 0.6575117532786885 0.0445410969135803 0.05600620655737708
0 0.602630319484702 0.9916845106260395 0.04906096103059583 0.01900693999762433
0 0.583444952728574 0.7548647271382751 0.037261105457147926 0.0678424155262532
0 0.5658034336419753 0.39430712090163933 0.05377121913580247 0.048988217213114756
0 0.5556586501028807 0.7591649237051555 0.03312799979423877 0.08330965258968873
0 0.473148 0.508607 0.03888889999999997 0.0647541
0 0.5018855940234699 0.08978017140995194 0.039722246494786805 0.07532003718357178
0 0.5341533481481481 0.4976369622950819 0.04039314938271614 0.05941357540983615
0 0.5952092626140633 0.7903300180743644 0.04665429638575782 0.04252836964837251
0 0.5220534944444444 0.6174756934426229 0.05639455432098775 0.05283037540983602
0 0.4974777141975309 0.38889587991803276 0.05394503456790121 0.0502051663934426
0 0.5077339194489175 0.8842659810049893 0.030157496582572944 0.0746611955096222
0 0.5745386257263446 0.03757311730724672 0.0601885514526895 0.05055613461449343
0 0.472140125 0.46722601926229507 0.045842750000000015 0.06226966147540981
0 0.713272 0.176639 0.027777799999999943 0.040163899999999995
0 0.7210592234746824 0.9168448562603942 0.028269815709429172 0.059396531242575414
0 0.596172898368451 0.15087196126252678 0.05661812596082533 0.04292386407055549
0 0.5728221357708415 0.09810577289868505 0.030467057690965322 0.0847361457973701
0 0.42002292592592594 0.4232261868852458 0.05115785185185185 0.03661627377049185
0 0.622926200925926 0.32304687418032785 0.035976301851851786 0.07560194836065573
0 0.49382740123456786 0.977916516815158 0.051888117910180685 0.04469024436920891
0 0.4395255098765432 0.6802575790983606 0.034336325925925955 0.03612930901639346
0 0.4879195601851852 0.25374615778688525 0.037856867283950615 0.06307633196721311
0 0.48364685123456785 0.36091809385245904 0.05294185061728396 0.05585258114754099
0 0.5390946502057613 0.8730102162033737 0.048309178743961345 0.06628652886671414
0 0.42080206568224 0.14295153398335655 0.053255870249334286 0.04196578449230328
0 0.6721897335932423 0.48813632441760135 0.05068226120857704 0.05133735979292486
0 0.790432 0.054918 0.029012299999999974 0.057377000000000004
0 0.4294463734567901 0.2625512295081967 0.05497685185185185 0.05507172131147541
0 0.5743424584004293 0.9337134711332856 0.03793165145822153 0.040389641244951424
