0 0.500309 0.731557 0.06111110000000003 0.04344260000000006
0 0.495988 0.00696721 0.04629629999999999 0.0139344
0 0.476852 0.593443 0.04259259999999998 0.032786899999999966
0 0.4993591269082703 0.7634319481755686 0.05740740000000002 0.04754099999999996
0 0.5438369012544804 0.510854084413009 0.05927960250896045 0.028000979772606977
0 0.625 0.010245899999999999 0.027777799999999943 0.0188525
0 0.504012 0.709016 0.05740740000000002 0.03114749999999992
0 0.55463 0.477869 0.031481499999999954 0.040983600000000016
0 0.692284 0.20122999999999996 0.05370369999999987 0.05163929999999999
0 0.6626078778906146 0.7884187690507668 0.0315744442187707 0.07234256189846643
0 0.5 0.0454918 0.06049380000000007 0.03360660000000001
0 0.43642000000000003 0.616393 0.04938270000000004 0.03442620000000007
0 0.422222 0.65041 0.05061729999999996 0.03688519999999993
0 0.531482 0.46475399999999994 0.044444399999999974 0.055737700000000015
0 0.611728 0.584836 0.05802470000000005 0.035245900000000004
0 0.586728 0.0590164 0.05864199999999994 0.03278690000000001
0 0.621605 0.520492 0.024691399999999964 0.07704919999999996
0 0.505556 0.658197 0.03827160000000001 0.06065569999999991
0 0.47716 0.655328 0.034567900000000006 0.07786879999999995
0 0.471914 0.46803300000000003 0.05123460000000006 0.03442620000000007
0 0.498148 0.0868852 0.05185190000000002 0.04426229999999999
0 0.605864 0.019672099999999998 0.04629629999999999 0.0377049
0 0.548148 0.752049 0.05061729999999996 0.035245900000000004
0 0.5689533679476968 0.8604484150229155 0.04604426410460642 0.034840069954168856
0 0.581173 0.545492 0.05123460000000006 0.04672130000000003
0 0.6112703120469932 0.8558128531552969 0.029948424093986445 0.06080510631059396
0 0.5994060484003717 0.9104662923805745 0.03708329680074331 0.06519468476114942
0 0.501543 0.535246 0.030246900000000035 0.07213109999999993
0 0.755556 0.202459 0.03333329999999994 0.07213110000000003
0 0.5734137814980751 0.6799225068394148 0.04700013700384974 0.059827386321170496
0 0.471914 0.851229 0.025308599999999966 0.06311479999999997
0 0.457716 0.678279 0.04259259999999998 0.06311480000000007
0 0.559877 0.706557 0.04567900000000003 0.055737700000000015
0 0.3144203624142661 0.867622800819672 0.056001524828532205 0.03524620163934425
0 0.5879298299747777 0.6456855365899876 0.040189940050444725 0.07420202682002466
0 0.561111 0.560656 0.05308640000000005 0.04262289999999994
0 0.5324271259657507 0.9236777985854047 0.05621305193150136 0.032602097170808975
0 0.46358 0.415574 0.05185190000000002 0.040983600000000016
0 0.480556 0.11434400000000002 0.035185199999999965 0.06967209999999999
0 0.577469 0.790164 0.04135800000000006 0.05901639999999998
0 0.523861675295367 0.8637405252952582 0.04745785211735032 0.07315353428521056
0 0.244753 0.901639 0.029012299999999974 0.04262289999999994
0 0.865432 0.9323769999999999 0.04074069999999996 0.035245899999999816
0 0.437963 0.10082 0.04629629999999999 0.05409839999999999
0 0.5704657959086301 0.10473588342440802 0.04651994990159237 0.05741664686782291
0 0.750617 0.713115 0.03580250000000006 0.06393440000000007
0 0.5247079785311296 0.2730475258769611 0.043176742937740646 0.06046134824607793
0 0.621914 0.205738 0.04135799999999999 0.07377049999999997
0 0.191049 0.337705 0.03765429999999998 0.06557380000000002
0 0.402778 0.026229499999999996 0.04876539999999994 0.0508197
0 0.7100424797557414 0.5230918385334038 0.0361741669985397 0.03878018684999114
