0 0.584568 0.0110656 0.029629599999999933 0.0204918
0 0.2 0.9877049999999999 0.035802499999999994 0.02459019999999991
0 0.507407 0.10737700000000001 0.05308640000000005 0.03278690000000001
0 0.419136 0.287295 0.030864199999999994 0.033606599999999986
0 0.501235 0.0729508 0.05555560000000003 0.034426200000000004
0 0.567284 0.268443 0.024691400000000033 0.0745902
0 0.509259 0.288525 0.028395100000000045 0.06557380000000002
0 0.634568 0.409836 0.04938269999999997 0.049180300000000024
0 0.544136 0.9487699999999999 0.03765430000000005 0.06803279999999996
0 0.569136 0.781148 0.04938270000000004 0.040983600000000016
0 0.619136 0.8627049999999999 0.023456799999999976 0.04672129999999984
0 0.598765 0.941393 0.05555560000000003 0.03360659999999989
0 0.645679 0.383197 0.05185190000000002 0.04508200000000001
0 0.57037 0.44467200000000007 0.04814809999999998 0.058196700000000004
0 0.520679 0.607377 0.05123460000000006 0.04590159999999991
0 0.6798662613766866 0.9761435646206633 0.03903197724662656 0.04607287075867351
0 0.566358 0.852869 0.04876539999999994 0.05163929999999992
0 0.587654 0.819262 0.05802469999999998 0.03852459999999998
0 0.524691 0.9295079999999999 0.030864199999999994 0.0754098000000001
0 0.557099 0.888934 0.05123460000000006 0.048360700000000076
0 0.708951 0.205738 0.027777799999999943 0.040983600000000016
0 0.544136 0.455738 0.04876539999999994 0.06885250000000008
0 0.798148 0.79877 0.04444440000000011 0.03360660000000008
0 0.480247 0.443443 0.04074069999999996 0.057376999999999984
0 0.485185 0.57418 0.04814809999999998 0.045081999999999914
0 0.429012 0.254918 0.04074069999999996 0.06885249999999998
0 0.273457 0.363525 0.03209879999999998 0.07131150000000003
0 0.516975 0.0290984 0.04382720000000004 0.04672129999999999
0 0.48209899999999994 0.756148 0.022222200000000056 0.07131149999999994
0 0.614506 0.111066 0.025308599999999966 0.041803299999999995
0 0.5522542322799582 0.31861002221270696 0.05512546455991639 0.04869464442541389
0 0.612346 0.288115 0.05185189999999995 0.04836069999999998
0 0.4672839999999999 0.247131 0.04691359999999995 0.05163930000000002
0 0.528395 0.834016 0.04938270000000004 0.05983609999999991
0 0.422839 0.510246 0.03827160000000001 0.06803279999999996
0 0.330864 0.27541 0.043209899999999975 0.06393439999999997
0 0.442284 0.0938525 0.033950600000000046 0.06967210000000001
0 0.27963 0.05 0.03703700000000002 0.06393440000000002
