0 0.477469 0.251639 0.030246900000000035 0.0606557
0 0.522839 0.270492 0.023456799999999976 0.036065600000000024
0 0.575298645474084 0.4971128957323952 0.059979007347428386 0.039822127829030364
0 0.5042141500474834 0.3215636822194199 0.05678220955998738 0.0373055905842791
0 0.45556477252169664 0.7538508076245739 0.04291030338589417 0.029792298076611
0 0.508642 0.251229 0.039506200000000075 0.07295079999999995
0 0.5326734089933993 0.7433085673470217 0.033540848557633486 0.046413217521506275
0 0.5067379429531842 0.7081644836390196 0.057909030363036344 0.036357284953741326
0 0.462369420702754 0.09484026902059689 0.03521684077239636 0.0730348886086591
0 0.48164351496149616 0.7497364207555592 0.021311429922992307 0.045325080904073924
0 0.6488760760367205 0.29452519165615804 0.028221257233301485 0.07667050781841109
0 0.7181221253933672 0.3396215043394407 0.029502541757443695 0.04399710703953713
0 0.52037 0.673361 0.04567900000000003 0.05327869999999997
0 0.541049 0.230738 0.031481499999999954 0.033606599999999986
0 0.5696245189555066 0.7259818059852297 0.054064737911013384 0.04373513823242978
0 0.49412393162393164 0.19940100882723835 0.05915637860082307 0.041509037410676776
0 0.5026768713971398 0.5503085513309528 0.05380772890844633 0.048546994075637076
0 0.42529947439188365 0.5843207271546826 0.050268915780466904 0.037331602012660295
0 0.58858 0.915574 0.035185199999999965 0.06721309999999985
0 0.514815 0.621311 0.04938270000000004 0.04918030000000007
0 0.5997314056619839 0.9512262157009609 0.04761041132396769 0.04285565226116451
0 0.450309 0.720902 0.05123460000000006 0.03688519999999993
0 0.5009716116825571 0.5856315172374614 0.06149645393594918 0.028217569323161846
0 0.572531 0.67582 0.022839500000000016 0.041803299999999946
0 0.5064781901265126 0.8250448077422496 0.03795426636719237 0.05783117659470871
0 0.4931377564091259 0.41577772110580674 0.0384167871817483 0.06352565778838642
0 0.6012189530705918 0.31300461320933165 0.055871685501741104 0.042864249831862135
0 0.539506 0.659016 0.04074069999999996 0.057376999999999935
0 0.5708750112643056 0.5559710422400382 0.054068667207353316 0.05055641976785924
0 0.5291039437354846 0.817894677187145 0.044957984671800434 0.05752341952605104
0 0.489506 0.523361 0.05061729999999996 0.054918000000000085
0 0.4544870362773029 0.22429567060739805 0.030531527445394058 0.07763715878520384
0 0.6286549707602338 0.4840047786553395 0.034238016694157006 0.07599389394039953
0 0.5275517520779857 0.7792811194895309 0.056618779183473876 0.05278332180652487
0 0.5782761378442546 0.2610289280369903 0.029345160208926847 0.08376391778058014
0 0.530428933206711 0.11007776376628836 0.033634061411839236 0.04045817570407735
0 0.478086 0.6698875542931343 0.03888889999999997 0.06311480000000007
0 0.5607038010749255 0.9198417246325606 0.03397678052362704 0.08162805073487826
0 0.44493525125533284 0.8409785932721712 0.033978933061501876 0.03409033939940838
0 0.5798907882241215 0.1986128625472888 0.06133270022158911 0.05044136191677178
0 0.42596549540993983 0.3046185372005044 0.053418803418803354 0.0412463219840269
0 0.7956891317547055 0.2172803009943563 0.030965391621129393 0.0593926363880677
0 0.4286401699984172 0.04116226821143337 0.03382443999683446 0.03642283642286674
0 0.6768721276020545 0.6497546966614812 0.050689375506893744 0.050257269355031685
0 0.43515126848460184 0.42439800636521946 0.054945054945054986 0.05254308532997061
0 0.4781231981114778 0.628262685671969 0.0449886037770444 0.06150832865606235
