0 0.39427797135416665 0.8377353518518518 0.035649734375000006 0.02192168333333326
0 0.6047181171875 0.8239398296296296 0.02554009791666658 0.033638424444444474
0 0.6129655338541666 0.7834980796296296 0.04309895833333333 0.02003186555555561
0 0.4017298963685718 0.4947886797846577 0.02075737815381024 0.03903414308783395
0 0.5665252021696787 0.4979714375081125 0.027560966874802282 0.033040306688759444
0 0.49164972395833334 0.5824232018518519 0.019687173177083336 0.02154371055555552
0 0.6015253463541667 0.7152762296296296 0.026604297395833497 0.032504552222222205
0 0.5983334375000001 0.8003171074074075 0.04895188307291664 0.015118403888888986
0 0.5039764446159123 0.6387393746205222 0.03086098251028808 0.030362780813600533
0 0.5798190545521964 0.41080082428486525 0.04738008768485808 0.014423912413833024
0 0.5483170963541666 0.5363120907407407 0.02660429739583326 0.018520020555555596
0 0.5166574635416666 0.8099552518518519 0.02394388489583322 0.03212657944444436
0 0.6916887060303334 0.4389808753896688 0.04361976326542478 0.018430554751008937
0 0.5086763984375 0.506831412962963 0.03245722213541675 0.03288252499999995
0 0.4145208428910694 0.593211962954793 0.023145662922775163 0.030825797294814043
0 0.4928786366309789 0.49465912828078296 0.03857749385553907 0.022943264875214846
0 0.4819835541430898 0.6735746939002731 0.039729093702846247 0.02318151687462049
0 0.5733248359374999 0.3991127679629629 0.04150265911458331 0.01852002055555554
0 0.4170910153012259 0.42896426954672917 0.02651028715700387 0.027245167892795737
0 0.5280976510416667 0.5502966685185186 0.027668496875 0.029102935555555594
0 0.5624173515625001 0.5259181851851852 0.036713933854166686 0.024189427777777807
0 0.42542379205419595 0.4802458684978819 0.025502315891608104 0.01575261393016213
0 0.5852968645833333 0.7375760240740741 0.023943884895833396 0.01965389277777776
0 0.5544362864583334 0.7048823240740741 0.05054818229166654 0.01700817555555558
0 0.5507116744791668 0.5812893296296296 0.03564973437500007 0.029858834999999914
0 0.5150619401041666 0.5894154907407407 0.0526764950520833 0.015118403888888776
0 0.5278312994791666 0.689386224074074 0.05267649505208336 0.014740431111111034
0 0.501759015625 0.7742380462962962 0.03884224661458333 0.027969017222222264
0 0.5187860540509259 0.7825531930403764 0.02394409560185178 0.021921543488160205
0 0.4727603125 0.7090397018518518 0.03724603359374991 0.03212657944444446
0 0.42700128645833335 0.39306543407407407 0.027668496875000118 0.00944899666666667
0 0.6196165651041666 0.5952739074074074 0.030861009114583265 0.038929858888888946
0 0.43179044270833333 0.4102626190740741 0.035117634635416665 0.021165737777777777
0 0.50894275 0.5691948462962964 0.024475984635416736 0.02985883500000002
0 0.7841336297779297 0.4415069630348975 0.02305609289946228 0.031007605744125203
0 0.5373273886126015 0.3910347220881311 0.013161135468016205 0.006143518250336313
0 0.6568624103395063 0.6761574828104129 0.04788762932098791 0.017008347527322422
0 0.49697072135416664 0.4690355185185185 0.033521421614583304 0.0306147344444445
0 0.6535812570221408 0.7857027411763814 0.031747808315115006 0.031244790871281014
0 0.4796776953125 0.41120748185185185 0.04682357031249999 0.01700817555555558
0 0.466021078078918 0.6837166639670613 0.04859736877786366 0.023307644874013374
0 0.5326086653314875 0.623076270581092 0.022496279086480206 0.03140402335797698
0 0.49156133056654017 0.8023331497533394 0.029442534246934986 0.033260713592896236
0 0.47669215734924164 0.39016661624840965 0.016357411224534366 0.004407306570893426
0 0.5933669006585434 0.6416370961202187 0.0471783314954133 0.019527987018822014
0 0.6951670061183092 0.5202489374620521 0.03403093599587012 0.024173408767627632
0 0.3365469166666666 0.6697950441712205 0.02660429739583332 0.015874303333333308
