0 0.4270782847515484 0.7056046152152768 0.01230569084666276 0.017020228536610362
0 0.3987475107464451 0.8577523377337734 0.019223594813184874 0.013556939710364473
0 0.4205286989583333 0.918235526851852 0.026974646666666758 0.011598361944444524
0 0.3992978044910973 0.8288042841169363 0.025166767255429198 0.012015170096244612
0 0.4824175675436113 0.7539717191235498 0.01755313086077391 0.01676487662514982
0 0.46437961989148263 0.8923220899712375 0.01584453793065516 0.009328055464277967
0 0.5039644679401624 0.7705391867277113 0.026998700088977874 0.011261671507573059
0 0.479249040707374 0.7967486954167281 0.010735388165943742 0.018750102561577997
0 0.42621301857412974 0.7394534903756216 0.020349168613057363 0.012596818129604987
0 0.5372916849740342 0.8614281614712063 0.015230837738397085 0.0192328796158805
0 0.4702601445769642 0.739337444365472 0.022944912158495256 0.014454520822051497
0 0.4666259319124619 0.9346872845546105 0.02548663680007645 0.013572964572183873
0 0.5208687104166667 0.9204906175925925 0.02074975406250002 0.012672294537037066
0 0.4915226699086934 0.7119262437917631 0.01518970077876484 0.008974494836680875
0 0.4391915818639473 0.7064811672458217 0.012658063627794529 0.01851791625090247
0 0.5307989385416666 0.8968643101851851 0.016303361041666638 0.018256670648148086
0 0.4745779887595241 0.8584966403061072 0.017976262325306535 0.01940503135012953
0 0.5969015364583332 0.8307107018518518 0.016303361041666756 0.017827113333333325
0 0.40498417318583707 0.8367789545347977 0.026414099743307655 0.011058209646101234
0 0.432804662971951 0.8838122743787233 0.012939461030679666 0.018785964868557676
0 0.4634625054386852 0.7241980066922968 0.02146295159586676 0.018726847180889933
0 0.5232737749858359 0.871327572297533 0.02034383522927096 0.016646329537900222
0 0.44082818227406684 0.8708361701543235 0.02310925090230036 0.009314528024686262
0 0.5954076395941428 0.7059413109143672 0.01648782673583315 0.0175078342010658
0 0.490633353125 0.929189461111111 0.014228380833333295 0.015894039907407394
0 0.5228579483024512 0.9484475118847584 0.029473281220534987 0.010790302084817498
0 0.4056479489861338 0.8703611369875207 0.02753408160678757 0.009704061126988803
0 0.5083908542779315 0.9057888935517172 0.013514611799384764 0.010717141507676383
0 0.46984546255551485 0.8304258004352348 0.017902889826019692 0.01451390016050785
0 0.4602377774233609 0.7510402595321961 0.019019237418181945 0.019725303151265958
0 0.4778871833333333 0.9526008981481482 0.02252830166666667 0.013316643611111194
0 0.47680554514305107 0.7081123713405927 0.019948608359731185 0.010611519810814967
0 0.5436213122845068 0.7645310269285679 0.028921456178400598 0.010042624591804909
0 0.609469968953444 0.891480010654527 0.028372722796651928 0.009263967699205063
0 0.4019782803636971 0.7962262467385418 0.026998700088977874 0.012132419304550399
0 0.4839872355806686 0.9092800164434762 0.0126756303445242 0.02009119638459885
0 0.5201076076076077 0.7843260268465186 0.021791235680124525 0.017240806380150558
0 0.4181614774496719 0.7665047219350497 0.010975732677121404 0.017124706673886988
0 0.47877652916666663 0.7239628398148148 0.013635563645833374 0.020834093148148145
0 0.4959689618486368 0.7513769424516115 0.017352964413059033 0.017983868985665986
0 0.5138586503169836 0.7238671048097278 0.01490135969302641 0.021130146539982565
0 0.501644432457107 0.912767016664072 0.023563028120974393 0.014456609035713929
0 0.5419389007062618 0.7822072072072072 0.014661015181848569 0.01962085035855523
0 0.5070453294987948 0.9564539063736052 0.024524043771252124 0.005755171040550311
0 0.4574818394783673 0.703462581433893 0.015910806639973175 0.01248071842334142
