0 0.6536264429012346 0.5733608229508196 0.02731461419753074 0.07295115409836064
0 0.548148 0.335246 0.059259300000000036 0.036065600000000024
0 0.431481 0.17418 0.03827160000000001 0.06639340000000002
0 0.537346 0.30041 0.054938299999999926 0.04508200000000001
0 0.40215999999999996 0.691393 0.022839500000000016 0.03360660000000008
0 0.572222 0.368852 0.05679010000000006 0.03770489999999995
0 0.50216 0.44917999999999997 0.022839500000000016 0.08032789999999997
0 0.508642 0.786885 0.04814809999999998 0.05245900000000004
0 0.36821 0.363934 0.031481499999999954 0.049180299999999975
0 0.580247 0.965164 0.028395100000000045 0.06967209999999989
0 0.407099 0.40082 0.05864199999999994 0.031147500000000012
0 0.593827 0.20942599999999997 0.022222200000000056 0.07459019999999998
0 0.3759259999999999 0.622131 0.05555560000000003 0.03442620000000007
0 0.477778 0.247541 0.03333329999999994 0.07704920000000003
0 0.507716 0.092623 0.026543200000000024 0.07377050000000002
0 0.539506 0.393443 0.05308640000000005 0.05901639999999998
0 0.537346 0.427869 0.04382720000000004 0.06393440000000002
0 0.510494 0.03811479999999999 0.04567900000000003 0.03852459999999999
0 0.633025 0.47377 0.03888890000000004 0.04754099999999996
0 0.476235 0.534016 0.025308599999999966 0.07786879999999995
0 0.6990739999999999 0.595492 0.025308600000000105 0.06147540000000003
0 0.34321 0.40245899999999996 0.059259300000000036 0.04098359999999997
0 0.508642 0.829098 0.05432099999999997 0.040163899999999995
0 0.534259 0.181148 0.04135800000000006 0.07049180000000001
0 0.618827 0.272951 0.027777799999999943 0.07049180000000001
0 0.435185 0.126639 0.05802469999999998 0.030327900000000015
0 0.516975 0.709016 0.024074099999999935 0.08360660000000007
0 0.476235 0.327869 0.05493830000000007 0.032786899999999966
0 0.689815 0.8405739999999999 0.025308600000000105 0.07459019999999991
0 0.741049 0.177049 0.04753090000000005 0.03278690000000001
0 0.334568 0.70123 0.03827160000000001 0.04344260000000006
0 0.6157409999999999 0.0286885 0.049999999999999926 0.03442619999999999
0 0.736728 0.47090200000000004 0.04629630000000013 0.04344260000000006
0 0.578704 0.0811475 0.03888889999999997 0.06885250000000001
0 0.741975 0.670492 0.025925899999999925 0.0754097999999999
0 0.616667 0.419672 0.034567900000000006 0.05737700000000003
0 0.297222 0.835246 0.025308599999999966 0.08032789999999992
0 0.761728 0.3983610000000001 0.0506173000000001 0.04754100000000001
0 0.6487649999999999 0.809016 0.04814809999999998 0.055737700000000015
0 0.6679010000000001 0.160246 0.0493826999999999 0.04508200000000001
0 0.408642 0.9114750000000001 0.04814809999999998 0.032786900000000146
0 0.594444 0.8893440000000001 0.05185190000000002 0.03770489999999986
0 0.573457 0.784426 0.039506200000000075 0.06229509999999996
0 0.46018499999999996 0.954918 0.026543200000000024 0.06065569999999991
