0 0.5593843473958333 0.3487626111111111 0.047904806250000105 0.023914681944444387
0 0.39501398906249996 0.7781878425925927 0.03208299161458334 0.03223286527777786
0 0.71449249220552 0.31413049903168855 0.017075100869373472 0.029512966118932758
0 0.5461815787203018 0.6398954623431927 0.03258333279164667 0.020299103159436525
0 0.6589297145833333 0.5403406203703705 0.04043336807291666 0.02131529722222225
0 0.6039572433115523 0.5993770348767394 0.023520728125487857 0.04516451436672555
0 0.6459645739583333 0.7506337175925926 0.03911492505208329 0.029113514814814796
0 0.4341287005208333 0.34330417592592594 0.025930138854166708 0.029633417129629594
0 0.38050215809405236 0.5022043016033229 0.023276049313104667 0.027184751817756803
0 0.32271677656250003 0.7636309583333334 0.02900652963541669 0.047829363888888775
0 0.5905882583333333 0.784686462962963 0.026809077135416713 0.04211062870370378
0 0.5952025953125001 0.8681277083333333 0.03428044411458326 0.015596562037036939
0 0.6411421271290582 0.45936835913782637 0.022096747113626 0.034225738716858856
0 0.5628390551682706 0.4892905750725224 0.023171090909457823 0.04398808347837823
0 0.5889522962391404 0.48601244687310263 0.02807873942615468 0.025705407137556494
0 0.4210863670622468 0.3791562789745235 0.04007102628137472 0.02306151102669905
0 0.6504815270326074 0.5005837916080583 0.042972345454675556 0.02284577440379815
0 0.5336585334837852 0.6118990994442394 0.01895354939508091 0.048719511759669265
0 0.5901489671875001 0.7534929583333333 0.03823591557291681 0.028593675925925925
0 0.5960818895833334 0.3887938842592593 0.04394933479166667 0.019755590277777808
0 0.5760852427083333 0.7381565694444444 0.03911492505208341 0.029113514814814796
0 0.47499065514866307 0.28995628125578554 0.03469832607857614 0.02171583288194133
0 0.48996223141401873 0.33831407327779267 0.020029367368279042 0.04874983825534758
0 0.4492858462996182 0.3238581316649351 0.035069911933132816 0.03000185753733391
0 0.5323403545516057 0.41810339454018797 0.03518878350095509 0.04327923267888333
0 0.5097030784578205 0.2768910204141802 0.019073609628006062 0.0526195833137548
0 0.6242093385416666 0.7917045416666667 0.04131237755208339 0.02079539490740756
0 0.5437698719107175 0.3923777968389283 0.023134991463163068 0.02289229182046181
0 0.5305976057291667 0.8319958611111112 0.0351594535937501 0.02755387129629633
0 0.6043951997633059 0.33578612668279234 0.020290780994221554 0.04570874941219311
0 0.5121674326818938 0.32394906022142217 0.02144154629377167 0.05225267534084576
0 0.5433427447916667 0.4797739351851852 0.03603846307291665 0.03223286527777776
0 0.6426681104166666 0.7155414212962963 0.037796410833333384 0.03275270416666663
0 0.6479422800303968 0.31025588262948817 0.022586563997096812 0.05255025421122144
0 0.5776231177083332 0.3726773564814815 0.03252249635416658 0.04055098518518526
0 0.6558532526041667 0.44234185648148144 0.021974667395833335 0.03431241111111108
0 0.5903103832330895 0.662549103604516 0.039498758390734426 0.03570478534447872
0 0.52905901875 0.8026220462962963 0.03384101057291685 0.03223286527777776
0 0.5541380271155575 0.6119201404155239 0.023742742183434966 0.04971770338267416
0 0.5826774578124999 0.7147619166666666 0.027688086614583204 0.01767610787037031
0 0.4493350571791436 0.29650069629435283 0.029585342413015366 0.04340051805064362
0 0.6249055498586077 0.33885603397573816 0.01809360273804875 0.04465137119221709
