0 0.9821630849806486 0.4975151655607598 0.03567383003870279 0.10224556010928944
0 0.7116733952454439 0.8313550340445833 0.049992995848030596 0.0999734365513052
0 0.7070721418072933 0.9863407570776954 0.049519439011809635 0.02731848584460926
0 0.7225968575059326 0.6333104039998592 0.07115079893826261 0.06046415166720864
0 0.8284581086646335 0.5929443549960969 0.04166082987335879 0.10743898538468197
0 0.788141176529125 0.2269701676207824 0.03897303439765819 0.04803918379738047
0 0.8792574431553744 0.40971381949865554 0.04273594806363903 0.08244562624685575
0 0.6790166802156821 0.9783232094067136 0.056174925442141796 0.043353581186572974
0 0.760053713808054 0.5794739081880476 0.051068114038310713 0.10257014918900166
0 0.8040710404795627 0.16327754095824146 0.08143792454589208 0.0700867389380213
0 0.7865284992437049 0.3196403498785671 0.049186657205320235 0.10159638194986556
0 0.7042819576872675 0.3259698369329518 0.06316319367896336 0.09478001127591293
0 0.5790089563170485 0.31754350060645975 0.05998130351326729 0.08047213227654185
0 0.9253768514060716 0.6457664543504105 0.0758432640996214 0.05143782239671819
0 0.724543156088603 0.1592691473580154 0.07400666991310972 0.0653990143657927
0 0.7019973315329219 0.551883836412525 0.061819295941113 0.0824456262468557
0 0.8142127926434206 0.9562511519862954 0.04864909811018047 0.08749769602740895
0 0.6806884533291462 0.2103379030795711 0.0630450020228756 0.07286439680729029
0 0.8839610852378501 0.9827051619828259 0.06558220960709385 0.034589676034348336
0 0.712076564566799 0.42107443728857674 0.0884284711505489 0.04414411484083624
0 0.6514667765897512 0.3457697707953856 0.04407984580148939 0.06297028146413391
0 0.77421344037519 0.008753854695938387 0.05638854322622808 0.017507709391876774
0 0.8562767918381347 0.7497208804970076 0.05644370498971192 0.0762784337323272
0 0.8343253960217758 0.026930843159812094 0.06846075450543374 0.05386168631962419
0 0.914167163216238 0.558738394037032 0.07505273601853304 0.07522829259208243
