0 0.6636079361032478 0.7185263580557586 0.02844977220649517 0.07803551611151702
0 0.625926 0.992623 0.027160500000000056 0.014754100000000183
0 0.542901 0.586066 0.021604899999999955 0.04262289999999994
0 0.5143074583018794 0.18580735891458702 0.05511487728630974 0.035392518810692324
0 0.352778 0.019672099999999998 0.033950600000000046 0.0393443
0 0.703086 0.9885249999999999 0.03456789999999986 0.02295080000000005
0 0.5136899530549658 0.742213 0.06049380000000007 0.041803299999999946
0 0.560185 0.739754 0.040123500000000034 0.06639339999999992
0 0.381481 0.0290984 0.030864199999999994 0.0565574
0 0.523457 0.807787 0.024691400000000033 0.07786879999999995
0 0.4115866469981127 0.7132322689359926 0.036306142977903626 0.07609367451185124
0 0.538889 0.532787 0.025925900000000064 0.06885250000000008
0 0.659259 0.108197 0.029629600000000075 0.0409836
0 0.662654 0.341803 0.0561728000000001 0.03770489999999995
0 0.500617 0.127869 0.06666670000000005 0.036065600000000024
0 0.509259 0.22582000000000002 0.05679010000000006 0.03688520000000002
0 0.5776560140559881 0.6023728655398349 0.03757937709365412 0.0607862726793359
0 0.545988 0.142213 0.03271610000000001 0.07622950000000002
0 0.5744592110010222 0.3411870730682886 0.05576821792875689 0.05689702437610943
0 0.46430388890265 0.4076172783857157 0.03231067780530003 0.07752935677143154
0 0.33858 0.554508 0.04506170000000004 0.05327869999999997
0 0.5 0.552049 0.04691359999999995 0.06147540000000003
0 0.5152275517338994 0.39683886770648424 0.04527030346779896 0.05418694037276802
0 0.427778 0.338934 0.030864199999999994 0.04344259999999996
0 0.6544859524219548 0.2682834917902266 0.034898504843909696 0.07427148358045313
0 0.633025 0.0639344 0.06111109999999996 0.0360656
0 0.49104899999999996 0.931557 0.045061699999999934 0.05163929999999992
0 0.383642 0.231148 0.05740740000000002 0.03770489999999995
