0 0.5514434971609742 0.47682735080691463 0.031282194321948474 0.07332750161382932
0 0.5122339994739875 0.010957101459143968 0.0251549054090408 0.022099320077183137
0 0.532099 0.25082 0.030864199999999994 0.06229510000000005
0 0.5768110482346159 0.017541621483702242 0.03386889646923195 0.035083242967404484
0 0.5453021883076332 0.41998949142055236 0.05555560000000003 0.035245900000000004
0 0.566975 0.109836 0.024074099999999935 0.06557380000000002
0 0.47136481169236677 0.010746661427569049 0.05308640000000005 0.0188525
0 0.572222 0.23237699999999997 0.05061729999999996 0.056557400000000015
0 0.504012 0.256967 0.029012299999999974 0.06147540000000003
0 0.416975 0.557787 0.05246909999999995 0.03852459999999998
0 0.525309 0.331148 0.05555560000000003 0.04754099999999996
0 0.526543 0.37459 0.04814809999999998 0.055737700000000015
0 0.5823736193159437 0.9370465135692417 0.048832361368112566 0.058694672861516764
0 0.6302469999999999 0.972541 0.035802499999999994 0.03360659999999989
0 0.36024772303405866 0.7573752618645149 0.023949353931882526 0.05082247627097016
0 0.438272 0.531557 0.05432099999999997 0.035245900000000004
0 0.4852125648652544 0.9015610313612298 0.03080847026949119 0.07064773727754024
0 0.5842630870838738 0.372748471957326 0.03147472583225246 0.072536556085348
0 0.59537 0.9077870000000001 0.05 0.05327870000000016
0 0.587963 0.0745902 0.05246909999999995 0.057377000000000004
0 0.605247 0.158197 0.04629629999999999 0.05901639999999998
0 0.3756169999999999 0.428689 0.031481499999999954 0.08688519999999998
0 0.6138975411586685 0.7345570361261721 0.056156517682663214 0.03580412774765573
0 0.707407 0.647131 0.03333329999999994 0.05819670000000005
0 0.422531 0.0606557 0.026543200000000024 0.08196719999999999
0 0.4956681998594899 0.8394273977993237 0.04195369971897978 0.0657391955986477
0 0.674383 0.222951 0.029012299999999974 0.03770490000000002
0 0.334877 0.602049 0.04259259999999998 0.06639339999999992
0 0.633951 0.658197 0.055555599999999955 0.04918030000000007
0 0.47901199999999994 0.133607 0.05432099999999997 0.04426229999999999
0 0.383642 0.961475 0.05246909999999995 0.03934430000000009
