0 0.421072806062878 0.0504712383487091 0.03192918787424403 0.0531559233025818
0 0.5981802744504108 0.860884270826985 0.04509155996144845 0.06261807544640138
0 0.5087081128747796 0.5351450689565443 0.052297668038408816 0.05383164194639601
0 0.49173064652246706 0.12143246416340345 0.03293296896336276 0.07372098791398421
0 0.585830757607976 0.33334820785799246 0.029413376710674947 0.07462850541966186
0 0.4618889341111564 0.9748994175223683 0.02702030479808258 0.046838407494145175
0 0.7416403698167524 0.6936429464088805 0.033632286995515626 0.035194442402411236
0 0.5652205627587212 0.24329854468847617 0.028812662983022444 0.04128629198246844
0 0.2670498084291188 0.9678349349915207 0.048446147296722045 0.03990955342001125
0 0.5007800841134175 0.9079445145018915 0.03312531090308869 0.04023299105266311
0 0.5456045125585356 0.8240228539126221 0.056726266496381496 0.03454332552693215
0 0.4932950191570881 0.8786743923120408 0.030225627926777347 0.03886376483889192
0 0.5602289987148031 0.3144231266483943 0.026288117770767654 0.08196721311475409
0 0.42037 0.379098 0.03703699999999995 0.04672130000000003
0 0.5460076001411628 0.879553211887495 0.027306813734858618 0.07142977029844945
0 0.6102253224824227 0.702096963905021 0.03280186015612025 0.04585385576711017
0 0.571308791922827 0.015597000066370213 0.054963262857999684 0.031194000132740426
0 0.508642 0.0122951 0.039506200000000075 0.0229508
0 0.654121863799283 0.5117895915637539 0.048609646965118186 0.04806047220580458
0 0.537037 0.9811479999999999 0.030864199999999994 0.03770489999999986
0 0.4621929621929622 0.43377867148358945 0.05659505659505656 0.04788521181963803
0 0.49021818497150993 0.043494038964292825 0.05944966994301997 0.039447177928585646
0 0.46752473928694255 0.2631947815870587 0.03403474027820763 0.08140074688570256
0 0.5337142897573348 0.049615050715139046 0.026688479514669895 0.07300060143027809
0 0.6814866789502658 0.6128727672838834 0.0372187380537399 0.07515346067284666
0 0.4120787454120787 0.43957261170375916 0.03465003465003465 0.0673119525578542
0 0.5975613131816421 0.6468701756965376 0.05176327298898302 0.06074027787987948
0 0.4503747317588843 0.02147740053262096 0.048897611665916885 0.04295480106524192
0 0.554881932196747 0.5218904501691387 0.03147658240250833 0.07806401249024204
0 0.30903703703703705 0.7355409836065574 0.027851851851851888 0.07908196721311476
0 0.48944987494347214 0.9597491982735843 0.03221136122416679 0.07886225919053623
0 0.5199648346662129 0.7232068887605754 0.046603520314597434 0.055356111766625644
0 0.6995153827599061 0.2503421366799639 0.06403087516172179 0.04149317182540836
0 0.34009876543209877 0.7504918032786885 0.030123456790123498 0.03475409836065572
0 0.5482612104965625 0.1945056541637407 0.033918704524317556 0.07179698283168269
0 0.5992845474821726 0.9819035998832019 0.056986460591210424 0.03455345597130108
0 0.7157974300831444 0.7769320843091334 0.05845301083396326 0.04366008698561387
0 0.39821873155206483 0.49887529395726116 0.05287338620671955 0.04447701169012649
0 0.5166101958951591 0.28533381600041374 0.04206098843322815 0.06490148420127222
0 0.7024434760922529 0.583702264583787 0.04450044913205434 0.07034704951783985
0 0.48547254150702424 0.8499858677218769 0.0473605789697744 0.05921424533634817
0 0.661417553737427 0.8667886764534091 0.025219201782938877 0.07826798021883881
0 0.5837892817059483 0.78125 0.04997895622895618 0.06613263785394938
0 0.6175373098484935 0.9233477088467446 0.04925255424529207 0.05480106432372585
0 0.422884728440284 0.944724674232871 0.0442047664269887 0.054044316339398345
0 0.6801541825831812 0.7169374402705285 0.04518906051043575 0.06046460339630963
