0 0.49742375468750005 0.8480615509259259 0.023570911354166727 0.05397008259259264
0 0.5282958524142762 0.3326553761659384 0.01588788462021918 0.031005087887432285
0 0.4674243119791666 0.9050635425925927 0.020999540468749998 0.013947358796296414
0 0.5162601296783463 0.8319602339423252 0.025244746648358962 0.04845005362539125
0 0.5186372 0.7655899546296296 0.015428225312500033 0.06003412268518504
0 0.40210986715020575 0.5752522302624516 0.033344605699588394 0.041695555771392764
0 0.4772166621939295 0.6116528140110449 0.02027081931005797 0.021044526422354517
0 0.5793020921709544 0.43708351611595636 0.020188270487742226 0.054300646028209054
0 0.628563878125 0.8180443046296297 0.027856575781250115 0.04487398546296293
0 0.39135183473874413 0.6044908615319473 0.03513689390457149 0.02163333834167247
0 0.5759074018503507 0.802131809791846 0.037645724125646866 0.03887776636709393
0 0.43497205628754126 0.6611011062829738 0.02480483733178964 0.04915041595825155
0 0.45628195937499993 0.3596017787037037 0.020999540468749998 0.029107496018518527
0 0.5272979269407734 0.4631850790227518 0.033249441899703136 0.04631082269523732
0 0.43768079686824846 0.5460175843823937 0.01877401657600307 0.046801043179656984
0 0.48692360260416667 0.5136282638888889 0.028285079739583333 0.04608683787037038
0 0.3251313882121271 0.46476898325289634 0.0342086741930298 0.02962568882060742
0 0.49892337968749995 0.5563799425925926 0.02057096708333332 0.027288217407407358
0 0.4899183741130952 0.7580112788853026 0.03341664286160698 0.04487669721504959
0 0.5698507822916666 0.7795376833333334 0.03299931755208334 0.035777962314814976
0 0.2336438828125 0.6079243203703704 0.014571147968749986 0.057608491851851795
0 0.5647076239583334 0.5806362509259259 0.01671394546874983 0.034565109907407424
0 0.45006754114583336 0.7034336731481481 0.02057096708333326 0.054576508796296254
0 0.3067132776482124 0.4294605171513945 0.014667553238811712 0.05918336366017401
0 0.5239941937499999 0.22528270250000001 0.03299931755208334 0.043054780833333355
0 0.46874863820309326 0.34046197701808917 0.027933718489519775 0.04297943644358582
0 0.43378203020833334 0.9005151611111111 0.030856450625000007 0.023043381944444368
0 0.5342798161458333 0.8817164666666668 0.023570911354166668 0.030320274444444437
0 0.6255639338541665 0.674023075 0.035570688437499956 0.023649808148148196
0 0.5548510609375 0.6985819675925926 0.03642776578124997 0.03517153611111115
0 0.5299940822916667 0.7179873101851851 0.017571022812500024 0.06064054888888898
0 0.4252112567708333 0.32048850925925926 0.024856631510416706 0.0466932640740741
0 0.5178005118479849 0.6491004303524323 0.03595862229361361 0.029833742443283396
0 0.5460657578124999 0.7464886759259259 0.03171359739583336 0.029107496018518423
0 0.5394229744791667 0.7992456101851851 0.02442805812499985 0.05336365638888891
0 0.3261162626438721 0.4263646736996396 0.015801519629308203 0.05396975028233147
0 0.524423253125 0.6743263990740742 0.04071343020833336 0.031533052870370344
0 0.4575670546875 0.534852811111111 0.020999540468750057 0.0339586837037036
0 0.49099550104166667 0.7016144685185185 0.024428058124999968 0.054576508796296254
0 0.37252885373826516 0.4398624209673135 0.020633200445280407 0.057432159064256576
0 0.5917071223958332 0.8877807287037037 0.02871365312500013 0.02546901277777783
0 0.38385493177083335 0.8768655009259259 0.024428058124999968 0.0375971669444445
0 0.4050683770833333 0.19071759259259258 0.01971388973958336 0.033352331481481465
0 0.41205411271637227 0.711562729467907 0.03488436727558882 0.026189946064186256
0 0.4946376458333333 0.6006475018518519 0.017999596197916704 0.034565109907407535
0 0.6004931197916666 0.5915514787037037 0.02571370885416684 0.050331673333333264
0 0.4466392317708333 0.8641310685185185 0.02057096708333326 0.0327459052777779
0 0.4252112567708333 0.7358760324074075 0.03514211505208328 0.023649808148148196
0 0.6617771005208333 0.20739375833333334 0.041142003593749976 0.02546901277777778
0 0.44588556284657926 0.8150315901506895 0.025506336598508206 0.06302682877269511
0 0.5537798010416667 0.6518892953703703 0.024856631510416824 0.030320274444444437
