0 0.319990060079421 0.45021996845125384 0.032091107653658094 0.046420648838232985
0 0.3184814666666666 0.40703487037037034 0.048952537395833315 0.024795051111111115
0 0.4725070852593525 0.6920692334115764 0.024719675622871643 0.03284237219352288
0 0.3580393072916667 0.7034734425925927 0.03411844729166666 0.01157102833333315
0 0.5306093156250001 0.6368024425925927 0.019284357187500115 0.028101107222222293
0 0.3760875770833333 0.6332208425925926 0.04746916843750005 0.0242440977777777
0 0.36174732916666663 0.465165287037037 0.03461293031249995 0.04408016555555558
0 0.4025411770833333 0.3772809703703704 0.02027324312499997 0.04573316000000002
0 0.4218254541666667 0.4637879037037037 0.02225117520833321 0.04903914888888886
0 0.37855959166666675 0.520265325925926 0.04450235041666672 0.03857009444444446
0 0.4885794604166667 0.3075789203703704 0.03708526531249999 0.02204008277777771
0 0.31007533541666665 0.3646075648148148 0.024229027187500012 0.03140709611111108
0 0.3046362625 0.21445933703703704 0.04202993531249995 0.02534607166666663
0 0.45421397187499996 0.14338057592592593 0.018789874166666644 0.05179418444444445
0 0.26853972291666667 0.22961189814814809 0.032140595312500034 0.04022315611111109
0 0.40625 0.5544276592592593 0.023734544166666656 0.026448112777777685
0 0.5239342354166666 0.5715088259259258 0.027690328229166578 0.02534607166666671
0 0.48140933645833334 0.2882942092592593 0.04549123635416663 0.025346071666666657
0 0.43492889375000005 0.4004228925925926 0.03560181625000004 0.02479505111111106
0 0.414408609375 0.4238404259259259 0.0420299353125 0.03416213166666661
0 0.12588541666666667 0.564621237037037 0.03461293031250001 0.040223156111111144
0 0.4600475259747544 0.41174832044082965 0.03085634888382464 0.05063265985908143
0 0.31724545937500004 0.061556611481481484 0.037579748333333225 0.04683513388888888
0 0.47151967604166667 0.3326494481481481 0.0336239642708333 0.026999066111111154
0 0.4839452326196735 0.5965240106984686 0.043387223302319575 0.023804435454914702
0 0.5140597192623073 0.518881576919805 0.019809689462114595 0.03580259643220234
0 0.4910514749999999 0.18856264814814816 0.03609629927083328 0.04077410944444445
0 0.393640803125 0.6839131203703703 0.029173777291666644 0.04187615055555564
0 0.34295809583333337 0.18442982592592594 0.05043598645833338 0.02920308111111109
0 0.37534581250000004 0.41915705370370376 0.04301890135416665 0.02369307722222221
0 0.44729136979166667 0.505663987037037 0.017800908125000053 0.04903914888888892
0 0.43355903321995026 0.15058946462962963 0.020994662898233863 0.052987737407407406
0 0.4816568583333333 0.1356661537037037 0.03609629927083346 0.03526410555555556
0 0.45174115625 0.45524732037037036 0.03757974833333329 0.023142056666666824
0 0.46410097403539413 0.5336157092188932 0.0422985184810349 0.03537938909105347
0 0.25667309166666663 0.3858208814814814 0.04301890135416668 0.020938041666666626
0 0.410453065625 0.5238469259259261 0.042029935312499885 0.02369307722222221
0 0.5402514541666666 0.2083985814814815 0.053402804479166774 0.028652060555555577
0 0.28337421354166664 0.050536603703703706 0.04301890135416668 0.024795051111111115
0 0.4655863604166666 0.6233028759259259 0.04746916843750005 0.02314205666666672
0 0.38276265729166675 0.4996032314814815 0.0420299353125 0.024795051111111115
0 0.49797407708333336 0.33815965370370377 0.021262209166666678 0.04793717499999996
0 0.40798025 0.6960353037037037 0.030162663229166733 0.025346071666666498
0 0.3877074875 0.5615908592592592 0.028184811249999935 0.04959016944444441
0 0.34048528020833335 0.16101229259259262 0.03757974833333329 0.02534607166666668
0 0.5298675510416667 0.14338057592592593 0.019778840208333235 0.05069214333333332
0 0.37930135625 0.2888447592592593 0.028184811249999935 0.04848812833333337
0 0.5807977802083334 0.6395572092592591 0.04054656635416679 0.028101107222222293
0 0.3995749197916666 0.23732632037037038 0.03214059531249998 0.03581512611111108
0 0.43418793020833335 0.6731683203703704 0.021262209166666678 0.04683513388888872
0 0.340238559375 0.22740835370370371 0.018295391145833406 0.03471308500000005
0 0.32589831145833337 0.37700535925925927 0.030162663229166675 0.042978124444444495
0 0.3523527125 0.6786785259259259 0.043513384375000005 0.033611111111111175
0 0.22675738958333333 0.6299148537037037 0.04153553239583336 0.026448112777777793
0 0.48207241836364667 0.5092753712013032 0.03427525191853977 0.025286032782578773
0 0.36842321041666665 0.1780934592592592 0.03312948125000013 0.03085607555555551
0 0.38721324479166674 0.4436763592592593 0.0420299353125 0.03746812055555556
0 0.3832569 0.3849947203703704 0.02422902718750007 0.05014118999999995
0 0.35952283645833333 0.3783827425925926 0.023240061145833362 0.05234513777777776
0 0.43319864374999995 0.5659986203703703 0.045985719374999984 0.02093804166666652
