0 0.519444 0.663934 0.027777799999999943 0.0393442999999999
0 0.598457 0.43606600000000006 0.031481499999999954 0.03770490000000005
0 0.5815826111584211 0.5061024864544693 0.03313007768315766 0.03697462709106138
0 0.511728 0.620902 0.022222200000000056 0.048360700000000076
0 0.533642 0.602869 0.025308599999999966 0.040163900000000086
0 0.400309 0.90082 0.04753090000000005 0.036065599999999934
0 0.522222 0.794672 0.05432099999999997 0.03360660000000008
0 0.635185 0.5 0.027160500000000056 0.04590159999999991
0 0.528086 0.986885 0.05493830000000007 0.02295080000000005
0 0.548148 0.22582000000000002 0.034567900000000006 0.04672130000000001
0 0.449691 0.0192623 0.05370370000000001 0.0368852
0 0.579321 0.67377 0.026543200000000024 0.06557379999999993
0 0.520062 0.143852 0.04629629999999999 0.033606599999999986
0 0.526235 0.759016 0.05987649999999997 0.03770490000000005
0 0.510802 0.732377 0.04629629999999999 0.031967200000000036
0 0.542901 0.655738 0.035185199999999965 0.06885250000000008
0 0.568519 0.447131 0.025925900000000064 0.06967210000000003
0 0.65 0.0881148 0.05308640000000005 0.05163929999999999
0 0.333025 0.583197 0.03271610000000001 0.040163900000000086
0 0.776235 0.291803 0.029012299999999974 0.040983600000000016
0 0.637037 0.10901599999999999 0.05185190000000002 0.04262289999999999
0 0.500309 0.262705 0.04259259999999998 0.05491799999999999
0 0.752778 0.24549199999999996 0.04259259999999998 0.05163930000000002
0 0.552469 0.8811479999999999 0.039506200000000075 0.05901639999999998
0 0.472222 0.390984 0.05061729999999996 0.049180299999999975
0 0.497222 0.114754 0.035185199999999965 0.06557380000000002
0 0.52716 0.27582 0.04074069999999996 0.0598361
0 0.551543 0.165164 0.04629629999999999 0.03852460000000002
0 0.333025 0.640164 0.037654300000000016 0.06885250000000008
0 0.576235 0.615984 0.05246909999999995 0.04344260000000006
0 0.49660499999999996 0.461885 0.033950600000000046 0.06967210000000008
0 0.49321 0.630328 0.028395100000000045 0.07049180000000001
0 0.541358 0.409836 0.04814809999999998 0.04426229999999999
0 0.440123 0.389754 0.03827160000000001 0.06639339999999996
0 0.537346 0.9581970000000001 0.029012299999999974 0.04262289999999994
0 0.574691 0.206148 0.03950619999999993 0.06147540000000003
0 0.516667 0.838934 0.05185190000000002 0.05819669999999996
0 0.532407 0.466393 0.03641980000000002 0.06885250000000008
0 0.507407 0.40082 0.03950619999999993 0.05901639999999998
0 0.617593 0.602049 0.027777799999999943 0.06967210000000008
0 0.579012 0.9758200000000001 0.025925900000000064 0.048360700000000076
0 0.56142 0.570492 0.029012299999999974 0.06393440000000007
0 0.675309 0.510656 0.05308640000000005 0.04918030000000007
0 0.641049 0.202459 0.027777799999999943 0.04262290000000001
0 0.436111 0.0590164 0.05 0.044262300000000004
0 0.687346 0.897951 0.029012299999999974 0.04180330000000013
0 0.593827 0.8799179999999999 0.03827160000000001 0.0663934000000001
0 0.710185 0.558197 0.05740740000000002 0.032786899999999966
0 0.123148 0.712705 0.0401235 0.06311480000000007
0 0.519136 0.0405738 0.04320989999999994 0.0762295
0 0.420679 0.8627049999999999 0.045061699999999934 0.06147540000000003
0 0.348457 0.8782789999999999 0.05493830000000007 0.03360659999999989
0 0.531173 0.092623 0.04259259999999998 0.06721309999999998
0 0.415123 0.531557 0.05 0.05
0 0.730556 0.4381149999999999 0.04259259999999998 0.05327869999999997
0 0.444444 0.154508 0.03950619999999993 0.07131149999999999
0 0.0996914 0.05286890000000001 0.052469099999999984 0.05163929999999999
