0 0.397222 0.612705 0.03271610000000001 0.040163900000000086
0 0.557407 0.24877 0.022222200000000056 0.03852459999999998
0 0.5067843000232938 0.1009124652025982 0.02999068250640555 0.08351376430559854
0 0.586111 0.858197 0.05246909999999995 0.04262289999999994
0 0.584568 0.204098 0.027160499999999983 0.07377050000000003
0 0.5305035150244585 0.10831281101144451 0.03209880000000005 0.06967209999999999
0 0.553704 0.0114754 0.034567900000000006 0.0196721
0 0.6082738532542776 0.7078275041822452 0.041123219778355466 0.030994402046783737
0 0.491975 0.010245899999999999 0.06172839999999999 0.0188525
0 0.579321 0.44836099999999995 0.05740740000000002 0.0393442999999999
0 0.506173 0.761475 0.04197530000000002 0.06393440000000007
0 0.652778 0.00983607 0.05123459999999999 0.0196721
0 0.489198 0.519262 0.030246900000000035 0.06803279999999996
0 0.536728 0.763934 0.031481499999999954 0.07704919999999996
0 0.476235 0.0778688 0.04135800000000006 0.057377000000000004
0 0.638889 0.216393 0.04938269999999997 0.03770490000000002
0 0.611728 0.8975409999999999 0.028395100000000045 0.07377050000000017
0 0.55463 0.734016 0.027777799999999943 0.07622950000000002
0 0.48209899999999994 0.0348361 0.04938270000000004 0.03524589999999999
0 0.451543 0.0852459 0.04259259999999998 0.06885249999999998
0 0.753395 0.660246 0.03271610000000001 0.040163900000000086
0 0.419753 0.806967 0.05061729999999996 0.05
0 0.430247 0.132787 0.025925900000000064 0.07377049999999999
0 0.48425900000000005 0.8090160000000001 0.027777799999999943 0.07213110000000003
0 0.6959880000000002 0.020082 0.035185199999999965 0.0368852
0 0.551852 0.12417999999999998 0.025925900000000064 0.033606599999999986
0 0.790432 0.395902 0.025308600000000105 0.0754098
0 0.488272 0.70041 0.05679010000000006 0.05
0 0.532099 0.23196700000000003 0.034567900000000006 0.06557380000000002
0 0.52963 0.048360700000000006 0.059259300000000036 0.037704900000000006
0 0.459877 0.75 0.04691359999999995 0.04918030000000007
0 0.565432 0.786885 0.03580250000000006 0.07049180000000001
0 0.553086 0.334836 0.04567900000000003 0.05
0 0.6484569999999998 0.8909839999999999 0.030246899999999893 0.07213109999999993
0 0.45463 0.591393 0.05864199999999994 0.040163900000000086
0 0.522222 0.8184430000000001 0.04074069999999996 0.056557400000000035
0 0.46049399999999996 0.2 0.05679010000000006 0.04262290000000001
0 0.776543 0.632787 0.04320990000000008 0.055737700000000015
0 0.428086 0.77541 0.06234569999999995 0.05409840000000009
0 0.551543 0.9131149999999999 0.040123500000000034 0.06721309999999985
0 0.544136 0.661066 0.04876539999999994 0.05
0 0.633642 0.296721 0.03271610000000001 0.07213110000000003
0 0.680864 0.9827869999999999 0.04320990000000008 0.03442620000000007
0 0.658025 0.527869 0.04197529999999988 0.06393440000000007
0 0.551852 0.8495900000000001 0.04814809999999998 0.05327870000000007
0 0.599074 0.0409836 0.05 0.04754099999999999
0 0.39043199999999995 0.123361 0.035185199999999965 0.06147539999999999
0 0.7737649999999999 0.830328 0.05740740000000002 0.04590159999999991
0 0.430864 0.9684429999999999 0.05802469999999998 0.045081999999999914
