0 0.403139076886958 0.3808096333812447 0.03569714622608381 0.05149573323751061
0 0.5608184483646363 0.454508 0.05308640000000005 0.040163900000000086
0 0.5685900739160962 0.32612681113355607 0.02483494783219243 0.040777222267112126
0 0.5 0.45983599999999997 0.05432099999999997 0.040983600000000016
0 0.5565867111813235 0.42459817555162765 0.05703311909191976 0.03418489355527936
0 0.487654 0.305328 0.024691400000000033 0.0647541
0 0.572250050430051 0.937545760412944 0.05496160413082905 0.036181884503923435
0 0.56358 0.486475 0.05555560000000003 0.03360660000000008
0 0.5109414311626003 0.38536244270064485 0.03773916096190975 0.05050112656359259
0 0.480247 0.397541 0.023456799999999976 0.050819699999999975
0 0.5016528127274589 0.7381087831928366 0.04607667454508218 0.045093333614326755
0 0.4504139661195951 0.13373665882992775 0.025975648592826715 0.07127270052055007
0 0.30370400000000003 0.443033 0.027160500000000018 0.041803299999999946
0 0.38850857176291614 0.5007380933882372 0.03393598970218244 0.04273172247688599
0 0.545988 0.756967 0.06234569999999995 0.02704919999999995
0 0.512346 0.290574 0.023456799999999976 0.07622950000000002
0 0.572531 0.718852 0.05123460000000006 0.032786899999999966
0 0.533642 0.345492 0.030246900000000035 0.07295079999999995
0 0.375309 0.890574 0.027160499999999983 0.031967200000000036
0 0.516049 0.48688499999999996 0.04938270000000004 0.032786899999999966
0 0.588272 0.682787 0.05802469999999998 0.03770490000000005
0 0.5005132849101867 0.8705305728401057 0.06152096982037335 0.029586045680211375
0 0.4664445366830495 0.34794475040595135 0.0300747266339008 0.08443739918809728
0 0.651543 0.236066 0.026543200000000024 0.07049180000000001
0 0.669753 0.529918 0.05308640000000005 0.041803299999999946
0 0.575 0.972131 0.054938299999999926 0.03934430000000009
0 0.388272 0.6639985893869941 0.03827160000000001 0.06639339999999992
0 0.488889 0.782787 0.04691359999999995 0.04590159999999991
0 0.490741 0.242623 0.05308640000000005 0.049180299999999975
0 0.414198 0.982377 0.029629599999999933 0.035245899999999816
0 0.7693026911605523 0.40419562205928056 0.02435811767889525 0.07029785588143889
0 0.536111 0.680738 0.03765430000000005 0.07459019999999991
0 0.5159643393467322 0.9483138852148241 0.0522676819641917 0.0480540724730013
0 0.7629617048344158 0.6861333507283817 0.0555588903311684 0.0359291985432367
0 0.647531 0.333607 0.028395100000000045 0.07377049999999997
0 0.609568 0.8754099999999999 0.03271610000000001 0.04426230000000017
0 0.5209732474182318 0.8219913101526688 0.04200500516353636 0.08388627969466245
0 0.41234599999999993 0.555328 0.05308640000000005 0.045081999999999914
0 0.476543 0.927459 0.024691400000000033 0.06803279999999996
0 0.541975 0.295492 0.03580250000000006 0.07131150000000003
0 0.551543 0.8954919999999998 0.035185199999999965 0.0663934000000001
0 0.36821 0.727459 0.05740740000000002 0.03852459999999998
0 0.5963959465683694 0.9123474914284051 0.05815889967819324 0.05006222326548044
0 0.416358 0.287295 0.04259259999999998 0.0647541
0 0.7793210000000002 0.811475 0.04259259999999998 0.055737700000000015
0 0.930247 0.24180300000000002 0.059259300000000036 0.0393443
0 0.32151570014627584 0.12925001362559244 0.03685860029255165 0.07325352725118484
