0 0.650928706484262 0.38347363757199826 0.026804582360137903 0.04238664894402598
0 0.49644960865004445 0.34161934354798384 0.052045509561849466 0.04714454087645989
0 0.5665620517584388 0.6517179508355964 0.031101835850438 0.06973715213215316
0 0.5823898206703182 0.018234796617409375 0.038924062363067315 0.037993579242669134
0 0.5057479489759005 0.27232402468659594 0.035062643160117264 0.0750169386620951
0 0.5736654847764431 0.3001110181435534 0.041558530447113745 0.05879536371289326
0 0.7528791781389704 0.7133309745646106 0.018651745270450264 0.0349884027204466
0 0.5627846037689097 0.07682984251327639 0.04509676359763521 0.06338025955899329
0 0.560494 0.0364754 0.04320989999999994 0.045082
0 0.591610403030303 0.6619595545827123 0.031425658585858454 0.07511218740685541
0 0.5455572943835855 0.10173747402447471 0.04738306381498865 0.05801200646501962
0 0.5579540003534551 0.5666465520131416 0.05806761089651344 0.040061684937476916
0 0.4807432336843379 0.17697968252437585 0.05225785066031901 0.048197854851959036
0 0.6069904113113113 0.3124021078939595 0.03126442262262264 0.06578801578791911
0 0.558290690900029 0.7821198954951571 0.02954872266337977 0.07313410560489382
0 0.6439773106439773 0.426524885541279 0.057390724057390756 0.03987594151528578
0 0.4780492383617096 0.264882618643523 0.03783816848489744 0.06760587445265898
0 0.3545350576229436 0.33663019352828943 0.026978680977097477 0.07048012149059615
0 0.6413361248348113 0.10453711292426691 0.042018450330377245 0.053221074151466166
0 0.47210791037951527 0.1486660237865638 0.051238602436859536 0.054109075324118724
0 0.48132010005648357 0.4064430872531162 0.03415906829123962 0.08107432408300297
0 0.45414042030331164 0.9850473845632223 0.06059006719625846 0.028910240152518207
0 0.4654561711200523 0.8943330745696151 0.02888682554420713 0.06529978537832791
0 0.5777357628855875 0.9727854480649802 0.032324237349977615 0.05461697129320965
0 0.36527314032893154 0.8112198194951825 0.028076780657863062 0.07489813899036475
0 0.2373706110939166 0.8638522306954656 0.05037999931221844 0.05000228320927892
0 0.17986590464880375 0.777128026544893 0.052450580172691046 0.05782055915108911
