0 0.5735662843169493 0.5122914599203309 0.05628268462559128 0.04175689937183993
0 0.6639062952982577 0.8377241758081814 0.04132360940348457 0.06061764838363725
0 0.515123 0.00942623 0.025308599999999966 0.0172131
0 0.411111 0.41967199999999993 0.029629599999999933 0.04098359999999997
0 0.500309 0.992623 0.024074099999999935 0.014754100000000183
0 0.478395 0.351639 0.04814809999999998 0.031147500000000012
0 0.459568 0.913525 0.029012299999999974 0.07295080000000005
0 0.437654 0.897951 0.027160499999999983 0.07295080000000005
0 0.437963 0.381967 0.05740740000000002 0.040983600000000016
0 0.564198 0.0327869 0.04074069999999996 0.0409836
0 0.501852 0.870492 0.024691400000000033 0.07868849999999997
0 0.529012 0.540984 0.04938270000000004 0.04262289999999994
0 0.55 0.631557 0.05679010000000006 0.041803299999999946
0 0.4 0.447951 0.05185190000000002 0.058196700000000004
0 0.478395 0.385656 0.044444399999999974 0.04344259999999996
0 0.48425900000000005 0.532377 0.030246900000000035 0.07786879999999995
0 0.52716 0.9840160000000001 0.03209880000000005 0.03032790000000011
0 0.689198 0.455738 0.035185199999999965 0.04754099999999996
0 0.497222 0.394672 0.04629629999999999 0.05491799999999999
0 0.612963 0.321721 0.03950619999999993 0.04344259999999996
0 0.537346 0.372951 0.035185199999999965 0.06721310000000004
0 0.7015429999999999 0.529508 0.05370369999999987 0.03770490000000005
0 0.501235 0.0385246 0.05432099999999997 0.0360656
0 0.56821 0.9159839999999999 0.05 0.05163929999999992
0 0.47284000000000004 0.285656 0.04074069999999996 0.05819669999999996
0 0.523457 0.692213 0.028395100000000045 0.08606559999999994
0 0.522222 0.12377 0.03333329999999994 0.0393443
0 0.37808600000000003 0.111066 0.024074099999999935 0.040163899999999995
0 0.64321 0.128689 0.04938269999999997 0.05245899999999999
0 0.492593 0.795902 0.04074069999999996 0.06557379999999993
0 0.575617 0.8090159999999998 0.03765430000000005 0.06393439999999997
0 0.552161 0.340164 0.04629629999999999 0.0606557
0 0.618827 0.180328 0.05123459999999999 0.05409839999999999
0 0.402778 0.553279 0.045061699999999934 0.05081969999999993
0 0.566049 0.9635249999999999 0.05432099999999997 0.05327870000000016
0 0.524691 0.24959 0.03580250000000006 0.06967209999999999
0 0.6925929999999999 0.075 0.029629600000000075 0.07131149999999999
0 0.565123 0.08483610000000001 0.05617279999999996 0.0401639
0 0.796296 0.12049199999999999 0.030864199999999994 0.0393443
0 0.38395100000000004 0.178279 0.03580250000000006 0.06311480000000003
0 0.82716 0.742623 0.04074069999999996 0.05245900000000004
