0 0.351235 0.00901639 0.030864199999999994 0.016393400000000002
0 0.603395 0.0122951 0.029012299999999974 0.0229508
0 0.5454417295903804 0.22724832669383113 0.0480589514379505 0.05625858209040086
0 0.585494 0.180328 0.030246900000000035 0.04754100000000001
0 0.419753 0.434836 0.05308640000000005 0.031967200000000036
0 0.566667 0.466393 0.04814809999999998 0.04754099999999996
0 0.508025 0.581148 0.05061729999999996 0.036065599999999934
0 0.402778 0.477459 0.05864199999999994 0.035245900000000004
0 0.35925900000000005 0.32541 0.029629599999999933 0.07049180000000001
0 0.520679 0.540574 0.05493830000000007 0.041803299999999946
0 0.733025 0.333607 0.04135800000000006 0.02950819999999999
0 0.48179000000000005 0.256148 0.04753090000000005 0.028688499999999967
0 0.579012 0.393443 0.030864199999999994 0.06229509999999996
0 0.437963 0.757377 0.022839500000000016 0.0852459
0 0.549074 0.560656 0.054938299999999926 0.03770490000000005
0 0.524074 0.733197 0.04938270000000004 0.05163929999999992
0 0.434259 0.355328 0.040123500000000034 0.041803300000000036
0 0.55 0.196721 0.039506200000000075 0.040983599999999995
0 0.471296 0.392623 0.03765430000000005 0.06393439999999997
0 0.612037 0.495902 0.033950600000000046 0.07213109999999993
0 0.475 0.796311 0.031481499999999954 0.06311480000000007
0 0.51821 0.782377 0.05493830000000007 0.040163900000000086
0 0.502778 0.335656 0.05617279999999996 0.03688520000000002
0 0.580864 0.331557 0.044444399999999974 0.05
0 0.501543 0.211475 0.04753090000000005 0.0639344
0 0.493519 0.439754 0.05 0.054918000000000036
0 0.544444 0.41475399999999996 0.04074069999999996 0.06721309999999998
0 0.536728 0.905328 0.031481499999999954 0.06967209999999989
0 0.497531 0.937295 0.05308640000000005 0.03852459999999998
0 0.511111 0.829508 0.04938270000000004 0.04918030000000007
0 0.545062 0.279508 0.04814809999999998 0.05901639999999998
0 0.583333 0.254098 0.03333329999999994 0.07377049999999997
0 0.615123 0.0639344 0.05864200000000001 0.03278690000000001
0 0.515741 0.271311 0.04629629999999999 0.05901639999999998
0 0.560494 0.607377 0.04567900000000003 0.057376999999999935
0 0.6358499482832618 0.8216366239411103 0.027064703433476493 0.07639785211777966
0 0.5062100486647592 0.8724408011503554 0.04437050267048159 0.05839739769928954
0 0.561111 0.8770489999999999 0.03580250000000006 0.07213109999999993
0 0.465123 0.313525 0.05 0.05327869999999997
0 0.637654 0.629918 0.04938269999999997 0.05
0 0.7414148223321677 0.6513069754925069 0.03627171706935814 0.061630050985013625
0 0.7191360000000001 0.455738 0.055555599999999886 0.040983600000000016
0 0.4912919492979389 0.654140732496658 0.05692290140412228 0.04253883500668412
0 0.277778 0.90082 0.04814809999999998 0.06065569999999991
0 0.6028453346049912 0.9950397523394076 0.02251894240449322 0.008794765355660311
