0 0.5037021116213516 0.42913618178243157 0.05660776562477709 0.04289318177769347
0 0.5492237626953543 0.4271320844830854 0.036926769906515375 0.0658533331659244
0 0.63676234647827 0.8680941549251395 0.052515629943623576 0.03998817718658186
0 0.6530151210269036 0.40428794497773146 0.030585757375294134 0.0755328942765091
0 0.5140262434275316 0.4930162342509239 0.028823271369442745 0.08096269874917082
0 0.5525781127024905 0.9432931435042169 0.06469379765931628 0.03592770650999716
0 0.537654 0.8590160000000001 0.025925900000000064 0.040983600000000016
0 0.587654 0.815984 0.03209880000000005 0.040163900000000086
0 0.5628721701580676 0.98398547151284 0.031046559683865015 0.032028556974320076
0 0.4000679423392564 0.3998724021605231 0.03580250000000006 0.07868850000000006
0 0.6433402195425676 0.8236306317776937 0.05282616091486477 0.03634493644461296
0 0.532716 0.271311 0.022222200000000056 0.04426229999999999
0 0.6 0.9811479999999999 0.05061729999999996 0.036065599999999934
0 0.240123 0.988934 0.030864199999999994 0.022131099999999935
0 0.491358 0.933197 0.039506200000000075 0.04672129999999984
0 0.5400022584617855 0.8111676569316782 0.054656155309355595 0.03596090522126418
0 0.5583065780239778 0.7071566146498627 0.0611646439520445 0.03650597070027484
0 0.528653587743524 0.21696201812991567 0.026835470641547187 0.07004646590069177
0 0.6157301194194676 0.713683189031555 0.030225338838935255 0.08310457806311004
0 0.5681207236601726 0.28775698919264664 0.0390957395775352 0.059376574064247116
0 0.477469 0.8983609999999999 0.04506170000000007 0.06557379999999993
0 0.452469 0.092623 0.029629599999999933 0.07868850000000001
0 0.84784 0.954098 0.03148150000000009 0.04754099999999996
0 0.490501453557411 0.2352362932839003 0.04829756207807027 0.0611103199137686
0 0.56358 0.0266393 0.05308640000000005 0.05
0 0.35454775248340825 0.8773877629489245 0.03735422028830375 0.0702979129347106
0 0.579181631156783 0.7755591692007012 0.05836406231356595 0.038003238401402406
0 0.6533273305002498 0.026667772607315458 0.05850626100049947 0.03858144521463091
0 0.417284 0.023770499999999996 0.03209880000000005 0.0442623
0 0.6774689999999999 0.869262 0.040123500000000034 0.06803279999999996
0 0.504321 0.0795082 0.04320989999999994 0.0491803
0 0.48105143593092137 0.6178929436629395 0.04553289492613999 0.05484237004169435
0 0.447531 0.969672 0.04567900000000003 0.05737700000000012
0 0.6904320000000002 0.696721 0.04135800000000006 0.06557379999999993
0 0.327778 0.239344 0.04567900000000003 0.05245900000000004
0 0.7541102469367731 0.9057612940443476 0.05390039387354596 0.04103118808869515
