0 0.6756373951185805 0.6213333340838524 0.04138726352351358 0.09850156331573043
0 0.738456015625 0.14048817592592577 0.06613743260416668 0.10212962962962958
0 0.6551048593749998 0.9708102318055555 0.0498295785416668 0.058379536388888986
0 0.7651131131060908 0.1827791123672642 0.08295502698904081 0.09936308778374546
0 0.5483615181128589 0.022109474351851885 0.08095953278821781 0.04421894870370377
0 0.5346074729166667 0.3254939574074074 0.046205659895833286 0.14398602851851858
0 0.9822505025 0.12374504444444451 0.0354989949999999 0.06864459222222258
0 0.7538581468750001 0.2970304296296296 0.06432554666666673 0.14063760648148133
0 0.8882466298857274 0.8818421971538837 0.06299177396280402 0.1279045526917194
0 0.5404973864583333 0.702201138888889 0.08516333572916691 0.07031870111111128
0 0.7231185681391185 0.7130840722222223 0.048923562187500026 0.14566034166666647
0 0.704935025 0.5875136499999999 0.06613743260416681 0.12222077462962952
0 0.5622414854166666 0.4226008518518519 0.039863692187499924 0.08706121981481459
0 0.6156939552083334 0.2777769518518518 0.08335130302083348 0.075341436296296
0 0.5998397697916666 0.9900639138425925 0.06432554666666661 0.019872172314814793
0 0.4421621638000232 0.15016371763761535 0.083814726141172 0.07221530728439803
0 0.515129515625 0.6276975740740742 0.07247940031249982 0.08538711092592587
0 0.7007956824959448 0.02545759000000003 0.05061091030438914 0.05091518000000006
0 0.6600877291666667 0.20996900555555567 0.0905992870833335 0.06697027907407405
0 0.5287190270833334 0.8068411148148149 0.04348761083333343 0.14900876370370392
0 0.6767806036263776 0.7434582794537344 0.04167572489583324 0.14231171537037027
0 0.44579727873790975 0.6361898275255764 0.05531184981584687 0.13920793690300443
