0 0.6489083500577754 0.481607849471049 0.041354983883719484 0.047444076556569535
0 0.3891485876383395 0.18349779829168655 0.031563386471692836 0.045227863547137793
0 0.5126093832466696 0.3762937426566582 0.03228287159666007 0.03519173416635986
0 0.4832512894683799 0.1906322668618267 0.029466178936759825 0.03994657367012371
0 0.5701648616694606 0.42276946979502406 0.04516977899226435 0.07221559932988607
0 0.584568 0.328689 0.034567900000000006 0.07704919999999996
0 0.6844013325494805 0.1928413441879484 0.024887321183617576 0.04510055388275529
0 0.6990563360295162 0.6973494127253314 0.05664348895511087 0.04522328999434712
0 0.6213130205310332 0.3524703205984729 0.02618843551496696 0.07561928095291563
0 0.6455761316872427 0.3478460214087881 0.025579232200236758 0.0676510217830676
0 0.4664289958407605 0.42167090383098094 0.029928918817807643 0.08006779462902897
0 0.46953254206349204 0.22451496538139842 0.029188884126984074 0.06518887151221144
0 0.543827 0.362705 0.04074069999999996 0.040163899999999995
0 0.6652687462695945 0.5846160263629917 0.022618037885213396 0.06277895966295416
0 0.704321 0.820492 0.0506173000000001 0.04426229999999999
0 0.5393502720694292 0.42279091110847034 0.02870665586114176 0.07877680447863294
0 0.7059741734071238 0.9306105144149237 0.039260205288302374 0.05228942905596378
0 0.6931436545101934 0.8509986809873752 0.054751430868927746 0.04255385968218074
0 0.5920058836167715 0.1914776592709636 0.026261424298015094 0.07922125661114401
0 0.4720396235386748 0.16343271606724655 0.05569426345427065 0.05185706813315492
0 0.446914 0.9745900000000001 0.039506200000000075 0.049180299999999885
0 0.5319108408402745 0.5362718246179887 0.035939088047217356 0.06502678228024208
0 0.48727888661882063 0.5991606186379762 0.05622784500672285 0.04080970157905722
0 0.4049016012712382 0.5769007814130359 0.05998218869506 0.038027221925939686
0 0.6902379455276478 0.9781171188461779 0.05721776703088777 0.03518656480748688
0 0.618519 0.980738 0.04691359999999995 0.03360659999999989
0 0.5110797395628622 0.207669768735363 0.04662358965734433 0.054382777684844404
0 0.538311767684705 0.6985762979108214 0.02261337244835598 0.07153291441556331
0 0.6256920139297593 0.2902909628209447 0.06252881953886906 0.041096343689647444
0 0.45383903469712045 0.6517958587427829 0.04522674489671189 0.0649245252394092
0 0.5038744790569261 0.5275137674319416 0.036159424432815265 0.06908323165824924
0 0.4079553015685299 0.6433960138637048 0.02976849686294034 0.07386277227259025
0 0.2972741718616306 0.34653465346534656 0.035447989243368776 0.08212952442785262
0 0.5778753196552989 0.5254167000515918 0.03952761867393084 0.07398399966958051
0 0.417901 0.9450819999999999 0.030864199999999994 0.07049180000000001
0 0.5574210506919344 0.4816822482945718 0.047036908166134206 0.053725523324135806
0 0.7733199682003665 0.017679202828672455 0.05103617107929579 0.03627680580428893
0 0.5315910269343397 0.05249458306893279 0.05947735386867935 0.04105486613786556
0 0.3211710059894879 0.24573932803116377 0.054149859430387505 0.04414867716279824
0 0.294136 0.827869 0.03395059999999998 0.06721309999999994
0 0.3791712504583792 0.2973543255964941 0.0510939982887178 0.05551046907969484
0 0.4023344056751629 0.08780897440578334 0.04605570678324952 0.0708313556537296
0 0.558025 0.82623 0.03580250000000006 0.05081970000000002
0 0.5195893172083648 0.14695550351288056 0.043965734441924885 0.0630645700903312
0 0.548457 0.933607 0.03641980000000002 0.07049180000000001
0 0.5785322359396433 0.2724271402550091 0.033264746227709203 0.048041894353369786
