0 0.1780770490141883 0.9798120844498817 0.08549798108224328 0.040375831100236695
0 0.21231232096244976 0.575449015016031 0.0772474881859092 0.045301376866895754
0 0.4711598212524957 0.15094854345650957 0.04988230917165772 0.07587978913524135
0 0.4397604215881624 0.7385936664959334 0.09055552131906369 0.0736113763036104
0 0.23328479434882782 0.5150328897993154 0.05726713789248225 0.10557318119132228
0 0.43507033007884116 0.18633359722772277 0.05110417317565089 0.07231882628529523
0 0.28774765662693347 0.021601919896153933 0.07606031325386671 0.043203839792307866
0 0.3303638416455816 0.03375958270924114 0.10368051662449614 0.042595058751815594
0 0.2527629902670821 0.2498634611536126 0.055637519465835554 0.09496068065573773
0 0.28315333333333315 0.7861111111111111 0.09362133333333324 0.06367940148148145
0 0.314865014262845 0.24354178611396443 0.06381242757177172 0.05484174052192538
0 0.20856499999999994 0.04262599111111111 0.05349800000000009 0.049156077037037046
0 0.3963026735850056 0.9045411392582087 0.09975418050334485 0.05028937184975072
0 0.3005452850513206 0.7343184342325633 0.07112831406161177 0.04238195565617726
0 0.20677237885038496 0.23056702898663642 0.08589074229922969 0.06875637758228278
0 0.18284500000000006 0.09736776296296298 0.08230450000000017 0.09160896592592593
0 0.17331295177661066 0.9243498580601546 0.08079226311344527 0.07096588980561688
0 0.18467392688942955 0.5136083279172093 0.04436629897485934 0.10670510956618155
0 0.3185356264627544 0.8865699547596749 0.06356391959217488 0.09515433191392217
0 0.47797084459280426 0.3607545648089517 0.09758208375280368 0.04650932505713349
0 0.44950329341615153 0.813282295533431 0.09024221317865262 0.06439315290771208
0 0.45987352595444725 0.2767422386221573 0.10138371857556124 0.04817139872579606
0 0.3171554643606734 0.6227324635599856 0.09302794504477253 0.07663525367713173
0 0.3176183333333334 0.8201851851851851 0.0884773333333334 0.06256218074074053
0 0.34935825379936475 0.48815659488149643 0.05524800759872927 0.0956267542074371
