0 0.6510035485697441 0.7559132504916946 0.07530918429264742 0.14650239884648478
0 0.5894340646052937 0.7704837973709229 0.053639953806909446 0.1967576943888505
0 0.8270227652105488 0.4619260867343565 0.09521737040602218 0.09180959079514515
0 0.6360551741005182 0.8919014385619591 0.05395436304233587 0.11060782760775628
0 0.5559802184476899 0.7101317771931009 0.07606836744757359 0.15103482531783546
0 0.6490415429319275 0.5591327621361476 0.0711355818965617 0.124027057605629
0 0.7099826526041667 0.8349133907407407 0.05074910385416669 0.19428645361111077
0 0.7352502840289701 0.959214903074826 0.05343779382307261 0.08157019385034779
0 0.7610540844766793 0.8115669780400084 0.062768343188374 0.1685374446666157
0 0.5628105473958335 0.9947303747685186 0.0791685165104165 0.010539250462962686
0 0.592946039144559 0.40450560225246446 0.05137648592963231 0.1138956321148972
0 0.6957536915801874 0.9572406692379296 0.04672988168337528 0.08551866152414084
0 0.6136408926390364 0.34658932609939275 0.06511989533015582 0.19066811280121418
0 0.5667903580828964 0.021490565800630496 0.05876994709364638 0.04298113160126099
0 0.5999848845002109 0.1387006546530102 0.046437084779042216 0.2126031617531313
0 0.5126389393205842 0.5566919387332617 0.09552771725974338 0.09331450990974535
0 0.7880663599801638 0.6799850584183625 0.0625265300589304 0.19124759373214623
0 0.9776819646214701 0.6027992542606201 0.0446360707570598 0.0965913403157256
0 0.5197150665250095 0.25101476838458525 0.0866825582542115 0.14093377012141958
0 0.7169277683384465 0.40867059709015924 0.06552286466077958 0.10030348251601266
0 0.9791694382361288 0.35716541395361795 0.04166112352774232 0.14515664147282759
0 0.3587220249077189 0.37554439196826067 0.051265806237913596 0.17383225118973233
0 0.4757847329321503 0.6941867520106143 0.056315424604449875 0.19543094402122868
0 0.7147326965222163 0.635250524372828 0.05785399812499996 0.18987096870370376
0 0.6678868782140098 0.9223403917425472 0.06184400812911595 0.12842385621384783
0 0.7456486856937296 0.19127128360669576 0.04508462168508676 0.20619563699028942
0 0.8001408163096403 0.551003249232027 0.10174943275577573 0.11366901717494152
0 0.7012521661992969 0.48806031162301855 0.09108555992847182 0.12283317536846404
0 0.646808326532227 0.6427792075271207 0.08627341078124999 0.13026044101851877
0 0.8041430922902781 0.06168879912811731 0.04323499618005755 0.12337759825623462
0 0.5056722953184201 0.34394011434914523 0.09265087801232982 0.15999019789101934
0 0.7904222840424052 0.3356366682128978 0.07252623818083255 0.17104838127160507
