0 0.25858857446341216 0.007567044040917325 0.018412348926824435 0.015134128081834652
0 0.5097494494734931 0.017450749972448002 0.03832865307085789 0.034901499944896004
0 0.644848202500194 0.24577276007835858 0.05512850376582023 0.05026291370244355
0 0.5204599761051374 0.5615415124272871 0.028375149342891298 0.03569539925965103
0 0.4390730514368711 0.07754165847224136 0.05037345309679433 0.055689516779170695
0 0.6593785662413113 0.009557101529136244 0.028633675692499225 0.0194586031133765
0 0.5998133052417263 0.012377751914864305 0.022232503532524175 0.02759330454608073
0 0.5711326439320292 0.22973043488028297 0.03027601350171956 0.03841405434386634
0 0.5958231255307488 0.7645063781267555 0.048306058465059074 0.050835055400643495
0 0.47276864150678194 0.9916267458860856 0.0532281490852016 0.01697359007061315
0 0.44348640255874155 0.6091289731755686 0.05438521957387492 0.034386157297726025
0 0.5714101333532137 0.43746810580370105 0.03389590195821154 0.07778414952350794
0 0.55131756978241 0.20700273873841768 0.03088706298582541 0.04706690668936938
0 0.5093266483368375 0.5986470040804638 0.05256348051107876 0.03901496170090917
0 0.5587765855159417 0.729278382105102 0.03547940463828319 0.03677033859353455
0 0.5557188169026871 0.022041603526656565 0.028722133805373994 0.04408320705331313
0 0.5297900957094666 0.9871161021977167 0.025307462016539085 0.025994421709646356
0 0.5649982663252279 0.9865718029170686 0.04160896734954447 0.025527965183376546
0 0.3325547769992214 0.20853640525771672 0.026248470692915145 0.07413971348397579
0 0.5459703615569272 0.6913479253642987 0.05867597688614536 0.04025504927140252
0 0.5100160578381601 0.7293447561909504 0.02564728432367985 0.03639238761809916
0 0.5858363091658887 0.03243905512467282 0.033068537389770704 0.06668271080038574
0 0.605007852726586 0.4442200575486392 0.037275600882686236 0.05609672395132123
0 0.45680563461977375 0.0904704594916655 0.04603184726631395 0.059450319479267114
0 0.5130848635750597 0.05562060889929743 0.05537400145243285 0.045116407218625164
0 0.3004281162883313 0.5398929138022212 0.0301174830744723 0.07304336329984136
0 0.48796535553641496 0.9346803914093277 0.030385682840463172 0.07593086796289224
0 0.5192866608059482 0.45925921663630837 0.0451029472495577 0.05769655577202291
0 0.39527325874634706 0.4341589037241625 0.056366282507306 0.043629969218077665
0 0.3129240351462574 0.25875055383252105 0.03436770103436767 0.06852754393737998
0 0.4985136869997614 0.43682647080726483 0.05450138048050726 0.0413095504685726
0 0.3855952004100152 0.7929251986629036 0.028339287598546828 0.06910666746732305
0 0.4222931934419793 0.465934635802909 0.04167829970278916 0.0461936095219239
0 0.6356338831829028 0.0743043118886899 0.027103433966179036 0.07938421270147403
0 0.39588311429709283 0.603103516657853 0.048785344484269196 0.06329323109465894
0 0.4394257703081233 0.03177090508334481 0.057448905488121156 0.03598980575836892
0 0.3862462036050961 0.6853297019850207 0.05975624186486806 0.03771015555439161
0 0.5343830142541898 0.4011245743248594 0.05765292936522133 0.04329347166125492
0 0.5877119739170195 0.33413848631239934 0.03389594640265601 0.07431166019904437
0 0.6822543832347754 0.12639482022317122 0.05083514887436464 0.036850805896128935
0 0.4533210075346414 0.3941289828674006 0.0603367726287748 0.03959768749505024
0 0.613870979157589 0.5064609188042429 0.056209641684822065 0.04281576239151394
0 0.3524635746857969 0.28370993944764433 0.04382159937715487 0.05464480874316941
0 0.3872958980485861 0.9743521946060284 0.048843910323986224 0.039039412697919024
0 0.6137983699513929 0.6255415455922653 0.04719865474279599 0.05210349934779578
0 0.5055698230333046 0.8588353637438048 0.04071185393339079 0.06593607251239028
0 0.43624003750586027 0.3059763436397593 0.041725269573370874 0.06536625855986719
0 0.3713699331515424 0.15175074735560887 0.04137758448103272 0.06749245005321884
0 0.24444913861897385 0.34485445365580003 0.04013519222644699 0.0744873153400237
0 0.6214421252371917 0.9524994556257194 0.043221589711153335 0.06688026876535906
