0 0.5553425097282036 0.466679335827297 0.05593379574121919 0.03753979066590411
0 0.494136 0.612705 0.03271610000000001 0.040163900000000086
0 0.6501026411522633 0.736329378218325 0.024485117695473246 0.040456443563349785
0 0.577064743358216 0.8323836306868726 0.03067288671643221 0.07624176137374511
0 0.6287039999999999 0.559426 0.026543199999999954 0.05327869999999997
0 0.5619007112761987 0.39900883620853983 0.03707521636041723 0.07629926747363075
0 0.5976623517250456 0.2442430874475791 0.050727550354100745 0.03508734143474389
0 0.4649246824528663 0.3620282619710255 0.03311283509426736 0.07594367605794891
0 0.555864 0.020082 0.022839500000000016 0.0385246
0 0.587963 0.21721300000000002 0.05617279999999996 0.03770490000000002
0 0.5665707433582161 0.5835491742279831 0.05166088671643211 0.04906634845596651
0 0.585185 0.00860656 0.03580250000000006 0.017213099999999995
0 0.499691 0.568852 0.05246909999999995 0.036065599999999934
0 0.47284000000000004 0.62541 0.03580250000000006 0.07213109999999993
0 0.545679 0.541393 0.024691400000000033 0.07459019999999991
0 0.374691 0.329918 0.029629599999999933 0.04344259999999996
0 0.385494 0.393852 0.06111110000000003 0.03852459999999998
0 0.528704 0.629918 0.05617279999999996 0.031967200000000036
0 0.489815 0.35082 0.027777799999999943 0.07049180000000001
0 0.527778 0.0254098 0.024691400000000033 0.047541
0 0.394753 0.3468637857415174 0.03765430000000005 0.06311479999999997
0 0.52963 0.383607 0.04567900000000003 0.036065600000000024
0 0.6087494559287969 0.2909840000000001 0.025308599999999966 0.07213110000000003
0 0.6420423966862857 0.6397030643410853 0.03470169337257157 0.03842332868217057
0 0.569444 0.715574 0.05987649999999997 0.032786899999999966
0 0.588889 0.547541 0.04320989999999994 0.036065599999999934
0 0.673765 0.911066 0.027777799999999943 0.0663934000000001
0 0.437346 0.35123 0.029012299999999974 0.07786880000000004
0 0.514506 0.47909799999999997 0.027777799999999943 0.07459019999999991
0 0.576543 0.282787 0.04197530000000002 0.040983600000000016
0 0.5911044026461862 0.6765886643410852 0.0548281947076276 0.03534787131782941
0 0.36821 0.10737700000000001 0.05493830000000007 0.0393443
0 0.697839 0.908607 0.030246899999999893 0.07950819999999999
0 0.6487649999999999 0.020082 0.022222200000000056 0.0385246
0 0.466049 0.531557 0.05061729999999996 0.03688519999999993
0 0.456173 0.41188499999999995 0.05308640000000005 0.035245899999999955
0 0.6 0.0680328 0.04320989999999994 0.059016400000000004
0 0.470679 0.44917999999999997 0.05123460000000006 0.05409840000000009
0 0.46142 0.563115 0.05370370000000001 0.057376999999999935
0 0.41358 0.025409799999999996 0.04567900000000003 0.0360656
0 0.47932099999999994 0.807787 0.03641980000000002 0.06311480000000007
0 0.38765399999999994 0.461885 0.03827160000000001 0.0647541
0 0.427778 0.798361 0.05185190000000002 0.04918030000000007
0 0.616358 0.9811479999999999 0.024074099999999935 0.03770489999999986
0 0.415432 0.0614754 0.06296300000000005 0.040983599999999995
0 0.41234599999999993 0.12582 0.023456799999999976 0.053278700000000005
0 0.457099 0.731148 0.05864199999999994 0.036065599999999934
0 0.50463 0.4176230000000001 0.05123460000000006 0.05327870000000002
0 0.434877 0.843033 0.040123500000000034 0.031967200000000036
0 0.49505916143889367 0.83499788353984 0.04074517712221262 0.06115093292032026
0 0.661728 0.0967213 0.06543210000000006 0.04262290000000001
0 0.461728 0.216803 0.034567900000000006 0.07131150000000001
0 0.529938 0.790984 0.026543200000000024 0.06885250000000008
0 0.447839 0.05286890000000001 0.04135800000000006 0.04508199999999999
0 0.439506 0.4803279999999999 0.04197530000000002 0.06557379999999993
0 0.485802 0.138525 0.03827160000000001 0.04754100000000001
0 0.308025 0.361475 0.05432099999999997 0.031147500000000012
0 0.713272 0.740574 0.05 0.04344260000000006
0 0.270679 0.726639 0.05246910000000002 0.040163900000000086
0 0.322531 0.129098 0.040123500000000034 0.0598361
0 0.14506199999999997 0.628689 0.043209899999999996 0.0606557000000001
