0 0.6267219227883936 0.3598988537877206 0.02751864557678695 0.047666007575441156
0 0.6154771533380514 0.4149683495875535 0.044353693323897284 0.052031300824893004
0 0.569444 0.262295 0.024074099999999935 0.036065600000000024
0 0.6773143198288425 0.555739112193189 0.026800182529431237 0.061701792706311084
0 0.5920555671318238 0.36945056706549606 0.04460573426364749 0.03726233413099218
0 0.508642 0.990984 0.023456799999999976 0.018032799999999967
0 0.409877 0.095082 0.029629599999999933 0.040983599999999995
0 0.5385784680781631 0.23465877663151297 0.02530433615632622 0.06529662654275874
0 0.7743808582016198 0.2528429224313459 0.04752671640323982 0.035193344862691905
0 0.4958093966401656 0.1725213558944663 0.02529069124368744 0.08305145338859836
0 0.64321 0.419262 0.023456799999999976 0.049999999999999954
0 0.5171936991880947 0.1218597695155059 0.049201498376189326 0.03716173903101181
0 0.416057048983644 0.13414419299624097 0.05677400203271217 0.033350514007518005
0 0.447222 0.0959016 0.033950600000000046 0.04262289999999999
0 0.5103930184512316 0.3530438984771968 0.05946136309753673 0.033257403045606364
0 0.545988 0.297131 0.05123460000000006 0.035245900000000004
0 0.4685190000000001 0.072541 0.05061729999999996 0.05327869999999999
0 0.45679 0.0180328 0.025925900000000064 0.034426200000000004
0 0.6876426189222398 0.9026105197731334 0.024866889005909484 0.07885945148007142
0 0.459259 0.183197 0.03703699999999995 0.056557400000000015
0 0.6470056664194606 0.9582412052210396 0.02832205900473944 0.06860033371144449
0 0.32314800000000005 0.640984 0.026543200000000024 0.07377049999999997
0 0.616358 0.92541 0.04876539999999994 0.03934430000000009
0 0.4981043317608683 0.5113819839542383 0.0283071635217366 0.07194506790847643
0 0.4592886806794055 0.3010572023911454 0.04808903864118896 0.04870519521770912
0 0.5073206960564598 0.2543124864727993 0.03956865483211456 0.05963259537433437
0 0.520988 0.39672100000000005 0.05555560000000003 0.04754100000000001
0 0.3789945954195172 0.2439827439908113 0.028359790839034307 0.08632708798162263
0 0.5224208977663684 0.8526961352672675 0.026762104467263584 0.06915576987413553
0 0.4361564467380493 0.6278087153970165 0.03385990652390148 0.07389106920596684
0 0.3540636863510035 0.8401522204840338 0.0513366727020069 0.03440304096806773
0 0.568519 0.340164 0.03827160000000001 0.0606557
0 0.47150533398718625 0.8546131541682853 0.029430967974372484 0.07618275078859452
0 0.415432 0.0303279 0.034567900000000006 0.059016400000000004
0 0.803990908736337 0.10736128583585673 0.026837715436030616 0.04945201327137934
0 0.6457303764744602 0.8926324252796985 0.0381695470510794 0.0721112494406028
0 0.7089495085691543 0.39454840215029396 0.035497507348263416 0.07175316850649789
0 0.704321 0.744262 0.04074069999999996 0.05901639999999998
0 0.557407 0.8872950000000001 0.04320989999999994 0.0663934000000001
0 0.436728 0.77459 0.04876539999999994 0.04754099999999996
0 0.628704 0.753689 0.05246910000000002 0.048360700000000076
