0 0.20877677031249994 0.5333057703703703 0.07111173489583346 0.07775957148148138
0 0.45039171002745865 0.6013668491870376 0.04694874531533403 0.09283603894073915
0 0.2279966630208333 0.619165374074074 0.08840917130208344 0.04859966629629606
0 0.1627285628072156 0.47440531502966077 0.07206719305181082 0.0761857725785101
0 0.6138267463541667 0.03499411789351854 0.03939969031250001 0.06998823578703708
0 0.3567665192708333 0.7466042472222223 0.08264335916666674 0.042119745925925954
0 0.36205175624999997 0.086187312037037 0.08360435380208327 0.0410397152777778
0 0.05262020156250007 0.2600673712962962 0.0932139888020835 0.04103971527777775
0 0.15592440052083342 0.9129226425925925 0.08264335916666674 0.050759727592592466
0 0.12949665885416656 0.7892639425925926 0.0797605309375001 0.060479608148147936
0 0.2294382328125001 0.45446629999999993 0.07399471880208329 0.08207956231481485
0 0.11027832291666671 0.6931442453703703 0.049009480989583194 0.08207956231481475
0 0.10835571093750004 0.6110648148148149 0.06822890666666671 0.06479959898148151
0 0.35820808906249996 0.0258139562037037 0.08360435380208339 0.0516279124074074
0 0.24241080416666658 0.7547034888888889 0.07687754703125003 0.07127965111111086
0 0.02607000779947916 0.10346753888888885 0.05214001559895832 0.0604796081481482
0 0.4538249536458334 0.15530690185185184 0.061502099895833356 0.0842394918518518
0 0.028472221953125043 0.9853515152777778 0.056944443906250086 0.029296969444444626
0 0.33466504375 0.6423839907407407 0.06150209989583324 0.05399968777777773
0 0.15544335833333336 0.4355654342592593 0.06054110526041659 0.05507971842592583
0 0.06731777608234234 0.16011402994272075 0.047653735758434596 0.1005450489108547
0 0.2784469354166666 0.6915249240740741 0.05861911598958329 0.08315959296296285
0 0.3836737463541666 0.8038431046296296 0.09033116057291662 0.048599666296296265
0 0.2606701692708333 0.5133257962962963 0.07687754703125003 0.0377997550925928
0 0.16313069270833339 0.7206845657407407 0.06438492812500023 0.08747945203703685
0 0.16313069270833344 0.545725398148148 0.07399471880208329 0.07667954083333339
0 0.2001289083333333 0.885923852777778 0.08456534843750016 0.05507971842592593
0 0.11572151484662782 0.028486431429170584 0.11692154369216112 0.04659519396945226
0 0.2861358265625 0.5889253064814816 0.07783854166666669 0.07019962046296298
0 0.2568265020833333 0.037693963935185204 0.07303372416666663 0.07538792787037041
0 0.057424396354166754 0.8286836777777778 0.054775293125000006 0.09611943370370378
0 0.2207888140625001 0.9388436416666666 0.08168236453124986 0.04859966629629647
0 0.10066837656249993 0.4112663916666666 0.045165502447916714 0.06911958981481486
0 0.13766503541666655 0.968071288425926 0.07111173489583335 0.06385742314814812
0 0.10403100156249998 0.5106247314814815 0.0499704756250002 0.09503940305555537
