0 0.3469018570177123 0.13742946113502838 0.08683456804675167 0.07345767753980713
0 0.43380604342217005 0.9989759067713302 0.07858684025736504 0.002048186457339322
0 0.7820697677083334 0.5781933324074074 0.05211548770833332 0.07473519287037052
0 0.4181920791078777 0.8912627486483362 0.05439036575707104 0.11033333212864199
0 0.5747504561964134 0.143341908351647 0.05690686462826188 0.08098261036095801
0 0.43183938685944534 0.6685906136222716 0.06673807242694245 0.11181219951471653
0 0.05546135283883699 0.022031742858412192 0.07796137374953993 0.044063485716824384
0 0.1294939852540826 0.5758094540600068 0.06652901040399874 0.10797025710149573
0 0.4784805530817632 0.15758553119168275 0.07400840943882728 0.10803653550366744
0 0.07829677584269194 0.8705745715251051 0.08732286358911949 0.06736643315143316
0 0.11714260854226347 0.8277877829018974 0.1038029138253016 0.055141636401945485
0 0.3674164364809762 0.9315008471326955 0.04548882901721427 0.10787103341979387
0 0.41188445113985234 0.9708083058663659 0.04673848920569578 0.052276385154344865
0 0.372185606457471 0.2288036453918616 0.05602230196564643 0.10606571976479467
0 0.08997537499999998 0.7719966851851852 0.0896385983333334 0.04940116370370375
0 0.18807821339555483 0.6747775052812734 0.06335607802791886 0.12142629432532653
0 0.3435163331450551 0.7933061266738363 0.09174141764616218 0.07423562084889294
0 0.3069296579013977 0.9659261728876939 0.08789317660363191 0.06814765422461228
0 0.2096101856081297 0.2734051416283939 0.08156676287800278 0.08136215147302395
0 0.2609717655352036 0.6636007668263285 0.0742560484413243 0.0968650666095218
0 0.5212344151081774 0.24170353022812038 0.056022301965646545 0.11681562379501029
0 0.5357559854861146 0.09120487380510103 0.09538534045203484 0.058407811897505095
