0 0.606481 0.8737700000000002 0.03888889999999997 0.02295080000000005
0 0.645679 0.52418 0.05061730000000003 0.04344260000000006
0 0.580556 0.010245899999999999 0.026543200000000024 0.0188525
0 0.534259 0.763525 0.029012299999999974 0.03360660000000008
0 0.600617 0.59918 0.03827160000000001 0.06721310000000004
0 0.483642 0.377459 0.026543200000000024 0.06967209999999999
0 0.607407 0.8450819999999999 0.05679009999999999 0.03114749999999992
0 0.547531 0.347541 0.04197530000000002 0.036065600000000024
0 0.27284 0.47377 0.059259300000000036 0.03442620000000007
0 0.691049 0.784836 0.020370399999999924 0.03032789999999992
0 0.572839 0.763525 0.05555560000000003 0.03688519999999993
0 0.453395 0.745492 0.026543200000000024 0.07295080000000005
0 0.567901 0.646311 0.027160499999999983 0.07295080000000005
0 0.524074 0.386475 0.05555560000000003 0.03688520000000002
0 0.579012 0.361066 0.024691400000000033 0.07786880000000004
0 0.453704 0.347131 0.034567900000000006 0.06803279999999996
0 0.274691 0.441393 0.05185190000000002 0.040163900000000086
0 0.542284 0.9004099999999999 0.05493830000000007 0.031967200000000036
0 0.4990740000000001 0.884836 0.03271610000000001 0.04180330000000013
0 0.534877 0.726229 0.04135800000000006 0.06065569999999991
0 0.470679 0.688115 0.05 0.035245900000000004
0 0.454321 0.178279 0.04197530000000002 0.05327870000000002
0 0.569136 0.233197 0.05185190000000002 0.035245900000000004
0 0.486111 0.761475 0.03888889999999997 0.0606557000000001
0 0.470988 0.140984 0.04320989999999994 0.05901639999999998
0 0.525617 0.802869 0.05 0.040163900000000086
0 0.460802 0.404918 0.04506170000000007 0.049180300000000024
0 0.505864 0.604918 0.04259259999999998 0.05901639999999998
0 0.524691 0.316393 0.05555560000000003 0.040983600000000016
0 0.487037 0.72541 0.06296300000000005 0.0540983999999999
0 0.572222 0.27377 0.05432099999999997 0.04262290000000003
0 0.610494 0.908197 0.055555599999999955 0.049180299999999885
0 0.565123 0.49016400000000004 0.05 0.057376999999999935
0 0.650926 0.19631100000000004 0.024074100000000074 0.048360700000000006
0 0.366975 0.05409839999999999 0.033950600000000046 0.06393440000000002
0 0.430556 0.125 0.045061699999999934 0.07131149999999999
0 0.418519 0.0356557 0.03580250000000006 0.0696721
0 0.526543 0.136475 0.05308640000000005 0.030327900000000015
0 0.283642 0.0827869 0.029012299999999974 0.02950819999999999
0 0.462037 0.610656 0.04753090000000005 0.05245900000000004
0 0.733333 0.533607 0.058024700000000116 0.02950819999999999
0 0.364815 0.634016 0.05308640000000005 0.02868850000000006
0 0.244753 0.022131099999999997 0.04382719999999997 0.0426229
0 0.712963 0.14959 0.055555599999999886 0.03688520000000002
0 0.523148 0.959426 0.03641980000000002 0.0663934000000001
0 0.391358 0.186066 0.04074069999999996 0.06065569999999998
0 0.164506 0.603279 0.02901229999999999 0.06885250000000008
0 0.651543 0.635246 0.045061699999999934 0.05081969999999993
0 0.19382699999999997 0.738525 0.03209879999999998 0.07377049999999997
0 0.202778 0.341803 0.04753089999999998 0.04262290000000003
