0 0.531173 0.0127049 0.029012299999999974 0.0237705
0 0.6186067976190476 0.9353434324746293 0.04673740476190474 0.05882113505074171
0 0.562654 0.0188525 0.03271610000000001 0.0360656
0 0.5609721850461267 0.606737682557197 0.05157347009225337 0.033146865114393735
0 0.663349855324922 0.5428884498558818 0.03132498070818069 0.07167220855701664
0 0.562037 0.563115 0.05123460000000006 0.04262289999999994
0 0.6895060000000001 0.234836 0.05308640000000005 0.030327900000000015
0 0.575309 0.50082 0.04197530000000002 0.0606557000000001
0 0.570988 0.761885 0.05555560000000003 0.03688519999999993
0 0.6470802122036057 0.425429430757221 0.019420075592788383 0.08192833848555824
0 0.3421823718118301 0.6664791230363898 0.030450756376339674 0.03589465392722039
0 0.579012 0.70123 0.05432099999999997 0.045081999999999914
0 0.43381344307270236 0.45927660681759036 0.0298843817362336 0.0689565443663805
0 0.64321 0.523771 0.03333329999999994 0.06885250000000008
0 0.542593 0.788934 0.06913580000000001 0.03688519999999993
0 0.707407 0.268443 0.04074069999999996 0.04836069999999998
0 0.604938 0.534016 0.03209880000000005 0.06967210000000008
0 0.37831433495002936 0.8329136429547229 0.05539366990005881 0.03304078590944576
0 0.353086 0.586066 0.03333329999999994 0.0754097999999999
0 0.612346 0.771311 0.05061729999999996 0.040983600000000016
0 0.6465373064136479 0.6283686517294181 0.034086687172703724 0.05965569654116367
0 0.3967078497942387 0.422163427081707 0.050205699588477405 0.041049154163413995
0 0.42632754515481097 0.5369891238745772 0.03499880969037822 0.060447152250845765
0 0.503395 0.385656 0.026543200000000024 0.08278689999999997
0 0.234259 0.936475 0.03271610000000001 0.035245899999999816
0 0.46697500000000003 0.0860656 0.05 0.03278690000000001
0 0.545988 0.0860656 0.03271610000000001 0.0606557
0 0.5211698804289332 0.15648895956284153 0.031735139142133634 0.07390688087431696
