0 0.529938 0.9967210000000001 0.03271610000000001 0.006557380000000105
0 0.6409715297644388 0.0557000151545129 0.040279940471122454 0.05581306969097418
0 0.552161 0.875 0.026543200000000024 0.048360700000000076
0 0.412654 0.11311499999999998 0.026543200000000024 0.07377049999999999
0 0.477469 0.22458999999999998 0.026543200000000024 0.04262290000000001
0 0.57555318347169 0.866369652760505 0.022966733056619833 0.06889909447899006
0 0.435185 0.129098 0.029629599999999933 0.0745902
0 0.445988 0.882377 0.05370370000000001 0.03360659999999989
0 0.57963 0.718443 0.034567900000000006 0.035245900000000004
0 0.399691 0.8672130000000001 0.03641980000000002 0.06393440000000007
0 0.640432 0.531557 0.026543200000000024 0.06803279999999996
0 0.578086 0.317623 0.027777799999999943 0.06803279999999996
0 0.505556 0.219672 0.03703699999999995 0.06885249999999998
0 0.311728 0.978279 0.03703699999999999 0.04344260000000006
0 0.555864 0.67623 0.027777799999999943 0.0754097999999999
0 0.5937205535227756 0.49551983340870553 0.0273729929544486 0.069615133182589
0 0.47716 0.0856557 0.025925900000000064 0.07950819999999999
0 0.616975 0.933197 0.03271610000000001 0.05
0 0.70216 0.407377 0.04135800000000006 0.05737700000000003
0 0.324383 0.547951 0.047530900000000015 0.06967210000000008
0 0.542284 0.180738 0.05493830000000007 0.05327869999999997
0 0.531482 0.442213 0.04691359999999995 0.058196700000000004
0 0.691049 0.740574 0.03148150000000009 0.03852459999999998
0 0.424383 0.817213 0.040123500000000034 0.07049179999999991
0 0.48425900000000005 0.9004099999999999 0.026543200000000024 0.06803279999999996
0 0.450309 0.613934 0.035185199999999965 0.03770490000000005
0 0.341358 0.49344299999999996 0.04938270000000004 0.05081969999999993
0 0.467901 0.022950799999999997 0.03950619999999993 0.0442623
0 0.658025 0.404918 0.0493826999999999 0.04426229999999999
0 0.610185 0.27459 0.04382720000000004 0.05245900000000004
0 0.596296 0.663934 0.044444399999999974 0.06557379999999993
0 0.401235 0.531967 0.03827160000000001 0.07868850000000006
0 0.51142 0.709016 0.04259259999999998 0.05901639999999998
0 0.534568 0.390164 0.04691359999999995 0.05737700000000003
0 0.429938 0.355328 0.04135800000000006 0.05819669999999996
0 0.739815 0.735246 0.029012299999999974 0.06557379999999993
0 0.544136 0.132377 0.05 0.05163930000000002
0 0.493519 0.49467199999999995 0.05246909999999995 0.035245900000000004
0 0.483333 0.818033 0.05308640000000005 0.05737700000000003
0 0.5630555217823188 0.802869 0.05308640000000005 0.05819670000000005
0 0.550926 0.0282787 0.03641980000000002 0.054918
0 0.54784 0.966803 0.04382720000000004 0.045081999999999914
0 0.791667 0.893033 0.040123500000000034 0.07295080000000005
