0 0.41888020833333334 0.26659297777777774 0.03094459635416668 0.0057027995370370795
0 0.4148673681601024 0.22568597694405199 0.02611044597146191 0.016890178426710714
0 0.4795832092739224 0.16323732652890424 0.03331658926465527 0.016764821571821194
0 0.4457155587596247 0.08841305507174439 0.02288062088852847 0.019105370377756812
0 0.38516616673341164 0.13907933844262665 0.029380739636017356 0.017569012033772285
0 0.44351549905880466 0.20904905992906073 0.02121835355901993 0.013074904308800017
0 0.4279135887572621 0.04295760283849423 0.02437860271423382 0.013748956435944138
0 0.5238456263390052 0.2355905848577577 0.020345335863656246 0.00980244824744766
0 0.3339036357423929 0.22994222334495956 0.01789381890000309 0.019425572115931464
0 0.41525695445716054 0.1329477801562082 0.027085179427873505 0.016063453865097232
0 0.39722439585187247 0.14997899826226385 0.03362060643188721 0.008577761921485547
0 0.4325337047509494 0.0556082283424408 0.024003317168398947 0.01828415047965999
0 0.47099180021126824 0.22532598161960768 0.035103174781973105 0.01649038951599677
0 0.46550012545816 0.20840016248468424 0.024510947000346603 0.020315822438038953
0 0.4818943182842209 0.11701774368201714 0.023858425200004044 0.016116820821459637
0 0.1879972007572319 0.003887988966985428 0.017673568181130507 0.0040722688784153
0 0.4402887448309353 0.1640607157155161 0.01672045372623234 0.020866479937717643
0 0.3729479658375696 0.006488596690953247 0.03472695019365778 0.00927348967820279
0 0.28545703125000005 0.26571580925925925 0.022103255208333353 0.0074575112037037015
0 0.37629145264485886 0.16315347745735442 0.026009594685250253 0.018838535595944523
0 0.43339522443503237 0.09551086026795012 0.022293938301643064 0.021240048632254767
0 0.4752961669274079 0.19725013585836226 0.021605419792315908 0.012657622087094809
0 0.3991881510416667 0.17809020648148152 0.03094459635416668 0.010308897592592577
0 0.38429066480951946 0.05864189625075894 0.01824701475883567 0.020038801608986027
0 0.45605088274772676 0.05861926062044627 0.03281812375654341 0.015487647550850019
0 0.303943359375 0.1159078425925926 0.016476953125000016 0.0065801553703703376
0 0.42298160851781763 0.21796134164158973 0.03725434426721931 0.016383655603271888
0 0.402373538808608 0.015753211907255614 0.028474486471382517 0.017274503629326043
0 0.3984953688810594 0.031567376726624165 0.020717170053785358 0.01596645328627808
0 0.32397892198091577 0.15915095573017077 0.02288062088852841 0.01318163822152493
0 0.3699810934579298 0.23708109378995962 0.027469258396640404 0.018226895660821422
0 0.34535877502042484 0.013846909153005463 0.022236240657528286 0.01286192698846387
0 0.42478957793292005 0.18752076985312266 0.037940744407506874 0.012584048068917648
0 0.44253946684477813 0.006370504991679377 0.02039293108538954 0.00903733303891431
0 0.3885550224771788 0.23686418211690005 0.024949758496024307 0.017749320622688854
0 0.45275574980224875 0.23832083549386407 0.03402759003934997 0.01131379474883908
0 0.3955199161577782 0.2634353652969216 0.030243370809443646 0.012018318850601398
0 0.5067305477957006 0.06679943774495248 0.028551885895086806 0.01633028864690943
0 0.4902056549317634 0.18834268086043046 0.03754768556066204 0.010620024316127357
0 0.32383593750000006 0.08750342407407406 0.02009388020833332 0.020398449537037053
0 0.3728599701826398 0.1322441490098389 0.028337990288682256 0.017004337652306346
0 0.3989178264380598 0.056847677595628414 0.019429007617707585 0.021691901942926535
0 0.497361805203057 0.26151122933615395 0.018614639513080237 0.015641420819808825
0 0.4433535609242291 0.25639671297707467 0.02682237311013894 0.017962338785102203
0 0.5259777981649976 0.2542917507695146 0.02330273174666188 0.012246009316806944
0 0.42627374482340613 0.07253797219595515 0.020175752540687774 0.010409729774756366
0 0.4137666117276385 0.05071911050394657 0.021054247798656493 0.021449984820886465
0 0.5216313076982768 0.08934110644288738 0.02886673888338181 0.01159237026105123
0 0.4365631510416667 0.2506910203703704 0.02290703124999999 0.018205073333333363
0 0.4860260979177931 0.25588739326376514 0.019801650142556148 0.019549964281967095
