0 0.6472561193177763 0.2911494361792855 0.05708984514379506 0.04311570169620017
0 0.586111 0.523361 0.024074099999999935 0.03852459999999998
0 0.581481 0.25 0.05308640000000005 0.040983600000000016
0 0.540432 0.990164 0.035185199999999965 0.019672099999999894
0 0.483025 0.568033 0.035185199999999965 0.036065599999999934
0 0.564815 0.185246 0.05432099999999997 0.03442619999999998
0 0.530864 0.635656 0.028395100000000045 0.041803299999999946
0 0.618519 0.104098 0.05308640000000005 0.0508197
0 0.5265085172665623 0.09834334036019396 0.05548583453312474 0.03997921630108519
0 0.541358 0.220902 0.04814809999999998 0.030327900000000015
0 0.523765 0.889754 0.029012299999999974 0.06311479999999989
0 0.552161 0.883607 0.031481499999999954 0.06229510000000014
0 0.586728 0.744262 0.024074099999999935 0.06393440000000007
0 0.5923407320841552 0.864972467368319 0.051347464168310285 0.057813334736637946
0 0.626852 0.0438525 0.05123460000000006 0.048360700000000006
0 0.60679 0.0655738 0.055555599999999955 0.03278690000000001
0 0.65463 0.330328 0.024074100000000074 0.027868899999999974
0 0.492284 0.638934 0.05123460000000006 0.03360660000000008
0 0.522839 0.014344299999999997 0.05061729999999996 0.027049199999999995
0 0.384259 0.532377 0.020370400000000066 0.04344260000000006
0 0.579012 0.132787 0.029629599999999933 0.07377049999999999
0 0.511728 0.321721 0.05185190000000002 0.04344259999999996
0 0.46265400000000007 0.140574 0.024074099999999935 0.0745902
0 0.516667 0.256967 0.05308640000000005 0.041803300000000036
0 0.506481 0.165984 0.04135800000000006 0.06311479999999997
0 0.602469 0.9848359999999999 0.027160499999999983 0.03032790000000011
0 0.443827 0.695492 0.025925900000000064 0.07950819999999999
0 0.624384759308569 0.7906467179479095 0.049996781382862066 0.05641226410418087
0 0.41234599999999993 0.15 0.04074069999999996 0.04426229999999999
0 0.596914 0.639754 0.03333329999999994 0.05819670000000005
0 0.415123 0.435246 0.026543200000000024 0.07213109999999998
0 0.454938 0.590164 0.034567900000000006 0.07049180000000001
0 0.608642 0.709426 0.05061729999999996 0.056557399999999945
0 0.798765 0.430738 0.032098799999999914 0.04672130000000003
0 0.6901539095357883 0.36890197962427745 0.0579642809284236 0.044162340751445095
0 0.491358 0.204098 0.030864199999999994 0.07377050000000003
0 0.48002960174317505 0.09042367041676287 0.030203359546165955 0.07429004083352574
0 0.546296 0.9618850000000001 0.05555560000000003 0.04672129999999984
0 0.568519 0.493852 0.04814809999999998 0.05163929999999992
0 0.492901 0.03565569999999999 0.04135800000000006 0.0631148
0 0.694444 0.8553280000000001 0.029629600000000075 0.03852459999999998
0 0.4990740000000001 0.768033 0.05617279999999996 0.04426229999999999
0 0.322222 0.156967 0.03580250000000003 0.06967209999999999
