0 0.5398148040123457 0.3670919931770954 0.030246891975308627 0.07729181364580928
0 0.645683219909581 0.05839296854075272 0.03332436018083809 0.04059106291849456
0 0.493519 0.254098 0.04135800000000006 0.055737700000000015
0 0.6358457012563031 0.5912721628492265 0.04929529748739337 0.03384887430154685
0 0.6048385146105025 0.3278979543177095 0.021188070778994945 0.09010669136458092
0 0.5606285002217006 0.16879474710228587 0.02666475561641452 0.07552530579542831
0 0.442593 0.152869 0.044444399999999974 0.0598361
0 0.6486132207572596 0.19428539345416762 0.04254055552947314 0.06975292586007853
0 0.6449532229394888 0.3789424825040406 0.024909054121022327 0.04211493499191868
0 0.587963 0.17950799999999997 0.033950600000000046 0.0655738
0 0.53179 0.266803 0.05617279999999996 0.028688499999999967
0 0.510185 0.446311 0.031481499999999954 0.031967200000000036
0 0.409568 0.65123 0.031481499999999954 0.031967200000000036
0 0.461111 0.019672099999999998 0.04197530000000002 0.0377049
0 0.3981481101851852 0.6193488932809975 0.05555547962962961 0.03343341343800511
0 0.5150539342244828 0.07158853333525744 0.05636417170057378 0.0427383689101824
0 0.625617 0.160246 0.03765430000000005 0.07131149999999999
0 0.715258069048861 0.4409258950531054 0.023804261902277888 0.0460171098937889
0 0.616358 0.0598361 0.029012299999999974 0.04426229999999999
0 0.660185 0.11311499999999998 0.026543200000000024 0.055737700000000015
0 0.668839982876891 0.22269691667628724 0.03164710779864377 0.07180773672362044
0 0.455247 0.982377 0.05246909999999995 0.035245899999999816
0 0.370679 0.15 0.021604899999999955 0.031147500000000012
0 0.523765 0.101639 0.05370370000000001 0.04262290000000001
0 0.4533774756085899 0.4552934003925191 0.04873105121717963 0.04993040078503815
0 0.500926 0.179918 0.029012299999999974 0.08442619999999998
0 0.444753 0.289344 0.031481499999999954 0.07377049999999997
0 0.261728 0.515574 0.034567900000000006 0.03770490000000005
0 0.292284 0.976229 0.025308600000000035 0.04754099999999996
0 0.344444 0.0315574 0.05308640000000005 0.03196720000000001
0 0.661728 0.653689 0.030864199999999994 0.07459019999999991
0 0.523148 0.0188525 0.05123460000000006 0.0360656
0 0.836728 0.22991799999999998 0.048765400000000084 0.02377049999999998
0 0.613272 0.833197 0.024074099999999935 0.06967210000000008
0 0.4472007072422188 0.5536538786712075 0.026726227560424233 0.06482334265758476
0 0.6558639999999999 0.555738 0.03148150000000009 0.06721310000000004
0 0.341358 0.0655738 0.060493799999999966 0.0377049
0 0.416667 0.0614754 0.028395100000000045 0.0721311
0 0.458951 0.8922130000000001 0.03641980000000002 0.03688520000000012
0 0.332716 0.82459 0.030864199999999994 0.02950819999999999
0 0.47284000000000004 0.42950800000000006 0.04938270000000004 0.05245900000000004
0 0.521914 0.981967 0.04259259999999998 0.036065599999999934
0 0.524074 0.789754 0.023456799999999976 0.07459019999999991
0 0.45463 0.186475 0.05123460000000006 0.05819669999999998
0 0.212346 0.0409836 0.03333330000000002 0.0327869
0 0.604938 0.729098 0.03209880000000005 0.06639339999999992
0 0.3743830000000001 0.77541 0.05370370000000001 0.04590159999999991
0 0.609877 0.986066 0.07037039999999993 0.026229499999999833
0 0.773148 0.807787 0.03765429999999991 0.04672130000000003
0 0.830247 0.857377 0.04691359999999995 0.05901639999999998
0 0.159877 0.8770489999999999 0.06172839999999999 0.04754099999999996
