0 0.5098766040123457 0.9811477889344263 0.029629508024691314 0.03606507786885231
0 0.6622733844956068 0.7035888347363758 0.06217328439550667 0.03278688524590164
0 0.5616955024888713 0.17012200448417433 0.0348661272284718 0.07119354744780595
0 0.7641432641432641 0.6010928961748633 0.055171166282277376 0.03572929802437995
0 0.5700748425229699 0.009536155016014907 0.03521158504594002 0.019072290032029822
0 0.540145955820661 0.9869513651918074 0.03977196264110463 0.026097469616385125
0 0.7098710070241316 0.9817896268974272 0.02502235736387087 0.03724651233224591
0 0.5967078189300411 0.7268563162970106 0.028443476155894414 0.07634201221472203
0 0.37539604501256413 0.41164949949223845 0.0290615098874686 0.08312781082257366
0 0.5087041477928768 0.4578959782993277 0.05972999378275157 0.0368557612926053
0 0.6130079161458677 0.22704772442710303 0.044076047628445525 0.06595230469091228
0 0.5122399138494673 0.5879423931362036 0.026825891311872605 0.07686022164342986
0 0.5603707961230621 0.23449162823937922 0.07300350483959381 0.031048306124974487
0 0.4928903045822664 0.3578635999225942 0.055170403680802796 0.03704420424073201
0 0.498765 0.9573770000000001 0.05432099999999997 0.0540983999999999
0 0.5433764287052651 0.36982003151521853 0.02997938916994568 0.06925054598733865
0 0.4575785546709742 0.5767070118992902 0.051536479366178216 0.05541085746386805
0 0.44156955501711476 0.591453449772739 0.05201723010653435 0.06217762116337262
0 0.39784 0.484426 0.05370370000000001 0.04590159999999991
0 0.5552025336883726 0.7249142826529519 0.03721859114015974 0.05826100932176153
0 0.6609518456061458 0.36885245901639346 0.052359835946120335 0.05791612528681613
0 0.6180854868302391 0.9734308543585086 0.02679198930248474 0.051498947020687955
0 0.5455559401561478 0.5712808334610081 0.03519095419406953 0.07443440069455085
0 0.6694444098765433 0.030737675000000006 0.03271598024691361 0.06147535000000001
0 0.6708440234195119 0.1950179075794194 0.05427274521413056 0.05430509856448186
0 0.6218991577247028 0.4613528420407538 0.03346025152878732 0.06779531178182924
0 0.42901234567901236 0.8814890710382512 0.04561042524005489 0.0708105646630237
0 0.5109234518094892 0.7295564819913211 0.05860152316226903 0.03540140285545907
0 0.416049 0.9758200000000001 0.029629599999999933 0.04344260000000006
0 0.6714492270047826 0.7458277950081228 0.04738071404738065 0.05434943139861171
0 0.6272835660166917 0.6092640825289822 0.041536863966770504 0.06409274296511919
0 0.29013307180493053 0.639139982636229 0.03528710434214069 0.05873040192022871
0 0.5456821220885033 0.9403518189701449 0.044313835245825176 0.0633852252549861
0 0.3760612005506062 0.04225599879513673 0.0471847011012126 0.07467599759027346
0 0.5574214012501166 0.847028946607755 0.05877413937867341 0.03943510756906305
0 0.3428744260221617 0.12349848479316514 0.05086749704418601 0.04618642520719997
0 0.7984570000000001 0.805738 0.05 0.04754099999999996
