0 0.13492704972458816 0.38732499017132926 0.08645987121664624 0.06724515144318348
0 0.6139520270175051 0.2011337550220906 0.09520563184863123 0.05762035947671575
0 0.8615392446844993 0.3770812251231195 0.05669974565615045 0.05862510962693122
0 0.6627307350842842 0.9026596549911322 0.07436762610606837 0.06664726401191935
0 0.35270494642056804 0.0014323221939680447 0.07181350079452381 0.0028646443879360895
0 0.6839349014315362 0.013297916676225282 0.04702003449737795 0.026595833352450565
0 0.7964723764085005 0.8992517909764164 0.057730739927205 0.11637993832326708
0 0.5993934609865713 0.9984437414118171 0.044589120370370355 0.003112517176365541
0 0.3993559607078698 0.909030256719695 0.08712287709105743 0.05828685610952275
0 0.7061124960430517 0.24845445487521986 0.06097657486546382 0.08424797222611434
0 0.37914457546039426 0.048211043781973814 0.06680990991122068 0.09642208756394763
0 0.741504984974009 0.9814031892116447 0.0883959754710851 0.03719362157671071
0 0.5517279656249999 0.922760888888889 0.06242478635416677 0.08274138148148125
0 0.4930053843134069 0.6625455373406193 0.08370238385315136 0.05143722238200262
0 0.1754276295685124 0.002144688512567078 0.04100825591818437 0.004289377025134156
0 0.6279986708773282 0.8530528538427123 0.08385808384638302 0.06109302685584634
0 0.875377742588413 0.9777939055859136 0.05126175044817387 0.04441218882817271
0 0.5552397749751424 0.008437257660192293 0.0642688508157176 0.016874515320384587
0 0.6080545945990375 0.24870031923777497 0.09296376374061914 0.05792839800102751
0 0.7296664393311066 0.9285042544634584 0.08130396615043586 0.06166180072699932
0 0.6192002766655543 0.4960419435829269 0.09908693415637858 0.05088285006317779
0 0.5092089730399917 0.18588342440801459 0.08130209982061855 0.09377967711301044
0 0.7562376475525231 0.7236075160579042 0.10795260721247561 0.051752788163486864
0 0.5571511364251677 0.8266397437126515 0.0623204664825644 0.08678058990828622
0 0.6469195243907493 0.029910825575544576 0.04567483362875902 0.05982165115108915
0 0.6744909268735108 0.6401403668552073 0.06857858863980937 0.07920701115265401
0 0.45821179948947904 0.537370118339806 0.06964128862877542 0.08032042249487333
0 0.8822867704667026 0.6790181724622917 0.07071655544952714 0.09359660813201016
0 0.6940475586149014 0.988976767967277 0.08057332277452882 0.022046464065446286
0 0.7928737376813947 0.67138137922219 0.053976303606237626 0.05648627488575705
0 0.4340347171291203 0.1853491496690653 0.056705195982561206 0.06340060235531753
0 0.5698044443125461 0.3474611959584636 0.07240968265273828 0.09347220276182013
0 0.765067104623914 0.06163816366457532 0.05298398562528585 0.11575128179181005
