0 0.7335991398874365 0.3743814511232544 0.01462815450254169 0.011324065145183753
0 0.7389583196759258 0.5189659521717517 0.005462935648148104 0.004255405917577461
0 0.7669888488247864 0.47466934344495826 0.01592269853988609 0.01120371829900522
0 0.8527489044199114 0.4170919737518098 0.009083051400759719 0.010478453442934315
0 0.906938562974906 0.3656818554164531 0.009913357018937792 0.010565179629202564
0 0.820724195690597 0.35516296271235553 0.008091984331056897 0.020134113972653724
0 0.7592994719441459 0.3912183787365737 0.013329525164012068 0.011775663378617669
0 0.7769721280680482 0.395196397851794 0.013447397670487977 0.008242349003961057
0 0.7660654964610044 0.4503377900086404 0.011285417779558434 0.017390119272803713
0 0.7420982929412205 0.3461265452583399 0.008397646761133614 0.010296140203387824
0 0.8160122208605665 0.30722676479517125 0.015481742465504785 0.012764406764527317
0 0.761818953108863 0.5163345092285507 0.00993292268852386 0.009124700308953388
0 0.8886680890879197 0.3472868753156405 0.01401373384677503 0.01284656611567901
0 0.7883685789372277 0.30352653773228505 0.009066553753177213 0.008542794030768953
0 0.7826553156225657 0.37371164981759764 0.007839354057631571 0.016335210179619516
0 0.7472332120281339 0.5128603835353324 0.011769664797008517 0.016466543190416082
0 0.7585643811013283 0.4194851808763589 0.010978657484843524 0.01772308520712266
0 0.787735406571548 0.41058028072026703 0.007672688877957867 0.008835716062574024
0 0.780674982750178 0.4585700873674747 0.011203342013888928 0.01739011927280366
0 0.7556771483562215 0.3049939283545841 0.0063683416562630175 0.02049180327868856
0 0.7631963951310861 0.31187006678809953 0.008209789846025828 0.0174863387978142
0 0.7691814442791004 0.3850241329834909 0.015141024581128804 0.011378462283516962
0 0.878093178125 0.4803627240740741 0.015364595624999922 0.008105650277777883
0 0.721042350367245 0.48795883193839196 0.012677762150336018 0.015390468285259671
0 0.7689139045764669 0.42472412364658324 0.009037086496683954 0.021140646171357746
0 0.761475819644765 0.441269597841063 0.005389094773860374 0.008540156052963413
0 0.7804982231038727 0.4219458382948796 0.014863342152042946 0.0151015965018648
0 0.7979900380291005 0.43274934404545057 0.014429701278659716 0.01025267802931735
0 0.7930954562573487 0.40090573228380605 0.007824556327160555 0.01845482045277125
0 0.8000702103758169 0.3075247665095182 0.010711692084241047 0.018724441051466135
0 0.8174883781250001 0.3710378435185185 0.009560184843750008 0.009118841111111078
0 0.8059724984886472 0.28117843838900497 0.013980388680271953 0.01410143423309762
0 0.7637846580511041 0.497918515102605 0.007708650147792066 0.015657937334839604
0 0.8126020532634349 0.3192710007500268 0.015690955201525015 0.011522732954748363
0 0.7741909972622864 0.4963217468532529 0.009972205528846109 0.018948897470926023
0 0.7619838845963542 0.4857716963773878 0.016418468088719725 0.009457976284503249
0 0.7754478638484715 0.37822922087778643 0.013650632899764877 0.013790857113944547
0 0.7355908451343501 0.3823480302867959 0.01459468046477852 0.008820850744669428
0 0.8251899165193758 0.4333926811085821 0.012025935792336285 0.015696642781487292
0 0.7643884801219871 0.4106558280567843 0.008468134553204129 0.019540398126463708
0 0.7794617596266902 0.35878933920259054 0.011719898221634394 0.014313542660537198
