0 0.435185 0.206967 0.05679010000000006 0.03196719999999999
0 0.541049 0.562705 0.019135800000000005 0.03852459999999998
0 0.312037 0.252869 0.035185199999999965 0.06967209999999999
0 0.540741 0.168033 0.03827160000000001 0.057376999999999984
0 0.429938 0.24098399999999998 0.04629629999999999 0.03442619999999998
0 0.4696217485268683 0.23613295623267602 0.02813289705373653 0.08210171246535204
0 0.45379476728096857 0.48635452090559916 0.05203353456193721 0.048119341811198195
0 0.3961650861811893 0.8640215411419975 0.03667919126856327 0.06652411499168452
0 0.594136 0.662705 0.030246900000000035 0.06967210000000008
0 0.42962999999999996 0.182377 0.06296300000000005 0.03688519999999998
0 0.5441252048070615 0.748361 0.020987700000000026 0.07377049999999997
0 0.6376780103969106 0.0331729684366833 0.02587787920617883 0.040211463126633394
0 0.501235 0.7344400231250496 0.025925900000000064 0.08278689999999997
0 0.442284 0.15041 0.05740740000000002 0.03852460000000002
0 0.521914 0.7655880231250495 0.027777799999999943 0.07622950000000002
0 0.561728 0.119672 0.05061729999999996 0.04590160000000001
0 0.563889 0.563115 0.04382720000000004 0.06557379999999993
0 0.490123 0.807787 0.025925900000000064 0.06639339999999992
0 0.397531 0.115574 0.028395100000000045 0.04590160000000001
0 0.5848662048070614 0.730328 0.025925900000000064 0.07704919999999996
0 0.62284 0.716803 0.04938270000000004 0.040163900000000086
0 0.422222 0.12377 0.04814809999999998 0.04426229999999999
0 0.6 0.262295 0.028395100000000045 0.08032790000000001
0 0.62037 0.7471450231250495 0.04320990000000001 0.05081969999999993
0 0.463889 0.714754 0.05246909999999995 0.036065599999999934
0 0.35501282280670365 0.2084818246614398 0.03787201049680921 0.07246376811594203
0 0.6617908189971373 0.2835984468559436 0.029671776450766456 0.04339944746178826
0 0.48858 0.136885 0.03765430000000005 0.03442619999999998
0 0.525309 0.340574 0.06049379999999993 0.03852459999999998
0 0.279938 0.221721 0.05864200000000001 0.035245900000000004
0 0.518519 0.8266530231250494 0.03209880000000005 0.07049179999999991
0 0.560494 0.528689 0.05185190000000002 0.04590159999999991
0 0.5939611292002147 0.779981530890156 0.039237341599570534 0.04495553821968797
0 0.524074 0.408197 0.03333329999999994 0.06557380000000002
0 0.5084616172645673 0.8980222668210975 0.02628686547086538 0.07116926635780459
0 0.399691 0.0672131 0.04876539999999994 0.0360656
0 0.30955127805659927 0.5740614565276788 0.03521754388680144 0.03384398694464244
0 0.538272 0.694672 0.05432099999999997 0.035245900000000004
0 0.50463 0.21065599999999998 0.04382720000000004 0.05245900000000002
0 0.54537 0.494262 0.05740740000000002 0.040983600000000016
0 0.427778 0.544262 0.05555560000000003 0.03934430000000009
0 0.4131836428535218 0.8882553574463451 0.04029941429295641 0.05955498510730951
0 0.498457 0.391803 0.040123500000000034 0.06229510000000005
0 0.48209899999999994 0.576639 0.04691359999999995 0.05327869999999997
0 0.391049 0.336066 0.029012299999999974 0.07049180000000001
0 0.6373460000000001 0.22909799999999997 0.04382719999999997 0.06311479999999997
0 0.375 0.384016 0.03888889999999997 0.033606599999999986
0 0.27142616075773845 0.4517364512196087 0.024333221515476847 0.0690463024392176
0 0.664198 0.618443 0.027160500000000126 0.05819670000000005
0 0.520988 0.070082 0.03580250000000006 0.0614754
0 0.477778 0.0389344 0.028395100000000045 0.0778688
0 0.441358 0.610656 0.03333329999999994 0.06721310000000004
0 0.703704 0.516803 0.025925899999999925 0.05163929999999992
0 0.382099 0.0217213 0.05432099999999997 0.0418033
0 0.621914 0.123361 0.03888889999999997 0.053278700000000005
0 0.384259 0.570492 0.05246909999999995 0.05245900000000004
0 0.325 0.115984 0.040123500000000034 0.06311480000000001
0 0.5763502500983533 0.14023980696037217 0.023979467580883842 0.024503097091967466
