0 0.548582571875 0.41089061759259254 0.036679226822916654 0.08024812444444443
0 0.9200492380208334 0.9903263927546299 0.04171364192708348 0.019347214490740592
0 0.60575889375 0.9962395607962964 0.04746715932291667 0.007520878407407323
0 0.5133416661458334 0.7589143814814814 0.028048834218749857 0.07349046249999981
0 0.5608091749999999 0.056953938148148156 0.07120079723958336 0.038012247777777765
0 0.7589491197916668 0.41089061759259254 0.028768053020833288 0.03125458583333327
0 0.5651247208333333 0.12030795925925927 0.07983118984375004 0.029565093055555595
0 0.33414859442955724 0.9160394398083431 0.05110595046309605 0.06395407670982725
0 0.6187043661458334 0.1562083925925926 0.040275204322916855 0.043925266388888884
0 0.44897315625 0.027421087615740736 0.034521570416666654 0.05484217523148147
0 0.5904314872660235 0.4485145325474962 0.07025689332874864 0.03198252016600073
0 0.47198745885416665 0.8087530787037038 0.03883676671874999 0.051527777777777756
0 0.5327604572916668 0.5008529648148149 0.0294871553125 0.06419856138888876
0 0.6952994791666666 0.9417957398148148 0.0381176644270834 0.07264571611111095
0 0.6140299682291667 0.6022194398148146 0.06544716333333321 0.0422358766666667
0 0.8693462348958333 0.2520840675925926 0.03811766442708328 0.07517985222222218
0 0.5590114192708333 0.8222677842592593 0.05753598953124997 0.04308062305555567
0 0.5126227968749999 0.392729137037037 0.033802351614583274 0.047304148888888745
0 0.5622469135416667 0.5992627759259258 0.05537844963541663 0.0633538150000001
0 0.27169090624999986 0.9464414842592592 0.058255208333333225 0.04814889527777761
0 0.6316498385416665 0.06117756703703702 0.056097551927083225 0.04477001277777777
0 0.8308686697916667 0.7855233259259259 0.028768053020833288 0.0777139883333332
0 0.6125910645833332 0.6385424009259258 0.06257040463541656 0.037167604444444446
0 0.5029139838541667 0.4543934592592592 0.04459040062500013 0.0743351058333332
0 0.5544504230554107 0.9174184469514899 0.04651903993084569 0.05720143128220543
0 0.40761894895833334 0.23392258703703706 0.06400884223958331 0.04392526638888896
0 0.29182856666666673 0.3044558703703704 0.039555985520833364 0.0599749324999999
0 0.5805868182291667 0.3999090175925925 0.04171364192708348 0.0667326975
0 0.5904378259506806 0.3598389263377558 0.052783866640944525 0.04234330332365993
0 0.4813374197916666 0.5637848703703704 0.04602883822916664 0.05828554277777774
0 0.6691401738718061 0.035798341044837846 0.03326667920194583 0.04131581273782384
0 0.4475354177083333 0.41849302592592585 0.03020637411458349 0.08362700694444432
0 0.6866695526041666 0.7994605592592593 0.036679226822916654 0.07011157999999998
0 0.7129197241824203 0.9704755997685185 0.04602912159400709 0.05904880046296289
0 0.39071794791666664 0.6300949370370369 0.04027520432291674 0.06250906861111123
0 0.7805245187500002 0.9270134509259259 0.04602883822916652 0.06842208722222246
0 0.6046800072916667 0.9599572203703706 0.06832403854166659 0.036322858055555365
0 0.6363254015625001 0.4864932037037037 0.028048834218749857 0.07771398833333341
0 0.4450176276041667 0.48902733981481483 0.039555985520833364 0.07602459861111109
0 0.5724116731602936 0.7465291756179236 0.03504916341899609 0.07967686589378217
