0 0.5137535196014729 0.27725050330744894 0.027723630062811366 0.043715846994535505
0 0.5960601521497183 0.9462339634489596 0.05076014888858113 0.0449017636298596
0 0.5822519112196362 0.9909856756275298 0.052776966739016565 0.018437562775438593
0 0.592593 0.8221309999999998 0.05432099999999997 0.040983599999999926
0 0.552196002227456 0.773655012905237 0.05085301242880445 0.04900660403703861
0 0.5816628838513285 0.871001653699767 0.030295118353806834 0.06863403367401169
0 0.5107601366952988 0.41750132864559913 0.027092761922354616 0.047626834552961864
0 0.5426451617468674 0.7351702407158334 0.05792047650626512 0.04071781678181599
0 0.437963 0.817213 0.025308599999999966 0.06229509999999996
0 0.5574997749599766 0.6464750891367892 0.028210350080046718 0.07918132172642167
0 0.551861088020689 0.8305057029557255 0.030479357162648935 0.049057683659703165
0 0.538622579354084 0.4876129348759249 0.04556509959668726 0.06684109398634558
0 0.5417953721398057 0.21727792055210615 0.0448044557203889 0.06380495889578773
0 0.4085465348973246 0.567944891868689 0.03971552599981522 0.04517395036997665
0 0.6107146443590099 0.8670158169024161 0.030071588718019793 0.05698263380483209
0 0.461656061557657 0.14641596768399023 0.03071992311531385 0.07479973536798047
0 0.544753 0.268033 0.029012299999999974 0.07049180000000001
0 0.3847634001416213 0.6303912350271862 0.04633478033311778 0.03515800662278737
0 0.8250163455251721 0.31133496757060414 0.027018191608015142 0.04226035442520813
0 0.5891015670684401 0.7822636598442418 0.036612665863119995 0.07153848031151627
0 0.35985252087267006 0.018304250150898246 0.025877141745340105 0.03660840030179649
0 0.5524413303823774 0.9037589355841952 0.05148567764847134 0.048497827290380796
0 0.582938233965755 0.2635302872861482 0.04400073206848996 0.059825125427703574
0 0.578086 0.321721 0.033950600000000046 0.07622950000000002
0 0.6147931557288282 0.23928674144377338 0.037470218756768474 0.05924647684785735
0 0.4990917347865577 0.22136633180754178 0.035220506610152365 0.07229838118770371
0 0.48759274652873985 0.720023711213769 0.026630953480496246 0.08646416745022688
0 0.5117230072965734 0.9611412043661339 0.027479141652042717 0.07648706103593463
0 0.6818048206937096 0.6690085870413739 0.028806584362139964 0.07806401249024196
0 0.5546836896885872 0.39965951027043045 0.03899627937717442 0.07309012054086104
0 0.5291701024522029 0.885839584756347 0.0469213326098336 0.07043685190916132
0 0.33553814016754846 0.2423299898711944 0.05626058033509701 0.037119879742388756
0 0.5130430341422678 0.8485754572840443 0.04335770401003658 0.07742972573688763
0 0.3609925011158594 0.18700064724674234 0.04914510223171892 0.03793649449348467
0 0.44671864847303444 0.21182053494391717 0.052631578947368376 0.034800115041702606
0 0.4695052492226225 0.4869997138301787 0.04464148271297066 0.06030006949838527
0 0.4799636795892623 0.06906688227989459 0.04017355917852465 0.06600256455978916
0 0.7101969328036224 0.8163395541437404 0.045281729249433966 0.05828464461966079
0 0.15463 0.8938520000000001 0.05740739999999998 0.05
0 0.4939810966411132 0.6286537753975716 0.04587297189125948 0.06357058174236542
0 0.5967078189300411 0.16364682197296518 0.04418453541260558 0.06614897900488927
0 0.6145114894628546 0.3194925846347426 0.03240218893220707 0.03861045914581533
