0 0.6084180926799957 0.7969569816553025 0.03411978535999125 0.03817656331060487
0 0.625309 0.655738 0.025925900000000064 0.06393440000000007
0 0.6533101304681525 0.6168323153525315 0.03501636093630502 0.05169733070506304
0 0.508642 0.00860656 0.039506200000000075 0.0155738
0 0.745062 0.745902 0.06790120000000009 0.02459019999999991
0 0.594444 0.633607 0.029629599999999933 0.03442620000000007
0 0.375 0.381557 0.030246900000000035 0.040163899999999995
0 0.45432367825849446 0.5550378821304222 0.045684556516988904 0.05269806426084428
0 0.544753 0.194262 0.04135800000000006 0.024590200000000003
0 0.7396509304162568 0.17245764925286522 0.035512939167486025 0.06492110149426956
0 0.449691 0.025 0.05123460000000006 0.04672130000000001
0 0.6989511635529334 0.5249891193964891 0.05298809133617391 0.05113883650079789
0 0.508025 0.170492 0.05679010000000006 0.031147500000000012
0 0.533333 0.134016 0.044444399999999974 0.0647541
0 0.558642 0.131967 0.03827160000000001 0.06393440000000002
0 0.675309 0.9827869999999999 0.024691399999999895 0.03442620000000007
0 0.551852 0.571721 0.06172839999999999 0.035245900000000004
0 0.624383 0.264344 0.06728400000000001 0.03852459999999998
0 0.435185 0.389344 0.05679010000000006 0.031147500000000012
0 0.394136 0.70041 0.021604899999999955 0.06967210000000008
0 0.475926 0.212295 0.04074069999999996 0.0639344
0 0.392593 0.84918 0.03333329999999994 0.06393440000000007
0 0.681173 0.387705 0.05246909999999995 0.040983600000000016
0 0.478704 0.972541 0.04382720000000004 0.054918000000000085
0 0.49784 0.129508 0.045061699999999934 0.05081969999999999
0 0.449691 0.44958999999999993 0.04876539999999994 0.054918000000000085
0 0.495988 0.935656 0.04259259999999998 0.0598361000000001
0 0.438272 0.272541 0.04814809999999998 0.05163930000000002
0 0.309568 0.8762299999999998 0.02901230000000001 0.02950819999999999
0 0.511728 0.365574 0.05802469999999998 0.03442619999999998
0 0.713272 0.319262 0.05987649999999997 0.05
0 0.640741 0.330738 0.03580250000000006 0.07131150000000003
0 0.546914 0.529098 0.03827160000000001 0.056557399999999945
0 0.581173 0.420082 0.04259259999999998 0.04836070000000003
0 0.455556 0.918852 0.04567900000000003 0.07049180000000001
0 0.737963 0.943443 0.05740740000000002 0.03770489999999986
0 0.416358 0.975 0.04135800000000006 0.05
0 0.551543 0.930328 0.05370370000000001 0.03114749999999992
0 0.844444 0.787705 0.04691359999999995 0.03770490000000005
0 0.522222 0.763934 0.03209880000000005 0.0540983999999999
0 0.476543 0.703279 0.04691359999999995 0.04426229999999999
0 0.665741 0.05327869999999999 0.0438271999999999 0.05901639999999998
0 0.270062 0.807787 0.04382719999999997 0.05819670000000005
0 0.358333 0.0635246 0.05617279999999996 0.043442600000000005
0 0.444136 0.820902 0.03641980000000002 0.08606559999999994
