0 0.4404608663429095 0.46697024893746203 0.025463877186823563 0.02513258344196111
0 0.44642648905382015 0.4228338277740261 0.021282507430557138 0.054525927229725504
0 0.39129905008098353 0.952800185963658 0.013813083599466935 0.016621703257869234
0 0.5285695718263023 0.38885932199000334 0.023803189544204528 0.04769478903190342
0 0.394884216595479 0.5192345985951766 0.03468991964581747 0.03255811945890417
0 0.5905476609375 0.23345855981481484 0.0167415704166667 0.01386007870370373
0 0.5291923191801317 0.4662176243968532 0.01628398596442994 0.05332947842851573
0 0.4976476835544185 0.5920849409008587 0.016267126796337135 0.05830783764272688
0 0.3394234739583333 0.5362703833333333 0.03620852156249998 0.028925346481481415
0 0.44046636848523163 0.5028257122062842 0.021784464487870043 0.04881123496812386
0 0.4626496619791667 0.6016540777777778 0.02647504598958328 0.04037490000000006
0 0.5463575140625 0.4859528388888889 0.031147109218750066 0.039169710925925944
0 0.37388020833333335 0.6405218481481482 0.03581917244791662 0.03254098722222217
0 0.4521372989583333 0.3621160407407408 0.03348314083333328 0.03254098722222217
0 0.4757107923604452 0.4944646827490489 0.02215538954994288 0.038115930127727474
0 0.37244642760642477 0.7346037221239825 0.028563719995483676 0.029073790914631453
0 0.5509139934345081 0.6675097708671232 0.021254695370566998 0.05987538426937386
0 0.4903976396082802 0.7048801356428713 0.01905341458995385 0.04910850347923275
0 0.4141768640625 0.6248543166666667 0.03153645833333331 0.03977234222222242
0 0.5102853710966351 0.9170261125699859 0.02752687984952035 0.04960225578595412
0 0.44941191822916665 0.7959958703703703 0.03737656890625007 0.032540987222222276
0 0.41618344809349883 0.837431652539955 0.02309095931199773 0.029213739734904966
0 0.4211848958333334 0.32595963333333333 0.021413633645833367 0.0506193379629629
0 0.5337038255208334 0.23526638018518517 0.01596287218750009 0.017475719444444433
0 0.4218510402378903 0.5864715450727159 0.025041276164166723 0.04479626567353537
0 0.4731613942708333 0.3410243129629629 0.03581917244791667 0.03133572462962959
0 0.5556941366557449 0.5456523709631471 0.02269606444912533 0.045410008718998064
0 0.5053199448296374 0.48125012589312177 0.0204818142589667 0.05426353243150688
0 0.4281016055520518 0.6734745056020426 0.017337687614520193 0.05943875990702599
0 0.5734819636476007 0.7366356217651977 0.015831923121465034 0.04157464890076597
0 0.4108452700495387 0.5430819931111284 0.023065106147485064 0.04426761856254512
0 0.5496669500000001 0.23827946314814813 0.017520268645833306 0.023501811851851837
0 0.40191233541666666 0.30185511666666665 0.016352221302083456 0.05423497870370371
0 0.4198225208333333 0.3913425925925926 0.02180298276041661 0.05001670666666663
0 0.49120409986737656 0.41499149681886066 0.022511543599945404 0.05826189797909165
0 0.5532031051918163 0.5919191722994847 0.030630460963860056 0.04369642348431855
0 0.5326364633189823 0.6492400161428147 0.02083599033588127 0.03438877919585218
