0 0.27716 0.170902 0.018518499999999976 0.0647541
0 0.53642 0.395902 0.04567900000000003 0.0606557
0 0.433025 0.810246 0.024074099999999935 0.0647541
0 0.4264156866010533 0.27029684857560476 0.02690617320210653 0.07502019715120943
0 0.37808600000000003 0.363115 0.025308599999999966 0.06885249999999998
0 0.450309 0.40737699999999993 0.05864199999999994 0.04098359999999997
0 0.498148 0.23975400000000002 0.024691400000000033 0.07295079999999998
0 0.17191400000000004 0.0815574 0.024074100000000005 0.040163899999999995
0 0.566049 0.013524599999999998 0.028395100000000045 0.027049199999999995
0 0.18703700000000004 0.0959016 0.0395062 0.06557380000000002
0 0.453086 0.27459 0.025925900000000064 0.07377049999999997
0 0.595062 0.148361 0.024691400000000033 0.0377049
0 0.523457 0.252049 0.03827160000000001 0.06967209999999999
0 0.557099 0.657377 0.035185199999999965 0.07377049999999997
0 0.487654 0.278689 0.03827160000000001 0.05901639999999998
0 0.35679000000000005 0.52582 0.024691400000000033 0.035245900000000004
0 0.580864 0.06106559999999999 0.05061729999999996 0.0368852
0 0.4049380000000001 0.979098 0.022222200000000056 0.04180330000000013
0 0.176543 0.03647539999999999 0.028395099999999975 0.0631148
0 0.574691 0.730328 0.04567900000000003 0.04426229999999999
0 0.585185 0.670082 0.034567900000000006 0.06311480000000007
0 0.408642 0.334016 0.04938270000000004 0.040163899999999995
0 0.559568 0.55123 0.029012299999999974 0.05163929999999992
0 0.421914 0.922951 0.021604899999999955 0.04754099999999996
0 0.51142 0.412295 0.033950600000000046 0.07213109999999998
0 0.665741 0.167213 0.022839499999999874 0.07049180000000001
0 0.283642 0.425 0.022839500000000016 0.041803299999999995
0 0.5070533030410946 0.4907598514157973 0.031391106082189445 0.07660250283159464
0 0.533642 0.990164 0.05246909999999995 0.018032799999999967
0 0.514815 0.864754 0.030864199999999994 0.03770489999999986
0 0.551852 0.818852 0.023456799999999976 0.07049180000000001
0 0.438272 0.9672129999999999 0.030864199999999994 0.06393440000000007
0 0.618827 0.11065600000000002 0.05123459999999999 0.04918030000000001
0 0.174074 0.60082 0.04814809999999998 0.03442620000000007
0 0.489815 0.335246 0.05740740000000002 0.04590160000000001
0 0.57716 0.884426 0.027160499999999983 0.07377050000000017
0 0.602778 0.863115 0.025308599999999966 0.07868849999999997
0 0.506481 0.17418 0.030246900000000035 0.07131149999999999
0 0.125309 0.643852 0.025925899999999995 0.06639339999999992
0 0.502778 0.669672 0.03641980000000002 0.06885250000000008
0 0.46018499999999996 0.0647541 0.05740740000000002 0.0360656
0 0.446914 0.0217213 0.03209880000000005 0.03524589999999999
0 0.45740699999999995 0.454508 0.04197530000000002 0.06639339999999992
0 0.4672839999999999 0.932787 0.03827160000000001 0.05573769999999983
0 0.348148 0.34959 0.034567900000000006 0.07295079999999995
0 0.546296 0.106148 0.029629599999999933 0.06311479999999998
0 0.410802 0.630328 0.035185199999999965 0.06229509999999996
0 0.700617 0.155328 0.03827160000000001 0.0647541
0 0.403395 0.545492 0.05 0.054918000000000085
0 0.704321 0.609426 0.03950619999999993 0.048360700000000076
0 0.495679 0.886885 0.05432099999999997 0.049180299999999885
0 0.351852 0.0987705 0.04197530000000002 0.051639300000000006
0 0.7808639999999999 0.972541 0.0506173000000001 0.05327870000000016
