0 0.3538264982856523 0.8587174776001105 0.02822752764744519 0.08301924557059145
0 0.5329408495378753 0.3822864226768984 0.03562021441512423 0.0868245451416021
0 0.5663916953125001 0.25244486481481476 0.03483796171875007 0.12981334166666664
0 0.5214490734067331 0.5387915298306257 0.037025056969716155 0.10323094070911844
0 0.4121097109375 0.8246673685185187 0.03857059687500015 0.10743170592592571
0 0.4641889626564114 0.4260096107862977 0.05030557989873928 0.06982098210114074
0 0.3894026875 0.8753992703703702 0.04416960000000003 0.0656527496296296
0 0.3769602343749998 0.04602137379629633 0.03546008437500016 0.09204274759259266
0 0.41055364843750003 0.6829169481481482 0.024262178906249925 0.0656527496296296
0 0.460012046875 0.9261311722222224 0.055989628125 0.08355791259259288
0 0.80403690625 0.0012585574074074025 0.031105326562499987 0.002517114814814805
0 0.6027062470195517 0.6488743351808858 0.028301839930058748 0.16073769188875067
0 0.4733804447715485 0.6672022400730094 0.03917884579309743 0.10901979059472174
0 0.5217641425116859 0.752639467452746 0.04760885533587178 0.09033903898339683
0 0.4339713233326875 0.745050591948946 0.05101274765624986 0.06416059203703715
0 0.48427412500000006 0.5240077166666666 0.02737269140624997 0.14771850462962963
0 0.21546516168494054 0.13179182601609832 0.03596434758863107 0.11149127963447025
0 0.5708734917233883 0.38079173085607254 0.03245394577391068 0.07828692299043517
0 0.5237773515625 0.20022025925925926 0.025506323437499864 0.1477185046296294
0 0.1744406692099826 0.40328507287277426 0.027767842950246546 0.08325059739257999
0 0.35119366952789705 0.023294141253052097 0.0304378278493085 0.046588282506104195
0 0.5570603593750001 0.13382225 0.03234957187500006 0.06266843444444462
0 0.3643457893160244 0.9542760800623322 0.04258137081954878 0.09144783987533553
0 0.2712474065546266 0.9228295100023549 0.0339483777253714 0.12513871081553535
0 0.5116343846628616 0.33920498905598934 0.05174695244446419 0.10254459920508338
0 0.44187290910731847 0.6361404314787582 0.027567348972863098 0.11832424295751677
0 0.5315536328125001 0.02886228962962968 0.02488430156250002 0.05772457925925936
0 0.3204566251363865 0.17349767098136543 0.04438618542902321 0.1026869232224543
0 0.5641492489116396 0.4519228557502847 0.05958923061615806 0.06154095850159336
0 0.504803265625 0.023639829074074074 0.028616936718750038 0.04727965814814815
0 0.20556962500000003 0.6650117851851853 0.047280112499999895 0.0626684344444445
0 0.6286019453125 0.12636237222222227 0.04852425703124984 0.09251067611111102
0 0.33714559375 0.9600814074537037 0.02550632343749998 0.07983718509259272
0 0.3901008618005261 0.12236244851768792 0.060192484211447926 0.06362244277611648
0 0.46965378906249994 0.8477951740740742 0.05910014062499999 0.05520801055555593
0 0.6099392734375001 0.17485521851851862 0.051012747656249975 0.09101851851851858
