0 0.5562192194866329 0.24334231011616933 0.01842476102673422 0.06741347976766131
0 0.532716 0.251639 0.027160499999999983 0.04590160000000001
0 0.42932100000000006 0.601639 0.029012299999999974 0.03442620000000007
0 0.560185 0.0938525 0.033950600000000046 0.0368852
0 0.511111 0.388525 0.05555560000000003 0.03442619999999998
0 0.517901 0.422131 0.05308640000000005 0.031147499999999963
0 0.425617 0.259426 0.05617279999999996 0.033606599999999986
0 0.577778 0.584426 0.024691400000000033 0.07049180000000001
0 0.6558639999999999 0.696311 0.05246909999999995 0.04672130000000003
0 0.283951 0.676639 0.03209879999999998 0.06967210000000008
0 0.527469 0.344262 0.04382720000000004 0.04426229999999999
0 0.719444 0.519262 0.026543200000000024 0.03852459999999998
0 0.519753 0.602459 0.028395100000000045 0.06557379999999993
0 0.580247 0.757377 0.04938270000000004 0.06065569999999991
0 0.6447530000000001 0.72418 0.05 0.04672130000000003
0 0.671914 0.116803 0.030246899999999893 0.036885200000000014
0 0.553395 0.768852 0.05 0.07049180000000001
0 0.624691 0.425 0.024691400000000033 0.04016390000000004
0 0.597531 0.310656 0.03209880000000005 0.05081970000000002
0 0.535802 0.0495902 0.028395100000000045 0.07622950000000002
0 0.37963 0.243443 0.03703699999999995 0.06393439999999997
0 0.464198 0.276639 0.027160499999999983 0.06639340000000002
0 0.439506 0.569262 0.03950619999999993 0.06967210000000008
0 0.403395 0.19344299999999998 0.040123500000000034 0.07049179999999998
0 0.46327199999999996 0.194262 0.05370370000000001 0.057377000000000004
0 0.477778 0.562295 0.04691359999999995 0.05245900000000004
0 0.562037 0.630328 0.054938299999999926 0.04426229999999999
0 0.490432 0.756557 0.04135800000000006 0.057376999999999935
0 0.622531 0.602869 0.05246909999999995 0.05
0 0.542284 0.179508 0.05370370000000001 0.0606557
0 0.531173 0.919262 0.05123460000000006 0.04672129999999984
0 0.49537 0.886885 0.04753090000000005 0.04426230000000017
0 0.452469 0.409016 0.03333329999999994 0.06885250000000004
0 0.341667 0.589754 0.04259259999999998 0.06311480000000007
0 0.57716 0.0381148 0.044444399999999974 0.0663934
0 0.290741 0.365164 0.035802499999999994 0.06147540000000003
0 0.7206789999999998 0.109836 0.029012299999999974 0.06721309999999998
0 0.49104899999999996 0.08319670000000001 0.04259259999999998 0.05983610000000002
0 0.772222 0.270492 0.04074069999999996 0.07213110000000003
0 0.433025 0.822541 0.03888889999999997 0.06967209999999999
