0 0.4376191739583332 0.533220825925926 0.04248066739583318 0.01684881333333334
0 0.578404690625 0.6107255481481481 0.02341884416666673 0.027632052222222113
0 0.5253039666666666 0.5625379814814815 0.047926965624999936 0.013479058888888975
0 0.5847769474039508 0.5085642288762455 0.022657263108765115 0.028865133678416696
0 0.3463946270833334 0.2705479592592593 0.03213288604166659 0.02190346555555554
0 0.4850017656250001 0.5222692370370371 0.03485599104166663 0.023925309999999964
0 0.7592206625 0.4855389259259259 0.02668658781250007 0.029990884444444428
0 0.7197354635416667 0.5606846925925926 0.047926965624999936 0.013142071111111191
0 0.6045469927083332 0.6363357148148147 0.022329566875000022 0.028979962222222162
0 0.5318399833333334 0.6108941037037037 0.042480667395833296 0.025273220000000013
0 0.5824897010416668 0.3291818592592592 0.027231226458333306 0.02594719555555553
0 0.4923547843750001 0.6538585037037036 0.05173934791666657 0.01415299333333335
0 0.5166748215994375 0.5415404010356895 0.027231226458333306 0.025610207777777796
0 0.4040100665508367 0.5489644471292962 0.038897711064993366 0.02208261730034651
0 0.5187688322916667 0.5022193481481482 0.03594518010416661 0.025610207777777692
0 0.4449721927083333 0.5062630370370371 0.03322207510416663 0.030327872222222316
0 0.5059703093750001 0.36271084814814814 0.03213288604166671 0.029653896666666693
0 0.5677845458333333 0.27054795925925923 0.050105431979166684 0.01785973555555555
0 0.5402817499999999 0.5431619037037038 0.0255973105208333 0.029990884444444428
0 0.5748649364583334 0.5908438037037037 0.05337317562500002 0.014826968888888918
0 0.5383751177083334 0.3028978814814815 0.04248066739583335 0.021229490000000024
0 0.5626107875 0.3876472037037037 0.04629304968749987 0.016174878888888862
0 0.5343912136131888 0.6351105876466845 0.047180908398622455 0.01613587255330239
0 0.7788269479166667 0.4174696148148148 0.05173934791666675 0.012468136666666713
0 0.4400701802083334 0.2651563603703704 0.039757562395833425 0.011120226666666663
0 0.5443658781249999 0.32345343703703705 0.04901624291666664 0.016511825555555557
0 0.5141394479166668 0.5760170814814815 0.04956079333333327 0.019544633333333335
0 0.5506292666666667 0.3428295148148148 0.0441145833333333 0.02089254333333333
0 0.3805331134480148 0.6333594538734553 0.025943483728970426 0.029766908117280805
0 0.36026889143395857 0.6355526742035879 0.0250813317154158 0.01797867544421289
0 0.5759545666666667 0.5406343925925926 0.021785016458333216 0.014826968888888814
0 0.7347123645833332 0.5753428592592592 0.050650070625000036 0.015500903333333293
0 0.4847300197916667 0.5975835592592592 0.04193611697916661 0.02358832222222218
0 0.44915128068976135 0.6079965665119889 0.04355131848601902 0.021667914738463037
0 0.4130845312220702 0.5591652973580886 0.026195079951693026 0.014147092864324985
0 0.3600110343749999 0.6607664037037038 0.02668658781249995 0.01853371111111107
0 0.45613671145833334 0.6675061592592593 0.05119470927083327 0.005728586666666573
0 0.43979843437499994 0.339459637037037 0.021785016458333337 0.031675782222222205
0 0.4907207802083333 0.559842325925926 0.03540062968749999 0.024262297777777643
0 0.47193061458333335 0.41797528148148144 0.031588247395833415 0.01415299333333335
0 0.614894509375 0.3131756592592593 0.020151100520833392 0.0357194711111111
0 0.5223085864583333 0.6038176481481482 0.033222075104166686 0.013816046666666866
0 0.49698328645833334 0.5133394925925926 0.04139147833333325 0.024262297777777643
0 0.38206832604166674 0.6600925925925926 0.029409692812500055 0.020555555555555598
0 0.3688994512577327 0.45423619769185347 0.026286530059048612 0.031940884245922674
0 0.551173640625 0.5748376037037037 0.035400629687500046 0.015837891111111183
0 0.4272716572916667 0.5726472037037036 0.025052760104166676 0.016174878888888758
0 0.55335201875 0.6174648925925926 0.02559731052083336 0.029653896666666537
0 0.757042284375 0.3728204814814815 0.04302530604166665 0.024936232222222174
0 0.4801006354166667 0.4375199148148148 0.047926965624999936 0.019544633333333335
0 0.5277549729166666 0.37433665925925924 0.02777586510416672 0.02931694999999995
0 0.5141394479166668 0.5903385481481482 0.04956079333333327 0.013142071111111191
0 0.553897275 0.36052044814814815 0.037579096041666676 0.02325137555555559
0 0.8539849635416666 0.4761035148148149 0.03866837333333327 0.013142071111111191
0 0.3706605359485555 0.5549287851139663 0.024023608042944507 0.02802372273503061
0 0.5269379708333334 0.5209212037037037 0.045748499270833305 0.01988162111111112
0 0.4010888326910726 0.5207567797115793 0.03746260912486032 0.019673184034029186
0 0.5430045020833333 0.6681799703703704 0.025597310520833184 0.004380676666666524
0 0.3591809406696701 0.5290515748176576 0.04572355123517392 0.019121782216536674
0 0.4999786666666666 0.6309439925925925 0.0277758651041666 0.018196723333333494
0 0.7066643125 0.4467867703703704 0.028320503749999896 0.014489981111111081
0 0.4095711218749999 0.6341453148148147 0.02450812145833332 0.03133879444444437
0 0.699583921875 0.6584078592592592 0.03594518010416673 0.01988162111111112
0 0.5762263124999999 0.569277325925926 0.03322207510416663 0.023588322222222072
0 0.5119610697916667 0.4552108481481481 0.0441145833333333 0.013142071111111086
0 0.606180996875 0.5554615259259259 0.02668658781250007 0.028306027777777895
