0 0.6958837770833334 0.5664691851851852 0.02062147901041662 0.021857911111111097
0 0.7777383192924018 0.27858516583536863 0.024890014631034654 0.0163187833493979
0 0.8096049843629884 0.3424346193068371 0.022741938782624517 0.024288494771417497
0 0.7351885583215273 0.2945591587287367 0.018966302367941643 0.029741109020872507
0 0.7306225966403562 0.4220039913603471 0.0168589354381704 0.02639672728358567
0 0.7502167317283027 0.16981670550947078 0.022452212519917344 0.009286632378392891
0 0.7092363709780592 0.5064449886903807 0.020259293908185802 0.024538256085015663
0 0.8509554031985951 0.5765620946688962 0.021174727907606675 0.020185952300755407
0 0.7726632234678755 0.41966449960566554 0.015636002404501307 0.03644462884096068
0 0.7940192189799319 0.21499268438790847 0.01352227006145424 0.015921745002836763
0 0.8503034768602846 0.42295952899957195 0.01633209370572762 0.028546686971841425
0 0.8509467270833333 0.21091362962962965 0.014729609270833303 0.0298724888888889
0 0.8098377432291667 0.412680126872513 0.0160686567708332 0.03132968888888886
0 0.7883557959799679 0.4827748466386115 0.011928373036989726 0.03213784728764945
0 0.8498314803290415 0.3079486380950959 0.014290650284371154 0.03425600797276721
0 0.8340152866322607 0.37631734798491046 0.02133709016393451 0.019827406013915024
0 0.8016416231863126 0.4890621782195423 0.014138728403875334 0.03275331037413899
0 0.7758981228324752 0.3431212611653578 0.0169246610340983 0.031992818627011844
0 0.7997948869791666 0.5804949629629629 0.02062147901041662 0.025136622222222238
0 0.8092624426995421 0.36252477321707627 0.01973912998241746 0.028540687174893213
0 0.7836307495691189 0.4079524043807981 0.02239210605606452 0.018076734910486943
0 0.7913818002742379 0.36040114645430926 0.012365790965142408 0.03522236698269257
0 0.7773358969169534 0.5755469457632856 0.021951738851784343 0.02723282271790742
0 0.8136456028683465 0.3907367542519376 0.020453055451578685 0.026676782577949188
0 0.8121492245062176 0.574659983384594 0.017477844585351933 0.028767863065484192
0 0.784672068817165 0.3106062573909841 0.014479565394746648 0.01723543330048677
0 0.7986290836031842 0.2731790040510814 0.02414691273696275 0.021619039087461545
0 0.7405580334524156 0.31801758245294476 0.0205203258631645 0.016029194535519133
0 0.80169782586655 0.41180324844518884 0.01503038737716184 0.01999385985334067
0 0.82784695406815 0.5711454467785442 0.010843946886299942 0.034124745408940234
0 0.9108025494791666 0.25772607407407405 0.02463862151041667 0.016393422222222186
0 0.8410815351660716 0.344933973309644 0.01159494086666939 0.03123400725611392
0 0.7579855119637557 0.278628662482208 0.013236752838325571 0.033891509976410134
0 0.7572456249464014 0.38271349190082316 0.02068739984071956 0.02495144891755493
0 0.8308609034416795 0.39933688517622706 0.02062130011252575 0.023476288870972598
0 0.7752899359375001 0.4704767407407408 0.01660429312499995 0.02586520000000005
0 0.7730135031250001 0.3178354074074074 0.014194016302083294 0.018579244444444445
0 0.8518838520833333 0.2784914074074074 0.026245487187500062 0.016393422222222186
0 0.7938514658542373 0.4308385458271028 0.0260089798110369 0.014428219607452933
0 0.7210537847993168 0.2705692170105607 0.01632780110905022 0.015849930317417642
0 0.7830262356469518 0.379552008237056 0.01880734631026293 0.027022665007369592
0 0.7487547329319301 0.4048640349567519 0.022742001450448513 0.021977365702170827
0 0.7566134554408689 0.3518316959797744 0.01966875801119888 0.015049717817790948
0 0.7977861421875 0.39725274074074074 0.013390561770833287 0.015664844444444482
0 0.6625984590997052 0.48783827283111697 0.018344188753829725 0.028908175812829714
0 0.8112799150448698 0.4650184982559722 0.019488463214739817 0.02514902614157403
0 0.8439833677083333 0.5528082962962964 0.017943340624999967 0.028051022222222152
0 0.789892291540174 0.19619850299103186 0.02054682756527022 0.025799516259070156
0 0.7771646197916666 0.49069540740740736 0.017675522447916592 0.027686711111111026
0 0.7038414634574859 0.393525894220988 0.014575978164971677 0.03079835140493896
0 0.7730547648649827 0.5407238452610057 0.02214410744666928 0.024458218283161966
0 0.7557936955836112 0.44336777148629697 0.015640692000555845 0.031392505935556765
