0 0.5782498184458968 0.5631227900996464 0.053861050593076734 0.03897460623593696
0 0.59784 0.992623 0.024074099999999935 0.014754100000000183
0 0.571914 0.156148 0.029012299999999974 0.030327900000000015
0 0.41252606179867407 0.29462313746228264 0.05308407711949774 0.03476218620711106
0 0.45463 0.57459 0.024074099999999935 0.0540983999999999
0 0.46975300000000003 0.334016 0.025925900000000064 0.07622950000000002
0 0.501235 0.23975400000000002 0.059259300000000036 0.04344259999999996
0 0.456481 0.488525 0.040123500000000034 0.06393440000000007
0 0.5037833532457189 0.28275383395029086 0.05426125049780969 0.030076679005817022
0 0.715741 0.172951 0.048765400000000084 0.040983600000000016
0 0.46049399999999996 0.27377 0.030864199999999994 0.08032790000000001
0 0.406173 0.985246 0.05555560000000003 0.027868900000000068
0 0.6492375875816994 0.5764465724445516 0.05773397516339877 0.03322064488910316
0 0.435185 0.512295 0.03333329999999994 0.06721310000000004
0 0.4641018632408546 0.19811263686407357 0.03803926928158175 0.06835642126913075
0 0.5910573090303403 0.384538035135503 0.03149751806068064 0.06087977027100602
0 0.605247 0.0659836 0.05617279999999996 0.03196720000000001
0 0.5492095686392419 0.01719646827626883 0.026814337278483927 0.032753636552537664
0 0.51358 0.32459 0.059259300000000036 0.036065600000000024
0 0.6116767926954734 0.2948332455503513 0.02479391460905352 0.07590770889929738
0 0.530556 0.125 0.035185199999999965 0.033606599999999986
0 0.46358 0.885246 0.028395100000000045 0.032786900000000146
0 0.604321 0.10901599999999999 0.055555599999999955 0.04918030000000001
0 0.584568 0.477049 0.05555560000000003 0.03770490000000005
0 0.613272 0.8393440000000001 0.030246900000000035 0.04262290000000003
0 0.4339509999999999 0.9635249999999999 0.04320989999999994 0.03852459999999998
0 0.623765 0.160246 0.04506170000000007 0.05491799999999999
0 0.54537 0.753279 0.03271610000000001 0.07049180000000001
0 0.418519 0.22582000000000002 0.04074069999999996 0.06147540000000003
0 0.5535666899866594 0.6235183661412358 0.024964520026681127 0.07427506771752836
0 0.516358 0.730738 0.025308599999999966 0.0598361000000001
0 0.558025 0.179508 0.044444399999999974 0.05409839999999999
0 0.6439906184458969 0.8032305372709742 0.025018036891793757 0.07531327454194787
0 0.465432 0.9262300000000001 0.034567900000000006 0.04754099999999996
0 0.473765 0.736066 0.05123460000000006 0.03114749999999992
0 0.811111 0.9803280000000001 0.04691359999999995 0.03934430000000009
0 0.7225070466744112 0.0863408072606013 0.024122106651177713 0.0764986854787974
0 0.536728 0.8729510000000001 0.05370370000000001 0.03934430000000009
0 0.542284 0.933607 0.029012299999999974 0.05573769999999983
0 0.438272 0.0168033 0.05432099999999997 0.0303279
0 0.60679 0.705328 0.04938270000000004 0.05327869999999997
0 0.018827199999999995 0.656557 0.0376543 0.06557379999999993
0 0.4800952969420527 0.05979223849585628 0.05525289388410559 0.04253517699171254
0 0.4077160000000001 0.80082 0.04259259999999998 0.0606557000000001
0 0.422222 0.710246 0.04320989999999994 0.06311480000000007
0 0.445988 0.620902 0.05 0.06147540000000003
0 0.641667 0.939344 0.05 0.04426230000000017
0 0.5186551865518656 0.42616901578851857 0.03143364766981007 0.0381102171677454
