0 0.6496064141762451 0.05059826562087809 0.05739281944089702 0.04389485749010741
0 0.485494 0.409426 0.05 0.033606600000000035
0 0.500496504753796 0.15106925139438476 0.025685009507591835 0.07754870278876957
0 0.478086 0.166803 0.026543200000000024 0.08442619999999998
0 0.44572506860720873 0.44907190622291315 0.02583356278558258 0.03136408755417366
0 0.35463 0.712295 0.05246909999999995 0.02295080000000005
0 0.592901 0.331557 0.025308599999999966 0.0647541
0 0.619444 0.333197 0.022839500000000016 0.07295079999999995
0 0.6022915710976301 0.39963247388355 0.03245315780473954 0.0728658522328999
0 0.508333 0.08155739999999999 0.024074099999999935 0.06475409999999998
0 0.532716 0.102869 0.023456799999999976 0.07950819999999999
0 0.536728 0.813115 0.05493830000000007 0.032786899999999966
0 0.4180219069745991 0.09712171905502168 0.050148892166879545 0.045063138110043345
0 0.401543 0.693852 0.031481499999999954 0.03360660000000008
0 0.569136 0.54877 0.025925900000000064 0.07622950000000002
0 0.751235 0.791393 0.024691399999999895 0.040163900000000086
0 0.48858 0.309836 0.040123500000000034 0.036065600000000024
0 0.542593 0.664344 0.030864199999999994 0.07295080000000005
0 0.469136 0.08483610000000001 0.05308640000000005 0.0401639
0 0.56821 0.347541 0.03271610000000001 0.07049180000000001
0 0.477469 0.355738 0.04506170000000007 0.0393443
0 0.57963 0.853279 0.04814809999999998 0.05901639999999998
0 0.37284 0.680328 0.05308640000000005 0.04426229999999999
0 0.517901 0.695902 0.030864199999999994 0.07213109999999993
0 0.49382699999999996 0.848361 0.029629599999999933 0.03934430000000009
0 0.46296300000000007 0.140164 0.030864199999999994 0.0770492
0 0.358025 0.753279 0.029629599999999933 0.04590159999999991
0 0.516049 0.8950820000000002 0.028395100000000045 0.03934430000000009
0 0.536111 0.331967 0.035185199999999965 0.07704920000000004
0 0.289815 0.685656 0.022839500000000016 0.06803279999999996
0 0.31512300000000004 0.682787 0.02901230000000001 0.08196720000000003
0 0.430864 0.153279 0.04691359999999995 0.0770492
0 0.555247 0.8991799999999999 0.05864199999999994 0.03770489999999986
0 0.550617 0.268033 0.04691359999999995 0.05409839999999999
0 0.541667 0.454098 0.03271610000000001 0.07049180000000001
0 0.604321 0.795902 0.05185190000000002 0.03442620000000007
0 0.567284 0.644262 0.04074069999999996 0.06393440000000007
0 0.402778 0.744672 0.05617279999999996 0.02868850000000006
0 0.497531 0.747131 0.05185190000000002 0.03852459999999998
0 0.431481 0.60082 0.05308640000000005 0.04262289999999994
0 0.530864 0.8553280000000001 0.05432099999999997 0.040163899999999995
0 0.653086 0.315574 0.04320990000000001 0.05737700000000003
0 0.723457 0.765984 0.024691399999999895 0.0647541
0 0.490741 0.788525 0.03703699999999995 0.06393440000000007
0 0.583025 0.443033 0.04753090000000005 0.058196700000000004
0 0.576235 0.761475 0.04753090000000005 0.05901639999999998
0 0.453395 0.886885 0.05740740000000002 0.03442620000000007
0 0.202778 0.559836 0.03148150000000002 0.027868900000000068
0 0.428086 0.057377 0.05864199999999994 0.0377049
0 0.6373460000000001 0.8758200000000002 0.029012299999999974 0.06311479999999989
0 0.55 0.983607 0.05061729999999996 0.03114749999999992
0 0.39074099999999995 0.9758200000000001 0.04938270000000004 0.04672129999999984
0 0.200926 0.311475 0.05246910000000002 0.040983600000000016
