0 0.22776228374482427 0.733174025025624 0.04765820271868459 0.049494257263566724
0 0.4191194670902405 0.33440247148423574 0.06357464855548069 0.026794827875878856
0 0.5775862553687319 0.3244719724050816 0.03741634828284728 0.04665582603418725
0 0.28223812620303995 0.533361335125448 0.06898785966746317 0.04455284045282726
0 0.3599952895833333 0.44832185925925927 0.05278806395833335 0.044869479814814824
0 0.042570004012569565 0.3231767237638348 0.05418110405819417 0.055107985898256225
0 0.4735035474769971 0.2731861637178056 0.051275086623979504 0.03169779700883327
0 0.49243617291666675 0.2200485911111111 0.031107298333333352 0.04823466685185188
0 0.44137757506158326 0.4168658380317219 0.07227220866483322 0.03804404763751784
0 0.5989548166666665 0.8731798018518518 0.08578054666666676 0.012899997685185259
0 0.2479591217020108 0.8261080366912891 0.052509562637645266 0.04871268421001431
0 0.33968384866051 0.8645459421210072 0.07576104156082751 0.031803968807095954
0 0.440997929852638 0.6527021189214012 0.0569628947769516 0.037391216352964905
0 0.3191135659021875 0.8495418297592576 0.04389238456472514 0.028766457518521752
0 0.4587818901931683 0.8141643524739466 0.04970773179068561 0.024518830395386767
0 0.6569975518213688 0.5643304234008925 0.0857855945304505 0.03127063034280708
0 0.3270026541666667 0.21668333564814818 0.043361683958333445 0.025799926944444444
0 0.3073133624638746 0.2057498572189974 0.08505110764379857 0.0207589736972541
0 0.39707991451910324 0.8561942250523389 0.042717742978254356 0.04758798494364648
0 0.4115666069295102 0.5654190261619366 0.034208856033452646 0.049415206289049565
0 0.48287672972589374 0.311309477760787 0.05313043059865734 0.05353135197788743
0 0.18418035692385792 0.21222025469775127 0.04805182301438234 0.03033458161772476
0 0.2070736675295367 0.4820237981569619 0.09236391129032266 0.026008003310026017
0 0.2721461416267089 0.8747103853232217 0.05658448400000573 0.01045084353936724
0 0.665258155945849 0.6488501520320737 0.07948883214122399 0.032939881072850126
0 0.6480511616941016 0.6696601444666107 0.08397761325037519 0.029601379612764038
0 0.4024130833333333 0.45449182499999996 0.054673401041666854 0.04374770518518511
0 0.64514450625 0.7573600268518518 0.085780546666667 0.023556446111111188
0 0.16899303993602235 0.2902297669176444 0.07613663342830002 0.03803458748454429
0 0.21287016813520504 0.5275378039495074 0.04618195564516133 0.0514506152437472
0 0.03808154166666666 0.6538801833333332 0.0518453954166666 0.0465520733333333
0 0.30647786295629853 0.2403874269005848 0.044651559454191296 0.04461968024306244
0 0.6343037416666665 0.2180855197222222 0.035820488333333365 0.02972600129629631
0 0.6682401145833334 0.7256712962962962 0.06032925958333297 0.03309125675925928
0 0.41332273930736024 0.3757413772069084 0.04228230159361317 0.05429988771581275
0 0.2710386537667709 0.7595745909627518 0.0630746663134077 0.045124078614441454
0 0.39167613896292797 0.20206900263222824 0.04828159813418947 0.013397250838530486
0 0.5448706199909981 0.28535821998790567 0.09638594623199595 0.028540640346181728
0 0.4613253172728123 0.37571904955770025 0.06962636747880163 0.04909831117114215
0 0.37223399382311584 0.3442153186789765 0.049047836312101606 0.023135844283545894
0 0.3328862380525687 0.49717628704193356 0.08590223848400373 0.028948038466811526
0 0.6057968895194478 0.4868296248555537 0.03534915123456794 0.043535135975478444
0 0.5588933125000002 0.7918535361111111 0.03770582541666639 0.0465520733333333
0 0.0795945117125672 0.2546929732380552 0.08396019726429085 0.030314133905592077
0 0.02069028807291667 0.8117647962962963 0.04138057614583334 0.021312965277777745
0 0.5392796694544005 0.3275023350128288 0.04181082404088687 0.05280755454687896
0 0.36954518842325235 0.22865801510598185 0.07040853811659152 0.03651547302419868
0 0.4259438808495806 0.726049805740525 0.0597522993546067 0.04995711693060082
0 0.47211231333408005 0.4463972647708443 0.06249611457039054 0.051803603427345864
0 0.5809954688951944 0.4164383985055918 0.06252618686114413 0.03369732602777289
0 0.3020031176507119 0.3752282306714677 0.04542200958773061 0.05460307995404653
0 0.53485549375 0.7590426203703704 0.07258364520833353 0.023556446111111188
