0 0.8306564249999998 0.8714939740740741 0.06062379208333321 0.12630987898148172
0 0.4528811861282164 0.34481099635639073 0.03936832586856719 0.19309284404647764
0 0.5403813895833331 0.3013932981481482 0.0945318539583333 0.088758242685185
0 0.34104254166666664 0.11619439537037039 0.08014652479166659 0.08705150157407418
0 0.6302905291666666 0.6410631 0.09761449583333323 0.0648617847222218
0 0.5008225666666667 0.9528156996527777 0.06267872020833327 0.09436860069444458
0 0.89539040625 0.7759093916666666 0.04418336833333309 0.16044782481481484
0 0.5506568625 0.9005123212962963 0.04110089291666685 0.15362023564814808
0 0.452026050384705 0.484328976837571 0.045189618813923596 0.13253786225078473
0 0.7068397229166666 0.9963418669212964 0.053431127499999675 0.007316266157407317
0 0.8451194647570252 0.36960138865108927 0.042285026597383535 0.1022792763762528
0 0.15146481041666665 0.1281432490740741 0.06473381479166664 0.131430727037037
0 0.32819861666666666 0.18361649999999993 0.07911914395833328 0.12289618851851855
0 0.5035954746705058 0.21968091719960053 0.07439065225767827 0.07861516328340117
