0 0.3845015518355654 0.8679103559661135 0.04807890091134866 0.06880215472602366
0 0.47306012478176834 0.6253530983790546 0.05250800832398041 0.04837063715479015
0 0.5084230391385034 0.862852683762484 0.030809736687205755 0.08860631153558013
0 0.5880088608998074 0.5764661004908423 0.04703728817669154 0.05676331724449521
0 0.5691703179341426 0.7618832399076781 0.027826154636211225 0.08687223888347147
0 0.5172176092944637 0.5986474710506475 0.02321138634934427 0.1072787510468529
0 0.7190987009375222 0.23070828469941432 0.025379724583288996 0.05107597189882866
0 0.6332831595273726 0.6474111561884787 0.02584506328719295 0.1011267042004746
0 0.4087254980463732 0.770923508223963 0.03330424146804655 0.08437107304302131
0 0.5134634832117472 0.7159744070946257 0.02928016663549068 0.09687218266453236
0 0.6264224436087585 0.3088494231936854 0.05195363523364082 0.04865501656751037
0 0.6440352378793767 0.12347732046551345 0.027641448871638375 0.08605322646252075
0 0.47142436128257886 0.5784879073062132 0.05038151577503426 0.04751973284760172
0 0.31859597227435754 0.6091315188138959 0.04869159524107426 0.054729422044996076
0 0.3841110388353053 0.8129360492562235 0.04912194333333346 0.051839758240740566
0 0.1862447344522917 0.09068316312496398 0.028873837852780207 0.09883441752663537
0 0.3460328655478395 0.8418714265836873 0.028114685142317932 0.0877495066788099
0 0.2887638957606887 0.3587270053810537 0.049859569864606004 0.06348055914755948
0 0.5255681331057489 0.481812087174109 0.053489466423494156 0.04810882044488591
0 0.5125356104682414 0.990041006605214 0.05403660111115419 0.019917986789571764
0 0.42630644092572845 0.9434730381052677 0.04688810798518119 0.06096311361555106
0 0.47661808825724944 0.9492857525083483 0.05029937187058664 0.07127945887219177
0 0.4839397598499418 0.29756916099047936 0.047622508573531105 0.06016031302320141
0 0.47982128057841794 0.10805055206998129 0.03938555003048325 0.055999685173941445
0 0.33230891936429324 0.08023614827870792 0.02397997864628181 0.10286332464230599
0 0.4691854099930635 0.7760490693593494 0.041814204448029635 0.08210408387150167
0 0.4740234077312909 0.15565028446783152 0.05218085562414269 0.04479974813915317
0 0.5145085543362293 0.30264945804942767 0.025990464487120887 0.1035994175717915
0 0.6700843380977406 0.01742548179630753 0.031654110961522854 0.03485096359261506
0 0.6006769404435298 0.4522486170140997 0.041584743179393396 0.05639968292518378
0 0.4896257954042241 0.0017753931014951657 0.0442296786823448 0.0035507862029903314
0 0.8978305390387724 0.9975729421874607 0.027421249457657972 0.004854115625078571
0 0.5738500337179543 0.028870647134419357 0.027276211846907827 0.057741294268838714
0 0.6574352073230034 0.5826768207655448 0.05180463055913099 0.034494043731601
0 0.49346748911002225 0.8865651672179968 0.039342541507237115 0.09753644535673958
0 0.4460535090889703 0.9924631033101851 0.023358382126063996 0.015073793379629781
0 0.2918300212135767 0.032470573516777505 0.025978941337270692 0.0647373882126091
0 0.732368526247238 0.9504615796447339 0.023666194074479563 0.09682704185247973
