0 0.5477457889738591 0.1980321231831154 0.018368571000149884 0.03733324483971594
0 0.5584920277902733 0.008877015995221345 0.04161043634727843 0.01609477666423309
0 0.5207627508790065 0.6004391999620342 0.030583820549250792 0.06698500103383814
0 0.545062 0.995492 0.028395100000000045 0.009016389999999878
0 0.4509232652192423 0.8386623798756361 0.05654001702852275 0.036213962690785834
0 0.6084932675617608 0.9455668608949866 0.035717496341571876 0.07375819754848602
0 0.5975510446343779 0.6465020491803279 0.03353988603988612 0.03788114754098363
0 0.6358233366334283 0.8517574711223204 0.046017144396961036 0.028436507944514522
0 0.4777716870632779 0.11810392584787947 0.053603424493927056 0.061794404891484696
0 0.45199544106312795 0.07266871880765913 0.028432769595641404 0.03319843548483439
0 0.5456508401118585 0.3784302032102399 0.0593163197762829 0.039861193579520206
0 0.6318024691358024 0.6897704918032787 0.030222222222222244 0.05232786885245904
0 0.6323990625759693 0.94540832186964 0.034568708806090184 0.0668359727441442
0 0.5451815768447641 0.5018138882234163 0.03621227351220393 0.037475615181902185
0 0.6643478813290133 0.9809352416837723 0.055375558520212545 0.03318055282175289
0 0.62633207286528 0.5388489851363838 0.023141931745663633 0.07086974251685549
0 0.38849826940665155 0.9805121018819002 0.027941361186696982 0.03897669623619937
0 0.5286824180502341 0.7422095816845676 0.04762664963814391 0.0648318258903335
0 0.6336805555555556 0.8251891551071878 0.06276709401709406 0.03664880201765438
0 0.528395 0.891393 0.05679010000000006 0.035245899999999816
0 0.34515117169730913 0.5566001377745147 0.02741430143885415 0.05173567932946954
0 0.5309391712900484 0.23295944779982738 0.04123556755135698 0.07068427689652881
0 0.5275909172916827 0.33206132995653515 0.05696023093378693 0.046031691707450646
0 0.7076530504203461 0.9322188791721733 0.05495203608411163 0.047661895790568704
0 0.47676762649848975 0.6916785241783809 0.05200710646461982 0.04182109891164684
0 0.5388211115183381 0.42766357588469833 0.027025423036676304 0.061884251769396596
0 0.49156458108926426 0.5740402160838752 0.048845710080349596 0.059337781959425136
0 0.5003458918688805 0.8531479649519502 0.043103448275862044 0.04222018089316003
0 0.5379283737760749 0.708203787450537 0.047759684972328666 0.053349349915206255
0 0.5875176319323923 0.9576246217917149 0.044018598256924044 0.06473044595668305
0 0.48200325938315586 0.6300405198405437 0.060303618766311906 0.042048939681087145
0 0.4464600655076845 0.9370190699230512 0.047619047619047596 0.035296085647373694
0 0.5096581060025542 0.758197 0.04320989999999994 0.06393440000000007
0 0.638272 0.90082 0.05679009999999999 0.03442620000000007
0 0.4846451188271606 0.7697216027275297 0.038841110366113256 0.07145281540418315
0 0.520679 0.129918 0.031481499999999954 0.08442620000000002
0 0.6936390113147246 0.5504124028885313 0.05889327044511464 0.04226701803620928
0 0.5362797350939671 0.07217428039257984 0.030424217526365774 0.07764649667153387
0 0.5187953205938698 0.8124682544234031 0.041954200148999615 0.04883419115319388
0 0.6200705833808167 0.7789881759142497 0.047548766761633415 0.05141835182849927
0 0.41640059599829715 0.8167573487846241 0.047892720306513425 0.06589174674957596
0 0.5442396768199234 0.846459701625212 0.05163346032354204 0.05595001449971742
0 0.4909306159306742 0.013269078778124378 0.04852813186134853 0.024898757556248756
0 0.4568433375904641 0.8968697003957038 0.039378458918688845 0.07384115319389496
0 0.4310724025688396 0.6902963280246097 0.05659658074543269 0.05042638526537131
0 0.528086 0.931148 0.05617279999999996 0.049180299999999885
0 0.557242465137202 0.10768567067100283 0.040860698755435604 0.07068427689652883
0 0.6932335913469073 0.9074763182324326 0.04813628461448882 0.05553976353513485
0 0.37548752668103574 0.7276039759179939 0.03492565336207154 0.07160175183598767
0 0.4190664800012598 0.9747492410254266 0.03717553999748055 0.04886281794914697
0 0.5013660145880049 0.42053116123070605 0.03750096651975564 0.07717581026044695
0 0.286111 0.944262 0.03271610000000001 0.03442620000000007
0 0.5550265969548737 0.9628092354975677 0.05061729999999996 0.04262289999999994
0 0.494136 0.9672129999999999 0.04753090000000005 0.040983600000000016
0 0.694136 0.386066 0.045061699999999934 0.05901639999999998
0 0.47781198494884464 0.26696122558533264 0.040737630997916476 0.07143741999421893
0 0.4324075592592593 0.0340164 0.027778081481481486 0.0680328
0 0.415604538411556 0.16161146877281474 0.05398110661268552 0.04148138315523993
0 0.598148 0.4909839999999999 0.04074069999999996 0.07213109999999993
0 0.1250762686617614 0.35673275121514003 0.0569436517982646 0.035597142962314234
0 0.16601009589475202 0.7754331271259389 0.0530080917895041 0.03447285425187784
0 0.7460186332553124 0.6587848132122617 0.03281472302537973 0.06734109330245598
0 0.1625179074013551 0.6627206763636332 0.04102336607128545 0.038597158852228794
0 0.216358 0.1 0.03148150000000002 0.0393443
0 0.315741 0.163525 0.04135800000000003 0.058196700000000004
