0 0.5938202315682705 0.5471317905894626 0.06208218959487428 0.015631246456703076
0 0.45533473142882974 0.7690767355083066 0.03797824153485898 0.031140810952684804
0 0.5145951624999999 0.778023075 0.045349825416666496 0.02520871824074083
0 0.4865448774513387 0.6467108388084819 0.06435985344434408 0.02320290446881567
0 0.45370630055723343 0.5874068268518519 0.04464121645833329 0.028699132129629688
0 0.7705285525214923 0.8471437131507883 0.03711094587631815 0.03779405361639118
0 0.41365268836433 0.5758367730637836 0.038014513679153636 0.0317917738325112
0 0.6212377687499999 0.5346621638888889 0.06589891124999998 0.02249393611111101
0 0.4678784797239002 0.6164936092592592 0.0375553564583333 0.035680007222222275
0 0.7340254321330736 0.8228929558911263 0.06140429906718576 0.023893721273302786
0 0.5904139104166666 0.6459683731481481 0.0651903022916668 0.01784000361111103
0 0.8337950132469969 0.4874514767041975 0.05168789920232726 0.028131566371357948
0 0.5117232772877581 0.5148343801866395 0.0707851935338495 0.013864301484390067
0 0.6822021707926557 0.7042305290630709 0.05927272574191077 0.018019915213341373
0 0.7111129566898865 0.7862650031377214 0.029429836015306538 0.03438176724436546
0 0.5598290822544442 0.7257149160320804 0.049777835332154415 0.017662105155546812
0 0.48394918162129213 0.5420367612467101 0.029407918659250794 0.03181347193786463
0 0.6616272166666666 0.8344521425925926 0.031886599583333224 0.03102612203703706
0 0.7010453399196356 0.9288320885222514 0.06112148171427094 0.016564815192650902
0 0.6375358895833334 0.5175978866666667 0.03755535645833336 0.02016694620370374
0 0.50538313125 0.5988475490740741 0.056687224375000095 0.019003474907407492
0 0.45046794583333327 0.927142337962963 0.06306459020833319 0.020166946203703635
0 0.59714529375 0.5631674472222222 0.06589891124999998 0.019003474907407385
0 0.6492274208333332 0.6153301379629629 0.03826385062500002 0.017840003611111137
0 0.5534946696465962 0.8617788912178014 0.03811737179319223 0.03615424437344801
0 0.6118692898911419 0.8404141926480778 0.029365058967716115 0.020652906926066753
0 0.5712815833333332 0.5269058462962963 0.04109828645833342 0.032577432870370425
0 0.7937494220252451 0.6081637018174985 0.039742404074509706 0.015884277753891892
0 0.6272608875000001 0.9139566453703704 0.03401231166666664 0.023269567870370253
0 0.5284126354166667 0.9314087148148148 0.04605843437500011 0.027147821296296327
0 0.5294756062499999 0.5523082240740741 0.060938763333333354 0.022106096574074002
0 0.5634872291666667 0.9166710962962963 0.039681068541666656 0.034904375462962926
0 0.4922739229166667 0.47823352212962966 0.04038967750000003 0.01124696805555561
0 0.36778322441854255 0.524869208636409 0.03516218592041837 0.015317991809854868
0 0.5355426885963825 0.49179830520338813 0.049857637156662686 0.037600902443813415
0 0.5603900545987766 0.7436798289749619 0.058995838364219705 0.019349770820294317
0 0.5521504041666667 0.7723997092592593 0.04534982541666655 0.01706437185185168
0 0.6821760729166667 0.7508752537037037 0.06589891124999987 0.019003474907407385
0 0.4114950270833333 0.8094372731481482 0.03472092062500002 0.02986265074074081
