0 0.3725976835942472 0.0312658441777928 0.05154639175257728 0.0625316883555856
0 0.6765940575474099 0.6183750289124557 0.029527684905179954 0.043577842175088734
0 0.46814002280132366 0.11725116578080108 0.040263754397352615 0.06549776843839784
0 0.584259 0.9786890000000001 0.035185199999999965 0.04262289999999994
0 0.523457 0.992623 0.04197530000000002 0.013114799999999885
0 0.592284 0.505328 0.033950600000000046 0.03688519999999993
0 0.498765 0.153279 0.03827160000000001 0.06393440000000002
0 0.380864 0.177869 0.027160499999999983 0.021311499999999983
0 0.5361652341765305 0.5183157252661822 0.03631163164693898 0.06992534946763561
0 0.825 0.461475 0.027777799999999943 0.07377049999999997
0 0.476543 0.0139344 0.03703699999999995 0.026229500000000003
0 0.402778 0.406967 0.05123460000000006 0.033606599999999986
0 0.614198 0.9426230000000001 0.029629599999999933 0.032786900000000146
0 0.462346 0.679508 0.05308640000000005 0.03442620000000007
0 0.62037 0.43729500000000004 0.05679009999999999 0.035245900000000004
0 0.456481 0.0483607 0.026543200000000024 0.0688525
0 0.565741 0.163934 0.03271610000000001 0.04754100000000001
0 0.652469 0.45983599999999997 0.029629600000000075 0.07049180000000001
0 0.669136 0.990984 0.04814809999999998 0.018032799999999967
0 0.180556 0.780738 0.027777800000000016 0.035245900000000004
0 0.456173 0.653689 0.05432099999999997 0.03688519999999993
0 0.510185 0.806148 0.025308599999999966 0.06311480000000007
0 0.411111 0.353279 0.025925900000000064 0.07049180000000001
0 0.564815 0.512705 0.029629599999999933 0.07459019999999991
0 0.561728 0.952049 0.05432099999999997 0.031967200000000036
0 0.534568 0.313525 0.059259300000000036 0.03852459999999998
0 0.509877 0.290574 0.039506200000000075 0.05
0 0.605564962912053 0.13221248981324996 0.024710725824105904 0.04147327962649994
0 0.591667 0.238934 0.024074099999999935 0.08114750000000001
0 0.633025 0.270082 0.05617280000000003 0.041803300000000036
0 0.6154891256204661 0.980838747000169 0.04197530000000058 0.0401638999999999
0 0.641975 0.92459 0.03209879999999998 0.03442620000000007
0 0.56142 0.690574 0.06975309999999997 0.03852459999999998
0 0.365432 0.443443 0.027160499999999983 0.06885250000000004
0 0.644444 0.159836 0.022222200000000056 0.03278690000000001
0 0.467593 0.270902 0.040123500000000034 0.06147540000000003
0 0.719444 0.35041 0.020370399999999924 0.0745902
0 0.550926 0.0868852 0.05864199999999994 0.031147500000000012
0 0.512963 0.628689 0.05432099999999997 0.040983600000000016
0 0.339815 0.982377 0.04259259999999998 0.03360659999999989
0 0.19321 0.751639 0.04814809999999998 0.04918030000000007
0 0.617284 0.389754 0.03827159999999994 0.06311480000000003
0 0.492593 0.9545079999999999 0.04814809999999998 0.03360659999999989
0 0.504012 0.351639 0.05123460000000006 0.0393443
0 0.495062 0.05 0.044444399999999974 0.0393443
0 0.564815 0.283607 0.05679010000000006 0.049180299999999975
0 0.650926 0.522541 0.05617280000000003 0.05
0 0.294444 0.570902 0.03827160000000001 0.06639339999999992
0 0.33765400000000007 0.372131 0.04938270000000004 0.05081970000000002
0 0.54784 0.8983609999999999 0.05 0.05081970000000011
0 0.373765 0.582377 0.03641980000000002 0.07950819999999999
0 0.498765 0.225 0.06172839999999999 0.0598361
0 0.634877 0.719672 0.05123459999999999 0.055737700000000015
0 0.21790099999999998 0.11065600000000002 0.05679009999999999 0.0393443
0 0.7935189999999999 0.0491803 0.05246909999999995 0.05409839999999999
0 0.277469 0.0856557 0.03765429999999998 0.0745902
