0 0.5830487408582731 0.12643750079429528 0.02402661828345367 0.0356491984114094
0 0.514815 0.160246 0.024691400000000033 0.033606599999999986
0 0.476852 0.6 0.022839500000000016 0.07213109999999993
0 0.557716 0.988115 0.026543200000000024 0.023770500000000166
0 0.683642 0.575 0.03271610000000001 0.040163900000000086
0 0.554321 0.553279 0.05679010000000006 0.03114749999999992
0 0.44845699999999994 0.561885 0.05370370000000001 0.035245900000000004
0 0.5651468201268998 0.5980994056560642 0.06000688603610251 0.04604532688916461
0 0.5084477052247799 0.580985864626739 0.04158671044955972 0.06525052925347781
0 0.302778 0.9877049999999999 0.03271610000000001 0.02459019999999991
0 0.44321 0.513934 0.04938270000000004 0.040983600000000016
0 0.5069946119443489 0.3095583046820281 0.04773917611130218 0.04153959063594376
0 0.529938 0.394672 0.05246909999999995 0.033606599999999986
0 0.517416645233727 0.20023482926965436 0.03800570953254586 0.06346514146069125
0 0.52716 0.272131 0.025925900000000064 0.07049180000000001
0 0.467593 0.48606600000000005 0.06234569999999995 0.03770490000000005
0 0.47592776016989646 0.410028731243973 0.05555157966020711 0.03895813751205396
0 0.673765 0.0168033 0.05123459999999992 0.0336066
0 0.475617 0.872131 0.035185199999999965 0.0540983999999999
0 0.405556 0.54959 0.027160499999999983 0.07131149999999994
0 0.5502772774127584 0.22113892965918897 0.02537204517448314 0.0626402406816221
0 0.126235 0.0122951 0.03271610000000001 0.0229508
0 0.33623912735829753 0.7001610164726927 0.023818545283404966 0.07344946705461469
0 0.48181630320462304 0.543861277293338 0.046349006409246066 0.0467385545866759
0 0.3743830000000001 0.982377 0.033950600000000046 0.035245899999999816
0 0.5697519765508543 0.4408569235560575 0.04444604689829157 0.06254925288788508
0 0.532407 0.527459 0.06481480000000003 0.03852459999999998
0 0.482716 0.779918 0.059259300000000036 0.035245900000000004
0 0.509877 0.8963109999999999 0.030864199999999994 0.06803279999999996
0 0.22407400000000002 0.371311 0.022222199999999987 0.02950819999999999
0 0.553086 0.297541 0.030864199999999994 0.05245900000000004
0 0.589198 0.215574 0.04876539999999994 0.04426229999999999
0 0.351852 0.22622999999999996 0.029629599999999933 0.06721310000000001
0 0.519753 0.847541 0.059259300000000036 0.03770489999999995
0 0.559877 0.353279 0.04320989999999994 0.05901639999999998
0 0.511728 0.619262 0.04074069999999996 0.06803279999999996
0 0.17284 0.893033 0.028395099999999975 0.07950819999999999
0 0.387037 0.285656 0.023456799999999976 0.06803279999999996
0 0.494136 0.702869 0.040123500000000034 0.0647541
0 0.67963 0.0627049 0.04814809999999998 0.05655739999999999
0 0.135802 0.8553280000000001 0.03209879999999998 0.048360700000000076
0 0.368519 0.69959 0.039506200000000075 0.06803279999999996
0 0.482716 0.0315574 0.027160499999999983 0.0614754
0 0.603395 0.975 0.05864199999999994 0.03360659999999989
0 0.511111 0.102049 0.04197530000000002 0.0631148
0 0.610185 0.8434429999999999 0.033950600000000046 0.07213109999999993
0 0.367901 0.432377 0.04320989999999994 0.06967210000000003
0 0.416667 0.137705 0.04691359999999995 0.05409839999999999
0 0.5259602194787381 0.9953341740226986 0.01968449931412889 0.007692307692307577
0 0.5989843832436426 0.9960347484937648 0.023018887833702633 0.006291158750175104
