0 0.489198 0.22377 0.035185199999999965 0.07377049999999997
0 0.546914 0.364754 0.05802469999999998 0.031147500000000012
0 0.6294256190251571 0.007732760954222084 0.03045693805031442 0.015465501908444167
0 0.4580130444910319 0.3508738014228271 0.05881667831353365 0.04755644911846583
0 0.519136 0.22049200000000002 0.03703699999999995 0.06885249999999998
0 0.578086 0.109426 0.03765430000000005 0.05
0 0.461728 0.270902 0.04197530000000002 0.03688520000000002
0 0.466358 0.21803300000000003 0.03888889999999997 0.07377049999999997
0 0.55 0.388115 0.06049379999999993 0.028688499999999967
0 0.425926 0.415164 0.04691359999999995 0.040163899999999995
0 0.438272 0.198361 0.03580250000000006 0.07049180000000001
0 0.600617 0.370082 0.05061729999999996 0.03852459999999998
0 0.68858 0.457787 0.022839499999999874 0.07295080000000005
0 0.663889 0.455738 0.024074100000000074 0.06885250000000008
0 0.596605 0.417213 0.05617279999999996 0.04426229999999999
0 0.597222 0.804098 0.05864199999999994 0.036065599999999934
0 0.552469 0.334426 0.04938270000000004 0.03770490000000005
0 0.47932099999999994 0.289344 0.04876539999999994 0.04754099999999996
0 0.469136 0.10491799999999998 0.024691400000000033 0.07540979999999999
0 0.427778 0.4467209999999999 0.04938270000000004 0.040983600000000016
0 0.611111 0.268033 0.05802469999999998 0.03442619999999998
0 0.601543 0.838115 0.05123460000000006 0.03688519999999993
0 0.494753 0.129098 0.020370400000000066 0.07622950000000002
0 0.568827 0.0672131 0.05370370000000001 0.031147500000000012
0 0.585494 0.871311 0.05370370000000001 0.04426230000000017
0 0.584877 0.543852 0.026543200000000024 0.07295080000000005
0 0.712511234680819 0.11429431712315075 0.029960969361638244 0.07449013424630149
0 0.51821 0.172951 0.05987649999999997 0.03278690000000001
0 0.557716 0.977049 0.04259259999999998 0.04426230000000017
0 0.461111 0.435246 0.025925900000000064 0.07868850000000002
0 0.587346 0.326639 0.05617279999999996 0.04672130000000003
0 0.405556 0.331557 0.020987700000000026 0.04836069999999998
0 0.687346 0.510656 0.06111109999999989 0.036065599999999934
0 0.538889 0.47827900000000007 0.04320989999999994 0.05819670000000005
0 0.530864 0.252869 0.05679010000000006 0.04344259999999996
0 0.612654 0.0758197 0.024074099999999935 0.06967209999999999
0 0.451852 0.05327869999999999 0.05061729999999996 0.02950819999999999
0 0.51358 0.571721 0.03580250000000006 0.06967210000000008
0 0.535802 0.544672 0.03333329999999994 0.06803279999999996
0 0.659568 0.252869 0.03765429999999991 0.0647541
0 0.6373460000000001 0.20409800000000003 0.035185199999999965 0.059016400000000004
0 0.57037 0.190984 0.030864199999999994 0.07213110000000003
0 0.441667 0.590164 0.045061699999999934 0.05081969999999993
0 0.489198 0.963934 0.031481499999999954 0.07049180000000001
0 0.569753 0.271311 0.03209880000000005 0.07704920000000004
0 0.376852 0.520902 0.035185199999999965 0.06639339999999992
0 0.691049 0.732377 0.04135800000000006 0.056557399999999945
0 0.540741 0.9241800000000001 0.029629599999999933 0.08114749999999991
0 0.377778 0.911066 0.029629599999999933 0.03852459999999998
0 0.419444 0.11926199999999999 0.05123460000000006 0.051639300000000006
0 0.786111 0.161475 0.033950600000000046 0.0377049
0 0.171296 0.0286885 0.03271610000000001 0.04754099999999999
0 0.290123 0.95041 0.04197530000000002 0.04672129999999984
0 0.728395 0.8549179999999998 0.05308640000000005 0.040983600000000016
