0 0.8534639824711487 0.5767375124562225 0.011453006608964008 0.017773534171704308
0 0.870081853917566 0.45371380319263366 0.00747391023460023 0.03769380261893487
0 0.8666366356279637 0.1380691528944714 0.009742019325775075 0.02815705192111898
0 0.8823793286458332 0.5104053703703705 0.008036915364583308 0.032134201851851826
0 0.8961228922348108 0.4554286375292857 0.01006410716520539 0.022915302175691096
0 0.8541809291666667 0.6325592777777779 0.010946816354166581 0.020248927777777648
0 0.8040987662433403 0.1647584717863648 0.008571393450819424 0.01911708235319628
0 0.8737125677968313 0.3939723692147787 0.011204838115931775 0.03102361526369832
0 0.9074314646303392 0.17492916413681442 0.006179786906958047 0.025956284153005448
0 0.9209707085014477 0.22861778147277653 0.007897964715854874 0.04018452038778025
0 0.8451406715507983 0.28878395076570845 0.011872409753988103 0.02209762949093309
0 0.8489501574501472 0.39435008170597025 0.006332159516918878 0.03977423208098885
0 0.8651995011523532 0.11783559097790611 0.014189542450626291 0.01864578444863362
0 0.8654600730888672 0.3879440297093007 0.008473158223677757 0.036131127391853375
0 0.8481532145833334 0.11709168888888889 0.005819824427083375 0.018488144444444445
0 0.8634365012220343 0.4216137734916687 0.007080770020819808 0.021227643554347357
0 0.8449662838541666 0.540778574074074 0.00942258036458341 0.03213420185185193
0 0.878811131178621 0.17115572586497746 0.01104917320981483 0.028781948205881806
0 0.8615249895833333 0.1749774074074074 0.009284009375000105 0.029493000000000002
0 0.8210632932291666 0.5079844074074074 0.00595839541666668 0.012325429629629736
0 0.8187940937494924 0.2565243654625707 0.006062634948931726 0.03807414314893275
0 0.8594013530009771 0.5421376592157018 0.00909725780012908 0.0311774593463741
0 0.8322885324880005 0.20000146799937524 0.011417738257277321 0.032439850193599754
0 0.8681471603447247 0.6046993655570514 0.005864011152859779 0.04146757829342791
0 0.8279918427083334 0.4516395555555555 0.007066940885416647 0.04137827407407402
0 0.9272609355044701 0.1480115361262902 0.01216844638380401 0.026462254604331107
0 0.8910784444315614 0.4106217408352368 0.009940164958737322 0.03362485920625455
0 0.8460747619791665 0.6026259074074075 0.008591176875000054 0.036095924074074
0 0.868740274437047 0.28110603127363354 0.007556727952485313 0.03421799785209937
0 0.8463590463801147 0.21075932792553193 0.007773923541479514 0.02182255770291569
0 0.8355315989883071 0.3043453955905996 0.007611825504851548 0.025032325346242338
0 0.8589582658777408 0.37841365678457584 0.007127662537514112 0.04282770190789383
0 0.8539392503755349 0.39011597589998176 0.006442044821846811 0.04293132968151783
0 0.7972204832890384 0.23179456537686838 0.010928045536409907 0.018112021494477527
0 0.8418441571737411 0.26979878721071604 0.010159313742535758 0.030014357060049374
0 0.8641678442690117 0.3624035848447852 0.007699390814279757 0.02719380919307218
0 0.8036039202014211 0.18321520899687746 0.01316381597575867 0.01867670317894005
0 0.8228147151594108 0.1699086694926389 0.00694329294030851 0.04411575859587039
0 0.778805283736024 0.271724359656556 0.010956968461631316 0.03194263783163065
0 0.8710168666666667 0.1714555185185185 0.006928369895833223 0.04269884814814815
0 0.849053542897036 0.16402949596239985 0.006727818336199457 0.02673790992705218
0 0.8658184884202756 0.4680703391310375 0.007348508992782143 0.04197089210829511
0 0.8491231890625 0.555304888888889 0.00969972234375002 0.03389498518518518
0 0.86020864375 0.14174254814814816 0.00942258036458341 0.029052844444444444
0 0.854953857556983 0.3082075777298035 0.009721073759799264 0.03535848138553306
0 0.881617221875 0.6028460925925927 0.011223958333333428 0.03301456666666672
0 0.8281303463541666 0.5940424444444444 0.007344082864583257 0.025971487037037062
0 0.8536016303219808 0.33971286287253416 0.007016843768961796 0.032340347967290586
0 0.8411600615095 0.242020014116282 0.009863210513328724 0.031162690737158875
0 0.8465071009046334 0.18876246478269498 0.014178365112910048 0.024436317599903258
0 0.8593080333333333 0.6420234814814815 0.00595839541666668 0.00484213537037032
