0 0.469136 0.507787 0.05432099999999997 0.02868850000000006
0 0.34321 0.264344 0.022222200000000056 0.031967200000000036
0 0.434568 0.146311 0.029629599999999933 0.06803280000000002
0 0.398765 0.605738 0.05185190000000002 0.032786899999999966
0 0.417901 0.427049 0.04691359999999995 0.034426200000000025
0 0.362037 0.251639 0.04876539999999994 0.05081970000000002
0 0.424691 0.208197 0.030864199999999994 0.06885249999999998
0 0.417901 0.459016 0.04567900000000003 0.036065599999999934
0 0.360185 0.547541 0.03765430000000005 0.03114749999999992
0 0.328395 0.538115 0.024691400000000033 0.05
0 0.423148 0.397541 0.05246909999999995 0.04426229999999999
0 0.6738769298587248 0.42163232793222916 0.05718494028255062 0.035422844135541524
0 0.3743830000000001 0.57541 0.04876539999999994 0.04262289999999994
0 0.353395 0.352869 0.027777799999999943 0.04508200000000001
0 0.726852 0.485656 0.05 0.03852459999999998
0 0.453395 0.47459000000000007 0.035185199999999965 0.05901639999999998
0 0.680247 0.856557 0.0506173000000001 0.03934430000000009
0 0.610494 0.166803 0.022222200000000056 0.08606560000000003
0 0.462346 0.177459 0.025925900000000064 0.0745902
0 0.676235 0.894262 0.0561728000000001 0.040983600000000016
0 0.399691 0.363115 0.04876539999999994 0.055737700000000015
0 0.556173 0.44467200000000007 0.04938270000000004 0.03360660000000008
0 0.504321 0.937295 0.05432099999999997 0.03360659999999989
0 0.520988 0.283197 0.028395100000000045 0.08114750000000001
0 0.36821 0.634016 0.029012299999999974 0.07459019999999991
0 0.551235 0.320492 0.019753099999999964 0.07868849999999997
0 0.551543 0.559016 0.05617279999999996 0.03442620000000007
0 0.438272 0.282377 0.029629599999999933 0.07950819999999999
0 0.534877 0.137295 0.025308599999999966 0.07622950000000002
0 0.541358 0.9323769999999999 0.022222200000000056 0.05
0 0.57716 0.956557 0.025925900000000064 0.07377050000000017
0 0.582099 0.379098 0.03827160000000001 0.0745902
0 0.537963 0.978279 0.05123460000000006 0.04344260000000006
0 0.449691 0.622541 0.05123460000000006 0.05163929999999992
0 0.550309 0.24098399999999998 0.04259259999999998 0.05737700000000003
0 0.703086 0.531557 0.05679009999999992 0.03852459999999998
0 0.480556 0.360656 0.05740740000000002 0.032786899999999966
0 0.550309 0.376639 0.04382720000000004 0.05819669999999996
0 0.67284 0.9463110000000001 0.03456789999999986 0.07786880000000013
0 0.573765 0.107787 0.05123460000000006 0.053278699999999984
0 0.580247 0.595082 0.04691359999999995 0.055737700000000015
0 0.640741 0.944672 0.027160500000000056 0.06967209999999989
0 0.606173 0.9204920000000001 0.04320989999999994 0.06229510000000014
0 0.6564819999999999 0.329508 0.022839499999999874 0.055737700000000015
0 0.46265400000000007 0.408607 0.04135800000000006 0.0647541
0 0.39537 0.477049 0.04382720000000004 0.07049180000000001
0 0.455247 0.683607 0.05246909999999995 0.04426229999999999
0 0.624691 0.23729500000000003 0.04938270000000004 0.04672130000000003
0 0.6141980000000001 0.97418 0.04691360000000002 0.05163929999999992
0 0.519444 0.890574 0.03765430000000005 0.06147540000000003
0 0.37716 0.830738 0.03580250000000006 0.06639340000000002
0 0.428704 0.918443 0.05 0.03360659999999989
0 0.225617 0.981967 0.06234570000000002 0.036065599999999934
0 0.32037000000000004 0.95041 0.03209880000000002 0.0663934000000001
0 0.222531 0.615984 0.04382719999999997 0.06147540000000003
0 0.27284 0.751639 0.05061729999999996 0.04918030000000007
