0 0.7599726192616565 0.936763812993321 0.05216611230972082 0.09374620522161489
0 0.5172214082683725 0.6375232272538003 0.06428341367970844 0.06933965811683636
0 0.6420250879820896 0.9314126853426202 0.0622782831211295 0.06266033124330887
0 0.7203728849488154 0.1585003198179544 0.06545751612818632 0.07915041726838228
0 0.7399846902759744 0.4543351953721696 0.03447199808322511 0.12215258582154212
0 0.3999360132490215 0.39986351138556914 0.036583692997423846 0.06406326358345549
0 0.4589004375 0.1438493481481481 0.027383608854166516 0.12382507407407405
0 0.5761855221643472 0.5664849877665149 0.034004222974527445 0.09655019187437741
0 0.5513195668289137 0.7001556432367189 0.057575579208782555 0.051012827497399896
0 0.7055264658401068 0.233246687199259 0.0671018417607596 0.07014926515851151
0 0.5975001663581284 0.7963084045591403 0.03405839082872895 0.05383460524240836
0 0.5446676309785784 0.5957682832651878 0.05835815989705727 0.08445456996791766
0 0.5670014818036128 0.8653256172344427 0.06488528101922325 0.09545909837847852
0 0.5614372171558937 0.475793670447229 0.049861569567217386 0.08974478911579618
0 0.600774369896325 0.13570382420982982 0.0394592731892948 0.05410260332010031
0 0.6208008920036616 0.7369603048252847 0.0336540506221444 0.11276527592520859
0 0.37138287897276345 0.6214734051457041 0.06427913590096045 0.057641105188830324
0 0.49072438854166667 0.1888763703703704 0.03478453885416665 0.10631446370370365
0 0.4834327158480508 0.9803923578064604 0.022304315350357838 0.0392152843870789
0 0.5155335655086313 0.882760396763409 0.037552387473980174 0.12961381045575338
0 0.4973551111198797 0.7954972442447811 0.03472315901059275 0.11881712039932664
0 0.47220814156459134 0.8505172186398325 0.048808793980978274 0.10794221124335679
0 0.4737610799169084 0.6770150267814129 0.055873797663861066 0.07082779459285628
0 0.879322361061169 0.8354887674559806 0.039376073754444955 0.06265938069216738
0 0.5030063396684812 0.9931174240740743 0.04870623993387113 0.013765151851851619
0 0.6511924207393971 0.16175524502213298 0.045411049667039315 0.11210931078500669
0 0.6765616206781329 0.02111129274152956 0.06104224921740346 0.04222258548305912
0 0.7263137994205863 0.5509906466861108 0.04313453066222337 0.05966043484900973
0 0.3631436004934107 0.5721478880810428 0.06327648439614428 0.06981470730675933
