0 0.5032945552083332 0.18596168981481478 0.046605962812499985 0.04063069027777778
0 0.21496944427083334 0.06595867592592591 0.06872395359375 0.036851077777777755
0 0.4234204737162094 0.09034088020053517 0.04678822782799775 0.06556924422855928
0 0.4264536961718296 0.9339436674446261 0.05881090317699247 0.05688148164851125
0 0.49618461145833337 0.07021127314814812 0.07030385578125013 0.03779600972222223
0 0.46656240520833325 0.3905324814814815 0.04107643312500014 0.05480420833333315
0 0.42507875632055786 0.15003302493113768 0.07822797511930085 0.044455340878465414
0 0.7383689332850677 0.27674336334760646 0.03383877682718873 0.049411768744695224
0 0.5743875942708333 0.760932662037037 0.05924479640624985 0.06236343333333307
0 0.6079601958333333 0.20155185648148147 0.06003474749999995 0.05480420833333331
0 0.6739191286458334 0.03288744120370371 0.056085119999999954 0.05952863750000001
0 0.4309494772947116 0.7243634392001501 0.04651073127445097 0.03673772962889485
0 0.5304684704902697 0.6209564285977578 0.04913320334237762 0.0720744710452251
0 0.3801810074056956 0.04992781026483579 0.03886355237883574 0.08055887258330234
0 0.4164024942708334 0.6735290509259259 0.037126677656249996 0.055749140277777824
0 0.5404377553746726 0.7185015845328111 0.07817044966732117 0.037618439730674164
0 0.45629291302083336 0.2256472175925926 0.03633685453125004 0.08220631250000002
0 0.48789095677083333 0.20722121759259263 0.06161452171875001 0.0718124069444445
0 0.48275557083333337 0.8592023564814815 0.06714405140624997 0.07181240694444431
0 0.5341017520833333 0.26438746759259263 0.040286482031249925 0.05196952777777784
0 0.47604105052083334 0.029436102546296288 0.03791662874999998 0.058872205092592576
0 0.4598478848958333 0.10564420370370373 0.05134554140625009 0.04441030277777779
0 0.3670308708333333 0.8799903981481481 0.03159727593750006 0.08882060555555542
0 0.739005941360143 0.36097285022480585 0.04249058964736925 0.07883757359775988
0 0.5131686239583333 0.14910968981481482 0.071093806875 0.03874094166666666
0 0.6162538505208334 0.8266029537037036 0.06240447281249975 0.06708786250000014
0 0.5210681348958334 0.919675925925926 0.04107643312500014 0.07748176805555547
0 0.3370145208333334 0.9655034537037038 0.06793400250000001 0.034961329166666624
0 0.7165749520833333 0.8322723148148148 0.04344615843750006 0.07653683611111106
0 0.6245487848958333 0.005341144907407407 0.06161452171874989 0.010682289814814814
0 0.5869526366299448 0.6909311913735449 0.03885582590677738 0.0814200427158734
0 0.5566140145833335 0.17037037037037037 0.06319442390624998 0.06425318194444447
0 0.627424994134944 0.786868162609234 0.05638292330661017 0.06311013844543602
0 0.48394056145833336 0.2752547037037037 0.06635422828125001 0.04535523472222223
0 0.5851287130262643 0.8887909721739828 0.04513380766974819 0.044761363059441804
0 0.7229570945256825 0.04960869649193601 0.0354229877715517 0.07711072275686874
0 0.5107986427083333 0.025184024074074073 0.04107643312500014 0.050368048148148145
0 0.24419750677083335 0.3423417592592592 0.05134554140625003 0.05480420833333326
0 0.6399523833333334 0.09903071759259256 0.037126677656249996 0.04630005138888891
0 0.5151431817708333 0.10800739814814815 0.07030385578125002 0.05480420833333334
0 0.29386743417375655 0.48521238688325913 0.0689139695691536 0.044974089196444696
0 0.19245718177083335 0.10753475925925927 0.07425348328124996 0.04441030277777774
0 0.4207470333333333 0.20769385648148145 0.03475695234374996 0.07842669999999996
0 0.38243446927083335 0.27997878703703705 0.03080732484374996 0.08126138055555555
0 0.7070963067708333 0.3579330787037037 0.043446158437499945 0.07842669999999999
0 0.4637982802083333 0.6706943703703705 0.05608512000000007 0.06897772638888895
0 0.5479249364583333 0.06359663425925927 0.05213536453124992 0.07181240694444443
0 0.4235111583333333 0.015735050462962953 0.03080732484374996 0.031470100925925906
0 0.5451608114583334 0.3286409953703704 0.07662320859375006 0.036851077777777796
0 0.3370145208333334 0.5095890648148148 0.07741315968750015 0.03590614583333318
0 0.708573133643538 0.2677619799291887 0.03891401016084035 0.08301789616014121
0 0.6766845333333332 0.8232956342592593 0.04423610953124992 0.03968575833333337
0 0.6603704649181708 0.0589513448305383 0.03846682176342521 0.041733901698113626
0 0.7398780614583332 0.0015615324074074095 0.06477432609375006 0.003123064814814819
0 0.3299045770833333 0.880934523148148 0.0394965309375 0.08315112916666652
0 0.5978624748247301 0.3808260422210222 0.0739099409234568 0.043980417409807473
0 0.666387877477094 0.2738812804029796 0.03470352078752169 0.09174461867632958
