0 0.54814157488865 0.15952524232710072 0.01330299887134873 0.009518001351226326
0 0.6013808956389132 0.07023755312689738 0.011135299710799984 0.008614146933819074
0 0.5714755554165277 0.23569689908487718 0.011197829774218822 0.01875646137941226
0 0.5203482851375768 0.2387439583067972 0.012214848087653666 0.01286728505307219
0 0.5893006721999777 0.14977320216391252 0.0112740054869685 0.010796543355741893
0 0.5905658791283543 0.18222592881670377 0.011105038725458627 0.011009571996222038
0 0.6104617603915995 0.11887778257297196 0.012534542862971303 0.01802242280417515
0 0.5630288000200511 0.1598875195990178 0.015302304431268017 0.017533108781064385
0 0.6017322566065154 0.03957629775880942 0.021894818137785065 0.009040713263221336
0 0.6292706063907045 0.04184560162862961 0.023158133623819903 0.008255294831958287
0 0.6624017755782603 0.14141603682069107 0.023908666808571035 0.00941715693458673
0 0.5865135485592555 0.061490470899372776 0.023776214105372992 0.009652366533694893
0 0.5659792568454514 0.07830005666157673 0.02019513197292196 0.012162764914212674
0 0.4616992641915104 0.15760791841261687 0.011095659008020675 0.009738845211803317
0 0.5791883463324436 0.198965495550195 0.019082016043821662 0.015804055421541764
0 0.5587915993137088 0.017595056583458158 0.022841514945266893 0.010391532797578035
0 0.5970182814591699 0.030623953006927523 0.011613583965491614 0.009135509859718165
0 0.6486386846405229 0.040348762455802 0.01987540849673207 0.015149826779527836
0 0.6349855171875 0.011727383814814816 0.011668611406249951 0.0026988440740740747
0 0.6878920474731326 0.025284717581126354 0.012044531041833294 0.01716249950858985
0 0.6422047047047047 0.23226689804558653 0.019196279612946298 0.008423040526865657
0 0.5726032399437112 0.17853222988394132 0.016195524487577845 0.01707361273084563
0 0.5767666466075769 0.1474798532251719 0.011572466647845659 0.01671471842990984
0 0.6528166984386347 0.08536733454766242 0.011280637254901886 0.015830208221722205
0 0.652339211147422 0.059807671702560794 0.024769653231663115 0.009071752562591512
0 0.6166338363603988 0.134446115606464 0.021098108825973346 0.008109514385129118
0 0.5778400617101173 0.1356636460332076 0.01812215107648439 0.014648664440610961
0 0.6323209059754198 0.21785221013363087 0.016339690384829336 0.010854433668641326
0 0.6032775796875001 0.10107837962962962 0.016234579062500032 0.01561474407407408
0 0.5609096488392906 0.14657275385415694 0.01802250319891646 0.01407136307868434
0 0.6521303104575163 0.12836744169434622 0.020293209876543136 0.009479981427908145
0 0.6006138828124999 0.011438221277777777 0.013444272343749949 0.0025060627777777787
0 0.5973562538232677 0.23200639163753914 0.018853488905572154 0.014848865258701265
0 0.5587761080496827 0.04540364765774601 0.018896511221072623 0.012292316541669433
0 0.548089611602343 0.14053969725645502 0.015463669688206848 0.013864729939411178
0 0.5554405678826975 0.12298445986970576 0.0176727653579506 0.015514603857044689
0 0.6072971843371149 0.19861815367279848 0.01793938035257483 0.013893675095860843
0 0.595280465650836 0.1363281769930222 0.014549561135209287 0.016961861679530208
0 0.5809975308378881 0.07023182408493737 0.014797605113276309 0.008680465348643735
