0 0.521296 0.994262 0.035185199999999965 0.009836070000000157
0 0.626556334111459 0.8877683674497806 0.053616596252825596 0.05198577722235034
0 0.50216 0.754098 0.05 0.027868900000000068
0 0.473457 0.46393400000000007 0.03703699999999995 0.04590159999999991
0 0.502778 0.722541 0.05740740000000002 0.03360660000000008
0 0.5068076361198053 0.7861982072385131 0.05552102776038946 0.03579978552297391
0 0.40802499999999997 0.253689 0.027160499999999983 0.04344259999999996
0 0.533642 0.703689 0.019135800000000005 0.054918000000000085
0 0.594444 0.316393 0.03333329999999994 0.07213110000000003
0 0.557207280146931 0.3642981003867467 0.03373293970613798 0.0763218992265065
0 0.434259 0.259016 0.026543200000000024 0.0754098
0 0.46018499999999996 0.605738 0.05740740000000002 0.02950819999999999
0 0.5828248526777953 0.7144999060205496 0.03848870535559033 0.06834491204109917
0 0.573457 0.266803 0.05802469999999998 0.028688499999999967
0 0.59537 0.813525 0.033950600000000046 0.04344260000000006
0 0.346914 0.611475 0.05679010000000006 0.03442620000000007
0 0.472222 0.10123 0.03703699999999995 0.06803279999999999
0 0.520679 0.504508 0.026543200000000024 0.06803279999999996
0 0.489198 0.0803279 0.03271610000000001 0.06557380000000002
0 0.482716 0.632787 0.04567900000000003 0.05081969999999993
0 0.42037 0.326639 0.05185190000000002 0.04672130000000003
0 0.557099 0.904098 0.05617279999999996 0.03114749999999992
0 0.588272 0.0459016 0.03703699999999995 0.03442619999999999
0 0.564815 0.225 0.030864199999999994 0.06147540000000003
0 0.557716 0.506148 0.045061699999999934 0.06967210000000008
0 0.459568 0.304508 0.026543200000000024 0.07622950000000002
0 0.609259 0.710656 0.030864199999999994 0.06557379999999993
0 0.627469 0.401639 0.03148150000000002 0.031147500000000012
0 0.498457 0.560246 0.029012299999999974 0.07622950000000002
0 0.41234599999999993 0.641393 0.05308640000000005 0.031967200000000036
0 0.404321 0.57582 0.04567900000000003 0.05163929999999992
0 0.555556 0.458197 0.04320989999999994 0.06229509999999996
0 0.6524690000000001 0.9122022983144771 0.029629600000000075 0.03770489999999986
0 0.526852 0.645082 0.04135800000000006 0.05901639999999998
0 0.592593 0.771721 0.06913580000000001 0.02704919999999995
0 0.57037 0.676639 0.04074069999999996 0.06967210000000008
0 0.327161 0.586066 0.039506199999999964 0.07213109999999993
0 0.605924955894627 0.8499018628607712 0.04271451178925413 0.06537752572154246
0 0.67284 0.645082 0.025925899999999925 0.08360660000000007
0 0.336728 0.858197 0.029012299999999974 0.07377050000000007
0 0.3759259999999999 0.8872950000000001 0.03827160000000001 0.06803279999999996
0 0.341049 0.27459 0.045061699999999934 0.05081970000000002
0 0.583025 0.592623 0.04135800000000006 0.06557379999999993
0 0.427469 0.404508 0.04135800000000006 0.06639340000000002
0 0.485185 0.377869 0.04567900000000003 0.0606557
0 0.398457 0.920902 0.04135800000000006 0.0663934000000001
0 0.662037 0.75123 0.04629630000000013 0.05327869999999997
0 0.10463 0.716803 0.024074100000000005 0.040163900000000086
0 0.539815 0.956148 0.05246909999999995 0.04672129999999984
0 0.634568 0.19876999999999997 0.03209879999999998 0.06639339999999999
0 0.23950599999999997 0.42418 0.04320990000000001 0.04016390000000004
0 0.194753 0.9581970000000001 0.05123459999999999 0.0540983999999999
