0 0.578207590993326 0.658203617591425 0.06206896054262951 0.08755465940404461
0 0.7073223699099437 0.9778702629076196 0.07113730926108003 0.04425947418476068
0 0.42219397805814685 0.9051772863759 0.0463724869045393 0.06755523275180011
0 0.47813157530658923 0.42188273172411395 0.061474492876025265 0.06582000079912184
0 0.4997732287342534 0.814147596662451 0.06334439918144738 0.0999365658879583
0 0.4072251713853277 0.1900087863714913 0.059492513123878744 0.08352672107795048
0 0.5527896804305551 0.8890240084808899 0.06574148997569343 0.07851854692710929
0 0.22153303453771792 0.0569044057988015 0.047585295243563766 0.11169763857525962
0 0.45749427890760314 0.7988130104977569 0.03589280708317079 0.13281087475900558
0 0.40931358416487806 0.7817172662454114 0.06368263515635952 0.07525868503051399
0 0.3678172370030731 0.09090030387417684 0.07061808152302937 0.05278719174723255
0 0.4188423486902953 0.25767373371301544 0.0400983740781219 0.08387474895807058
0 0.32856944544135 0.8880026757600147 0.027531492248062152 0.04163419042374446
0 0.32776317160671203 0.6146514430626218 0.03313682905846456 0.0672833835814332
0 0.5792564596317062 0.4326455689272867 0.03880225368027676 0.06527096308341306
0 0.5357429222738852 0.19531284263506493 0.03457150152693676 0.12720632722987016
0 0.42836375134371374 0.6289480655387416 0.05656473196620766 0.07525884767175751
0 0.35828947546249185 0.9554695405788304 0.05190816574400673 0.08906091884233946
0 0.39405015617580724 0.5374714661856053 0.042511382409385824 0.08564668861800011
0 0.455592116110056 0.2930392088178974 0.048718278463648804 0.0873426626500398
0 0.6916008288543388 0.3894878254997759 0.03357918725882326 0.13104965698040597
0 0.4987269395833333 0.00973940256944443 0.06430814218749994 0.01947880513888886
0 0.5287801275154218 0.9275806074041897 0.06149490517545727 0.06569664643873513
0 0.3914670279141464 0.8732558281683598 0.0626553027556825 0.08922644588696955
0 0.40799446422327956 0.006815914134914865 0.03028080315687814 0.01363182826982973
