0 0.5887173732853224 0.2796447841530054 0.026954828189300426 0.04316944808743173
0 0.470985739855504 0.5733345361960361 0.0325829246397523 0.06834331493595487
0 0.5622876401815181 0.5773411628225936 0.05166243352279664 0.03635737839636422
0 0.5790764919111356 0.6146242792282097 0.050745683822271126 0.0521992584564194
0 0.5426253766434441 0.895538111144642 0.024669456311778012 0.039085603655579594
0 0.45720693898614584 0.5447788730167098 0.03235282442142033 0.04691371040008435
0 0.46886137626886143 0.0336748412568306 0.028669565706447225 0.06880696593806922
0 0.4398832479080932 0.024089253187613843 0.031070266872428 0.04972677595628415
0 0.44755867813405587 0.6692242677916292 0.03338885626811163 0.03680843558325867
0 0.5642832203017832 0.23925339417122038 0.05867635775034291 0.042440388342440814
0 0.4949007465056965 0.5241015102274525 0.049855527353022885 0.035029281479626764
0 0.465033272684689 0.49048954066338096 0.03734244990671273 0.04426998303463176
0 0.5380607505194964 0.6069428664177893 0.03529519618628527 0.04159227398149652
0 0.560185 0.8590160000000001 0.031481499999999954 0.032786900000000146
0 0.4764061177640604 0.23378859895264117 0.04958831316872429 0.052003858561020064
0 0.5305401839658966 0.47797857898880064 0.028028542959295962 0.0694445625223177
0 0.5498875452854063 0.7383450614403004 0.03431520410342349 0.04239567345779772
0 0.522905005756024 0.9478941542354119 0.05696478901194872 0.03768910442253974
0 0.5086513450525608 0.4360574176310663 0.061110706790123426 0.037234296372342074
0 0.4958804994194355 0.8791140742659849 0.03162036752213102 0.06086415023984012
0 0.4645638164126077 0.4407343323599177 0.04150903888293429 0.06443213528016441
0 0.4957383793348815 0.481648274980233 0.046592393011392966 0.05878979235148384
0 0.7359995537706381 0.964472644677069 0.029562695225345798 0.04320560932253612
0 0.4959189301783265 0.2814435976320583 0.05630973964334715 0.03875240473588342
0 0.43567146996943357 0.5762743134257551 0.0420785201063872 0.0740604079911444
0 0.5254802862825789 0.31204466962659383 0.02482817914951991 0.07764107969034607
0 0.5268281131425906 0.8788520814862157 0.039591362139256216 0.07562038502187553
0 0.5728789832936071 0.5083267859357247 0.05175967786945359 0.04643769782502851
0 0.6106823605281206 0.21504996730418946 0.030007021056241423 0.08583813460837886
0 0.473765 0.851229 0.030246900000000035 0.07622949999999992
0 0.5060187438271605 0.15104761047358833 0.0483191652949246 0.044899314571949005
0 0.581173 0.162705 0.04259259999999998 0.058196700000000004
0 0.5133361327825414 0.8258023710479154 0.059263270288991976 0.04177921892889169
0 0.4725651577503429 0.17725409836065573 0.044238683127572065 0.06397996357012749
0 0.48162516572287717 0.7231302205062992 0.03353423447064433 0.07184614272046802
0 0.5776098634396774 0.5482671697654601 0.058262732477692154 0.05019508751014446
0 0.6670040887618595 0.921538137156713 0.027986185542455626 0.07458752833271819
0 0.6285040795306482 0.5137195539585624 0.045586953057625126 0.05557957965157961
0 0.4455956492398078 0.9312898634758316 0.052796633718391536 0.044014548521427506
0 0.3797326859053498 0.02750456766848816 0.029286342866940998 0.05701272258652094
0 0.5985272517962764 0.8261293553318223 0.06093446072009845 0.05086711296188916
0 0.5966319530000794 0.8881491296254808 0.029753128341471077 0.08160636109061194
0 0.6201112949704259 0.9388441368923748 0.05627218994085199 0.042117352177007114
0 0.8136810279667422 0.8440950150552025 0.03149407911312673 0.05955168952827039
0 0.4950275638545953 0.09528685532786886 0.042180811934156355 0.07217674471766847
0 0.5493485533607682 0.126047264571949 0.0445132932784636 0.05446247085610199
0 0.16608352961171374 0.12725987330875038 0.04080925922342748 0.06599584661750076
0 0.6462938928146752 0.42453042318061784 0.04723809602920057 0.035270679992366195
