0 0.5613358106664574 0.3688315535009725 0.02087305328520617 0.027827307001945013
0 0.541667 0.209016 0.05617279999999996 0.03442619999999998
0 0.514506 0.00737705 0.035185199999999965 0.0147541
0 0.385802 0.148361 0.025925900000000064 0.024590200000000003
0 0.498457 0.665164 0.03641980000000002 0.03852459999999998
0 0.6246910000000001 0.660246 0.04074070000000003 0.048360700000000076
0 0.5020560651077632 0.34594350980133376 0.029576926072400127 0.07638194399833292
0 0.651235 0.4995899999999999 0.03703700000000009 0.05
0 0.501543 0.288934 0.04135800000000006 0.06803279999999996
0 0.50216 0.581148 0.05 0.057376999999999935
0 0.565432 0.253279 0.05308640000000005 0.04262290000000003
0 0.475309 0.504508 0.039506200000000075 0.041803299999999946
0 0.578704 0.528279 0.029012299999999974 0.07131149999999994
0 0.5626122829566855 0.6975620067449292 0.06119443408662901 0.0294668865101417
0 0.350309 0.8606559999999999 0.030246900000000035 0.03934430000000009
0 0.590741 0.766393 0.039506200000000075 0.06229509999999996
0 0.624691 0.784836 0.034567900000000006 0.07131149999999994
0 0.49168755204017583 0.21897031417754934 0.0586839040803516 0.03580207795220899
0 0.649074 0.67377 0.04135800000000006 0.06393440000000007
0 0.366358 0.829098 0.03888889999999997 0.05819669999999996
0 0.40802499999999997 0.130328 0.03580250000000006 0.07213110000000002
0 0.454012 0.182787 0.033950600000000046 0.0377049
0 0.714506 0.441393 0.036419799999999884 0.06967210000000003
0 0.633951 0.547951 0.05432099999999997 0.04672130000000003
0 0.68858 0.577459 0.024074100000000074 0.08114749999999991
0 0.4885906173781126 0.7263823124409559 0.024052965243774864 0.07182547511808832
0 0.44845699999999994 0.680328 0.033950600000000046 0.06393440000000007
0 0.55463 0.892623 0.025308599999999966 0.09180330000000013
0 0.6163580000000001 0.503689 0.05000000000000007 0.054918000000000085
0 0.38179 0.229508 0.05987649999999997 0.03770489999999995
0 0.520679 0.532787 0.04753090000000005 0.06229509999999996
0 0.32345699999999994 0.210246 0.030864199999999994 0.07786880000000002
0 0.599074 0.07622950000000002 0.03888889999999997 0.060655700000000014
0 0.447222 0.027049199999999995 0.05740740000000002 0.0393443
