0 0.42818129268755933 0.48162056809583864 0.04772098537511863 0.046847136191677165
0 0.37160499999999996 0.993033 0.022222200000000056 0.01229510000000014
0 0.4050093210588794 0.42711227916141237 0.04088354211775877 0.0575030583228247
0 0.529938 0.604098 0.026543200000000024 0.08196720000000003
0 0.495062 0.670082 0.05308640000000005 0.03688519999999993
0 0.6341643483618233 0.3695776556431274 0.027967599572649618 0.07042854747793184
0 0.505556 0.631557 0.028395100000000045 0.07295080000000005
0 0.475926 0.593852 0.028395100000000045 0.041803299999999946
0 0.608333 0.340574 0.03765430000000005 0.06803279999999996
0 0.599074 0.633197 0.030246900000000035 0.07131149999999994
0 0.560185 0.619262 0.029012299999999974 0.07622950000000002
0 0.39351899999999995 0.983607 0.026543200000000024 0.03114749999999992
0 0.486728 0.55123 0.045061699999999934 0.041803299999999946
0 0.513889 0.568443 0.03765430000000005 0.06803279999999996
0 0.486111 0.24098399999999998 0.03271610000000001 0.06885249999999998
0 0.620062 0.989754 0.045061699999999934 0.020491800000000008
0 0.516049 0.242623 0.027160499999999983 0.07704920000000003
0 0.571914 0.945902 0.024074099999999935 0.06885250000000008
0 0.428704 0.819262 0.04753090000000005 0.06147540000000003
0 0.516358 0.981557 0.035185199999999965 0.035245899999999816
0 0.44845699999999994 0.8762299999999998 0.03641980000000002 0.06393440000000007
0 0.572531 0.017623 0.05123460000000006 0.0352459
0 0.552469 0.718852 0.027160499999999983 0.08032789999999992
0 0.431173 0.0614754 0.05987649999999997 0.03278690000000001
0 0.450309 0.977869 0.05740740000000002 0.03770489999999986
0 0.449383 0.316803 0.03827160000000001 0.07131150000000003
0 0.380247 0.889754 0.039506200000000075 0.06311479999999989
0 0.67792557816032 0.4414396213345648 0.05738132498695871 0.05050796582775339
