0 0.562654 0.9938520000000001 0.035185199999999965 0.01229510000000014
0 0.3694927154642795 0.3404941340999146 0.028084956994909566 0.06642840494134099
0 0.6276915463416418 0.13924691728498173 0.059432007316716336 0.032980665430036527
0 0.6144974820929144 0.16975541535622718 0.06112883581417118 0.032619369287545615
0 0.5983337280045052 0.9739120444934348 0.03172684399098938 0.05053561101313029
0 0.408333 0.111475 0.026543200000000024 0.07377049999999999
0 0.545679 0.85 0.03827160000000001 0.06065569999999991
0 0.49300808165554966 0.9198879120289799 0.05102113668890054 0.03727407594204004
0 0.550617 0.139754 0.025925900000000064 0.041803299999999995
0 0.58858 0.564344 0.04506170000000007 0.0647541
0 0.6010738416622784 0.5867005205053998 0.0441222833245568 0.05649562591484736
0 0.5513267963577321 0.5350961307746096 0.031914607284535684 0.07570853845078085
0 0.4952285760370955 0.22977249498484964 0.030548055344918393 0.07654389201305263
0 0.442284 0.0885246 0.045061699999999934 0.03442619999999999
0 0.3877773074893219 0.7149929706510761 0.034813414978643806 0.05785494130215215
0 0.48812095782136805 0.08894801858829929 0.024863997440173258 0.07767072445808408
0 0.36907457279854894 0.11339060851720922 0.02950634559709792 0.06612531703441846
0 0.42685199999999995 0.164754 0.035185199999999965 0.0622951
0 0.506481 0.8635249999999999 0.031481499999999954 0.07622949999999992
0 0.428395 0.23770499999999997 0.05679010000000006 0.036065600000000024
0 0.396296 0.319672 0.025925900000000064 0.07377049999999997
0 0.275 0.013934399999999996 0.030246899999999965 0.027868899999999995
0 0.403395 0.651639 0.05864199999999994 0.036065599999999934
0 0.377778 0.269672 0.03580250000000006 0.05737700000000003
0 0.355247 0.759426 0.03641980000000002 0.06639339999999992
0 0.45679 0.12541 0.06419750000000007 0.040983600000000016
0 0.433642 0.691803 0.027777799999999943 0.06721310000000004
0 0.5149216541864139 0.3660028206413643 0.028608508372827742 0.07135074128272861
0 0.465123 0.272131 0.05370370000000001 0.04426229999999999
0 0.42654300000000006 0.9094260000000001 0.03333329999999994 0.0663934000000001
0 0.521296 0.547131 0.031481499999999954 0.07622950000000002
0 0.407099 0.9717209999999998 0.025308599999999966 0.04344260000000006
0 0.46327199999999996 0.0405738 0.026543200000000024 0.0713115
0 0.51358 0.143033 0.04938270000000004 0.05163930000000002
0 0.561728 0.897131 0.04074069999999996 0.08934430000000008
0 0.561728 0.378689 0.022222200000000056 0.09180329999999999
0 0.528704 0.0856557 0.026543200000000024 0.08278690000000001
0 0.489815 0.720902 0.04382720000000004 0.0598361000000001
0 0.352469 0.020491799999999998 0.04691359999999995 0.0393443
0 0.394444 0.238525 0.044444399999999974 0.06229509999999998
0 0.624074 0.406967 0.04691359999999995 0.04836069999999998
0 0.515123 0.965164 0.05 0.056557399999999945
0 0.576852 0.242213 0.035185199999999965 0.06147540000000003
0 0.541667 0.643033 0.05123460000000006 0.048360700000000076
0 0.546605 0.709016 0.04753090000000005 0.055737700000000015
0 0.708333 0.0942623 0.040123500000000034 0.06393440000000002
