0 0.1703637003631082 0.007609093717454195 0.027146600726216403 0.01521816743490839
0 0.5388752723311546 0.15361318707810992 0.03744553376906316 0.051380183220829295
0 0.3792316241626866 0.5878305612061744 0.03514463368477969 0.04926010131227307
0 0.5171455156136529 0.18261812921890067 0.03233932461873638 0.08015911282545807
0 0.4943377814088598 0.20552073288331726 0.029842955700798784 0.08106316297010609
0 0.6116549124004985 0.7302081201627378 0.03318592480099728 0.047301840325475526
0 0.6345558859751884 0.6969207450839615 0.057673245021176926 0.03968728810179097
0 0.348457 0.42622999999999994 0.025308599999999966 0.024590199999999954
0 0.562839806554324 0.7743009852020263 0.032591391066654644 0.04886123409516975
0 0.4120710784313725 0.044825819672131145 0.034154865649963645 0.048065332690453225
0 0.5459717704974583 0.20088888100289296 0.03686909517066074 0.0683283132111861
0 0.525 0.9893439999999999 0.04753090000000005 0.021311500000000125
0 0.6455477327918956 0.9703533829863191 0.028592086292091094 0.05845236846156915
0 0.6862268820567121 0.873487306734873 0.03125043588657608 0.03663198653025407
0 0.552161 0.9299180000000001 0.035185199999999965 0.06803279999999996
0 0.49173667202847615 0.5535547339904671 0.05164125147937881 0.0320553040664513
0 0.5966081927037338 0.7718760397351521 0.03764881459253256 0.07592072052969569
0 0.47187046114742187 0.2122257714561234 0.028027414669571586 0.0748854869816779
0 0.5194346820461986 0.4899086594072833 0.04160283560121357 0.06002951617406567
0 0.4544480755265069 0.017327627772420442 0.053340595497458225 0.034655255544840884
0 0.320062 0.986066 0.03395060000000001 0.027868900000000068
0 0.47842051452494666 0.8782467705406645 0.03832282904989336 0.06632964108132884
0 0.4498909595513802 0.8790573747168041 0.04219278089723956 0.06811435056639129
0 0.6217896728845633 0.4303777272545969 0.036646541107206186 0.06022894978261737
0 0.605043405124508 0.8351282358102986 0.05391847646511068 0.061624985042479305
0 0.5363564720487519 0.264155743846476 0.030989955902496247 0.038901412307048015
0 0.659938121414196 0.24271070160743483 0.04385569673485333 0.06102668421682424
0 0.5578835120603166 0.6061784531929321 0.02568261692349285 0.07797854094371992
0 0.5613406210735792 0.016886316231881412 0.03132354214715824 0.033772732463762827
0 0.4891185912183473 0.9775439256770772 0.04645381756330549 0.04491274864584586
0 0.494753 0.658607 0.04753090000000005 0.03852459999999998
0 0.5340767917049652 0.6938492437417733 0.058276983409930636 0.04702689243747751
0 0.4543129142005347 0.4872791727703322 0.04352715308341592 0.06354562167643887
0 0.4595836712625033 0.602788081847553 0.03995073743654444 0.07040006381875467
0 0.4936888866013072 0.1110476362102218 0.03182157320261432 0.05966702266152361
0 0.3944759845003154 0.852379242950022 0.02748490583040462 0.07259383351282361
0 0.4732152321025202 0.5128224412388815 0.0451288160809227 0.06565582351721122
0 0.5662190982547836 0.3234813130708787 0.03514463368477969 0.0713972318615133
0 0.5472950647322098 0.3500059830082565 0.034243489231323775 0.07937457620358185
0 0.5188362774939173 0.836473547057357 0.040105645012165556 0.06311900588528588
0 0.4996457556100218 0.05194971923818707 0.04373681122004349 0.06455523847637415
0 0.379012 0.320082 0.030864199999999994 0.07622950000000002
0 0.5820941559005084 0.21214118155737707 0.050408638090050806 0.057877714030858236
0 0.6182398094447448 0.6031014278588808 0.05117428111051045 0.06265054428223847
0 0.562591069579616 0.9512403114714211 0.04119916509717336 0.06712569511387655
0 0.5312997506833679 0.8076063978301623 0.05722267279444893 0.061226117825375896
0 0.5770328316962542 0.8836903194926409 0.05226637830044155 0.042279925012963036
0 0.6281360864017301 0.9493369713663197 0.030415334618966113 0.0730586900502574
0 0.6895018979814362 0.943374016716525 0.03579299596287279 0.04576363343305021
0 0.6828256886245532 0.32694946352359294 0.04433931092487455 0.04332096844960319
