0 0.54617761875 0.5044362037037037 0.014789742343750115 0.030714928703703754
0 0.5008498163535645 0.922241459335769 0.017067728403981994 0.017402327230101274
0 0.5175 0.4664466018518519 0.011182483125000076 0.04849727314814808
0 0.5058665546875 0.35625 0.016052284531250058 0.0317926824074074
0 0.4212765203125 0.5777206944444444 0.017134459374999977 0.025326357407407452
0 0.5457345010936692 0.6741904213935129 0.007844358620482932 0.028301231118586585
0 0.5114578546874999 0.9083105 0.008837766093750036 0.04418638981481464
0 0.4886421015625 0.634839537037037 0.014429007656249956 0.04041438333333329
0 0.4263266890625 0.5542808333333333 0.015691549843750017 0.020476597222222136
0 0.4743932859375 0.6027777777777777 0.017675532187499954 0.023709792592592503
0 0.4782711984375 0.2818874925925926 0.015691549843750017 0.013471461111111097
0 0.46402238281249997 0.5453893981481481 0.008837766093750036 0.04472526666666673
0 0.5425338854880959 0.5448100699900151 0.007648142773808312 0.043728678538488344
0 0.49396254375000004 0.5235654444444445 0.009198500781250018 0.04310870185185199
0 0.41325042187500005 0.4333066944444444 0.009018133437499938 0.04795839629629626
0 0.531207684375 0.5359595462962963 0.012625392656250097 0.03448693518518511
0 0.5455464937500001 0.7213267407407408 0.008837766093749859 0.04310870185185189
0 0.47574611406249995 0.9242066111111111 0.01064141031250004 0.012393773148148234
0 0.34886091640625 0.8883726481481481 0.013346832812499976 0.03125380555555553
0 0.4740327265625 0.5224879537037037 0.007214518437499961 0.02370979259259261
0 0.4901749171875 0.4893480462962963 0.014609375000000036 0.030714928703703754
0 0.49053576874999993 0.5569748888888889 0.01605228453125 0.020476597222222136
0 0.50171836875 0.7038140648148147 0.017134459374999977 0.022093227777777766
0 0.48774011874999995 0.67363775 0.015150477031249979 0.025326357407407452
0 0.50451401875 0.49312025000000004 0.011903923281250013 0.03933669537037043
0 0.45401233125 0.8061967222222222 0.018036266874999995 0.021015474074074118
0 0.5199347984375 0.510093851851852 0.013887934843750038 0.025865234259259223
0 0.5021692140624999 0.5526636111111111 0.011903923281250013 0.03987550648148141
0 0.5137827936750055 0.7328434841094862 0.016869715659437942 0.026086152582906117
0 0.3816868671875 0.4187576111111111 0.012986098124999993 0.021015474074074118
0 0.4982913015625 0.8695129444444445 0.011002115781250054 0.03987550648148141
0 0.47117024143204916 0.4708242400343197 0.007261449270348308 0.0475538180316024
0 0.4305651609375 0.3710686203703704 0.009739573593749995 0.02370979259259261
0 0.5279193316027974 0.549421438874675 0.010112819346321208 0.02491831355661555
0 0.49306085312500003 0.45993840071017195 0.01172358515624996 0.040414383333333394
0 0.4859364453125 0.5259906203703704 0.008657398750000015 0.04903615000000006
0 0.491978590625 0.6227156296296296 0.012084290624999975 0.022632038888888855
0 0.5158907442800434 0.6303357261824135 0.01373584356008711 0.03315722896503888
0 0.5232715796874999 0.573140537037037 0.007935958593750018 0.025865234259259223
0 0.48314079531250004 0.8975336203703704 0.012445025312499958 0.040953260185185164
0 0.44427284531249994 0.7929946666666667 0.015871917187499977 0.024787480555555578
0 0.5292234390625 0.6720211851851852 0.007935958593750077 0.05119152592592589
0 0.40657685937500004 0.3247267888888889 0.016954092031250017 0.020476597222222243
0 0.500094975 0.4780320925925926 0.013887934843750038 0.03933669537037043
0 0.5388995292123023 0.6688143712227259 0.008586574559053399 0.047151783366060664
0 0.47394244062499996 0.5682908425925927 0.010641410312499981 0.03879781851851855
0 0.499193284375 0.6674410277777778 0.008837766093750036 0.028020610185185053
0 0.4950322733610476 0.38492638350721314 0.015210019751893355 0.025609643183130287
0 0.47340130937499997 0.6348395370370371 0.007755591249999997 0.044725266666666624
0 0.48223910468750003 0.5769127407407407 0.01172358515625002 0.024787480555555578
0 0.49486452656249996 0.5787988425925926 0.016412990000000013 0.030714928703703754
0 0.5428123181895969 0.3835697769583908 0.008892954429341415 0.05199525415955967
0 0.5322011476705085 0.48953644550902237 0.012808821122267134 0.030687015766404806
0 0.48368192656250003 0.7385698796296296 0.00955923546875006 0.03125380555555553
0 0.48151769375 0.645347537037037 0.00811632593749998 0.04741951944444433
0 0.46483407968749996 0.6752543148148148 0.006853783749999979 0.04580295462962959
0 0.494233109375 0.6019698240740742 0.016593357343750035 0.02209322777777787
0 0.50857191875 0.32418791203703706 0.011002115781250054 0.020476597222222243
0 0.504243453125 0.6132857777777778 0.014248640312499995 0.03718125370370381
0 0.4329999593750001 0.7110882777777777 0.01172358515624996 0.031253805555555424
0 0.538602365625 0.719710175925926 0.009739573593749877 0.044186389814814854
0 0.472229053125 0.898880648148148 0.008657398749999956 0.031792682407407506
