0 0.5400904499999999 0.5648876444444445 0.06138048666666667 0.014681232592592627
0 0.4989456104166667 0.5852153777777778 0.029003975833333348 0.036514877037037166
0 0.48511738645833336 0.5592410518518518 0.051262881666666614 0.02597450962962958
0 0.5930398177083334 0.45741362962962967 0.058007951666666696 0.016563460740740693
0 0.49956753326396597 0.3039575857311202 0.0599267632987651 0.019087402573351477
0 0.6338470104166667 0.37233768888888885 0.06947461437500012 0.015057687407407417
0 0.37416050416666674 0.2840620888888889 0.06272954437500004 0.022210099259259278
0 0.57145555 0.5519002518518519 0.06340407322916673 0.012046140740740703
0 0.5040037572916667 0.41656940740740744 0.04721581781249995 0.028986056296296345
0 0.5647102614583335 0.44103828148148144 0.05935700937499995 0.018445642962962982
0 0.4284582739583333 0.4504494222222222 0.0337255685416667 0.03425623999999993
0 0.5040037572916666 0.32076517037037033 0.04181969625000003 0.012046140740740757
0 0.5448120427083334 0.3597268888888889 0.05193741052083342 0.01995141629629626
0 0.6679909110860611 0.5582867253151697 0.030865864077877583 0.03465925751780872
0 0.347516996875 0.3892774666666667 0.051262881666666676 0.026350918518518486
0 0.34686201772908615 0.42866869275267877 0.05931933047932774 0.01984540264279062
0 0.41800324062499994 0.6211657333333335 0.03440009739583332 0.02860960148148161
0 0.5502078364583334 0.32942312592592593 0.03305103968750001 0.036138422222222216
0 0.2082305583333333 0.22571342962962965 0.027654918125000063 0.01618700592592593
0 0.3148034947916667 0.3345052888888889 0.05733342281249995 0.01995141629629626
0 0.5151329916666667 0.39962962962962967 0.03709810354166668 0.03425623999999993
0 0.43621541041666656 0.4050879259259259 0.03440009739583332 0.03237401185185186
0 0.12728928125 0.29046140740740745 0.06542755052083334 0.015434142222222207
0 0.5776397402891256 0.42336138413060026 0.05958496328658427 0.016218815668607816
0 0.596411915625 0.6367878962962963 0.05126288166666685 0.007905275555555346
0 0.6611647187499999 0.2567696888888889 0.025631440833333366 0.0368913318518519
0 0.29739306912305047 0.26857685086288646 0.04679561022526748 0.02210776987392117
0 0.339969488183527 0.40440675780445884 0.03616709938788727 0.015953666720028695
0 0.6241617351789951 0.28517016383274757 0.06629264712882363 0.016897244702532163
0 0.6314867604166667 0.3151185777777778 0.03507462624999995 0.03162114814814816
0 0.8422712906250001 0.47021272592592595 0.029003975833333348 0.0165634607407408
0 0.49692191458333335 0.5016453481481481 0.06003153822916675 0.014681232592592627
0 0.6915179708333333 0.6339648296296296 0.05396088781249991 0.01279905037037039
0 0.5380667541666667 0.4873408 0.042494225104166596 0.02973891999999999
0 0.7029848520833333 0.33356426666666666 0.051262881666666614 0.025598054814814843
0 0.7174872770833332 0.36932586666666667 0.029003975833333466 0.03387978518518514
0 0.20654450937500002 0.36010302222222224 0.07824327093750005 0.012422595555555548
0 0.4569688563203185 0.6229711020532425 0.052022555138879885 0.022072196810248208
0 0.5147964375 0.5436188888888889 0.05396088781250003 0.025598054814814843
0 0.737384403125 0.449696237037037 0.043168753958333285 0.020704325925925894
0 0.5326709604166667 0.5328901333333333 0.04519223125000013 0.029738920000000096
0 0.44700809062499997 0.29930765925925923 0.05733342281249989 0.024845191111111147
0 0.6757101177305124 0.3871777650339927 0.026846949956004215 0.03662645168287197
