0 0.5598413370094595 0.7415467941383138 0.028415491623106186 0.07063309918603884
0 0.5102625058526955 0.2450157700931621 0.028164126871387942 0.03861093540770779
0 0.5297020531612037 0.7512792364333323 0.027624058050041863 0.04556149885717151
0 0.6296917398249551 0.7935125898407783 0.03222297964990997 0.03784437968155643
0 0.5496615712221461 0.414212138553203 0.03612442010799302 0.03736493082438484
0 0.41972454372080786 0.010673925398916812 0.030449822717803637 0.021746811869958946
0 0.5609436680015569 0.1199852461236642 0.033519106555489786 0.07858059531054365
0 0.536289198164626 0.37625812098158684 0.05729206276776433 0.03988958831251893
0 0.500228154232261 0.41412798330359846 0.026491241412528243 0.03753324132359379
0 0.5573300884731411 0.6912512202511193 0.04537734174968948 0.06362136870097959
0 0.43247503618607835 0.29290059859999157 0.055074172372156824 0.03350663522260341
0 0.5949745161634103 0.12679876539615062 0.03738250287919659 0.05796523308971261
0 0.5094558161408196 0.14228969636933145 0.045495883738780066 0.05867333549555658
0 0.4993483219289671 0.2818374116629008 0.053039354114622905 0.04062304696889573
0 0.5259749471860978 0.889031152717373 0.02829790562780441 0.04816699456525392
0 0.4775394833574163 0.6201400343353418 0.030547316652723918 0.07590803514323226
0 0.8399302610498538 0.7847891377800026 0.02756573367260396 0.041609310474283574
0 0.5237712364778634 0.08390648154136215 0.05725674613950835 0.04173195676411496
0 0.48816892432076836 0.11980108615219986 0.054249389548933186 0.042182028461404064
0 0.3511117839001581 0.715258855585831 0.05600968816227671 0.038638495555456294
0 0.4628995867873349 0.6856969737772242 0.052221968717519704 0.03500858383545966
0 0.598778107333891 0.7369475207863466 0.04563084645220165 0.0594136062207561
0 0.44284367256540136 0.07665317531957022 0.06030305023792294 0.04003727105960458
0 0.3849236077494901 0.11653322508007456 0.056736235958160644 0.04292581014617244
0 0.577469 0.0266393 0.03271610000000001 0.051639300000000006
0 0.592937413000355 0.7938995253004343 0.036271344810758756 0.07376219758979363
0 0.6302038472581108 0.7121176574093082 0.037103292917246435 0.05850611454881379
0 0.3770092293461829 0.6604882543994647 0.049080558692365786 0.0390101087989293
0 0.5699419474231247 0.872437472649544 0.03941998124065198 0.07254182515905336
0 0.4118036293993816 0.14876733983781265 0.04256382643685724 0.04605790105407215
0 0.3752374169040836 0.47793190416141235 0.02730294396961067 0.06809583858764189
0 0.3759474738256395 0.36994647726125157 0.05881309098283776 0.03803817282122058
0 0.5859127436813952 0.4477059278957822 0.04829264582858011 0.05082977076110013
0 0.6116522007994876 0.6377753013284847 0.04306632213608954 0.06671749904689289
0 0.515432 0.695902 0.03209880000000005 0.07049180000000001
0 0.38488531597920056 0.28603803956453594 0.04817047883370019 0.06332867369847926
0 0.4952848125332725 0.5438953781936917 0.04119451415823758 0.06614602618911362
0 0.2897524117924847 0.2229463405894473 0.030020913445321467 0.07457672668637462
0 0.6039829086742027 0.1902523681289254 0.056287199713600515 0.04535637996981543
0 0.6036335328816087 0.30879655242698656 0.04615924390939192 0.052703607722097645
0 0.5539492404424251 0.959229691023219 0.04589471751801368 0.06581753915534155
0 0.23275513780264365 0.032414665898163705 0.04096793405313441 0.06550722615999535
0 0.48522190095919965 0.9586202693643734 0.0447473495800633 0.06033274422572977
