0 0.6734570000000001 0.993443 0.025925899999999925 0.013114799999999885
0 0.515432 0.991393 0.023456799999999976 0.01721309999999985
0 0.5895313548805581 0.9946019216363453 0.030814190238883887 0.010795206727308984
0 0.5680431389243649 0.24806858865649137 0.03348942812544344 0.07103825136612019
0 0.5275545273963665 0.8725576411502065 0.05881245479273313 0.03363988230041313
0 0.566205764194167 0.7318132566400144 0.031177128388333763 0.034117713280028654
0 0.5390604381103193 0.42979245356489226 0.04090789126418578 0.03212491725400098
0 0.5567329363877956 0.6903560101844821 0.04709523328960205 0.05672935185598791
0 0.4864408393571733 0.3131148762295082 0.045707791982403725 0.0325228384586395
0 0.4693487682630907 0.2672462876107028 0.026252524464311092 0.07773734627850008
0 0.5498614694870158 0.5422200452374223 0.037995238974031474 0.06804719047484452
0 0.5961660883354619 0.5541477146127757 0.05793389399744581 0.03959886133408703
0 0.6417523526157289 0.014775879005696657 0.029183805231458127 0.027912358011393315
0 0.518117033022182 0.9609489537518328 0.03332329619592493 0.04158336665333868
0 0.46628614024052795 0.6186086186122104 0.05109098048105575 0.047053537224420586
0 0.528701056268625 0.4686053408705483 0.05804068214133664 0.04687715997738833
0 0.5444143330322192 0.9456883913101426 0.03452775268493429 0.03851792616286819
0 0.6983266127680312 0.8745901635245901 0.06137057446393763 0.03606557295081958
0 0.5470784390865322 0.06909375855120774 0.039434983795125424 0.040921415955620793
0 0.49813048633815804 0.2688290957932919 0.034532272676316075 0.07700169158658376
0 0.5497739868454662 0.49351330770209156 0.05599693903788857 0.048162757122668154
0 0.397222 0.855738 0.03641980000000002 0.032786900000000146
0 0.5103407548230577 0.07393901112092341 0.0323543284175425 0.06854527186994704
0 0.6934050536874593 0.9396462705349439 0.03170939262508138 0.07644525893011227
0 0.441667 0.9610660000000001 0.045061699999999934 0.03688520000000012
0 0.6201972204467112 0.028033674356949177 0.03070468048389821 0.05338811037712382
0 0.4631625159642402 0.5697957885811193 0.049090038314176215 0.05175946862634255
0 0.5493570128419988 0.34863526505295744 0.05550432568399753 0.05464723010591488
0 0.482716 0.8737700000000002 0.030864199999999994 0.07377050000000007
0 0.48240692640411026 0.05929000627067837 0.052470047191779536 0.05191168745864324
0 0.6458602322340007 0.15456482712593406 0.05889753553199838 0.03513324574813183
0 0.6339233582646251 0.09343537793257255 0.05920471652924997 0.034411755865145104
0 0.627778 0.487705 0.054321000000000036 0.04590159999999991
0 0.5762155501671976 0.8619569715973259 0.055171238846891395 0.04485223454477844
0 0.430864 0.909016 0.039506200000000075 0.06557379999999993
0 0.6971500575848557 0.7233885786438559 0.03504021516971099 0.06972795728771168
0 0.273765 0.531967 0.04382719999999997 0.05081969999999993
0 0.6231388694876983 0.4332152039513648 0.05368413897539671 0.05331570790272962
0 0.2536282505608791 0.09503650247668899 0.03194800112175835 0.04253210495337801
0 0.8337232021280051 0.8284513182916308 0.055750476835607604 0.03723023658326141
0 0.17284 0.509016 0.04074070000000002 0.0754098000000001
