0 0.3426248838541667 0.9332655925925927 0.06007037546875 0.08891309925925903
0 0.3445950947916666 0.23148675925925924 0.05810096218750012 0.13336984259259252
0 0.4296564051478734 0.6669904057363626 0.08248141649366343 0.09433700297171942
0 0.4066336072916667 0.5363318370370371 0.0423446987499999 0.14289619074074078
0 0.31800602135416667 0.19417555185185187 0.052192403281249966 0.12225570518518504
0 0.4484866307291666 0.5260132407407407 0.045299057968750014 0.08414992518518537
0 0.10018906531068522 0.8097631735863067 0.05379121213178747 0.06600654764220074
0 0.18506384479166674 0.5553864703703704 0.09158274281249999 0.06350943962962947
0 0.08794171024523816 0.4203911244275983 0.05096307918839311 0.13344275262628508
0 0.19773443807350197 0.46902386208762825 0.049960368126170704 0.11874076915807702
0 0.1614292901041665 0.1259027444444444 0.06203994828124995 0.0682726137037037
0 0.2681698282466003 0.9705200118625212 0.04114999597236727 0.05895997627495738
0 0.5543483776041668 0.567293437037037 0.07188749328124994 0.10002723666666645
0 0.3652751307291666 0.6228650925925926 0.04234469875000002 0.15083474962962964
0 0.15204238183200977 0.644606675925847 0.054469228089910025 0.14683239255660144
0 0.20834731321817238 0.9722779085646001 0.07600294728127453 0.05544418287080004
0 0.209696103354321 0.7408662320719316 0.05222142884405857 0.1466409858561372
0 0.41746737447916676 0.8197436 0.06794850718749998 0.12860647481481477
0 0.21328272627392864 0.9196466746850992 0.0689332935937499 0.11749233740740755
0 0.7163411947916667 0.8554683740740741 0.06893329359375003 0.07938675111111129
0 0.3244064151041666 0.7665545 0.07287227968749997 0.11431695259259245
