0 0.454938 0.554508 0.020987700000000026 0.03688519999999993
0 0.674685589015807 0.27424544201011186 0.04211376485519791 0.03830243603493181
0 0.4740653214866735 0.6426267068829479 0.048165257026652815 0.04425448623410459
0 0.6629629999999999 0.4475410000000001 0.022222200000000056 0.06885250000000004
0 0.684259 0.43729500000000004 0.020370399999999924 0.05
0 0.5033891235837082 0.6736823851348246 0.036430952832583435 0.054274529730350955
0 0.36821 0.219672 0.027777799999999943 0.07049180000000001
0 0.561111 0.415164 0.03580250000000006 0.05819669999999996
0 0.342901 0.23524600000000004 0.024074099999999935 0.0639344
0 0.606173 0.44180299999999995 0.03333329999999994 0.06065569999999996
0 0.491358 0.213525 0.03209880000000005 0.06967209999999999
0 0.403704 0.561475 0.04938270000000004 0.03114749999999992
0 0.580556 0.427869 0.040123500000000034 0.06393440000000002
0 0.505556 0.47459000000000007 0.05432099999999997 0.04426229999999999
0 0.534877 0.710656 0.054938299999999926 0.03770490000000005
0 0.436111 0.41024600000000006 0.06234569999999995 0.023770500000000024
0 0.497531 0.376639 0.034567900000000006 0.05819669999999996
0 0.48179000000000005 0.417213 0.026543200000000024 0.08032789999999997
0 0.46821 0.312705 0.04135800000000006 0.05163930000000002
0 0.48487699999999995 0.734836 0.05123460000000006 0.04344260000000006
0 0.549383 0.584836 0.03580250000000006 0.07295080000000005
0 0.58179 0.581967 0.035185199999999965 0.07704919999999996
0 0.424691 0.606148 0.04814809999999998 0.05
0 0.283951 0.348361 0.03333330000000002 0.040983600000000016
0 0.457716 0.369262 0.04753090000000005 0.05163930000000002
0 0.652778 0.877869 0.030246899999999893 0.036065599999999934
0 0.494444 0.975 0.025925900000000064 0.05
0 0.59784 0.21516399999999997 0.05246909999999995 0.041803300000000015
0 0.422839 0.0897541 0.03580250000000006 0.0631148
0 0.387037 0.754918 0.04320989999999994 0.06229509999999996
0 0.429938 0.944262 0.05370370000000001 0.04262289999999994
0 0.475 0.8422129999999999 0.05246909999999995 0.04344260000000006
0 0.292284 0.4237699999999999 0.03765429999999998 0.07213109999999998
0 0.42376499999999995 0.192623 0.05740740000000002 0.0377049
0 0.545988 0.160246 0.024074099999999935 0.06803280000000002
0 0.255864 0.738525 0.04259259999999998 0.05245900000000004
0 0.353086 0.103689 0.039506200000000075 0.0631148
0 0.401543 0.03319670000000001 0.04876539999999994 0.0598361
0 0.534877 0.966393 0.03641980000000002 0.06721309999999985
0 0.6574069999999999 0.679098 0.05185190000000002 0.040163900000000086
