0 0.76142 0.238934 0.011728399999999988 0.03688520000000002
0 0.811728 0.251229 0.012345700000000088 0.05163930000000002
0 0.58858 0.247541 0.025308599999999966 0.06885249999999998
0 0.5499844251808602 0.11039986523702622 0.05805644963827939 0.034937769525947585
0 0.639887739132657 0.10404857495562285 0.02792287826531415 0.06547494991124571
0 0.5675002644884799 0.08125192707789496 0.06006147102303997 0.030938645844210088
0 0.568827 0.27582 0.035185199999999965 0.06639340000000002
0 0.555864 0.181148 0.025308599999999966 0.0754098
0 0.489815 0.215574 0.027777799999999943 0.0819672
0 0.527778 0.20123 0.025925900000000064 0.09098359999999997
0 0.6342589999999999 0.9655739999999999 0.035185199999999965 0.04262289999999994
0 0.503086 0.177459 0.028395100000000045 0.06639340000000002
0 0.578249545191476 0.34274802478855587 0.05762373732798615 0.03706842781664405
0 0.5842004793819298 0.7172129840163934 0.054371707745537484 0.04098386803278688
0 0.645062 0.8737700000000002 0.04691359999999995 0.04262289999999994
0 0.584568 0.869262 0.06172839999999999 0.03688520000000012
0 0.6218094763525203 0.20334925431241516 0.02633465270504043 0.06735390862483033
0 0.558642 0.759836 0.04197530000000002 0.03770490000000005
0 0.587654 0.930738 0.06790119999999995 0.03032790000000011
0 0.510185 0.0188525 0.05123460000000006 0.0360656
0 0.677778 0.848361 0.027160500000000126 0.03442620000000007
0 0.4130260755111268 0.2672498434321813 0.05543014897774639 0.04582891313563743
0 0.579012 0.202869 0.028395100000000045 0.06967209999999999
0 0.469136 0.172131 0.03580250000000006 0.06885249999999998
0 0.601543 0.11311499999999998 0.04259259999999998 0.05245899999999999
0 0.671296 0.0946721 0.029012299999999974 0.07131150000000001
0 0.516358 0.506148 0.027777799999999943 0.07622950000000002
0 0.33642 0.521311 0.043209899999999975 0.05245900000000004
0 0.546605 0.396721 0.03271610000000001 0.06885249999999998
0 0.524383 0.755328 0.035185199999999965 0.06803279999999996
0 0.444444 0.101639 0.05432099999999997 0.0360656
0 0.42376499999999995 0.47172100000000006 0.05493830000000007 0.03688519999999993
0 0.475926 0.645492 0.03703699999999995 0.035245900000000004
0 0.480247 0.420492 0.04938270000000004 0.04426229999999999
0 0.16450886873178616 0.023332540357419263 0.04983035240025431 0.04691122266938718
0 0.490432 0.594262 0.03888889999999997 0.07049180000000001
0 0.489506 0.829918 0.029629599999999933 0.07295080000000005
0 0.502778 0.0713115 0.06111110000000003 0.04590160000000001
0 0.74537 0.637705 0.036419799999999884 0.06721310000000004
0 0.558642 0.669672 0.04567900000000003 0.04754099999999996
0 0.588272 0.435656 0.04197530000000002 0.0729508
