0 0.5026116306980057 0.025630530958385876 0.02611576994301993 0.05088269596469104
0 0.428395 0.647131 0.023456799999999976 0.06639339999999992
0 0.491667 0.0754098 0.022839500000000016 0.07213110000000002
0 0.531173 0.233197 0.045061699999999934 0.06147540000000003
0 0.514198 0.9409840000000002 0.06049380000000007 0.03770489999999986
0 0.700309 0.0127049 0.029012299999999974 0.0254098
0 0.44845699999999994 0.111475 0.025308599999999966 0.07213110000000002
0 0.37284 0.20163900000000004 0.025925900000000064 0.06885250000000001
0 0.579938 0.506967 0.035185199999999965 0.06639339999999992
0 0.351235 0.364754 0.024691400000000033 0.03442619999999998
0 0.6614199999999999 0.020082 0.024074100000000074 0.0385246
0 0.498148 0.508607 0.03703699999999995 0.06967210000000008
0 0.59784 0.702459 0.024074099999999935 0.08032789999999992
0 0.547673313722697 0.6578500881778058 0.026210827445394103 0.07143727635561146
0 0.42037 0.106967 0.023456799999999976 0.0729508
0 0.27037 0.020082 0.017284000000000015 0.040163899999999995
0 0.482716 0.116393 0.03827160000000001 0.05901639999999998
0 0.525 0.9803280000000001 0.03888889999999997 0.03770489999999986
0 0.509568 0.703279 0.030246900000000035 0.03770490000000005
0 0.5 0.329508 0.027160499999999983 0.07868849999999997
0 0.402778 0.171311 0.05 0.040983600000000016
0 0.525617 0.89959 0.03271610000000001 0.0401638999999999
0 0.444753 0.244262 0.05864199999999994 0.040983600000000016
0 0.550926 0.495082 0.035185199999999965 0.07377049999999997
0 0.416358 0.761885 0.022839500000000016 0.048360700000000076
0 0.518827 0.0889344 0.03765430000000005 0.06803280000000002
0 0.554321 0.389344 0.028395100000000045 0.05245900000000004
0 0.461111 0.772131 0.03827160000000001 0.057376999999999935
0 0.490432 0.726229 0.05370370000000001 0.04754099999999996
0 0.569136 0.568443 0.04691359999999995 0.04672130000000003
0 0.400309 0.831148 0.024074099999999935 0.06557379999999993
0 0.527778 0.840164 0.05061729999999996 0.040983600000000016
0 0.571914 0.723361 0.027777799999999943 0.07459019999999991
0 0.506481 0.25041 0.035185199999999965 0.07295079999999995
0 0.452469 0.292213 0.04074069999999996 0.06639340000000002
0 0.119444 0.48319699999999993 0.0253086 0.06639339999999992
0 0.433025 0.810656 0.031481499999999954 0.07213109999999993
0 0.48456800000000005 0.172131 0.05802469999999998 0.04426229999999999
0 0.562346 0.971311 0.028395100000000045 0.05573769999999983
0 0.811728 0.9864749999999999 0.059259300000000036 0.02540980000000009
0 0.342901 0.187295 0.035185199999999965 0.0729508
0 0.277778 0.262705 0.023456799999999976 0.041803300000000036
0 0.7 0.447131 0.03950619999999993 0.04672130000000003
0 0.576543 0.8885250000000001 0.04197530000000002 0.06229510000000014
0 0.168519 0.43893399999999994 0.04814809999999998 0.035245900000000004
0 0.405556 0.469262 0.03580250000000006 0.0647541
0 0.334568 0.937705 0.03333329999999994 0.06393440000000007
0 0.398765 0.383197 0.05061729999999996 0.05491799999999999
0 0.392284 0.926639 0.05123460000000006 0.04344260000000006
0 0.776235 0.811885 0.05123459999999992 0.05327869999999997
