0 0.7692160388849896 0.048567184844511384 0.015727767334187348 0.016891520429763524
0 0.7259949286016062 0.15639656780513914 0.013449220991858605 0.027068773377313837
0 0.7603600700444131 0.09837197572296824 0.01650988061920392 0.023949593405676806
0 0.7535552666158858 0.18152740803014028 0.01587859505249559 0.0288928588108916
0 0.7442474193277145 0.048659567512026526 0.01634569632399495 0.0180826055142995
0 0.7641944640625 0.37249534814814816 0.018661282760416734 0.015944121851851817
0 0.722534965854477 0.31713139506609644 0.017580842733220928 0.024044152656017243
0 0.7676573742946206 0.30989578220607966 0.018490988701609132 0.017993157582830682
0 0.7237248551488018 0.21797961449445766 0.018450472010171026 0.016525864343172478
0 0.7253023532537421 0.3924256223436551 0.01049757212951666 0.0368952541083688
0 0.7429504243712236 0.13836571549083954 0.02074516014121599 0.015077726796098737
0 0.7288829204917169 0.18953682297261532 0.011535122863247812 0.02545323276197593
0 0.7164746762452358 0.38789036473766825 0.009687159436611855 0.02895014984570676
0 0.7395508469849454 0.2024108396338331 0.018630083425942464 0.018574005193592077
0 0.7482505341880343 0.3719984554000947 0.017943524453941134 0.021817056653122262
0 0.7804120901041667 0.16905441481481484 0.009330623385416697 0.02422283000000002
0 0.6986141070863293 0.4053625472887768 0.01187446298557416 0.01745027589289889
0 0.7628474489223911 0.13288126819547583 0.010253442545109218 0.03302041006959038
0 0.785325239978212 0.404098977921112 0.014713757143924274 0.019134924156241365
0 0.7391206913904222 0.15323002583862655 0.01897173021641206 0.018880458633179185
0 0.7375674235743681 0.10508066614623993 0.01028273809523803 0.030136178332899645
0 0.7286023920686705 0.23856422256209928 0.019376192547175108 0.013487359835868537
0 0.830460156439973 0.3860288982017022 0.009205455557553794 0.020321197884885945
0 0.7184543775072503 0.18810591293365558 0.010757695211820344 0.022222000981816144
0 0.7387040416328373 0.32528726706443584 0.011667230557341195 0.012855856611869011
0 0.882845521629801 0.19864893390606214 0.020619386124525955 0.018559543762098597
0 0.7395991920405983 0.17445160587237088 0.01075187377994086 0.018868805754051643
0 0.7541961067749552 0.2238839459467875 0.010039829158752884 0.029285958930767676
0 0.7911156203835603 0.07593088832842931 0.014668119196475616 0.017591230364454393
0 0.724783042763372 0.17172349272683046 0.019712393693885607 0.017249229887363184
0 0.7457165381929994 0.3882559168807255 0.014462374762519421 0.02350184412107926
0 0.6923265052083333 0.11432288888888888 0.009552787083333314 0.028822108148148118
0 0.6824576111902502 0.16863786199420366 0.016009761166924954 0.021165338033327694
0 0.7998016548008783 0.09942411510132663 0.016466657463285135 0.013028819947585975
0 0.8016462060447007 0.2890567680667809 0.014633156526453205 0.020380005017287844
0 0.7812216340312036 0.37335051950667486 0.01632947025894206 0.022331055626972855
0 0.7603862791439319 0.35791767395586044 0.016742280268641472 0.0150513717179087
0 0.7476580246443528 0.19547844466493078 0.01675850536657819 0.02614919321337944
0 0.7877995268620268 0.33438719750195156 0.010619636921720263 0.026786965311555482
0 0.7353142630208335 0.33631452962962965 0.020438520364583348 0.013491205925925882
0 0.7908206304690679 0.38505499509597874 0.015929455382580452 0.023333299972644283
0 0.6879505268394157 0.35300329603608294 0.015136034233256506 0.019542691673839208
