0 0.5828856672451148 0.9928863340598199 0.032993965509770205 0.013674090332211584
0 0.6908824270493242 0.4803844109665139 0.05650594590135165 0.04087137806697225
0 0.5754990200832616 0.17057291369614946 0.02686587025552692 0.0748854345215402
0 0.5158356593542259 0.8703917431378729 0.041057392909148525 0.0630206331021437
0 0.4719660494178223 0.7679684696293994 0.056915540413082916 0.05664240114987167
0 0.42071262396174147 0.2318267171378092 0.04877158130044065 0.03962516572438158
0 0.6393554407120299 0.2142108272969882 0.022609819121447012 0.047178802897445686
0 0.5866169564727566 0.36459201282077275 0.05304536987087201 0.03545711436888131
0 0.44118984919404086 0.14703864286479756 0.0280595983880819 0.04653558572959508
0 0.46003744660932655 0.7872348690855412 0.04710081329354632 0.05399735840261055
0 0.6653707791676886 0.9852866138312888 0.05815550649987736 0.02995874497882958
0 0.6006647657882241 0.8739963410046238 0.027698641896169624 0.05213342139554437
0 0.5269816341665575 0.442275386665122 0.055839113554072374 0.03070150031860046
0 0.5420998754660289 0.9913960067690805 0.04830734638623167 0.01883587413961576
0 0.39338219255769313 0.15582459595667034 0.05431226279282814 0.04634188727335921
0 0.4070550689024124 0.3040113815023461 0.029147725476595644 0.08420917814111108
0 0.561296845093384 0.872451677164775 0.053015679867046556 0.041036116036149616
0 0.4326965326418881 0.25911057458147485 0.05333484991057009 0.047149875572032665
0 0.4623778596922357 0.7130370600574936 0.02545199227663678 0.07109004739336491
0 0.5925208153890325 0.1284311856652688 0.046296296296296294 0.050514677849790315
0 0.4125768878419055 0.10325551758095348 0.028573921388997926 0.07965011875108613
0 0.40756666459610824 0.9842036445255674 0.04659437080778344 0.03159261094886546
0 0.5432966948401392 0.8198511382934006 0.025308599999999966 0.07786879999999985
0 0.5289333567374642 0.5922228265092068 0.030425370077818745 0.07730557066273018
0 0.4817062259859094 0.25001455847911713 0.046926508897177546 0.04448805850373632
0 0.48680592124509975 0.6038769326392666 0.03920191913872802 0.06953616657602367
0 0.23871190537857204 0.7334059383239712 0.032806699473366126 0.05158775650578929
0 0.5762542409148464 0.8204026488860865 0.042885630231085735 0.06842126801176969
0 0.4981246468898386 0.9270174733291298 0.026226173140234177 0.07692343921815888
0 0.4076027308129389 0.028359800761744772 0.03372356162587794 0.055080201523489546
0 0.608950624691358 0.8145755789197141 0.049113628743273144 0.05695645039932731
0 0.6794570747500622 0.8757736098644117 0.04038139965133243 0.04889686776586202
0 0.5090575791864139 0.7703791657718903 0.04267707145573698 0.063623612361122
0 0.4685250621646382 0.0960145976944911 0.04406055053876019 0.061113363841742444
0 0.5394145617938315 0.364507907084516 0.04667800898660735 0.06574755256907835
0 0.3923399864802362 0.884867954835357 0.04571814850393139 0.0581093211130533
