0 0.5368506772886094 0.4888570298175069 0.03247144542278131 0.04359714036498611
0 0.4329226825695753 0.29229236656647045 0.05500627746390458 0.05110321048776171
0 0.3698813183146983 0.9771112673755028 0.028139063370603335 0.04577836524899478
0 0.501235 0.566803 0.024691400000000033 0.03852459999999998
0 0.501235 0.510656 0.05555560000000003 0.036065599999999934
0 0.719753 0.9795080000000002 0.032098799999999914 0.040983600000000016
0 0.583951 0.354508 0.05308640000000005 0.031967200000000036
0 0.565822258315863 0.8295621378982371 0.05982997672955947 0.038988931750695996
0 0.567901 0.328689 0.05308640000000005 0.032786899999999966
0 0.658333 0.47827900000000007 0.029012299999999974 0.048360700000000076
0 0.399074 0.282377 0.029012299999999974 0.08114750000000001
0 0.3756169999999999 0.322131 0.05617279999999996 0.04262290000000003
0 0.607099 0.853279 0.06111110000000003 0.032786900000000056
0 0.579321 0.8856560000000001 0.025308599999999966 0.03032790000000011
0 0.504012 0.988115 0.04382720000000004 0.022131099999999935
0 0.5351430976430976 0.24543591654247393 0.039983164983165044 0.07544709388971683
0 0.58179 0.9360660000000001 0.021604899999999955 0.07049180000000001
0 0.5727694144770556 0.6309310914398392 0.029768971045888645 0.07256431712032177
0 0.59784 0.144262 0.022839500000000016 0.06721309999999998
0 0.6574069999999999 0.596311 0.03950619999999993 0.03360660000000008
0 0.530864 0.135246 0.029629599999999933 0.06557380000000002
0 0.539815 0.304918 0.05123460000000006 0.0393443
0 0.570988 0.510656 0.027160499999999983 0.07704919999999996
0 0.579938 0.279918 0.031481499999999954 0.06803279999999996
0 0.507407 0.115984 0.024691400000000033 0.08278690000000001
0 0.486728 0.796721 0.03888889999999997 0.06393440000000007
0 0.568827 0.756148 0.04876539999999994 0.04344260000000006
0 0.38858 0.70041 0.030246900000000035 0.06967210000000008
0 0.59537 0.195082 0.033950600000000046 0.05901639999999998
0 0.521914 0.761475 0.035185199999999965 0.06557379999999993
0 0.39784 0.379918 0.03641980000000002 0.06311479999999997
0 0.52716 0.0790984 0.04938270000000004 0.048360700000000006
0 0.469444 0.30123 0.027777799999999943 0.056557400000000035
0 0.533642 0.804918 0.05740740000000002 0.0393442999999999
0 0.532099 0.0315574 0.024691400000000033 0.0614754
0 0.4 0.527459 0.034567900000000006 0.0647541
0 0.485185 0.17418 0.030864199999999994 0.0729508
0 0.6975310000000001 0.690574 0.029629600000000075 0.06147540000000003
0 0.543827 0.9729509999999999 0.04197530000000002 0.05245900000000004
0 0.442593 0.545082 0.04197530000000002 0.06721310000000004
0 0.303395 0.502049 0.043827200000000004 0.05327869999999997
0 0.388889 0.794262 0.059259300000000036 0.04426229999999999
0 0.473148 0.0606557 0.05740740000000002 0.04262289999999999
0 0.030555600000000002 0.187705 0.057407400000000004 0.040983600000000016
