0 0.7842330769250889 0.4404902037579883 0.030194653850178048 0.04983370751597678
0 0.500309 0.718443 0.029012299999999974 0.06803279999999996
0 0.553395 0.220082 0.020370400000000066 0.04344259999999999
0 0.399383 0.331967 0.022222200000000056 0.06229510000000005
0 0.592593 0.45082 0.05308640000000005 0.036065599999999934
0 0.6484569999999998 0.846311 0.026543200000000024 0.06803279999999996
0 0.587654 0.49016400000000004 0.05061729999999996 0.04590159999999991
0 0.458951 0.27541 0.05987649999999997 0.036065600000000024
0 0.4216504349218682 0.9044395593574459 0.036946730156263416 0.0583345812851082
0 0.558642 0.382787 0.028395100000000045 0.06557380000000002
0 0.442284 0.956557 0.05123460000000006 0.040983600000000016
0 0.531482 0.720492 0.027160499999999983 0.0754098000000001
0 0.645679 0.302459 0.025925899999999925 0.07704920000000004
0 0.591667 0.407787 0.04753090000000005 0.05163929999999997
0 0.725309 0.159836 0.023456799999999976 0.040983600000000016
0 0.373148 0.345082 0.027777799999999943 0.06557380000000002
0 0.6228399999999998 0.8184430000000001 0.035802499999999994 0.06803280000000006
0 0.521605 0.294672 0.027160499999999983 0.0598361
0 0.35925900000000005 0.025 0.034567900000000006 0.048360700000000006
0 0.43179 0.355738 0.03271610000000001 0.0754098
0 0.591667 0.220082 0.05 0.05
0 0.520679 0.383197 0.05246909999999995 0.056557400000000035
0 0.446914 0.539344 0.059259300000000036 0.03442620000000007
0 0.465432 0.793852 0.03827160000000001 0.07131149999999994
0 0.694753 0.918852 0.05246909999999995 0.04754099999999996
