0 0.45092600000000005 0.726639 0.08580250000000006 0.06147540000000003
0 0.474383 0.498771 0.022839500000000016 0.07459019999999991
0 0.4339509999999999 0.529918 0.03209880000000005 0.06639339999999992
0 0.353395 0.586066 0.021604899999999955 0.032786899999999966
0 0.428395 0.747541 0.04567900000000003 0.032786899999999966
0 0.46574100000000007 0.013524599999999998 0.022839500000000016 0.025409799999999996
0 0.506173 0.27582 0.022222200000000056 0.028688499999999967
0 0.42932100000000006 0.780328 0.04629629999999999 0.03442620000000007
0 0.620679 0.489344 0.022839500000000016 0.0852459
0 0.44252625238548515 0.46689894051631675 0.03470059522902967 0.07275911896736639
0 0.526852 0.00860656 0.030246900000000035 0.017213099999999995
0 0.37160499999999996 0.865984 0.03703699999999995 0.03032790000000011
0 0.363889 0.672541 0.027777799999999943 0.04672130000000003
0 0.40925899999999993 0.9258199999999999 0.05185190000000002 0.03360659999999989
0 0.531173 0.604098 0.027777799999999943 0.07868850000000006
0 0.561728 0.641803 0.019753099999999964 0.07868850000000006
0 0.46358 0.795902 0.03580250000000006 0.05901639999999998
0 0.480247 0.8274590000000001 0.05679010000000006 0.027049200000000044
0 0.609568 0.296721 0.030246900000000035 0.0754098
0 0.3 0.25 0.03703699999999999 0.036065600000000024
0 0.47284000000000004 0.729098 0.04074069999999996 0.06311480000000007
0 0.544753 0.459016 0.026543200000000024 0.0754097999999999
0 0.469136 0.989754 0.04814809999999998 0.020491800000000008
0 0.57037 0.280738 0.04567900000000003 0.04508200000000001
0 0.449383 0.603689 0.028395100000000045 0.07950819999999999
0 0.384877 0.894262 0.04876539999999994 0.03934430000000009
0 0.560185 0.563115 0.040123500000000034 0.05901639999999998
0 0.3395059999999999 0.8561479999999999 0.025925900000000064 0.048360700000000076
0 0.460802 0.942213 0.05246909999999995 0.05163929999999992
0 0.433333 0.718443 0.05308640000000005 0.04344260000000006
0 0.591975 0.70082 0.03827160000000001 0.07377049999999997
0 0.561111 0.878689 0.05555560000000003 0.032786900000000146
0 0.37191399999999997 0.573361 0.04876539999999994 0.05163929999999992
0 0.411111 0.684016 0.05061729999999996 0.054918000000000085
0 0.379012 0.952869 0.028395100000000045 0.07622949999999984
0 0.49104899999999996 0.680328 0.05617279999999996 0.03114749999999992
0 0.738889 0.806148 0.0506173000000001 0.040163900000000086
0 0.544136 0.216803 0.06111110000000003 0.03852459999999998
0 0.666667 0.65082 0.023456799999999976 0.057376999999999935
0 0.634568 0.559016 0.04938269999999997 0.04754099999999996
0 0.590432 0.9139339999999999 0.04753090000000005 0.05573769999999983
0 0.565741 0.764754 0.05 0.03442620000000007
0 0.584259 0.42950800000000006 0.05 0.05245900000000004
0 0.713272 0.8516390000000001 0.05493830000000007 0.03770489999999995
0 0.465123 0.139754 0.024074099999999935 0.05
0 0.607716 0.019672099999999998 0.033950600000000046 0.0360656
0 0.881481 0.216803 0.023456799999999976 0.07786880000000002
0 0.40524699999999997 0.797541 0.04506170000000007 0.07049180000000001
0 0.519753 0.155738 0.05555560000000003 0.04590160000000001
0 0.560802 0.697951 0.04382720000000004 0.05819670000000005
0 0.6703699999999999 0.019672099999999998 0.03456789999999986 0.0393443
0 0.684877 0.743033 0.0561728000000001 0.035245900000000004
0 0.23364199999999996 0.9352459999999999 0.04382719999999997 0.06065569999999991
