0 0.61736778898166 0.23326317816023875 0.05226216042246511 0.03915973071638394
0 0.520062 0.17582 0.05246909999999995 0.03196719999999999
0 0.4144365945907372 0.8670520231213873 0.05459216441875407 0.047379891973846275
0 0.5303756185095982 0.99014475746944 0.028138662980803617 0.019709585061120014
0 0.56821 0.180328 0.031481499999999954 0.0393443
0 0.8285413309997859 0.32082365678480057 0.032063131192464206 0.05104670708803182
0 0.523765 0.518033 0.026543200000000024 0.07868850000000006
0 0.44814800000000005 0.846311 0.03333329999999994 0.033606599999999986
0 0.533025 0.309426 0.06481480000000003 0.031967200000000036
0 0.470679 0.29877 0.03641980000000002 0.04672130000000003
0 0.623765 0.188934 0.05123460000000006 0.033606599999999986
0 0.530556 0.406967 0.031481499999999954 0.07131150000000003
0 0.45740699999999995 0.263115 0.04567900000000003 0.06557380000000002
0 0.54784 0.364344 0.03765430000000005 0.06147540000000003
0 0.595062 0.0770492 0.029629599999999933 0.08196719999999999
0 0.38765399999999994 0.46803300000000003 0.034567900000000006 0.06229509999999996
0 0.579321 0.35 0.05 0.04426229999999999
0 0.47824535520588024 0.8144956603264475 0.04329520266895026 0.07099920336871039
0 0.4339509999999999 0.406557 0.05679010000000006 0.055737700000000015
0 0.6988831052130166 0.5393890486022932 0.03447527961892533 0.06781528856249408
0 0.534568 0.45983599999999997 0.05555560000000003 0.04754099999999996
0 0.580864 0.46434400000000003 0.05432099999999997 0.05163929999999992
0 0.43919800000000003 0.793443 0.04382720000000004 0.06065569999999991
0 0.42685199999999995 0.334836 0.04506170000000007 0.05819669999999996
0 0.538272 0.072541 0.059259300000000036 0.03360660000000001
0 0.219136 0.362295 0.029629600000000006 0.03442619999999998
0 0.554938 0.570492 0.05555560000000003 0.04262289999999994
0 0.658333 0.23237699999999997 0.040123500000000034 0.06803279999999999
0 0.49629600000000007 0.790984 0.044444399999999974 0.0606557000000001
0 0.558025 0.140164 0.05679010000000006 0.0393443
0 0.5719011659173624 0.6459961585544395 0.04509369328480705 0.05928220198521748
0 0.7341471009723114 0.26931679876101583 0.05386379420181255 0.04034868239837012
0 0.6433403445425676 0.4952949418909315 0.053540033979162106 0.05910120757604476
0 0.5518021102743881 0.9377072382568936 0.05175152054877608 0.03115237651378754
0 0.33383658728502114 0.24445165686297737 0.03595916682723174 0.07302220508386241
0 0.4383429672447014 0.9421491518999336 0.04888317990437449 0.05732966928835408
0 0.449383 0.579918 0.04320989999999994 0.08442620000000008
0 0.670062 0.06024589999999999 0.04135800000000006 0.06803279999999999
0 0.5166630985513452 0.22458068795603145 0.027117676443302687 0.04548469629489246
