0 0.32952940072161363 0.8596109189448164 0.026125398556772792 0.066023962110367
0 0.5502738935011302 0.2906141162087278 0.053773312997739464 0.03516496758254445
0 0.5941973169753086 0.21868847090163934 0.03283993395061729 0.07016404180327869
0 0.561111 0.446311 0.05555560000000003 0.03852459999999998
0 0.6083430067999216 0.621402314025501 0.048745586400156846 0.0588337719489983
0 0.629938 0.807787 0.026543200000000024 0.06967210000000008
0 0.574383 0.710656 0.04135800000000006 0.05081969999999993
0 0.6540427887497827 0.2258544586238744 0.03255083355938094 0.07126499178018933
0 0.533333 0.47377 0.07037040000000007 0.036065599999999934
0 0.615432 0.765984 0.029629599999999933 0.03360660000000008
0 0.551852 0.247951 0.05185190000000002 0.041803300000000036
0 0.436728 0.789754 0.026543200000000024 0.048360700000000076
0 0.636728 0.313525 0.03271610000000001 0.0598361
0 0.3852340864687439 0.9829365690020816 0.05422282706251223 0.032487761995836625
0 0.587346 0.79918 0.029012299999999974 0.08032789999999992
0 0.537963 0.796721 0.05370370000000001 0.04262289999999994
0 0.636728 0.107787 0.019135800000000005 0.07950819999999999
0 0.632716 0.208607 0.034567899999999936 0.06967210000000001
0 0.51358 0.8549179999999998 0.022222200000000056 0.08032790000000001
0 0.423457 0.144672 0.027160499999999983 0.06639340000000002
0 0.331481 0.353279 0.030864199999999994 0.031147500000000012
0 0.458951 0.731148 0.027777799999999943 0.06393440000000007
0 0.56821 0.387295 0.05370370000000001 0.04836069999999998
0 0.615432 0.932787 0.04691359999999995 0.05081970000000011
0 0.565123 0.184016 0.04135800000000006 0.06147540000000003
0 0.758951 0.797131 0.025308600000000105 0.045081999999999914
0 0.223457 0.622541 0.03209879999999998 0.035245900000000004
0 0.627778 0.9856559999999999 0.04938270000000004 0.028688499999999877
0 0.602469 0.45655700000000005 0.05185190000000002 0.040983600000000016
0 0.525617 0.728689 0.04135800000000006 0.0606557000000001
0 0.41595791121978787 0.22272569804317713 0.03575936448443748 0.061359963876702846
0 0.26464518093375067 0.9185812779381206 0.03669816186750131 0.05847355587624123
0 0.366975 0.518852 0.05370370000000001 0.03114749999999992
0 0.541975 0.9077870000000001 0.05308640000000005 0.05
0 0.492593 0.0680328 0.027160499999999983 0.0836066
0 0.34197500000000003 0.270082 0.034567900000000006 0.0745902
0 0.0564815 0.8487699999999999 0.0364198 0.040163899999999995
0 0.55463 0.965164 0.04259259999999998 0.0598361000000001
0 0.425926 0.952049 0.03580250000000006 0.06147540000000003
0 0.385185 0.10532799999999999 0.04938270000000004 0.040163899999999995
