0 0.632407 0.610246 0.029012299999999974 0.031967200000000036
0 0.6694234687762196 0.30081171414929175 0.03236245954692563 0.041381505650167114
0 0.52037 0.00696721 0.05555560000000003 0.0139344
0 0.49982020855807263 0.49220117778131467 0.028766630708378215 0.0660512494031514
0 0.553086 0.37418 0.07160489999999996 0.03852459999999998
0 0.604321 0.629098 0.030864199999999994 0.02868850000000006
0 0.537346 0.584836 0.05370370000000001 0.05
0 0.3455050241370011 0.8663338925950977 0.03175154827400213 0.07856888519019588
0 0.482407 0.641803 0.04876539999999994 0.032786899999999966
0 0.582099 0.189754 0.034567900000000006 0.03688520000000002
0 0.524820103311159 0.20200150948591436 0.03801369337768189 0.06976778102817124
0 0.4455593322485916 0.33783608620881744 0.05209193550281677 0.03744202758236509
0 0.16913599999999998 0.4668030000000001 0.027160499999999983 0.03688519999999993
0 0.550926 0.637295 0.05617279999999996 0.031967200000000036
0 0.56142 0.911066 0.026543200000000024 0.0663934000000001
0 0.342901 0.697951 0.033950600000000046 0.04344260000000006
0 0.537654 0.912295 0.023456799999999976 0.06721309999999985
0 0.45120453074733313 0.3647503136320229 0.05168419033321343 0.03605722726404581
0 0.391667 0.0901639 0.05123460000000006 0.034426200000000004
0 0.576852 0.670492 0.04135800000000006 0.05245900000000004
0 0.580247 0.837295 0.029629599999999933 0.04672129999999994
0 0.50216 0.312705 0.05370370000000001 0.04344259999999996
0 0.609568 0.12008199999999998 0.05617280000000003 0.0336066
0 0.553086 0.197131 0.030864199999999994 0.0745902
0 0.6608020000000001 0.685656 0.05123459999999992 0.031967200000000036
0 0.330247 0.677049 0.04074069999999996 0.04918030000000007
0 0.660185 0.738934 0.025308600000000105 0.07459019999999991
0 0.600926 0.673361 0.04629629999999999 0.056557399999999945
0 0.182099 0.4368850000000001 0.04814809999999998 0.049180300000000024
0 0.6754735612909026 0.8429927752546554 0.02625532258180508 0.06795365050931089
0 0.492901 0.034836099999999995 0.05123460000000006 0.03852459999999999
0 0.640123 0.20532800000000004 0.055555599999999955 0.050000000000000024
0 0.642284 0.142623 0.030246899999999965 0.07213109999999998
0 0.399383 0.0364754 0.027160499999999983 0.0696721
0 0.326543 0.055327900000000006 0.04814809999999998 0.05
0 0.51142 0.693443 0.04629629999999999 0.04426229999999999
0 0.35432099999999994 0.127049 0.028395100000000045 0.06885249999999998
0 0.7086419999999999 0.0360656 0.020987700000000026 0.07049180000000001
0 0.302469 0.961475 0.022222199999999987 0.07704919999999996
0 0.456173 0.778279 0.030864199999999994 0.07459019999999991
0 0.624074 0.404508 0.05185190000000002 0.05819669999999996
0 0.507716 0.893033 0.05123460000000006 0.04672129999999984
0 0.607099 0.0713115 0.03765430000000005 0.0639344
0 0.814815 0.144262 0.028395100000000045 0.0770492
0 0.362963 0.266393 0.03703699999999995 0.08032790000000001
0 0.282716 0.254918 0.04074070000000003 0.06557380000000002
0 0.435494 0.956557 0.03641980000000002 0.06393440000000007
0 0.813889 0.803689 0.0561728000000001 0.05163929999999992
