0 0.6556109398168973 0.2498019955310723 0.05046918474367305 0.0868122386672861
0 0.5746108613401676 0.9487977365027322 0.0338666151867218 0.08830801870519567
0 0.6096951157457032 0.5684591796235073 0.062461846047903315 0.04821678923506391
0 0.4221296400250977 0.4429861668384075 0.06986695900852856 0.051654520343481634
0 0.555431534375 0.16830626666666668 0.046434592187499985 0.07868856000000003
0 0.6018667052083333 0.21797786666666666 0.05214952989583317 0.07377047999999992
0 0.44452399330380193 0.0205670228534767 0.04864408158519519 0.0411340457069534
0 0.6588066230247772 0.10601249636600961 0.04060715805900751 0.04346935473816946
0 0.6372277520833334 0.34486346666666673 0.05572139489583326 0.06590159999999999
0 0.7317485494660203 0.39584964934404104 0.07114853551257051 0.0420123448596271
0 0.5019442700704471 0.7678892284893952 0.045526435097998315 0.07402056126701856
0 0.6044910062728044 0.08185217141213688 0.0639179932856834 0.07546293223601247
0 0.6580590166475719 0.6258530100895846 0.05238060469547132 0.07608255276115912
0 0.4989477569362793 0.3749414519906323 0.035860620182572175 0.0667447306791569
0 0.6722178191740338 0.07278864577398732 0.06632964211341677 0.05375188945510061
0 0.5492017763450917 0.10126928061370322 0.06314610284704507 0.04499136067697617
0 0.5773171579654043 0.8955913679725848 0.07131667625723637 0.05601555987774376
0 0.6476651866673641 0.9979762897101047 0.036203202378461204 0.0040474205797905866
0 0.9415526406249999 0.8106014666666667 0.05286392604166679 0.07278683999999992
0 0.5657904520833333 0.26568266666666673 0.028575151458333416 0.06491808
0 0.4604190458333334 0.23223986666666663 0.029289431874999987 0.09639348000000005
0 0.6048287185030048 0.40909445745511314 0.0389789349810569 0.062060889929742354
0 0.6812265034293737 0.7860169755432754 0.058726079228247956 0.049928847431883236
0 0.3132973240456033 0.39524586770491793 0.05349865472129351 0.08120211792349719
0 0.45450936676130144 0.004837282361009713 0.048051187838253934 0.009674564722019425
0 0.3602536191945914 0.3633294301327088 0.041388541870795 0.07903981264637001
0 0.4962789124024964 0.07118381746510039 0.044164554116400544 0.06368353502090673
0 0.5045477322752505 0.11939825512754139 0.05585414683551378 0.05014842459149128
0 0.6041365871521239 0.8434935630267667 0.05303345365139146 0.06785218116143343
0 0.5098090277777777 0.6395429706905116 0.041347307956104376 0.08971684053651265
0 0.6222381883413545 0.9430212095952578 0.06187236259329 0.03917754931925549
0 0.5473496242240358 0.9515235713624154 0.033418340657041294 0.09085857182550736
0 0.7751855207374613 0.8682849396659501 0.027087581458207548 0.04285894896540109
0 0.5654328489583332 0.21601106666666664 0.03643327760416651 0.040327919999999955
0 0.5408967577993501 0.5465675944424678 0.039117836998564096 0.061906456115383646
0 0.7173597704345146 0.1386982588880777 0.04815541123106908 0.08362646844096368
0 0.6124124560336012 0.6122215343001542 0.03443001040303268 0.04291692118229851
0 0.6678305561803367 0.19912833786863127 0.06305032821845688 0.0555518683214973
0 0.5573452886169898 0.43651444184231075 0.029340507422104523 0.09387197501951602
