0 0.25040689434153335 0.4320855046047568 0.07115862173360009 0.04204739161692088
0 0.5161862583333333 0.16912171296296297 0.03781059322916658 0.07538706388888891
0 0.4097979875 0.5583299768518518 0.0474485922916666 0.07538706388888894
0 0.3693925437499999 0.1756966574074074 0.06598318739583343 0.04470630694444443
0 0.3679672283494784 0.8885186636029135 0.06734993121770963 0.04150334850212371
0 0.29632711746383783 0.22864110070130567 0.0653191243431575 0.05841573567672582
0 0.4248709396115234 0.5053099172114243 0.061988405234659774 0.05953312499568374
0 0.4649814410643851 0.9911382344073906 0.03861186648700947 0.017723531185218792
0 0.17184331422408608 0.5447612045567106 0.03841527461672101 0.07344242426163693
0 0.3920045552083334 0.3589042546296296 0.03558638416666658 0.07626368750000004
0 0.504891220519337 0.4669309314060716 0.02918428265121881 0.06874031204548964
0 0.4383407427083333 0.010488754745370373 0.061534889375000054 0.020977509490740745
0 0.5528840864583332 0.6508101851851852 0.044482980208333224 0.07801682777777783
0 0.41795306041666674 0.24494746296296294 0.04596578624999997 0.07801682777777774
0 0.37698663370195445 0.435965683787313 0.038305603623751946 0.07666265804138725
0 0.34198050725461016 0.37558280732777105 0.04893127822916661 0.059608373611111126
0 0.3449261239583334 0.034595075231481476 0.02891399718749999 0.06919015046296295
0 0.5210048375 0.6696570046296297 0.037069190208333325 0.08064659166666682
0 0.3776857837522915 0.7842354080795149 0.0811662423563572 0.039912357148391364
0 0.29000412683635735 0.99049230589535 0.06532234442223188 0.0190153882093
0 0.5177074244606735 0.8930406979094189 0.07027682549771269 0.04326090973743722
0 0.5469533427083334 0.20287124074074073 0.06672459041666681 0.0429530597222222
0 0.5310576168256197 0.5037937712399682 0.06324600667017737 0.05068457082675069
0 0.18382129098091332 0.9952450085648149 0.06939856220483993 0.009509982870370264
0 0.36244203215783954 0.8452209802920522 0.06597607406124423 0.03641841641216472
0 0.48088779654356795 0.5583750063373879 0.03036877322092953 0.07446523722666795
0 0.41593928733962077 0.3717272836775431 0.03961296948742531 0.07385811087360486
0 0.2197874177150574 0.7151610475338978 0.0766793421880576 0.04090463628635422
0 0.36792336533944536 0.33144329229143826 0.04868880703101534 0.07323902777270595
0 0.8987400082291667 0.22390935185185185 0.034844981145833266 0.042953059722222256
0 0.5079253079630985 0.3940016735365015 0.04204821728036367 0.04380939397142804
0 0.21740792708333329 0.03587962962962963 0.06598318739583343 0.05785523333333333
0 0.3140516210389164 0.4260449113548581 0.03119752415611963 0.08154810003938662
0 0.41016790833333333 0.0446455449074074 0.06746587333333322 0.04733607083333334
0 0.2689350166666667 0.20944511574074073 0.051896890312500096 0.0736339236111111
0 0.45970231685052465 0.4074056748680372 0.05276072379704904 0.06480113440847877
0 0.3910517727912305 0.6121716456244587 0.06919166583485405 0.030635357536321753
0 0.1935631248600293 0.9332414245163905 0.04250182507160798 0.07835380644018876
0 0.22348201858734604 0.13934860493501036 0.02714713792947509 0.09824132838853925
0 0.34845414221721227 0.42811791405939315 0.05151396139890873 0.05164436191508259
0 0.3232419997288092 0.7976103482615778 0.04114548064654808 0.08289879115658386
0 0.5973670666666667 0.6284566574074073 0.06227629239583336 0.033310520833333294
0 0.45668356345729905 0.45070570233822194 0.06558558253451488 0.045520831732134774
0 0.6425922906249999 0.33304508796296295 0.054862382291666616 0.05434884583333333
0 0.3589057501827565 0.2601650456093245 0.032290100379518565 0.08439803609616571
0 0.5925484875000001 0.05647958935185185 0.0659831873958332 0.04645944722222221
0 0.4609527541666667 0.18972135185185188 0.065241784375 0.056978609722222205
0 0.18755277127080175 0.7622559928176265 0.03961665218995674 0.04725299276868119
