0 0.5664562577635814 0.7121217221530278 0.03903972418688366 0.06631433668832262
0 0.6373988931460195 0.6122573958922177 0.048318433375904676 0.03514226493310722
0 0.531482 0.283607 0.028395100000000045 0.036065600000000024
0 0.3991399062959543 0.3325235002951728 0.058223042987585925 0.036783070705235905
0 0.42940562908245267 0.27456745833522544 0.043688656338702496 0.06368920575813998
0 0.46956164672377826 0.2718630595851687 0.02801189344755644 0.07159561917033742
0 0.4151370852869259 0.39660868966100543 0.031871446881091656 0.0432568952340947
0 0.40438275740740737 0.01016392442622951 0.04728386790123458 0.022295101967213113
0 0.51358 0.318443 0.05679010000000006 0.033606599999999986
0 0.5908338506103868 0.38835973990292144 0.02765707979860675 0.07537320267423755
0 0.49760720508064976 0.025125003109530086 0.04583169411191669 0.05025000621906017
0 0.4514505169753087 0.9857375049180328 0.031666466049382704 0.02852419016393428
0 0.3541468819246597 0.532261454392602 0.042537195314973124 0.0396700294241278
0 0.34208176651384814 0.8761029663239015 0.030306152234756824 0.03374449941859122
0 0.6552880910286051 0.5576679976724122 0.05606177372803238 0.03762264983847346
0 0.29278012189404595 0.6340008300477278 0.035786841694014686 0.037248391782527486
0 0.3624712282904374 0.7322867463184217 0.05388156518100019 0.04529035843289807
0 0.6376815911794805 0.05004699485572614 0.027356350813247193 0.07685110526642958
0 0.5950925925925926 0.9190573770491803 0.05438271604938273 0.033196721311475406
0 0.5648459200617284 0.9799180889344262 0.027098283333333344 0.038524477868852464
0 0.3946513457132109 0.36743335906634583 0.060702438357101283 0.03735071068525494
0 0.4836103416435827 0.1415694110167567 0.045056598611538615 0.05063348621770127
0 0.6009876543209876 0.9563934426229508 0.05209876543209875 0.04393442622950812
0 0.4892326312793115 0.5607726798953109 0.053805886071184104 0.03542101177163642
0 0.5933328978596468 0.15236938734206495 0.051168158164042944 0.043947147772284395
0 0.4753273759343562 0.08688027065349883 0.04168305888083327 0.04216522799074603
0 0.46937519236688213 0.20094455292675176 0.03522451352552924 0.07243086145043369
0 0.374997753697414 0.507850717063975 0.05543874782108651 0.05023027179230197
0 0.6345104794717198 0.5190420771715794 0.06195505991507626 0.03682003330858603
0 0.6154876216604612 0.06396912134617054 0.027761447514533962 0.08109983519819586
0 0.5510375160580923 0.21857923497267762 0.05280118448842732 0.05175354902130859
0 0.6371349504066235 0.32060313522060313 0.03476400081324707 0.07727177044120627
0 0.42273488177442975 0.7531953320366769 0.044256120527307 0.051264240066685215
0 0.42602027523017366 0.7946025911781049 0.03496509925716669 0.03569062203389831
0 0.36017215663018676 0.45284797289235695 0.03261631354790014 0.07266089197508767
0 0.2508204406938584 0.7029985474164764 0.031254883575558674 0.039115999169952315
0 0.5210802469135801 0.985 0.06055555555555557 0.028360655737704844
0 0.45757669026367087 0.36669542709232095 0.028213809377244294 0.0665274056582353
0 0.5587877405125865 0.5698151950718685 0.060460871549167204 0.035850136331504336
0 0.5301727045807191 0.8160328764668996 0.029008972542670215 0.07424079548508468
0 0.37716 0.8790979999999999 0.025925900000000064 0.07622949999999984
0 0.48716566011800644 0.6049482385128083 0.0528697343435495 0.057818203016124156
0 0.48231481481481475 0.9659426229508197 0.04870370370370369 0.04827868852459024
0 0.5835574867232223 0.33766828464145066 0.057659148906821125 0.03974722959978019
0 0.7338275959675137 0.1068320467227571 0.05780913188320601 0.042501517911353974
0 0.3039814339249367 0.19456162065220134 0.03233845041754645 0.043572709591048
0 0.6756374246086181 0.28724665336687194 0.02830578962266218 0.0751727527683812
0 0.17284 0.298361 0.024691399999999964 0.040983600000000016
0 0.5202715072400943 0.6902969230812603 0.05611832858772528 0.044322840140370925
0 0.5431481481481482 0.9399590163934426 0.04790123456790125 0.0600819672131149
0 0.46018499999999996 0.665164 0.054938299999999926 0.035245900000000004
0 0.5615977529557776 0.030936479023910717 0.0523657108019248 0.04654928152195912
0 0.5527249765932893 0.09924248995287246 0.03440242123369695 0.0741608118657299
0 0.2716358024691358 0.05520491803278688 0.0595679012345679 0.03762295081967213
0 0.7042886887538921 0.03915418450935323 0.044380577507784014 0.06683286901870646
0 0.1533978712132158 0.21184634078748213 0.030663520043667434 0.042742330895990104
0 0.044497488932439586 0.08723471874434274 0.027266477864879186 0.06791213748868549
0 0.9345679999999998 0.570492 0.029629600000000075 0.04426229999999999
