0 0.7730131716049383 0.24100916598360655 0.029976743209876536 0.07382183196721309
0 0.5417184667184668 0.9776367075547404 0.056069239402572704 0.04308724062822417
0 0.6243830000000001 0.243443 0.029012300000000046 0.07868849999999997
0 0.48425900000000005 0.010655699999999999 0.06234569999999995 0.0213115
0 0.6270684016623348 0.6095414953911419 0.043393896675330355 0.051409709217716586
0 0.46327199999999996 0.773771 0.04135800000000006 0.0540983999999999
0 0.44567899999999994 0.733607 0.05185190000000002 0.04262289999999994
0 0.4410490000000001 0.019672099999999998 0.024074099999999935 0.0377049
0 0.290432 0.545902 0.025308599999999966 0.036065599999999934
0 0.601543 0.184016 0.03888889999999997 0.06967209999999999
0 0.46018499999999996 0.9295079999999999 0.054938299999999926 0.032786900000000146
0 0.427469 0.9655739999999999 0.054938299999999926 0.03934430000000009
0 0.625926 0.0151639 0.03333329999999994 0.028688500000000002
0 0.32037000000000004 0.537295 0.033333299999999975 0.07459019999999991
0 0.533642 0.617213 0.05123460000000006 0.03442620000000007
0 0.506481 0.886885 0.05617279999999996 0.032786900000000146
0 0.458642 0.09385250000000002 0.030864199999999994 0.0401639
0 0.557099 0.691803 0.054938299999999926 0.036065599999999934
0 0.497531 0.35123 0.044444399999999974 0.05491799999999999
0 0.478086 0.135246 0.05987649999999997 0.0377049
0 0.38117300000000004 0.657377 0.045061699999999934 0.0393442999999999
0 0.572531 0.845492 0.029012299999999974 0.06475410000000009
0 0.487037 0.453689 0.03827160000000001 0.06967210000000003
0 0.521605 0.766393 0.04691359999999995 0.04426229999999999
0 0.620679 0.46434400000000003 0.030246900000000035 0.07295080000000005
0 0.261111 0.242213 0.028395099999999975 0.031967200000000036
0 0.548457 0.19590200000000002 0.031481499999999954 0.06885250000000001
0 0.577778 0.391803 0.04320989999999994 0.06229510000000005
0 0.410185 0.203689 0.027777799999999943 0.06639340000000002
0 0.565432 0.10123 0.04074069999999996 0.07295079999999998
0 0.33179 0.333607 0.043827200000000004 0.036065600000000024
