0 0.531482 0.00860656 0.027160499999999983 0.0155738
0 0.535972136967484 0.1590049729450473 0.03299452606503218 0.052482354109905316
0 0.6687141008694141 0.702412908173632 0.03102945779864378 0.06712061634726398
0 0.694753 0.397131 0.05246909999999995 0.030327900000000015
0 0.566975 0.72377 0.05246909999999995 0.04262289999999994
0 0.566049 0.766393 0.05185190000000002 0.03114749999999992
0 0.4408406434141888 0.6208093757734935 0.03120342887323948 0.06523878712768401
0 0.382407 0.9877049999999999 0.054938299999999926 0.02295080000000005
0 0.652469 0.585656 0.018518499999999907 0.07950819999999999
0 0.567901 0.176639 0.03209880000000005 0.041803299999999995
0 0.401543 0.582787 0.04876539999999994 0.03934430000000009
0 0.610185 0.694672 0.03271610000000001 0.06967210000000008
0 0.575926 0.9213110000000001 0.05555560000000003 0.036065599999999934
0 0.648148 0.685246 0.034567899999999936 0.07049180000000001
0 0.358025 0.747131 0.03333329999999994 0.07459019999999991
0 0.712963 0.429098 0.04074069999999996 0.04672130000000003
0 0.550926 0.247541 0.03271610000000001 0.0606557
0 0.347222 0.827459 0.031481499999999954 0.03360660000000008
0 0.583642 0.862295 0.054938299999999926 0.04754099999999996
0 0.508951 0.547541 0.027777799999999943 0.0852459
0 0.547531 0.9491800000000001 0.06790119999999995 0.036065599999999934
0 0.617593 0.931148 0.05123459999999999 0.040983600000000016
0 0.431481 0.698361 0.034567900000000006 0.05901639999999998
0 0.6518520000000001 0.788934 0.032098799999999914 0.05819670000000005
0 0.5543124885758999 0.1258541455091203 0.0444622228482003 0.06468450898175943
0 0.580556 0.661475 0.04135800000000006 0.0606557000000001
0 0.4722963733394192 0.2477027709824521 0.05170455332116149 0.03246395803509584
0 0.52716 0.318033 0.029629599999999933 0.07377049999999997
0 0.444753 0.0807377 0.05370370000000001 0.03196720000000001
