0 0.5284945333945814 0.364085716313708 0.031063966789162685 0.03472963262741603
0 0.46821 0.338115 0.030246900000000035 0.04508200000000001
0 0.4969616784022674 0.44164862995630544 0.030768243195465204 0.02981764008738917
0 0.623148 0.397541 0.024074099999999935 0.04590159999999996
0 0.370988 0.993033 0.05308640000000005 0.013934400000000065
0 0.40243649649204977 0.5762709587357275 0.05068170701590048 0.03434328252854489
0 0.556481 0.65041 0.022839500000000016 0.08114749999999991
0 0.521914 0.42622999999999994 0.026543200000000024 0.04590159999999996
0 0.250926 0.195082 0.020370399999999997 0.07704919999999997
0 0.4844167671686603 0.07307043516138292 0.04043773433732042 0.05925557032276584
0 0.4398305671782678 0.3523888462189832 0.02651226564346444 0.06243540756203356
0 0.5697266657059135 0.061076736620526886 0.023538454148052078 0.04178095298845442
0 0.373457 0.42991799999999997 0.05061729999999996 0.025409800000000045
0 0.555247 0.492623 0.05246909999999995 0.0393442999999999
0 0.422222 0.609836 0.05185190000000002 0.03114749999999992
0 0.607099 0.495902 0.03641980000000002 0.040983600000000016
0 0.553086 0.740164 0.03580250000000006 0.06557379999999993
0 0.465432 0.0991803 0.029629599999999933 0.0393443
0 0.673765 0.414344 0.03765429999999991 0.06967210000000003
0 0.5659811883076332 0.525592122855138 0.05740740000000002 0.04262289999999994
0 0.452469 0.783607 0.029629599999999933 0.04426229999999999
0 0.639506 0.702049 0.05308640000000005 0.04672130000000003
0 0.525926 0.762295 0.03333329999999994 0.07213109999999993
0 0.573457 0.586475 0.025925900000000064 0.08278689999999997
0 0.468827 0.8782789999999999 0.03271610000000001 0.054918000000000085
0 0.43500974679468696 0.5083512921748421 0.035605312871691316 0.06690351565031577
0 0.45783030055723684 0.5647841852299547 0.03116170757553926 0.07793306476366663
0 0.579012 0.806557 0.034567900000000006 0.0393442999999999
0 0.278395 0.190574 0.023456799999999976 0.0729508
0 0.609259 0.560246 0.05308639999999998 0.048360700000000076
0 0.661728 0.815164 0.04074069999999996 0.03360660000000008
0 0.58642 0.695492 0.03703699999999995 0.07295080000000005
0 0.34537 0.207787 0.027777799999999943 0.07786880000000002
0 0.595988 0.62459 0.04629629999999999 0.040983600000000016
0 0.27716 0.242623 0.04691360000000002 0.0393443
0 0.36202981657299327 0.7999871633587422 0.03519956685401356 0.05248437328251574
0 0.4971237693988087 0.9327837593847675 0.025111638797617346 0.07868201876953483
0 0.451955072638949 0.7166262960595139 0.0368303547221021 0.08478030788097203
0 0.145988 0.435246 0.019135800000000005 0.07868850000000002
0 0.517284 0.562705 0.034567900000000006 0.07295080000000005
0 0.515123 0.638934 0.04876539999999994 0.0598361000000001
0 0.48734600000000006 0.858197 0.040123500000000034 0.05901639999999998
0 0.3890932754935869 0.3928380077167188 0.04897484901282601 0.055306684566562486
0 0.7102381250696546 0.5256648115136824 0.05236364986069068 0.033915576972635024
0 0.630864 0.669672 0.04938270000000004 0.04918030000000007
0 0.6447530000000001 0.204508 0.029012299999999974 0.07295079999999998
0 0.435494 0.845492 0.040123500000000034 0.05819669999999996
0 0.510802 0.308197 0.04135800000000006 0.06229510000000005
0 0.57037 0.24016399999999996 0.04814809999999998 0.06229510000000003
0 0.606481 0.916393 0.03888889999999997 0.07704919999999996
0 0.562346 0.971311 0.044444399999999974 0.05737700000000012
0 0.7151229999999998 0.720902 0.040123500000000034 0.0598361000000001
0 0.421914 0.0479508 0.03641980000000002 0.0631148
