0 0.23023856041666663 0.46303695935185185 0.025621140208333296 0.016404838888888874
0 0.22817708333333334 0.6779400212962963 0.02856608020833337 0.016106559166666697
0 0.19915826628055194 0.5524781802262345 0.01764743839443727 0.02125644714012346
0 0.2381901083333333 0.581151762962963 0.019731212499999984 0.019387526944444428
0 0.15190243125000003 0.8100735351851852 0.025621140208333178 0.01133422916666657
0 0.24841133382097572 0.5283157589030327 0.01719311234805782 0.018447887383261256
0 0.20270321874999997 0.6986700435185185 0.017080776041666586 0.014018673888888968
0 0.25933312252767515 0.48925962544523505 0.016906941194649507 0.0282857299645441
0 0.28803977876007253 0.4759832298011843 0.017804280396521814 0.023804692009776023
0 0.29134565336585516 0.6059605856387884 0.015904587851622885 0.017292919151334046
0 0.32258849454131877 0.6483899932728011 0.011831012415970931 0.020325511602545934
0 0.23966238750000002 0.8002307046296296 0.02385416666666664 0.017896164722222246
0 0.1870949604166667 0.5405868851851852 0.02650465083333344 0.015808279444444413
0 0.308918264402311 0.5538273151004015 0.018063097137955234 0.021540974614011867
0 0.22169825456018516 0.5321164851580601 0.016537892716554835 0.02429442754511618
0 0.30486592884484126 0.6142690344995849 0.015368067518650719 0.028951288073244014
0 0.22567382708333336 0.49301314351851855 0.016491768958333354 0.026844265277777828
0 0.22847144375 0.8124599185185184 0.026799106666666718 0.00656193555555557
0 0.24776087708333333 0.45632590212962965 0.02473767729166679 0.00835154111111112
0 0.22120446857527015 0.5147496994217043 0.018154988608873643 0.012004987915850683
0 0.24452148124999998 0.7878526601851853 0.021792689583333313 0.01759792138888888
0 0.20712053333333333 0.5739933407407408 0.018847749583333358 0.021773691944444437
0 0.25898006879689095 0.6324385435984325 0.014780814260448713 0.023594285395727266
0 0.3061546181117237 0.5772845060813626 0.023392768776552705 0.021197927903466085
0 0.17010606966150477 0.6471925659194683 0.02229997740193627 0.01448245364667234
0 0.27037085355265345 0.5220227879732287 0.015150366326506414 0.026551165018899307
0 0.2739713583333333 0.738488949074074 0.020614723124999894 0.02386157722222227
0 0.264897243426201 0.576284614382945 0.01247927976906856 0.028525337437813884
0 0.28850022449392226 0.5141781255812811 0.012596933799567011 0.026723575181359736
0 0.17089750416666666 0.600837424074074 0.027682617291666625 0.016404838888888874
0 0.20255579999999995 0.8060471046296297 0.011485351874999949 0.019387526944444535
0 0.1448349187500001 0.5493860824074074 0.027388113750000068 0.012527311666666681
0 0.2964151159315866 0.7801957969126692 0.010725915404839744 0.010839421545031874
0 0.20888765 0.45498368340740736 0.012368814791666693 0.006263655833333341
0 0.30135928125 0.5241820462962963 0.023559663125000085 0.018790967500000075
0 0.16806332363995344 0.772448548946938 0.019235858369609105 0.028447676805963603
0 0.2057951958333333 0.477353912962963 0.016197265416666676 0.024756380000000047
0 0.2114409380767078 0.6168251563887068 0.014530928028415602 0.028573645092956738
0 0.13891257909269877 0.7894801153303321 0.023919038272935584 0.01369448223473834
0 0.18546400782311884 0.7671133281021151 0.013863221645429035 0.02980796972274862
0 0.20134295488921009 0.592940336156802 0.024853197891838617 0.020230456345615266
