0 0.49362918018345314 0.5495988469103441 0.03480693911690634 0.03687577659846597
0 0.5954099166666665 0.6331065296296297 0.05759253499999997 0.036034457499999915
0 0.5806127958333334 0.5557923314814814 0.06159212458333343 0.03284153370370375
0 0.4466288125000001 0.9067863481481482 0.03519548124999995 0.03603445749999981
0 0.5241962333955595 0.4838895829236311 0.07354438054111961 0.02222648464355838
0 0.5606142 0.7398419037037037 0.039194941249999955 0.041508064999999934
0 0.4286322791666668 0.4533908351851852 0.053593075000000094 0.021438226481481488
0 0.6294061041666665 0.9275403249999999 0.05199336875000012 0.030104757777777675
0 0.7777867958333332 0.7829464027777777 0.06719142041666662 0.0173330069444444
0 0.4726258208333333 0.46707471481481483 0.05519291083333329 0.028736314166666714
0 0.5358184291666667 0.865050237037037 0.03599539916666667 0.04561322888888905
0 0.7509902583333332 0.9375753555555555 0.029596185416666525 0.00912262351851862
0 0.3974350916666667 0.8851197416666667 0.06479166666666672 0.022806614444444418
0 0.5918100916666666 0.7001580962962963 0.04239461291666669 0.03329768157407416
0 0.3306439541666667 0.4413031113888889 0.03679531708333338 0.042876452962962976
0 0.8001839791666666 0.8009636037037038 0.05119345083333317 0.02599953824074069
0 0.68499865 0.4796183638888889 0.05279315708333326 0.03649060537037043
0 0.7225933666666667 0.8874007592592593 0.02559672541666676 0.043788693055555605
0 0.4550284041666667 0.6077916305555555 0.06959104458333343 0.0173330069444444
0 0.4618276416666667 0.5450733851851852 0.06239191291666669 0.028736314166666766
0 0.5702157892076405 0.4301423853494355 0.044387354599300606 0.03743976611881471
0 0.7189948375 0.9323294046296297 0.03919494124999983 0.019613690648148042
0 0.4546279916666666 0.42853141620370366 0.06879112666666672 0.029192462037037018
0 0.6130073333333333 0.6609306037037037 0.0415946950000001 0.023262762314814826
0 0.6730005291666666 0.9359788101851853 0.028796267500000045 0.013227843055555603
0 0.48971513353076157 0.7006975352700654 0.06740861752181004 0.018535536126535978
0 0.5576855400117371 0.3965925281856416 0.07493115002347418 0.018226002574986973
0 0.7001961833333332 0.49923211018518526 0.06879112666666672 0.02828022194444444
0 0.6718005874999998 0.40572480175925923 0.0631918308333334 0.0264556861111111
0 0.43943045833333333 0.9380311138888889 0.043194401249999834 0.009122623518518514
0 0.7021969499999999 0.5215826324074073 0.06799120874999988 0.02463115027777776
0 0.6466031083333335 0.5459854583333333 0.039994859166666785 0.018701450555555516
0 0.5730127333333334 0.6515800453703704 0.0415946950000001 0.02828022194444444
