0 0.512963 0.791393 0.039506200000000075 0.045081999999999914
0 0.5467733644256036 0.7670598184524985 0.061691508047002755 0.030828680956613362
0 0.010493799999999998 0.180738 0.02098770000000001 0.05819669999999998
0 0.523457 0.979098 0.05432099999999997 0.035245899999999816
0 0.39351899999999995 0.586885 0.025308599999999966 0.036065599999999934
0 0.6747782680393991 0.9883411256436054 0.03298123635067068 0.021305557199502986
0 0.598834285052383 0.36619419148488014 0.031961029895233896 0.04138191703023972
0 0.366358 0.565164 0.026543200000000024 0.06311480000000007
0 0.44845699999999994 0.415574 0.026543200000000024 0.02950819999999999
0 0.533642 0.627049 0.029012299999999974 0.03770490000000005
0 0.4077160000000001 0.54959 0.05 0.035245900000000004
0 0.615741 0.991393 0.027777799999999943 0.01721309999999985
0 0.5298989746790616 0.2783683190598263 0.033286710363484386 0.07277086188034751
0 0.591975 0.741803 0.023456799999999976 0.07213109999999993
0 0.568519 0.011475399999999998 0.05802469999999998 0.0213115
0 0.450617 0.45696699999999996 0.03333329999999994 0.05163929999999992
0 0.43857999999999997 0.101639 0.024074099999999935 0.05573769999999999
0 0.586728 0.552049 0.030246900000000035 0.07131149999999994
0 0.3756169999999999 0.671311 0.017901199999999947 0.03114749999999992
0 0.526852 0.738525 0.05740740000000002 0.036065599999999934
0 0.511111 0.947541 0.03209880000000005 0.02950819999999999
0 0.6343630725882224 0.10292323252575075 0.05761494517644469 0.032076065051501505
0 0.418519 0.493033 0.04320989999999994 0.03852459999999998
0 0.521236160455708 0.4005517280925478 0.05629357908858394 0.04151884381490433
0 0.4230089400539037 0.5924496343396445 0.03861088010780734 0.05211296867928887
0 0.566049 0.726229 0.027160499999999983 0.07868850000000006
0 0.44177335300721077 0.023755984331930942 0.03910160601442147 0.047511968663861884
0 0.5272707866367808 0.46180375112202954 0.03202049311559401 0.05480228657816415
0 0.550617 0.572951 0.029629599999999933 0.06885250000000008
0 0.538272 0.14959 0.024691400000000033 0.0729508
0 0.6317899999999999 0.592213 0.06481479999999996 0.02704919999999995
0 0.416358 0.9270490000000001 0.04753090000000005 0.04262289999999994
0 0.556481 0.811885 0.026543200000000024 0.04672130000000003
0 0.562963 0.0893443 0.05308640000000005 0.03606560000000002
0 0.39012300000000005 0.521311 0.05679010000000006 0.04426229999999999
0 0.42654300000000006 0.954918 0.04567900000000003 0.049180299999999885
0 0.4339509999999999 0.75 0.03827160000000001 0.06065569999999991
0 0.521914 0.844262 0.025308599999999966 0.06393440000000007
0 0.540741 0.884426 0.04567900000000003 0.04262289999999994
0 0.6286432805174365 0.3308897020197897 0.0241942389651272 0.07592609596042062
0 0.6030521350748763 0.8036634455569036 0.03202917014975277 0.06634299111380705
0 0.477469 0.726639 0.026543200000000024 0.07131149999999994
0 0.428704 0.147541 0.05 0.0622951
0 0.300926 0.591393 0.056172799999999995 0.03852459999999998
0 0.512037 0.604508 0.05 0.05163929999999992
0 0.419136 0.0381148 0.03333329999999994 0.0663934
0 0.457716 0.263525 0.05 0.030327900000000015
0 0.451852 0.775 0.03703699999999995 0.06967210000000008
0 0.628086 0.918443 0.04506170000000007 0.05327870000000016
0 0.649691 0.843033 0.03765429999999998 0.06311479999999997
0 0.593827 0.630328 0.05308640000000005 0.05245900000000004
0 0.626235 0.46885199999999994 0.05000000000000007 0.040983600000000016
0 0.796914 0.511475 0.04691359999999995 0.040983600000000016
0 0.583025 0.871311 0.04135800000000006 0.05245900000000004
0 0.6870369999999999 0.8434429999999999 0.032098799999999914 0.06557379999999993
0 0.501235 0.258197 0.024691400000000033 0.0606557
0 0.353395 0.784426 0.04259259999999998 0.05081969999999993
0 0.407099 0.236885 0.04259259999999998 0.06557380000000002
0 0.591975 0.231557 0.04938270000000004 0.05327869999999997
0 0.6507031538084413 0.973361 0.036419799999999884 0.05
0 0.391667 0.329098 0.04382720000000004 0.06147540000000003
0 0.55679 0.9491800000000001 0.05308640000000005 0.05081970000000011
0 0.278704 0.794672 0.04259259999999998 0.07131149999999994
