0 0.62037 0.241393 0.024691399999999964 0.05163930000000002
0 0.425 0.529508 0.040123500000000034 0.040983600000000016
0 0.4831131983481693 0.29583281394497996 0.032025073658135984 0.0387431528037712
0 0.5446934774545648 0.14792795328220643 0.05457531923912471 0.039048758179131775
0 0.5662875926508769 0.5154417977819602 0.0288723853017538 0.07514609556392027
0 0.5821808933396916 0.36005769366073315 0.055899962909977195 0.036234433265320456
0 0.560494 0.39877 0.06172839999999999 0.03688520000000002
0 0.679321 0.716803 0.04259259999999998 0.041803299999999946
0 0.517459285063318 0.31270500000000007 0.05679010000000006 0.031967200000000036
0 0.5513749455624437 0.08422045126116935 0.036973523276638665 0.0749982025223387
0 0.48928514253165906 0.25023183754309436 0.05246909999999995 0.03442619999999998
0 0.46142 0.9295079999999999 0.025308599999999966 0.032786900000000146
0 0.38428297043792725 0.030250494589460355 0.038936840875854375 0.06262572580032363
0 0.711111 0.891393 0.032098799999999914 0.058196699999999865
0 0.772839 0.9864749999999999 0.025925899999999925 0.02704919999999995
0 0.5562160712658295 0.26545404692886787 0.05 0.05081970000000002
0 0.503395 0.761066 0.027777799999999943 0.048360700000000076
0 0.6315038349917872 0.3219057572855836 0.0346132699835744 0.03866227702807288
0 0.45463478499443644 0.04497113267783016 0.03235545988449104 0.07798138447196229
0 0.677778 0.753689 0.058024700000000116 0.031967200000000036
0 0.468827 0.49180299999999993 0.03641980000000002 0.06229509999999996
0 0.46132020758888354 0.3074473806638289 0.03640160251947226 0.07391126132765771
0 0.6234858903089069 0.7695649259938084 0.05426261938218626 0.03628034801238309
0 0.57963 0.990164 0.03333329999999994 0.019672099999999894
0 0.6639999280930431 0.595896544452262 0.028259486345573098 0.06606312338000431
0 0.542073324866211 0.7852951142105818 0.054517049732421975 0.04272152842116373
0 0.416049 0.9168029999999999 0.027160499999999983 0.03852459999999998
0 0.44567899999999994 0.898771 0.034567900000000006 0.06803279999999996
0 0.535494 0.22131099999999998 0.024074099999999935 0.07377049999999997
0 0.44997879613336517 0.7844226812741856 0.031001979608435315 0.06487024991908824
0 0.519136 0.47459000000000007 0.025925900000000064 0.06885250000000008
0 0.44558246119721295 0.09302750510799972 0.05346026494727922 0.03689578978400057
0 0.695679 0.863115 0.028395100000000045 0.07049180000000001
0 0.503395 0.161885 0.027777799999999943 0.0745902
0 0.5792203270810152 0.22827700252233873 0.042216369098712514 0.036656436100752844
0 0.4410490000000001 0.831557 0.04135800000000006 0.05819669999999996
0 0.533642 0.739344 0.04753090000000005 0.04590159999999991
0 0.36358 0.0192623 0.030864199999999994 0.0368852
0 0.41606251588115295 0.481766678940055 0.054294268237694086 0.04958134211989029
0 0.418519 0.862295 0.025925900000000064 0.0754098000000001
0 0.6876715302442642 0.5920212528037712 0.03089866048852866 0.08240370560754241
0 0.5197089287341705 0.06551569061422641 0.04629629999999999 0.0368852
0 0.3740740000000001 0.0758197 0.06172839999999999 0.0368852
0 0.376235 0.9225410000000002 0.054938299999999926 0.035245899999999816
0 0.449816093665554 0.24453292795328221 0.05715881266889208 0.058474144093435564
0 0.45506131562682134 0.21392568392316896 0.052098531253642756 0.039326567846337854
0 0.633642 0.8717210000000001 0.05740740000000002 0.03852459999999998
0 0.43919800000000003 0.977869 0.04135800000000006 0.04426230000000017
0 0.68179 0.929098 0.03148150000000009 0.06147540000000003
0 0.604012 0.9 0.03888889999999997 0.05245900000000004
0 0.446914 0.415574 0.06049379999999993 0.03770490000000005
0 0.535494 0.831148 0.04753090000000005 0.05737700000000003
0 0.47932099999999994 0.03237700000000001 0.027777799999999943 0.0647541
0 0.6059356360051396 0.6807304838598466 0.024990542926402782 0.06968583228030664
0 0.522531 0.880328 0.05123460000000006 0.040983600000000016
0 0.4259700712658294 0.035652209962710193 0.029012299999999974 0.0729508
0 0.48487699999999995 0.519672 0.04135800000000006 0.0606557000000001
0 0.46018499999999996 0.130738 0.05246909999999995 0.053278699999999984
0 0.488889 0.725 0.04197530000000002 0.06147540000000003
0 0.512654 0.968852 0.04753090000000005 0.049180299999999885
0 0.37716 0.141803 0.03827160000000001 0.06721309999999998
0 0.429012 0.162705 0.04320989999999994 0.0647541
0 0.500617 0.9176229999999999 0.044444399999999974 0.05327870000000016
0 0.494753 0.0987705 0.05246909999999995 0.051639300000000006
0 0.366358 0.813115 0.04629629999999999 0.0393442999999999
0 0.296914 0.0438525 0.054321000000000036 0.03196720000000001
0 0.703704 0.422951 0.0506173000000001 0.04426229999999999
0 0.586111 0.853279 0.05246909999999995 0.05573769999999992
0 0.259877 0.409836 0.05185190000000002 0.03934430000000005
0 0.133333 0.312295 0.04320990000000001 0.0606557
0 0.6400678217559476 0.42091746992190243 0.027022730885391796 0.043973826778301514
