0 0.5700616070987654 0.30043402890549664 0.04941926946259984 0.04946945424300866
0 0.46142127007519346 0.2587379686219517 0.03233376905642332 0.06727708964991427
0 0.5328944332198945 0.581274834643374 0.024697005271221883 0.04015779188152901
0 0.5529411456063906 0.26301837454194793 0.051125697167756 0.03789767714561234
0 0.5847114054922066 0.8093568430024649 0.060136103538701705 0.038236898916232935
0 0.6581955574808077 0.6077237720896047 0.027675498760619054 0.07429776627360749
0 0.5400287813375747 0.42316202353414456 0.03256835567674015 0.03922357437393142
0 0.5138284768341731 0.6350081089068429 0.056641346222634704 0.03872043072498918
0 0.4864589165576475 0.5648577402842443 0.03212061822387226 0.0628194386380531
0 0.5169893537228557 0.5637571225791306 0.03827160000000001 0.07295080000000005
0 0.4378833087309702 0.3544000566881223 0.031640282538059575 0.035462086623755384
0 0.4473793126301138 0.2302370249089253 0.03116627473977249 0.046084250182149365
0 0.5507335186128053 0.5440891789477288 0.032626483502754884 0.0362787804902383
0 0.5820668887968119 0.9834716292587737 0.025989679196499645 0.03611241658711233
0 0.45553748070079875 0.1748312386451302 0.037073186746550565 0.04609451403085823
0 0.5105349958491705 0.8965167148841896 0.062049723084062536 0.029807839451856222
0 0.48553005742556277 0.2084135708052073 0.04883821485112572 0.034860418659594994
0 0.5122219010327351 0.8610830600111506 0.053372279728336164 0.04824743293360432
0 0.5293028427378359 0.29161052162487944 0.03594769143064639 0.03934404836065577
0 0.5036241492088747 0.5120505497085175 0.05819263973599694 0.040885793653898765
0 0.5291280486637792 0.9785300598996438 0.04633154520757828 0.044430548849720336
0 0.46468981730752235 0.5368716619312179 0.031003135602109728 0.07605170838452212
0 0.48711067329768115 0.9759172268379047 0.03935890031821798 0.04769995690363471
0 0.7272112294943345 0.6518077700426679 0.02947500664395642 0.043469891886689524
0 0.5161161272648548 0.016994917581672365 0.02425588828936843 0.035593842157094
0 0.5217319215141611 0.16236735229026036 0.028141095243282552 0.06755073418514945
0 0.499153591531866 0.8345279139442074 0.05249263343056671 0.05592542372549791
0 0.49926943905098137 0.12107535427526832 0.061724022688515824 0.0370685390022408
0 0.5873605169578612 0.5742096445722685 0.029764803448607692 0.08348560971463265
0 0.434674580880403 0.8959164100502758 0.05083116176080608 0.03609472010055164
0 0.5888888888888889 0.5122950819672131 0.06049382716049383 0.051366120218579295
0 0.5802321812663896 0.8676004538518721 0.054362238133121174 0.049688954966939224
0 0.48649230929557 0.16453690624397302 0.04633273798111836 0.05781143341369333
0 0.6109574509187062 0.6254650327557282 0.05573051485933644 0.042010847791838384
0 0.6372755316943635 0.796238125978129 0.0340902366112733 0.07637624804374206
0 0.6367259745099425 0.11007372158678512 0.04876084901988499 0.033262643173570264
0 0.5635982909041395 0.19312940865477338 0.051815318191721166 0.045660938813886214
0 0.5489132690135242 0.9700593948354786 0.039802738027048444 0.054873189670957265
0 0.5685549339687727 0.2324732844744455 0.05737088732752367 0.04922893731918996
0 0.4886662593447067 0.9398617269807114 0.04507169780488522 0.06040344926640329
0 0.523765 0.933569503227826 0.05123460000000006 0.05081970000000011
0 0.4357938331425498 0.616792625006847 0.05360164394796545 0.04385126941194878
0 0.4722411573127319 0.40782460022126116 0.03370446110732407 0.07090415367595292
0 0.42606464142044664 0.2605452201142015 0.04175336385074214 0.07238902191932214
0 0.6195897976034859 0.19819183700578594 0.04651394146695716 0.05684679850530379
0 0.4450632016264474 0.7362377244806134 0.054804207548837566 0.05262334207128598
0 0.8042740596346836 0.5298309526092096 0.030563376892161844 0.05815997187869498
0 0.4538854457697894 0.12456606740597878 0.04270190098039209 0.06436839324975892
0 0.5024455641002976 0.7278258147814859 0.039335277998762484 0.06514339371649906
0 0.6860606600189932 0.960750315258512 0.0503027065527065 0.05004728877679703
