0 0.6429441165850617 0.5176328357136543 0.043626698428141826 0.03359391770637427
0 0.5514546957099011 0.1936384634459482 0.03750116009525731 0.031827402500012855
0 0.7380974155860497 0.3573570469671622 0.038273316531959624 0.03527396661905447
0 0.40010930375569953 0.6659997200223983 0.04614818314534818 0.03424496532080723
0 0.5734479321638614 0.17535037464716277 0.04028503125712746 0.046213906241214096
0 0.6325818005505506 0.5886920732207618 0.025290915915915944 0.04181989366415587
0 0.6600865937785438 0.7954513739452508 0.021216603686024862 0.06382835356973628
0 0.6154261760424488 0.5315294856404971 0.041842508908387546 0.02948069953736531
0 0.6266551163006447 0.15233517173971295 0.044100996882519894 0.022265122133450124
0 0.7180910512242552 0.6117168990266529 0.025062888564778046 0.05167057193740563
0 0.4231580865301795 0.7338911861214569 0.02938793369994907 0.05376610370891723
0 0.22457641145833343 0.40178463333333336 0.042109374999999956 0.03247497101851856
0 0.5853959052626071 0.24878329114054318 0.024319287507846947 0.05622948246941027
0 0.5494739491871541 0.6486075126143668 0.031035272655917368 0.05571683363691559
0 0.46426399379403255 0.8778180336558149 0.0245519446100842 0.038160264284930544
0 0.7873883358590904 0.5069469151454792 0.03263205407895894 0.03859521672279666
0 0.4939017642148255 0.7291636243012374 0.05277116758461039 0.026897781755752494
0 0.5496136245976315 0.5181491306971624 0.04650702674734628 0.03015195114965397
0 0.4001665125793809 0.4903353961796473 0.03612161650790498 0.05547923115559096
0 0.4269267046463698 0.4771809963227815 0.027795993407322684 0.05106197328036309
0 0.5617108052083333 0.23558960925925923 0.023913998281250078 0.055398470833333296
0 0.49048869270833334 0.1884688056481481 0.04054972796874997 0.04138965675925924
0 0.7182750790108654 0.2997887118356317 0.03602927842910854 0.04779546126304784
0 0.2352334520833333 0.16809237 0.04574846718749998 0.03247497101851851
0 0.556028510528832 0.9129743098885121 0.017746884859747545 0.011747250516299346
0 0.4455621151227166 0.581445990748385 0.046875462592888675 0.043367127791391465
0 0.3769371908058924 0.8002444814825677 0.049103889220168284 0.03360381481807327
0 0.7101716080839033 0.21244365163606818 0.048246819211297635 0.03069293199320329
0 0.5591736704578188 0.31344136724896643 0.02379037075102879 0.05063772116459936
0 0.5700894371607599 0.7091961383550028 0.02229609840623681 0.0492668553587505
0 0.6191564145833334 0.7564617842592593 0.026513325781250076 0.05412489990740752
0 0.5861261685096367 0.42874483655334383 0.04326006787162863 0.029013219297057708
0 0.7148908614432455 0.849961952615668 0.022377555814782586 0.060500918714851186
0 0.43257483253265594 0.8428979735428574 0.04189743997200175 0.038514530141270174
0 0.5007922669886121 0.7922224544888302 0.0351807783897403 0.048717921037204646
0 0.4557877370225694 0.7944733564221987 0.04005882808106141 0.044821029784288126
0 0.6298134552083333 0.4839273944444444 0.04054972796874997 0.032474971018518456
0 0.43744803469548393 0.8179807276883897 0.046008573677662076 0.040823355390272105
0 0.6256196543471438 0.2561762269354656 0.024054947426239672 0.059359338499377426
0 0.5214077549622178 0.8077298490725039 0.03450853421668795 0.05393279709189124
0 0.5419488157288931 0.5455812647591136 0.0475051254658044 0.03269832761140239
0 0.48918933256172836 0.9016943984183309 0.04314911265432097 0.03396946988778853
0 0.40753506971168413 0.9089614628682665 0.02436404916295203 0.020253612093144167
0 0.48964421778549383 0.6964334153790591 0.04291158637984237 0.04405197930406391
0 0.6647298365011695 0.4001897207188711 0.04712480015987216 0.034510460848079294
0 0.5162899440285733 0.3657147083530157 0.04230612905508924 0.04160561090549887
0 0.7100835096837483 0.246110346276467 0.04557724674115337 0.0384885105763659
0 0.52066929487378 0.5758192927719112 0.04369667700148069 0.03004801909360182
0 0.5612382222155704 0.8249526634110086 0.020951610060132 0.06065724253082936
