0 0.4803449822399273 0.03577012818337781 0.05519672324145853 0.04029098013089337
0 0.572222 0.365164 0.044444399999999974 0.07295079999999995
0 0.427161 0.9803280000000001 0.04691359999999995 0.03770489999999986
0 0.595679 0.305328 0.04567900000000003 0.04508200000000001
0 0.397531 0.498771 0.04320989999999994 0.05327869999999997
0 0.47963 0.525 0.027160499999999983 0.07622950000000002
0 0.419136 0.747541 0.05061729999999996 0.040983600000000016
0 0.642901 0.417623 0.027777799999999943 0.08442619999999998
0 0.501852 0.521311 0.020987700000000026 0.06721310000000004
0 0.553395 0.295492 0.03765430000000005 0.0598361
0 0.591771738663987 0.024831620199517093 0.05472732267202611 0.03886135960096582
0 0.516049 0.579508 0.024691400000000033 0.07049180000000001
0 0.421914 0.44917999999999997 0.03888889999999997 0.06721310000000004
0 0.516358 0.0286885 0.027777799999999943 0.0360656
0 0.538889 0.461885 0.05308640000000005 0.048360700000000076
0 0.505864 0.768033 0.05740740000000002 0.02950819999999999
0 0.593827 0.19795100000000002 0.027160499999999983 0.06967210000000001
0 0.417284 0.9581970000000001 0.05432099999999997 0.04754099999999996
0 0.437346 0.47827900000000007 0.03765430000000005 0.06639339999999992
0 0.458333 0.0909836 0.026543200000000024 0.0754098
0 0.56821 0.9270490000000001 0.05864199999999994 0.03770489999999986
0 0.6617118296494355 0.19318402990049968 0.05188474070112893 0.03658284019900063
0 0.589198 0.891393 0.06111110000000003 0.03032790000000011
0 0.516975 0.273361 0.05246909999999995 0.041803300000000036
0 0.565741 0.239344 0.05 0.05245900000000004
0 0.487654 0.9635249999999999 0.023456799999999976 0.07295080000000005
0 0.580864 0.9672129999999999 0.03333329999999994 0.040983600000000016
0 0.724074 0.668443 0.058024700000000116 0.035245900000000004
0 0.58858 0.601639 0.04259259999999998 0.05245900000000004
0 0.6469139999999999 0.790984 0.04567900000000003 0.04918030000000007
0 0.35432099999999994 0.279098 0.04567900000000003 0.07295079999999995
0 0.645679 0.568852 0.03333329999999994 0.07213109999999993
0 0.584568 0.766393 0.04074069999999996 0.05901639999999998
0 0.433642 0.889754 0.04506170000000007 0.048360700000000076
0 0.784568 0.848361 0.0506173000000001 0.05081970000000002
0 0.20617299999999997 0.757787 0.06172839999999999 0.04344260000000006
0 0.66821 0.9295079999999999 0.035185199999999965 0.07213109999999993
