0 0.10686702656913111 0.049577411034783914 0.12630243048859788 0.06286588483110193
0 0.20842351406249998 0.1029016074074074 0.07282063135416668 0.1429568274074073
0 0.059312890821549814 0.16585222957117202 0.052346319255487946 0.1362062532991768
0 0.24977074374999997 0.18699470370370375 0.11108226479166679 0.06895576444444444
0 0.19211483179901964 0.9976920367422029 0.10321444684995491 0.004615926515594572
0 0.02305964589843755 0.36611111111111116 0.0461192917968751 0.12782031629629628
0 0.1393055182291666 0.21306348148148133 0.10244251531250015 0.0975470888888888
0 0.14743890564899306 0.016194135826448793 0.08493533353457726 0.032388271652897586
0 0.3275284890625 0.060015851851851765 0.06664923890624977 0.0908196822222223
0 0.0329484907992511 0.4902169107123537 0.0658969815985022 0.1540285214247074
0 0.18967588276480593 0.9630824474074074 0.0846943089150282 0.07383510518518527
0 0.3436521434740707 0.48354536378739743 0.06649137128102561 0.08131837686964932
0 0.09857612760416673 0.41404442222222226 0.09750540135416645 0.08241037259259255
0 0.4021212056768429 0.8707121605722594 0.10085664175418856 0.07534133348532582
0 0.5996795979166668 0.4560889185185186 0.06788351739583334 0.06895576444444455
0 0.25532529687499994 0.25763175555555556 0.11231634333333318 0.08241037259259255
0 0.06264759786223231 0.6194796232001742 0.10828022408713203 0.10274475656929036
0 0.2991663621597167 0.13816963223524312 0.11958204076160352 0.10567643548088304
0 0.24606770833333352 0.6167058296296296 0.1160191788020833 0.07400126814814809
