0 0.3638791124652576 0.5404687547120419 0.03226342821407796 0.03639197685177241
0 0.50216 0.9922130000000001 0.04135800000000006 0.015573799999999926
0 0.517901 0.420902 0.03703699999999995 0.05983610000000005
0 0.4382604807979445 0.6485042575165222 0.04076373840411092 0.04561378496695561
0 0.3940080232822701 0.9391127311368124 0.03739924656454002 0.06838856227362429
0 0.600617 0.528689 0.04197530000000002 0.05901639999999998
0 0.32871681877060305 0.5728586303729294 0.025283162458793886 0.04280763925414126
0 0.48488948636319557 0.8123508346944468 0.03274187272639127 0.03781656938889362
0 0.578395 0.411066 0.025925900000000064 0.0745902
0 0.466049 0.0290984 0.04320989999999994 0.051639300000000006
0 0.452469 0.508197 0.028395100000000045 0.07049180000000001
0 0.5771523817868917 0.14580080151703717 0.028553487347294897 0.07145736186164275
0 0.620062 0.391803 0.05617280000000003 0.04754099999999996
0 0.41821 0.513934 0.040123500000000034 0.05245900000000004
0 0.6293210000000001 0.4512300000000001 0.04259260000000005 0.0598361000000001
0 0.605247 0.47909799999999997 0.05617279999999996 0.035245900000000004
0 0.442284 0.46803300000000003 0.04135800000000006 0.06557379999999993
0 0.49982698567157907 0.40110289486739326 0.04302544054359776 0.06407172398935705
0 0.4896142192408377 0.24801510986181444 0.0368200615183246 0.05314978027637115
0 0.672222 0.47418 0.032098799999999914 0.07459019999999991
0 0.474383 0.0807377 0.05864199999999994 0.040163899999999995
0 0.46985327571908736 0.354233785218007 0.05159330730398822 0.04328861583984211
0 0.549691 0.229508 0.06234569999999995 0.03770489999999995
0 0.645988 0.52459 0.03271610000000001 0.06557379999999993
0 0.6128791218182406 0.09789716145395246 0.026740726992437517 0.07305807709209511
0 0.593518 0.577459 0.035185199999999965 0.05819670000000005
0 0.6790119999999998 0.186066 0.04691359999999995 0.040983600000000016
0 0.6530426168961282 0.6450585567118703 0.05000034567901231 0.06255647682602339
0 0.52963 0.43729500000000004 0.04074069999999996 0.06639339999999996
0 0.529321 0.20327899999999996 0.05617279999999996 0.040983599999999995
0 0.597531 0.344262 0.05061729999999996 0.05081970000000002
0 0.663971249600866 0.23541134645953135 0.04489680079826768 0.055407707080937264
0 0.5528844375735246 0.6136211844648528 0.026329924852950697 0.07111843107029443
0 0.564506 0.0815574 0.026543200000000024 0.07295079999999998
0 0.4461364942569969 0.13449907437344433 0.04552746463059913 0.06214895125311133
0 0.592354925151897 0.6637433993498412 0.051622137809450006 0.05120150130031761
0 0.535494 0.293033 0.06481480000000003 0.05163930000000002
0 0.490741 0.334016 0.05185190000000002 0.04836069999999998
0 0.708025 0.637295 0.05679009999999992 0.045081999999999914
0 0.22284 0.9729509999999999 0.024691400000000033 0.0540983999999999
0 0.511111 0.12254100000000001 0.04938270000000004 0.05655739999999999
0 0.486111 0.7487317045747146 0.029012299999999974 0.07459019999999991
0 0.7783950000000001 0.903689 0.028395100000000045 0.035245899999999816
0 0.311728 0.44958999999999993 0.05185190000000002 0.03688519999999993
0 0.447531 0.627869 0.04567900000000003 0.057376999999999935
0 0.543519 0.12131100000000002 0.040123500000000034 0.07213109999999999
0 0.416049 0.432377 0.05679010000000006 0.03852459999999998
0 0.635185 0.05 0.029629600000000006 0.0770492
0 0.5553565459698792 0.7156809176658655 0.05842170806024176 0.03749006466826882
0 0.450309 0.827869 0.031481499999999954 0.06557379999999993
0 0.29321 0.395082 0.05308640000000001 0.04262290000000003
0 0.4078921606877383 0.029806468316024376 0.050352321375476586 0.05797353663204875
0 0.473457 0.17541 0.03950619999999993 0.06721309999999998
0 0.210494 0.194672 0.027160499999999983 0.06967209999999999
0 0.708951 0.0459016 0.05370369999999987 0.0426229
0 0.6541414889405985 0.38102504290189687 0.04850662211880293 0.06253931419620633
0 0.5463318901994053 0.8259633456312762 0.033262319601189354 0.07266310873744743
0 0.778086 0.847541 0.040123500000000034 0.07213109999999993
