0 0.6073110072916668 0.8711842018518519 0.04040119416666646 0.07589856722222227
0 0.6595310792741402 0.5559538734221805 0.0799858798886684 0.05684625914617917
0 0.6371059303350971 0.2518576109032784 0.06261941504997057 0.05005009952316741
0 0.6638692965166856 0.9334351431289484 0.060932748033371335 0.05864423124210302
0 0.6169907895833333 0.3943424638888889 0.0765939533333332 0.049499061203703655
0 0.6818012885416667 0.8460221648148148 0.04629305770833352 0.07177370416666677
0 0.3947839489583334 0.9437827175925926 0.046293057708333404 0.0725986163888888
0 0.5538768201962647 0.6205117730853027 0.0601752928141817 0.051701537417545226
0 0.6744684957929158 0.5201828007080818 0.07034578325249849 0.05191440043568847
0 0.536462007642563 0.30114241838480715 0.04778439153439144 0.043927763190058255
0 0.9208953255249551 0.11912040442607381 0.0782342282631633 0.03569645859604875
0 0.9587287408905847 0.8376599873174868 0.055763989393972695 0.04645118796110281
0 0.6283664814053774 0.1869653009895832 0.07197808951140879 0.04363055680792677
0 0.4893188295488572 0.9492341971882478 0.043456464826881105 0.07324442830868971
0 0.8540791015716565 0.022142888673985277 0.03796913406636833 0.044285777347970554
0 0.6270905427083335 0.9149077703703704 0.0765939533333332 0.042899159537036956
0 0.48652848645833335 0.7903355574074075 0.04797648625000027 0.06434878962962963
0 0.9473666411749229 0.9359841107304202 0.03543181095541949 0.08103314492898976
0 0.6770203519046113 0.7039987990769714 0.07865387546457493 0.037253588065670716
0 0.54399264800197 0.8454643128059239 0.07276823243356047 0.03435934616740315
0 0.5445353558610909 0.9001566171768252 0.04335538049397331 0.06623323961646156
0 0.35231955828779593 0.3189490496050113 0.03863506037914064 0.07934280244591095
0 0.5988938645833334 0.4879784555555556 0.07911909614583325 0.03547434564814817
0 0.5987034257186948 0.5208965529503107 0.0376589090505585 0.03635032235990294
0 0.8308291802407185 0.052151468728072393 0.05914728520211187 0.06635355319688553
0 0.6279318479166667 0.34319408148148156 0.07154380406250004 0.03299940768518515
0 0.600245289108858 0.9671450302029148 0.057898396782284325 0.06032688131823744
0 0.6990143140939193 0.9872978724436811 0.07735347386685104 0.02540425511263817
0 0.4543115182767771 0.19441240656135841 0.03656532500168683 0.07686333986947626
0 0.681593077204861 0.2943999636772361 0.04228300920102145 0.08128978430432633
0 0.5017887167321025 0.9741831048647576 0.04482892138087114 0.05163379027048462
0 0.62060003625277 0.9487601742293484 0.03402332426529296 0.03965537660684536
0 0.5530929899360211 0.5234557844108048 0.05980884877268882 0.05480285432138517
0 0.5427367738999684 0.7276478109108291 0.08626394824311513 0.03341001876440649
0 0.8186890079209962 0.42065518901400645 0.06595847991791276 0.038528314854064064
0 0.5527954964704584 0.34118696147045124 0.07445750794091713 0.03371238844798617
0 0.7671398711888865 0.7211482880060182 0.062332879590806675 0.05357212751982822
0 0.7129239599277538 0.47640858814841697 0.035909869680059596 0.07701696384556787
0 0.9037184804328902 0.23310354073673745 0.05593554625672681 0.055301180301180294
0 0.7011400624017122 0.24045649755062828 0.05729145074037353 0.04653323226716108
0 0.6028433409377295 0.2377550162311515 0.06342845142278423 0.06754120028448035
0 0.886437315200445 0.04276100578529685 0.060602165803112014 0.06506064661984771
0 0.3193853305621561 0.28244483961728933 0.04195151331181203 0.07034959808023612
0 0.5486519058173499 0.4227979423864249 0.07997209499742818 0.03357161266162673
0 0.6616624460102514 0.27834215962416553 0.02615778443672845 0.04085570686312357
0 0.507740713350802 0.824934191268341 0.0550511223266034 0.06144290146932334
0 0.5966011371988441 0.564064071242601 0.06905838844824726 0.036952461705472166
0 0.6045152524705136 0.4516814052879342 0.073457737269437 0.038888920340854186
0 0.7154973177542622 0.31552990876761366 0.033574000587889445 0.07209051032236041
0 0.6098479940555812 0.9973354319873263 0.05894238728811712 0.005329136025347612
0 0.5433741156831435 0.23775514009706045 0.03864491972130857 0.0738850167421596
0 0.5067138815402702 0.4796085224949393 0.07073963844797172 0.043315529556747376
0 0.541659203125 0.9669416086805556 0.03703447343750004 0.06611678263888905
0 0.40095833965796407 0.1896788870972558 0.0489837372664103 0.07506009435934184
