0 0.5464088761158595 0.5075349112232032 0.05192742029123137 0.04078347725935256
0 0.2502798275519927 0.9914180478215425 0.0241324448960146 0.017163304356914957
0 0.5884476891421335 0.6358370113493064 0.04778015194681864 0.04663198823034888
0 0.489506 0.072541 0.025925900000000064 0.035245900000000004
0 0.6056535981923903 0.2177807789053321 0.02557815312855524 0.0735863188748391
0 0.6263430666161042 0.1770827505175404 0.04592761134285592 0.05846808034465396
0 0.6395912472301362 0.30245113493064313 0.059650997150997136 0.03270807061790666
0 0.5936592882218908 0.8069945320057211 0.03917077644378158 0.04185866401144248
0 0.4539896368025928 0.07352078569063192 0.026706107379583146 0.0760077731547114
0 0.6734248616432525 0.6269785189372528 0.02799063431247344 0.04169022046353879
0 0.6174323361823362 0.5791561580496005 0.03590930674264013 0.05306851618327026
0 0.6045393393767858 0.7304960685857971 0.053792635063884875 0.046631887454363224
0 0.5964904049778411 0.40578751142286673 0.033871041896169685 0.05197058455233281
0 0.40686902806964154 0.9089627241228162 0.024862870957219337 0.058926844971088736
0 0.5036261131413947 0.8208761078580177 0.05194466253272228 0.040707044264965055
0 0.38680642361130624 0.9229566891178421 0.03255995277738762 0.07703812176431576
0 0.6595268587030717 0.2248099324497846 0.056255082593856746 0.03726603510043085
0 0.5348936899862826 0.984644158209732 0.05984224965706448 0.029072339318240964
0 0.5611282578875172 0.952055685662243 0.05842151675485014 0.041308873276086316
0 0.6672904801900308 0.12426837789542887 0.028382839619938396 0.0694957442091423
0 0.4833452765390824 0.796985616270431 0.05553174692183514 0.04865176745913826
0 0.5638411722381883 0.7410889565906926 0.03031860519123975 0.08229245251848878
0 0.6196143011019969 0.7872153152161954 0.05292484878614632 0.05528661018813953
0 0.499691 0.0934426 0.04506170000000007 0.0639344
0 0.49774464990503314 0.3671473723728457 0.0292025001899335 0.07881975525430852
0 0.3660916887812008 0.487462335937899 0.02836429368101227 0.08120116439405542
0 0.6063034188034188 0.36386086591004624 0.0502532446976891 0.051754939050021015
0 0.5654479265590376 0.4277007145859605 0.041152263374485645 0.05411937788986967
0 0.7631573135449105 0.28138655092524706 0.04019523399368359 0.06921024076952402
0 0.5382250051228973 0.1373472156629191 0.034661100865316485 0.08511934709028776
0 0.528128200981185 0.7505905934569403 0.053506927597175034 0.06192282912162641
0 0.6476393344091578 0.8474824355971898 0.043846756809719695 0.07383554514702054
0 0.5968915343915344 0.9113160291438981 0.055727023319615876 0.04732630757220917
0 0.6318733409177094 0.1116208806579757 0.036552479669658265 0.08280646785654339
0 0.529012 0.230328 0.05432099999999997 0.055737700000000015
0 0.4618748021525799 0.6539643757881463 0.052429566318455224 0.05425073560319464
0 0.4282504803302561 0.1299215762611276 0.04909306066051213 0.03689275252225517
0 0.35281172449314047 0.8638162939628194 0.06008958811318691 0.05098339930778638
0 0.46098882424422527 0.5142037948602809 0.03277621076380614 0.04044328177285497
0 0.6727438032347594 0.7963527767187698 0.023255813953488417 0.025797432964798583
