0 0.573765 0.9635249999999999 0.04259259999999998 0.06967209999999989
0 0.637654 0.00614754 0.014814800000000038 0.012295100000000002
0 0.591667 0.8397540000000001 0.04135800000000006 0.03688520000000002
0 0.4645059999999999 0.519262 0.04876539999999994 0.02868850000000006
0 0.563889 0.804508 0.035185199999999965 0.035245900000000004
0 0.61142 0.990574 0.020370400000000066 0.018852500000000084
0 0.572839 0.82541 0.05555560000000003 0.03934430000000009
0 0.467901 0.485656 0.05555560000000003 0.035245900000000004
0 0.571296 0.909016 0.05246909999999995 0.036065599999999934
0 0.537963 0.304918 0.022839500000000016 0.07704920000000004
0 0.341358 0.666393 0.020987700000000026 0.06393440000000007
0 0.608642 0.887705 0.028395100000000045 0.03114749999999992
0 0.32345699999999994 0.527049 0.030864199999999994 0.06885250000000008
0 0.574383 0.944262 0.06111110000000003 0.03114749999999992
0 0.571914 0.979098 0.026543200000000024 0.0401638999999999
0 0.459568 0.270082 0.020370400000000066 0.06803279999999996
0 0.487654 0.292623 0.025925900000000064 0.07704920000000004
0 0.634877 0.918852 0.03148150000000002 0.03442620000000007
0 0.525617 0.534426 0.04753090000000005 0.04590159999999991
0 0.532407 0.873361 0.031481499999999954 0.045081999999999914
0 0.723765 0.455738 0.021604899999999955 0.06229509999999996
0 0.452161 0.567623 0.03271610000000001 0.06967210000000008
0 0.42050607050603717 0.21474970614303726 0.025654658987925644 0.08361578771392543
0 0.498765 0.097541 0.04938270000000004 0.04262289999999999
0 0.509568 0.46024600000000004 0.03271610000000001 0.06803279999999996
0 0.340432 0.513934 0.030246900000000035 0.0754098000000001
0 0.429012 0.9786890000000001 0.03703699999999995 0.04262289999999994
0 0.5434122607958317 0.20874772295963334 0.05349142159166332 0.03552764591926667
0 0.559568 0.755738 0.03765430000000005 0.06721310000000004
0 0.566667 0.8688520000000001 0.05061729999999996 0.05245900000000004
0 0.547531 0.686066 0.03580250000000006 0.06885250000000008
0 0.539198 0.0483607 0.04876539999999994 0.0327869
0 0.513272 0.131148 0.04629629999999999 0.05901639999999998
0 0.563889 0.415574 0.035185199999999965 0.06557379999999997
0 0.6608020000000001 0.9786890000000001 0.045061699999999934 0.040983600000000016
0 0.702778 0.82377 0.024074100000000074 0.0393442999999999
0 0.590123 0.693033 0.04691359999999995 0.05819670000000005
0 0.4000711815527065 0.13253473335435056 0.026068463105413057 0.08802006670870115
0 0.5903059626078587 0.2808875099991186 0.050252174784282594 0.04970028000176273
0 0.524074 0.9827869999999999 0.05308640000000005 0.03442620000000007
0 0.444136 0.0717213 0.030246900000000035 0.07950819999999999
0 0.360802 0.921721 0.027777799999999943 0.04180330000000013
0 0.386728 0.97418 0.05 0.05
0 0.252778 0.689344 0.03271610000000001 0.040983600000000016
0 0.404012 0.42950800000000006 0.03271610000000001 0.06885250000000004
0 0.521605 0.788525 0.03827160000000001 0.07377049999999997
0 0.621605 0.504918 0.055555599999999955 0.036065599999999934
0 0.305864 0.84918 0.043827200000000004 0.06229510000000005
0 0.377469 0.777459 0.05123460000000006 0.05327869999999997
0 0.502469 0.521311 0.04197530000000002 0.0606557000000001
0 0.469136 0.0327869 0.03333329999999994 0.0639344
0 0.587963 0.140574 0.05493830000000007 0.041803299999999995
0 0.671914 0.27418 0.045061699999999934 0.06147540000000003
0 0.830247 0.871311 0.059259300000000036 0.03770489999999986
0 0.774074 0.97418 0.055555599999999886 0.04344260000000006
0 0.522976680384088 0.731574891410957 0.022950300728078507 0.02487039372285276
