0 0.28052922500000005 0.7356703703703703 0.07779838666666651 0.08961746666666659
0 0.009707155753247853 0.4797332047573128 0.019414311506495707 0.05428765313046884
0 0.3604996861500341 0.2009573895591425 0.06436528298576837 0.057847790427937834
0 0.08713657065533637 0.7889963462383637 0.0943383179773394 0.06384178159734656
0 0.17560315833333331 0.6520650370370371 0.05220682083333325 0.0688523999999999
0 0.08713657065533637 0.7889963462383637 0.0943383179773394 0.06384178159734656
0 0.4043918 0.01319061851851852 0.05118313166666676 0.02638123703703704
0 0.4043918 0.01319061851851852 0.05118313166666676 0.02638123703703704
0 0.12186155000000008 0.926381037037037 0.09417691583333342 0.04918026666666656
0 0.19198251666666663 0.7564357037037037 0.07882207583333348 0.07868853333333332
0 0.7734223750000001 0.728021037037037 0.07677469750000003 0.06120213333333311
0 0.21056708746542535 0.8948575154030677 0.07887236052081216 0.07919018185075696
0 0.61936155 0.4613543703703703 0.05323051000000009 0.12021853333333325
0 0.1315860166666667 0.035048551851851864 0.07472731916666646 0.07009710370370373
0 0.3342458225302317 0.8944184478137098 0.06511132835922216 0.10052829678401883
0 0.3122614333333334 0.644961037037037 0.08189297749999996 0.07868853333333332
0 0.12134912500000006 0.41599837037037035 0.06653813750000002 0.09726773333333333
0 0.07272513333333339 0.571737037037037 0.0388991933333332 0.03934426666666666
0 0.5955075850221291 0.3244945068792889 0.04693396226415084 0.062068254459222615
0 0.09319891666666666 0.9820430185185185 0.061419691666666644 0.03591396296296281
0 0.2793403265141923 0.35711504236140307 0.0450411625000001 0.09945360000000002
0 0.3030323441611011 0.9581021628992603 0.055714092963637656 0.05088237928872169
0 0.12186155000000008 0.926381037037037 0.09417691583333342 0.04918026666666656
0 0.0921740666666666 0.024666051851851844 0.061419691666666644 0.04933210370370369
0 0.292300075 0.8373103703703704 0.08905863583333347 0.06120213333333311
0 0.04771344252739832 0.32945209300130224 0.07451395250767069 0.05766990416240258
0 0.0921740666666666 0.024666051851851844 0.061419691666666644 0.04933210370370369
0 0.12134912500000006 0.41599837037037035 0.06653813750000002 0.09726773333333333
0 0.2006821333333333 0.24332103703703697 0.061419691666666526 0.08196719999999998
0 0.292300075 0.8373103703703704 0.08905863583333347 0.06120213333333311
0 0.23031168191586643 0.6171519611414693 0.08701125749999991 0.05792346666666672
0 0.44704432441700953 0.7133576199149969 0.04606481481481476 0.03673345476624177
0 0.2793403265141923 0.35711504236140307 0.0450411625000001 0.09945360000000002
0 0.2988259293701209 0.2520748087246201 0.06116410457357529 0.08631698995816706
0 0.1901364497157851 0.9775450217692108 0.05261077026490308 0.04490995646157869
0 0.24316531666666663 0.684305037037037 0.08086928833333325 0.06775959999999984
0 0.2647006810864216 0.42551610371830106 0.10346905300617616 0.04325986663747196
0 0.17560315833333331 0.6520650370370371 0.05220682083333325 0.0688523999999999
0 0.1030779585761883 0.63351860156136 0.04638079948458985 0.10674610040941812
0 0.20276998447701733 0.002786895973190359 0.06149209672963115 0.005573791946380718
0 0.3122614333333334 0.644961037037037 0.08189297749999996 0.07868853333333332
0 0.09319891666666666 0.9820430185185185 0.061419691666666644 0.03591396296296281
0 0.2647006810864216 0.42551610371830106 0.10346905300617616 0.04325986663747196
0 0.26795522419258677 0.00510399033685832 0.05585652692346841 0.01020798067371664
0 0.28155241666666675 0.9001517037037038 0.0634670700000001 0.08196720000000002
0 0.44704432441700953 0.7133576199149969 0.04606481481481476 0.03673345476624177
0 0.7734223750000001 0.728021037037037 0.07677469750000003 0.06120213333333311
0 0.28052922500000005 0.7356703703703703 0.07779838666666651 0.08961746666666659
0 0.19198251666666663 0.7564357037037037 0.07882207583333348 0.07868853333333332
0 0.2988259293701209 0.2520748087246201 0.06116410457357529 0.08631698995816706
0 0.5331995748447702 0.03348839629179083 0.06547099710625422 0.06697679258358166
0 0.23031168191586643 0.6171519611414693 0.08701125749999991 0.05792346666666672
0 0.24316531666666663 0.2957797037037037 0.04811206416666671 0.0928961333333333
0 0.22320395833333329 0.37392237037037035 0.0818929775000002 0.06557373333333334
0 0.3342458225302317 0.8944184478137098 0.06511132835922216 0.10052829678401883
0 0.04771344252739832 0.32945209300130224 0.07451395250767069 0.05766990416240258
0 0.24316531666666663 0.2957797037037037 0.04811206416666671 0.0928961333333333
0 0.07272513333333339 0.571737037037037 0.0388991933333332 0.03934426666666666
0 0.3604996861500341 0.2009573895591425 0.06436528298576837 0.057847790427937834
0 0.009707155753247853 0.4797332047573128 0.019414311506495707 0.05428765313046884
0 0.21056708746542535 0.8948575154030677 0.07887236052081216 0.07919018185075696
0 0.20276998447701733 0.002786895973190359 0.06149209672963115 0.005573791946380718
0 0.1030779585761883 0.63351860156136 0.04638079948458985 0.10674610040941812
0 0.1901364497157851 0.9775450217692108 0.05261077026490308 0.04490995646157869
0 0.5331995748447702 0.03348839629179083 0.06547099710625422 0.06697679258358166
0 0.22320395833333329 0.37392237037037035 0.0818929775000002 0.06557373333333334
0 0.61936155 0.4613543703703703 0.05323051000000009 0.12021853333333325
0 0.34399530000000006 0.7094410370370371 0.04708854083333331 0.045901599999999966
0 0.1315860166666667 0.035048551851851864 0.07472731916666646 0.07009710370370373
0 0.3030323441611011 0.9581021628992603 0.055714092963637656 0.05088237928872169
0 0.26795522419258677 0.00510399033685832 0.05585652692346841 0.01020798067371664
0 0.2006821333333333 0.24332103703703697 0.061419691666666526 0.08196719999999998
0 0.5955075850221291 0.3244945068792889 0.04693396226415084 0.062068254459222615
0 0.28155241666666675 0.9001517037037038 0.0634670700000001 0.08196720000000002
0 0.34399530000000006 0.7094410370370371 0.04708854083333331 0.045901599999999966
0 0.24316531666666663 0.684305037037037 0.08086928833333325 0.06775959999999984
