0 0.757994724192141 0.782686234259795 0.028503821417445844 0.04777562010262281
0 0.6525921055867862 0.5882995230997473 0.03677402059726103 0.03865152185728717
0 0.603440796972081 0.824856914532662 0.022558727709190526 0.06162893714458048
0 0.6387940773179379 0.8821850826189633 0.037569874947457296 0.0357489787564453
0 0.7297668606254286 0.9095061474092987 0.03717065301428081 0.034720990764087654
0 0.6566732698243115 0.46400364965938734 0.020079746642246713 0.06497744817416952
0 0.6893401743531827 0.6184089930539647 0.03047727845999108 0.05176957417767641
0 0.79148116291065 0.9801566017942193 0.018962399830277477 0.02413017239174598
0 0.6528954062510505 0.14463836098427835 0.038056886331706015 0.015193752401284663
0 0.5862782488459836 0.9718419356971891 0.037168633358395556 0.0374904316626873
0 0.6520919199663938 0.5456019817787899 0.024957281223423423 0.053154178678005336
0 0.8210440537669115 0.5199327886048841 0.01716232617875685 0.06845118807153178
0 0.6146160591773834 0.9123969199709548 0.02305193023013435 0.06640480405728079
0 0.6820430475571875 0.19487191910272653 0.03942376777052961 0.048304037620380866
0 0.6929238146978368 0.4432651645097278 0.023558414768023776 0.06181528036663532
0 0.6277751622624486 0.7168145327109783 0.020443189352388556 0.03940705776164
0 0.6842529625923232 0.5174055050468895 0.029700682988301353 0.051488679960653545
0 0.7450963371459696 0.6701900067859566 0.026751997095134428 0.05735264354679343
0 0.6049990081639363 0.5639698433238579 0.02191265795275766 0.06714320854613923
0 0.6664768821769369 0.5009046817954041 0.03830058224163023 0.037432423116795614
0 0.5662008681844429 0.7488867861252759 0.03617435178311202 0.042078936799445
0 0.7030576713541666 0.8002833703703703 0.026799741718749933 0.05388133851851859
0 0.6903829318544578 0.32167228974724976 0.03835578927652369 0.031018258190713747
0 0.6637374582040979 0.5305601355947229 0.016863158361940005 0.03862453410693779
0 0.6256173602967524 0.34170491482875237 0.04146282248607444 0.029725830766100646
0 0.6146910588589493 0.7360607872118993 0.0193347191288332 0.033903734750777265
0 0.6265804423419052 0.48898742055822014 0.02127810124535022 0.05729452517876886
0 0.7708929057734205 0.7181439515696988 0.017197712418300645 0.06270372751407786
0 0.6247187583180066 0.5483721161425597 0.01861863825982013 0.06228130839623071
0 0.7343635226310303 0.33542741019491745 0.029891802257402608 0.04560422483991841
0 0.7011424554558198 0.6066321789252923 0.03280373941991499 0.0469051179463522
0 0.5982968958679435 0.394971387971734 0.023249179533535388 0.055759011747592575
0 0.8266616192944942 0.43623634706530523 0.026628145256731035 0.04070482675968592
0 0.5537472749541755 0.5256559166726323 0.023671887635452058 0.06310037039688407
0 0.712138895897182 0.9366135927519852 0.02795975583512451 0.039352926484156114
0 0.6629561414589688 0.9124330423450165 0.036406527708164896 0.03502115258644875
0 0.651480182950749 0.20174476795694393 0.03297503403497804 0.03150989299075128
0 0.6305803479295252 0.16709990421159532 0.028806002056336766 0.047036102053102845
0 0.5920927143040858 0.9174840800011564 0.02441176605673133 0.04901076753308083
0 0.5994951926316784 0.5312325837900324 0.021721395021294873 0.06264201419545395
0 0.8288431981401575 0.8337004566506132 0.026939063186703412 0.06148351518795586
0 0.5418670017588549 0.6484189859556743 0.03342435070623757 0.0302515092943898
0 0.7004492680029408 0.5686432746709226 0.036889360296201684 0.03004973860110443
0 0.6486056522173843 0.9308820607205501 0.029800283956618757 0.048872220729850195
0 0.6305364457136264 0.2495317172542544 0.029145032883350554 0.04394736394123552
0 0.783791190087146 0.760884019667369 0.022771045146453634 0.058175887234067726
0 0.7088066098276494 0.14967177045573407 0.015277395795135125 0.022586220370670946
0 0.6895006732027048 0.1639648249946422 0.03362661777989781 0.042858383299773935
0 0.6523003896551891 0.16518075431379134 0.017890719415499846 0.029812404938637294
0 0.6258675571235078 0.44209165657105154 0.03581090674256788 0.02885773277173258
0 0.6918906463541667 0.8744574166666667 0.03857544062500011 0.030089555370370207
0 0.5724099429214513 0.6043403979181414 0.01808638605854777 0.0667672200083254
0 0.608282222016232 0.42459874123106495 0.027010249728779457 0.053629884922395746
