0 0.5744969818661869 0.3400319635731489 0.03495733626762609 0.044526672853702084
0 0.555864 0.19631099999999999 0.05864199999999994 0.03524589999999998
0 0.6237650000000001 0.215574 0.04259260000000005 0.03442619999999998
0 0.488889 0.253689 0.023456799999999976 0.07622950000000002
0 0.492901 0.49795100000000003 0.040123500000000034 0.04344260000000006
0 0.533951 0.991393 0.03333329999999994 0.015573799999999926
0 0.425617 0.988934 0.031481499999999954 0.022131099999999935
0 0.625 0.143443 0.027777799999999943 0.040983600000000016
0 0.5329921032707273 0.913525 0.024074099999999935 0.07459019999999991
0 0.4672839999999999 0.219672 0.028395100000000045 0.02622950000000002
0 0.5574979058217775 0.2625108095699635 0.055373788356444895 0.03399528086007301
0 0.6177798935404599 0.24304852364423898 0.05950221291908028 0.04013325271152197
0 0.5096249488034639 0.9294149638722711 0.032180679890000556 0.06487452412399955
0 0.594136 0.12008199999999998 0.04876539999999994 0.05491799999999999
0 0.589198 0.948361 0.024074099999999935 0.03934430000000009
0 0.45123500000000005 0.404918 0.05432099999999997 0.03606559999999998
0 0.487037 0.9647540000000001 0.030864199999999994 0.06885250000000008
0 0.47071868212509516 0.7576100198275193 0.023995435749809824 0.07166476034496151
0 0.6763193112705518 0.18447863241201148 0.03639654216546721 0.03427480727604694
0 0.498457 0.410246 0.033950600000000046 0.06967209999999999
0 0.47932099999999994 0.466393 0.04876539999999994 0.04426229999999999
0 0.4990740000000001 0.311475 0.045061699999999934 0.05245900000000004
0 0.5476215308217776 0.4620855187126097 0.03562103835644489 0.059436362574780424
0 0.5112224032634135 0.8644143807843213 0.05409889347317303 0.049860538431357036
0 0.552778 0.965984 0.030246900000000035 0.06803279999999996
0 0.2747762035545024 0.5189786511770647 0.02822539289099529 0.07843589764587058
0 0.561728 0.918443 0.03580250000000006 0.07295080000000005
0 0.5476538525510503 0.12854113992890995 0.0380260948978994 0.06750882014218007
0 0.518827 0.169262 0.04753090000000005 0.05
0 0.20674328803463812 0.47695027657330435 0.028488623930723808 0.06741154685339133
0 0.437654 0.9106560000000001 0.04320989999999994 0.06557379999999993
0 0.35559660259932135 0.4779231440253283 0.029547894801357433 0.05071071194934344
0 0.667593 0.956967 0.029012299999999974 0.07295080000000005
0 0.3422839999999999 0.753279 0.035185199999999965 0.07049180000000001
0 0.671296 0.8598359999999999 0.026543200000000024 0.07049180000000001
0 0.949383 0.866393 0.058024700000000116 0.03934430000000009
