0 0.4966666666666667 0.9803489128472224 0.03010289333333335 0.03930217430555516
0 0.49627011666666665 0.5681962166666666 0.07208842666666655 0.06448236138888888
0 0.5889562999999999 0.5366569814814816 0.07208842666666655 0.05466983185185212
0 0.6086559550892829 0.25660266939762183 0.037441428154767684 0.14218901222116895
0 0.7046141499999999 0.39157171111111116 0.03881685499999996 0.10373247953703736
0 0.25029875 0.7146838388888891 0.07604943500000007 0.06308052259259293
0 0.6269801833333335 0.16027600555555557 0.05941358499999995 0.09812529537037017
0 0.3811006245665851 0.5363520081334957 0.07623305079983757 0.060885252529305316
0 0.7216465500000001 0.6747322027777777 0.03802465333333321 0.08410742046296302
0 0.6099490666666668 0.9852551776157407 0.044362138333333336 0.029489644768518616
0 0.6588057279584171 0.39994891682690337 0.06159333616055752 0.0836950742878112
0 0.5041921333333333 0.7560361166666667 0.060997988333333336 0.09812529537037049
0 0.4931015666666666 0.47217444907407424 0.06575107000000008 0.0714913843518517
0 0.4101013228139854 0.15771720209683568 0.03406377333333334 0.12475937740740746
0 0.3829890000000001 0.45114772222222216 0.06416666666666669 0.06868770675925938
0 0.5703389833333332 0.06215071018518514 0.052283898333333315 0.11214334129629615
0 0.5620217000000001 0.1806015564814816 0.07208842666666655 0.054669831851852015
0 0.6859981166666667 0.9600231481481482 0.04911521999999995 0.07995370370370362
0 0.5913317499999999 0.10210063611111117 0.0625822633333333 0.0967236275925924
0 0.5241963439640556 0.13376647586654483 0.07485774040522225 0.050996862869923505
