0 0.582099 0.00819672 0.020987700000000026 0.014754100000000001
0 0.42603296938557056 0.38614611958684736 0.03639477627916929 0.07106983796076946
0 0.535802 0.009836069999999999 0.024691400000000033 0.0180328
0 0.564815 0.369262 0.04074069999999996 0.056557400000000035
0 0.6237493039748805 0.24539917970245426 0.030600300206950624 0.07681274644177014
0 0.46404211723042893 0.19394256851606176 0.04105076553914217 0.06949226296787642
0 0.6147791981677728 0.1856463932839003 0.05424949633554549 0.03522668656780065
0 0.45515218815385716 0.5704963965957548 0.02882357630771428 0.04919009319150955
0 0.4931298035163777 0.5937697257628163 0.04570440828873194 0.04663165279541372
0 0.5005762876614572 0.6250971181228087 0.05144144451580681 0.04422441247986365
0 0.4332439285984443 0.26966259984127733 0.05908125719688864 0.03112869968255471
0 0.4954328123884964 0.3866199185065858 0.03960608006850782 0.07012224012129253
0 0.4258563868746878 0.23531220316023882 0.05816392625062443 0.03757219367952242
0 0.7373457984567902 0.9862197682554723 0.05246889691358036 0.025921119226760297
0 0.344444 0.554918 0.03580250000000006 0.057376999999999935
0 0.329012 0.536066 0.023456799999999976 0.04262289999999994
0 0.55 0.154508 0.028395100000000045 0.05
0 0.5418861761293085 0.38128721002558513 0.03474644774138299 0.07840877994882965
0 0.5206682993577392 0.7173009482919549 0.026564601284521577 0.07195620341609034
0 0.288272 0.57623 0.029629600000000006 0.040983600000000016
0 0.579012 0.44180299999999995 0.04320989999999994 0.05409839999999995
0 0.494136 0.159426 0.033950600000000046 0.0729508
0 0.558025 0.683607 0.04074069999999996 0.06393440000000007
0 0.5842788838935274 0.3096275940490856 0.05031042603296937 0.045958495214630905
0 0.6 0.45245900000000006 0.03333329999999994 0.07213109999999998
0 0.675309 0.025 0.032098799999999914 0.048360700000000006
0 0.5386766230642974 0.6364112010802616 0.04135800000000006 0.0754098000000001
0 0.6768144671965319 0.8130410902658013 0.024149165606936522 0.0739169194683977
0 0.39540974433026477 0.18195754328390032 0.0562510886605295 0.042604386567800634
0 0.677161 0.433607 0.032098799999999914 0.06885250000000004
0 0.590741 0.508197 0.05432099999999997 0.03770490000000005
0 0.586111 0.770492 0.029012299999999974 0.07704919999999996
0 0.6400666113894241 0.9540866677319247 0.058623645843145646 0.04008782250071076
0 0.5126364529419111 0.8051929074718089 0.04872980588382221 0.04317241494361795
0 0.317284 0.309016 0.02839510000000001 0.07213110000000003
0 0.48419850932348535 0.043006693518430776 0.03283718135302932 0.07464221296313844
0 0.569136 0.95123 0.025925900000000064 0.07459019999999991
0 0.637037 0.896721 0.028395100000000045 0.07213109999999993
0 0.3662493277296082 0.6659716915024163 0.045279644540783516 0.04510551699516711
0 0.498148 0.8909839999999999 0.023456799999999976 0.06557379999999993
0 0.6775047749803754 0.6659980229839856 0.04622485003924929 0.056529354032028786
0 0.744844073360451 0.32313086326163176 0.05245129522586158 0.05685587036861555
