0 0.5818397422024391 0.08615711372039264 0.039380427053455236 0.12009013867032586
0 0.6374538974452174 0.34566929154788345 0.062059345734565244 0.09368979023756639
0 0.8478664178035399 0.4348448724354152 0.05990310682337553 0.10318029831723413
0 0.6437819256697892 0.1910766256048904 0.07809514996250483 0.07172278656799723
0 0.8129092838541666 0.15441267777777784 0.04782343489583323 0.11220853638888907
0 0.7359141145833334 0.8105594361111111 0.06599634635416661 0.12178730777777799
0 0.4848411588541666 0.9801988755555555 0.03825880989583332 0.03960224888888888
0 0.9938856743719378 0.13100987530410255 0.012228651256124578 0.12771005044349829
0 0.67293967211198 0.6512444447770964 0.10017170166881151 0.05817424997994244
0 0.9382079166666666 0.36240876111111114 0.06121403385416642 0.10947181611111108
0 0.2615054296875 0.39319832500000007 0.07556097135416676 0.07526189444444409
0 0.5282167265927616 0.16913357961874137 0.052318764383439624 0.08144165923748288
0 0.5379247656250001 0.5163532416666666 0.08512575130208345 0.06978828694444428
0 0.6401403526496855 0.8702006257784145 0.07722094878895393 0.06317769377905241
0 0.6376549828733694 0.7892862585306202 0.04826657591992749 0.10959808877209327
0 0.8320391536458335 0.6210357555555556 0.08225627083333341 0.07115656361111114
0 0.8258226432291668 0.3855074936543798 0.05069291536458328 0.11768214388888888
0 0.53888234375 0.9556091166666664 0.09086455729166663 0.06431467944444424
0 0.9676688694661458 0.5252480416666666 0.06466226106770824 0.08484066583333322
0 0.6112892151228915 0.5440913211355692 0.0794953602702923 0.07906748162904605
0 0.5685316276041666 0.6641408111111111 0.03347634244791659 0.11631370027777797
0 0.7650861588541666 0.8618731499999999 0.04973642187499981 0.10673492888888884
0 0.7575446170567974 0.9591994442939621 0.07291121848859478 0.06602122636570164
0 0.4446693619791667 0.6661925583333334 0.05547522786458335 0.10673492888888926
0 0.6483979817708333 0.5881944444444445 0.08034343880208338 0.07389345083333318
0 0.7053072526041667 0.41509141944444444 0.09086455729166651 0.06157779222222201
0 0.34328384114583327 0.34461916111111107 0.06503985286458339 0.10126132138888883
0 0.6990907421875001 0.4978808388888889 0.08799507682291671 0.06020951555555556
0 0.4088020182291666 0.7736129611111112 0.10425515625000005 0.05610435166666645
0 0.6631582769756842 0.06960329308840116 0.04316935099654853 0.12856629576764184
0 0.5073179036458332 0.68740285 0.06790933333333342 0.07252500722222227
0 0.42793188802083326 0.9603571944444445 0.058344553385416734 0.07928561111111103
