0 0.777469 0.384016 0.026543200000000024 0.05491799999999999
0 0.795062 0.384836 0.027160500000000126 0.05819669999999996
0 0.40412230868743415 0.27573373716164695 0.02676351737486844 0.04327137432329394
0 0.6503014642549527 0.26067479984750286 0.048329983730500625 0.05559791587241076
0 0.5561727827160494 0.9790985889344264 0.05185196543209876 0.0401634778688524
0 0.541358 0.20123 0.024691400000000033 0.07786879999999999
0 0.591049 0.992623 0.04876539999999994 0.013114799999999885
0 0.5132070054550674 0.6331808361926546 0.05455067470571348 0.032405642394205104
0 0.626543 0.19918 0.03703700000000002 0.06885249999999998
0 0.564815 0.233607 0.029629599999999933 0.07704919999999997
0 0.454321 0.661475 0.03209880000000005 0.03442620000000007
0 0.515123 0.681148 0.033950600000000046 0.04426229999999999
0 0.604938 0.0930328 0.03580250000000006 0.06803279999999999
0 0.328086 0.55041 0.04506170000000004 0.041803299999999946
0 0.613889 0.27582 0.029012299999999974 0.07295079999999995
0 0.4404392666092449 0.04087878198627526 0.025294266781510175 0.03791463602744949
0 0.549383 0.0344262 0.044444399999999974 0.0639344
0 0.587654 0.791803 0.03209880000000005 0.06721310000000004
0 0.5140446009163556 0.14162522970199518 0.04043410183271127 0.06685755940399032
0 0.549691 0.661885 0.024074099999999935 0.07622950000000002
0 0.5493681349913867 0.8989387052103189 0.02960136998277353 0.07656661042063795
0 0.6505071243372571 0.7187124367740501 0.03725695132548566 0.06749222645189995
0 0.522531 0.939344 0.04382720000000004 0.049180299999999885
0 0.385494 0.353689 0.05370370000000001 0.04836069999999998
0 0.360494 0.559426 0.03580250000000006 0.07131149999999994
0 0.638272 0.0872951 0.034567899999999936 0.0647541
0 0.188889 0.512295 0.024691400000000033 0.07213109999999993
0 0.828395 0.980738 0.04691359999999995 0.03032790000000011
0 0.664815 0.840164 0.03456789999999986 0.07049180000000001
0 0.5868407975571825 0.8664886082539076 0.053478704885635005 0.04407138349218455
0 0.6342589999999999 0.886066 0.026543200000000024 0.08196720000000003
0 0.3830821300961814 0.2239735688651671 0.03260123980763711 0.06352726226966575
0 0.587037 0.0463115 0.030864199999999994 0.07786880000000002
0 0.47851690519666956 0.7721946958031516 0.054076589606660896 0.03593850839369687
0 0.584568 0.186885 0.04938270000000004 0.057376999999999984
0 0.416667 0.858607 0.06172839999999999 0.031967200000000036
0 0.5011342569767442 0.956731995323421 0.04424311395348833 0.06264479064684192
0 0.608025 0.681557 0.029629599999999933 0.045081999999999914
0 0.682099 0.488934 0.030864199999999994 0.041803299999999946
0 0.41485297099004687 0.13379707019634007 0.029706441980093774 0.07743064039268015
0 0.4064809999999999 0.535246 0.03271610000000001 0.06557379999999993
0 0.582407 0.598361 0.025308599999999966 0.08196720000000003
0 0.631173 0.80041 0.036419799999999954 0.07131149999999994
0 0.6824070000000001 0.75 0.04753090000000005 0.06393440000000007
0 0.494145432948129 0.3702249435284026 0.029031365896258033 0.07159738705680517
0 0.45123500000000005 0.563115 0.03827160000000001 0.057376999999999935
0 0.559877 0.32623 0.04691359999999995 0.06885249999999998
0 0.589815 0.92541 0.030246900000000035 0.0803279000000001
0 0.593827 0.517623 0.034567900000000006 0.06967210000000008
0 0.492901 0.693443 0.04259259999999998 0.0754097999999999
0 0.553395 0.49180299999999993 0.03765430000000005 0.07049180000000001
