0 0.5748716314035309 0.6717127746656969 0.027520462807061916 0.03686874933139363
0 0.5528767761472164 0.25332508506031554 0.05334265082692757 0.037735849056603786
0 0.41381318425343583 0.11490875347974018 0.02585604472396923 0.0726879059696876
0 0.560494 0.414344 0.04691359999999995 0.03852459999999998
0 0.5070367249420638 0.4722805675054552 0.05111004988412762 0.041283435010910245
0 0.4495690659212672 0.31472316733683886 0.03400885161891453 0.07454376739870093
0 0.5277193406650361 0.22630706895298483 0.05567161866992787 0.04246876209403029
0 0.4746681973153971 0.2667956676538818 0.04810129463079434 0.05162363530776369
0 0.5668267812750178 0.4815923459967548 0.038132558041545535 0.07077714989089687
0 0.53227573420975 0.6223073910367594 0.05161589348164999 0.050075532926761014
0 0.46697500000000003 0.39385200000000004 0.04135800000000006 0.05327870000000002
0 0.4826547607350525 0.7614445088835115 0.03035052993511144 0.04371983357298708
0 0.5743744263104116 0.7425628267708275 0.03357112378333971 0.07644766934761917
0 0.5864197530864198 0.6262239131651093 0.05582943580668268 0.0517540424103396
0 0.4470067551828558 0.1323847819362821 0.03680409969718145 0.06928549334982989
0 0.577469 0.360656 0.04135800000000006 0.06229509999999996
0 0.513272 0.175 0.030246900000000035 0.06311479999999997
0 0.8274899541313783 0.8132517987662955 0.02538077096026632 0.03745880385497672
0 0.4328468207380019 0.7410858249006882 0.04063931263852017 0.0603785656073406
0 0.6070661104790798 0.5118055167011694 0.046138288459107564 0.066301124601354
0 0.530247 0.9766390000000001 0.04691359999999995 0.04180330000000013
0 0.6382463236843214 0.8087618195042802 0.02844141069397042 0.06434286353717897
0 0.7090382501390468 0.876087003743076 0.026747162975603565 0.07572282013092352
0 0.5026123305007795 0.6603382659724165 0.043947377931572065 0.05458223826721853
0 0.530864 0.328689 0.04567900000000003 0.049180299999999975
0 0.6028756731923904 0.9474499897526995 0.02797384638478059 0.08014617950539905
0 0.5173935295695867 0.9155431219982655 0.04345842183668314 0.062272453480109555
0 0.555649212427843 0.9355089931251049 0.034363733320692647 0.07437450521736678
0 0.6621255109320354 0.9214400775303532 0.04978513032907768 0.054954567705477554
0 0.5700034567144188 0.21637808776678008 0.057291013428837766 0.04914917553356017
0 0.668827 0.983197 0.05123459999999992 0.031967200000000036
0 0.518827 0.747131 0.04259259999999998 0.06967210000000008
0 0.5235326338853074 0.8178537458736641 0.058989592550457215 0.02993341912381805
0 0.5591383220779084 0.020662457480557263 0.06025114415581679 0.03476751496111453
0 0.11262520382017238 0.3014228270955769 0.02818541812252504 0.07145066501701207
