0 0.42937806916613147 0.5895837364872548 0.025422838332262943 0.07260927297450966
0 0.438889 0.014754099999999996 0.023456799999999976 0.027868899999999995
0 0.5678547197477343 0.7260116307756088 0.05318658562406342 0.038548139945986874
0 0.533025 0.0106557 0.022839500000000016 0.0196721
0 0.46358 0.185246 0.030864199999999994 0.0393443
0 0.372222 0.313525 0.03580250000000006 0.06803279999999996
0 0.462037 0.605738 0.035185199999999965 0.06885250000000008
0 0.543519 0.69959 0.05370370000000001 0.041803299999999946
0 0.622531 0.975 0.04382719999999997 0.04672129999999984
0 0.23699258806465426 0.4371247233725007 0.050527776129308505 0.04965844674500139
0 0.5282003781470778 0.6486071217497394 0.02878354370584461 0.0634418565005212
0 0.68858 0.014754099999999996 0.05493830000000007 0.027868899999999995
0 0.37378667196353393 0.4575927764593007 0.06106795607293226 0.04055274708139875
0 0.6332528461089704 0.02365203387662276 0.0494152383465353 0.049350911873400925
0 0.7590614587971882 0.27682410616886194 0.02879158240562343 0.038154987662276145
0 0.5219280706094341 0.9432103233653938 0.05120645878113181 0.04144765326921265
0 0.5733854009651752 0.4952431539277931 0.06135012113394705 0.0343600878233677
0 0.575 0.886885 0.04506170000000007 0.03934430000000009
0 0.489506 0.739754 0.04691359999999995 0.048360700000000076
0 0.584259 0.689754 0.05740740000000002 0.048360700000000076
0 0.46491466525369296 0.7875439444328628 0.03209151562120888 0.0750405089737516
0 0.429938 0.20081999999999997 0.030246900000000035 0.0655738
0 0.573457 0.0360656 0.05308640000000005 0.0508197
0 0.535802 0.08811479999999998 0.05802469999999998 0.03524589999999999
0 0.41821 0.022950799999999997 0.04135800000000006 0.0426229
0 0.591667 0.8340159999999999 0.04135800000000006 0.06147539999999993
0 0.4806641901716263 0.864266121129063 0.04360911965674731 0.05507445774187442
0 0.466667 0.12131100000000002 0.028395100000000045 0.0754098
0 0.626543 0.445902 0.04320990000000001 0.06229509999999996
0 0.54537 0.80123 0.04506170000000007 0.048360700000000076
0 0.477469 0.378279 0.05123460000000006 0.03852459999999998
0 0.526543 0.19959 0.03333329999999994 0.07131150000000001
0 0.201852 0.356967 0.023456799999999976 0.07131150000000003
0 0.58179 0.9545079999999999 0.03641980000000002 0.07131150000000012
0 0.7581406742417756 0.22084216488913105 0.04050885151644906 0.0730687702217379
0 0.128704 0.77418 0.02654319999999999 0.06967210000000008
