0 0.6037565562499999 0.3322620944444445 0.015776114531249993 0.01735656999999996
0 0.6002632395833333 0.48204689444444454 0.008338796614583307 0.022991815
0 0.5569914588541667 0.4730304694444444 0.013747741822916737 0.01803279499999996
0 0.6452250875 0.38681136944444444 0.020283581041666682 0.009692622500000005
0 0.6194198901041666 0.24660633194444448 0.021410438541666584 0.010594265000000028
0 0.6136727854166667 0.38861454444444443 0.008564175416666705 0.008790980000000033
0 0.5919880143683048 0.37495245627674423 0.018382752747026387 0.012672533835400393
0 0.5699327243299829 0.2318915447757465 0.019868088006700663 0.009566360662604065
0 0.5510190848958333 0.37306136944444446 0.021185059739583303 0.010594265000000028
0 0.7334587161458334 0.22327640444444444 0.015550735729166595 0.00721311250000001
0 0.5869661458333333 0.36167801944444444 0.01780445072916675 0.016229510000000016
0 0.621673678125 0.4034914944444445 0.015099978125000035 0.015102450000000019
0 0.5546252187499999 0.34509983820249096 0.020283581041666682 0.01014343000000003
0 0.5887690302083333 0.4915140444444444 0.021410438541666584 0.004959020000000093
0 0.6143489583333335 0.45691381944444437 0.017128350833333292 0.015102449999999965
0 0.5949670385416667 0.39965964444444446 0.01802982953125015 0.013749999999999969
0 0.5985728072916667 0.34240546944444444 0.009916411718749884 0.013749999999999969
0 0.5779513588541666 0.24198542444444446 0.02231191723958344 0.00946720500000003
0 0.588656578125 0.46863514444444443 0.019382065833333448 0.0114959075
0 0.5927562073871477 0.26297799542960665 0.010002581024295527 0.01932613552967558
0 0.6052213541666667 0.27545891944444445 0.015099978124999917 0.016454927500000043
0 0.5639780921875001 0.4466576944444444 0.01735372963541669 0.014426225000000072
0 0.6113065453125001 0.2677949444444444 0.013297020729166675 0.016905735000000015
0 0.5906847317708334 0.4172414944444444 0.01577611453125011 0.01825818500000001
0 0.5729928791666666 0.4233275194444444 0.01735372963541669 0.008790980000000033
0 0.5754573047902679 0.2744502789550015 0.010621884481964253 0.020749639021114038
0 0.5682600338541666 0.3679895444444444 0.01915668703125005 0.015327867499999991
0 0.630913734375 0.38512066944444445 0.009691032916666604 0.009918039999999977
0 0.5283691177083334 0.3704689444444444 0.009691032916666665 0.01938524500000001
0 0.5346489180170494 0.3403845241790702 0.020570243549234608 0.00925708196925162
0 0.6180675442708333 0.3492804694444444 0.010592511614583345 0.01758196000000001
0 0.5846545017604375 0.48762495371253306 0.017238273104208446 0.010483411463822858
0 0.5255519739583333 0.24908586944444444 0.01848058713541671 0.011946715000000026
0 0.5386237984375001 0.4708890444444445 0.01352236302083334 0.009692622500000057
0 0.5431310093749999 0.45916771944444446 0.015325356927083197 0.01870902000000001
0 0.5699504661458333 0.4710017944444444 0.01171940562499998 0.018483602499999984
0 0.5622876598958333 0.4804689444444445 0.009014933020833383 0.02028688750000003
0 0.5875295015625001 0.3362066944444445 0.017579071927083353 0.012622940000000023
0 0.53287669375 0.38861454444444443 0.011944784427083318 0.016454927500000043
0 0.5311862614583334 0.2955201694444445 0.010817890416666623 0.022315562499999976
0 0.5618371213541666 0.38095056944444444 0.013973120625000017 0.014651642499999992
0 0.567696678125 0.4359505694444444 0.019832823437500004 0.010594265000000028
0 0.5824585697916668 0.47720056944444444 0.011944784427083377 0.0114959075
0 0.6198704286458334 0.3802743444444444 0.012846263124999998 0.019159827500000035
0 0.6359846661458334 0.4584914944444444 0.013522363020833221 0.008790980000000033
0 0.5523714307291667 0.22282559694444445 0.0126208843229166 0.006311470000000012
0 0.5611580472104326 0.3198804928954894 0.009008911504198736 0.01912804059791
0 0.6218989473958333 0.4836248444444445 0.011043269218750021 0.020286887500000086
0 0.6126585260416666 0.22350182194444443 0.010141790520833282 0.007663947500000008
0 0.5341333791883638 0.3298303484246285 0.015527291524768097 0.011954996605763471
0 0.5733309656250001 0.4113809694444444 0.01802982953125003 0.017356570000000064
0 0.52239674375 0.3784711694444444 0.01171940562499998 0.01690573499999996
0 0.6123204395833334 0.4802437194444445 0.01036716932291668 0.021639337499999977
0 0.5485347844808364 0.24842560123565333 0.009004227711672879 0.01146415891758218
0 0.5994742494791666 0.38568414444444443 0.01667759322916673 0.015102450000000019
0 0.5935686290748282 0.2211450495427193 0.020885345969879173 0.003658484250278928
0 0.712273546875 0.4875694444444445 0.012846263124999998 0.013750000000000021
0 0.630158109350857 0.26500029847414147 0.019448138805880668 0.013929491940605962
0 0.500587540802146 0.41009868013236817 0.009321708088251175 0.0190005149772552
0 0.5399080245957391 0.2965771598220944 0.010210250013486306 0.0190195291159557
0 0.687707878125 0.24536657694444441 0.01870596593749999 0.0108196825
0 0.627307965625 0.27703659444444445 0.014649257031250092 0.008340172500000007
0 0.5843742713541666 0.3489424944444444 0.019832823437500004 0.0114959075
0 0.6300122921875 0.37001821944444446 0.009240275312500046 0.021188529999999952
0 0.6488308562499999 0.35694444444444445 0.017128350833333292 0.011270489999999975
0 0.6215608609375001 0.36156526944444445 0.014874599322916637 0.016004092500000042
