0 0.4772619661458333 0.864399873148148 0.051520989999999975 0.06212654055555596
0 0.20380434739583328 0.11814040555555559 0.024345091250000075 0.06952263462962957
0 0.41328538645833324 0.06784718240740738 0.04699173468750016 0.06952263462962968
0 0.40819040989583333 0.7978361092592593 0.04585937499999997 0.07691854824074064
0 0.4789605973958333 0.4088048814814816 0.04472701531249997 0.10058590490740744
0 0.2918433411458333 0.03873139523148152 0.03736686078124999 0.07746279046296305
0 0.5720945677083333 0.983232742060185 0.027175898749999896 0.03353451587963002
0 0.4115867552083333 0.8976826574074075 0.051520989999999975 0.06952263462962946
0 0.3283611614583333 0.8680975592592594 0.05378570937499998 0.060647466111111124
0 0.43706438958333327 0.020241611203703696 0.04925636234374989 0.04048322240740739
0 0.45801295208333337 0.49164099074074064 0.051520989999999975 0.059168211203703754
0 0.33005887552083324 0.7756481879629629 0.04585937499999997 0.07396021888888885
0 0.5275642380226885 0.7196728327732023 0.04342193875371046 0.08532213695359545
0 0.49283214114583335 0.5692978129629631 0.023778911406250103 0.14348285351851853
0 0.5599239729260721 0.7125360768987477 0.027746071997977614 0.11438837823954212
0 0.4939639505208333 0.24091477314814802 0.04982254218749998 0.057688956296296376
0 0.43140259114583335 0.4406078694444445 0.051520989999999975 0.04585527796296308
0 0.4639572442708333 0.36664692870370386 0.03736686078124999 0.11981549685185171
0 0.34998682700289235 0.4668041343502443 0.02570113171411788 0.13546418120691855
0 0.45914476145833333 0.18692386388888874 0.03566841296875 0.1183364224074073
0 0.5038723270833333 0.470191162962963 0.04246238765624995 0.1020651598148144
0 0.5508635114583332 0.05426348152777765 0.028874438281249935 0.1085269630555553
