0 0.4908121028490029 0.3945775716267339 0.02977180569800565 0.03997474325346789
0 0.5014442861665084 0.19283312316099202 0.02789648622981959 0.07828919714165615
0 0.4550330630579298 0.4879149530790248 0.029249411965812062 0.0825974555485499
0 0.44570394239288313 0.9793574139103183 0.02441455530137982 0.04145392820636438
0 0.6169871794871794 0.24327448507776378 0.06073915796138019 0.03572929802437999
0 0.5253678477445394 0.008963854291719212 0.025554269689775137 0.019903312854140393
0 0.45692861665083884 0.39998423707440095 0.038580246913580175 0.03809373686422865
0 0.46859794843863467 0.9789627531340404 0.023070987654320987 0.04405135004821611
0 0.4158541577342049 0.9810392139826422 0.04798485809731294 0.03929572825458062
0 0.5414528331196582 0.14228136338797814 0.05273852496043043 0.05223845018915507
0 0.612715603690333 0.7644848197904953 0.03275839015911219 0.07190625554832214
0 0.6145733295425767 0.4372846020386717 0.05369601264640706 0.05176539029003782
0 0.4073125517568851 0.10270612340269021 0.059069103513770135 0.043116546805380386
0 0.7203624564735676 0.49167192097519963 0.030072807850585637 0.047551492223623405
0 0.41310541310541316 0.46540037831021436 0.03917378917378917 0.0354665825977301
0 0.57716 0.983607 0.03209880000000005 0.032786900000000146
0 0.5186570117125672 0.35400903741067674 0.0318534346312124 0.07277217318200924
0 0.4710550607154162 0.5125369899957966 0.028529321430832616 0.0762290885245902
0 0.48502295030072806 0.2973938629676335 0.056782209559987314 0.04255989911727615
0 0.5522910731244065 0.2864911727616645 0.03660177271288384 0.04334804539722575
0 0.4269231002874716 0.9034297487897262 0.030206676574408325 0.0456001024205482
0 0.5964310374802152 0.4136085332807902 0.05603079924026589 0.04327423343841951
0 0.5100861571541626 0.10198604911727618 0.06417358053181382 0.035834225178646505
0 0.6139916411522633 0.1857135826397646 0.04773688230452668 0.05995156527952922
0 0.6203660761008601 0.8188952271068829 0.05890683696795467 0.041205817313724295
0 0.46108341247230133 0.24603299705758722 0.05955207344096228 0.04544976881042451
0 0.6904320000000002 0.0258197 0.05 0.05
0 0.4660495052469135 0.9381778138379943 0.056463081009440745 0.03510772815814834
0 0.4763886317901234 0.349726775136612 0.04228343641975305 0.07103824972677597
0 0.2766826668059193 0.7265967360227963 0.03731513361183854 0.05975017204559253
0 0.5366136292730758 0.9133278096703555 0.04635200784418597 0.04468248801562401
0 0.525225376305793 0.42978166215846997 0.03810575261158589 0.06939842431693986
0 0.7014083879306502 0.8312126412972717 0.05994562552925968 0.042611114399005695
0 0.5510986317243839 0.6501154051014973 0.032535543967553565 0.06273302953186961
0 0.318827 0.934836 0.03148149999999999 0.04180330000000013
0 0.5514329010117217 0.7775048825235249 0.05147747025003342 0.05000887731549981
0 0.5378392833266479 0.9643723737941646 0.046574854035744524 0.06273302953186952
0 0.41326032713486655 0.9521259244392496 0.04923313811338419 0.0607293300881815
0 0.5528245446138075 0.7150675294919216 0.05114091077238486 0.04527384101615663
0 0.5079338408040519 0.05181275201765448 0.05369547128838248 0.047173150861706606
0 0.2395352703994679 0.7127283766628029 0.04717961508084962 0.06154440580670087
0 0.4872531978428489 0.8964609102207491 0.047020546418861706 0.045866130082263264
0 0.44802548274770493 0.15368852459016394 0.05876068376068379 0.04150903741067675
0 0.39994855967078186 0.17733291298865067 0.025918012029123114 0.07198402690205967
0 0.190432 0.977049 0.030246899999999965 0.04426230000000017
0 0.5924540993985439 0.10062000840689364 0.042537195314973054 0.06988230348886088
0 0.6657521719250115 0.1300850030358227 0.04526748971193425 0.061020036429872505
0 0.46412630579297254 0.4330548549810845 0.03170307059195941 0.03815678856662458
