0 0.7116772881316024 0.6788954449340883 0.03096562373679526 0.07335621013182352
0 0.35986043166921217 0.6788195514872402 0.031162889557082855 0.07996460576305552
0 0.46265400000000007 0.00655738 0.022839500000000016 0.013114800000000001
0 0.528395 0.172951 0.028395100000000045 0.040983600000000016
0 0.555864 0.513934 0.05987649999999997 0.02950819999999999
0 0.491358 0.193033 0.05061729999999996 0.035245900000000004
0 0.379012 0.384426 0.029629599999999933 0.07213110000000003
0 0.557407 0.0155738 0.05185190000000002 0.024590200000000003
0 0.571605 0.620902 0.020987700000000026 0.06967210000000008
0 0.53858 0.77418 0.03888889999999997 0.06311480000000007
0 0.647531 0.279918 0.04074069999999996 0.03688520000000002
0 0.489815 0.24959 0.025308599999999966 0.03852459999999998
0 0.569444 0.570902 0.025308599999999966 0.02868850000000006
0 0.364506 0.0122951 0.05493830000000007 0.0229508
0 0.561111 0.193443 0.027160499999999983 0.0770492
0 0.58179 0.869262 0.03888889999999997 0.05327870000000016
0 0.6870369999999999 0.37582 0.028395100000000045 0.06967209999999999
0 0.567593 0.8954919999999998 0.03271610000000001 0.058196699999999865
0 0.511728 0.44467200000000007 0.034567900000000006 0.06639339999999996
0 0.548457 0.861066 0.030246900000000035 0.07786880000000004
0 0.574691 0.0368852 0.05185190000000002 0.034426200000000004
0 0.475617 0.479918 0.03765430000000005 0.0647541
0 0.49691399999999997 0.690574 0.04814809999999998 0.054918000000000085
0 0.523765 0.49016400000000004 0.05740740000000002 0.03934430000000009
0 0.559259 0.44057399999999997 0.04938270000000004 0.04672130000000003
0 0.512654 0.85 0.04135800000000006 0.05737700000000003
0 0.564198 0.317623 0.028395100000000045 0.07295079999999995
0 0.597222 0.536475 0.06111110000000003 0.03032789999999992
0 0.520062 0.802459 0.03765430000000005 0.06885250000000008
0 0.6484569999999998 0.163525 0.029012299999999974 0.04508200000000001
0 0.37839500000000004 0.47868900000000003 0.059259300000000036 0.04426229999999999
0 0.43209900000000007 0.227869 0.04197530000000002 0.06885249999999998
0 0.389815 0.210246 0.035185199999999965 0.06311479999999997
0 0.606173 0.8467209999999998 0.030864199999999994 0.07049180000000001
0 0.534259 0.661475 0.04135800000000006 0.0606557000000001
0 0.387037 0.0618852 0.039506200000000075 0.0614754
0 0.292901 0.18483600000000003 0.04382719999999997 0.054918000000000015
