0 0.622531 0.27582 0.06358020000000005 0.02704919999999995
0 0.580247 0.42582000000000003 0.025925900000000064 0.07459019999999995
0 0.647222 0.993033 0.027777799999999943 0.013934400000000065
0 0.502778 0.47623 0.040123500000000034 0.04590159999999991
0 0.53642 0.45 0.06049379999999993 0.03114749999999992
0 0.558025 0.413115 0.029629599999999933 0.08360660000000003
0 0.383025 0.270492 0.025308599999999966 0.0393443
0 0.396296 0.23442599999999997 0.04814809999999998 0.03442619999999998
0 0.42376499999999995 0.435656 0.03641980000000002 0.05983609999999996
0 0.523457 0.311885 0.028395100000000045 0.03688520000000002
0 0.546605 0.49754100000000007 0.026543200000000024 0.04590159999999991
0 0.516358 0.42459 0.05740740000000002 0.03770490000000005
0 0.529938 0.570082 0.04382720000000004 0.040163900000000086
0 0.3571186777121093 0.251343037600279 0.027816755424218534 0.06498047520055808
0 0.501235 0.633197 0.03209880000000005 0.02868850000000006
0 0.5125099752758078 0.5301797024066969 0.025019450551615433 0.0636378048133937
0 0.4131271039795114 0.2773542913324032 0.038600007959022894 0.05306958266480645
0 0.365432 0.356967 0.019753099999999964 0.031967200000000036
0 0.4064809999999999 0.614344 0.04753090000000005 0.041803299999999946
0 0.440432 0.140164 0.035185199999999965 0.049180299999999975
0 0.513272 0.670082 0.05493830000000007 0.045081999999999914
0 0.538889 0.8487699999999999 0.04938270000000004 0.04344260000000006
0 0.5396307402219596 0.25790045768224623 0.031848819556080904 0.07108518463550746
0 0.543519 0.741393 0.03888889999999997 0.05819670000000005
0 0.437963 0.0995902 0.027777799999999943 0.027049199999999995
0 0.4672839999999999 0.412705 0.024691400000000033 0.0729508
0 0.573148 0.557787 0.04135800000000006 0.05163929999999992
0 0.618519 0.605738 0.04691359999999995 0.057376999999999935
0 0.525926 0.968033 0.025925900000000064 0.06229510000000014
0 0.588889 0.05 0.029629599999999933 0.040983599999999995
0 0.426235 0.887705 0.05123460000000006 0.04262289999999994
0 0.725 0.789754 0.045061699999999934 0.04672130000000003
0 0.5176845105988968 0.14725341079525636 0.030430821197793462 0.05516182159051273
0 0.584062125039401 0.3154166779822114 0.053309950078802244 0.0554240559644227
0 0.623457 0.904098 0.05679009999999999 0.032786900000000146
0 0.676543 0.529918 0.03333329999999994 0.06639339999999992
0 0.40802499999999997 0.176639 0.044444399999999974 0.03852459999999998
0 0.577778 0.236066 0.030864199999999994 0.07213110000000003
0 0.441667 0.461066 0.035185199999999965 0.06967210000000008
0 0.417284 0.640984 0.04567900000000003 0.04754099999999996
0 0.591667 0.489344 0.030246900000000035 0.06721310000000004
0 0.62037 0.8614749999999999 0.04320990000000001 0.06393440000000007
0 0.617901 0.025409799999999996 0.023456799999999976 0.0508197
0 0.675617 0.808607 0.05246909999999995 0.03688519999999993
0 0.547531 0.636475 0.05308640000000005 0.05163929999999992
0 0.379321 0.205328 0.05740740000000002 0.04344260000000001
0 0.6413579999999999 0.669672 0.03703700000000002 0.06885250000000008
0 0.483333 0.82377 0.05555560000000003 0.0393442999999999
0 0.57037 0.868443 0.03827160000000001 0.06475410000000009
0 0.379012 0.8405739999999999 0.023456799999999976 0.07786880000000004
0 0.640123 0.528279 0.03703700000000002 0.06311480000000007
0 0.289815 0.27582 0.054938299999999995 0.03688520000000002
0 0.6598770000000002 0.696721 0.04197529999999988 0.06065569999999991
0 0.457099 0.856967 0.05123460000000006 0.05819669999999996
0 0.597531 0.701639 0.04197530000000002 0.06885250000000008
0 0.383025 0.0213115 0.04135800000000006 0.0409836
0 0.502469 0.288115 0.04938270000000004 0.05163930000000002
0 0.593827 0.9811479999999999 0.03209880000000005 0.03442620000000007
0 0.47253100000000003 0.9196719999999999 0.05 0.04262289999999994
0 0.616049 0.152459 0.04938269999999997 0.040983600000000016
0 0.342901 0.47090200000000004 0.04135800000000006 0.05
0 0.6046299999999999 0.763934 0.05740739999999995 0.03442620000000007
0 0.512037 0.0840164 0.05246909999999995 0.040163899999999995
0 0.787346 0.194672 0.04753090000000005 0.041803300000000015
0 0.267901 0.481557 0.04197530000000002 0.07131149999999994
0 0.7518519999999999 0.8700820000000001 0.04814809999999998 0.06147540000000003
0 0.3724010614976347 0.9936915887850467 0.023099111572631826 0.010977478167611576
