0 0.556481 0.208607 0.03271610000000001 0.050000000000000024
0 0.575 0.47459000000000007 0.03271610000000001 0.04754099999999996
0 0.603703800308642 0.549846957468975 0.02716030061728388 0.08002111493795003
0 0.5463394814555209 0.8256089148804964 0.03695033708895804 0.07009327023900724
0 0.52037 0.602049 0.04074069999999996 0.05163929999999992
0 0.467901 0.359426 0.024691400000000033 0.06803279999999996
0 0.602469 0.814344 0.03209880000000005 0.035245900000000004
0 0.614815 0.44098400000000004 0.023456799999999976 0.040983600000000016
0 0.662346 0.768852 0.032098799999999914 0.06885250000000008
0 0.41358 0.716803 0.05185190000000002 0.03360660000000008
0 0.509568 0.46434400000000003 0.03888889999999997 0.06311480000000007
0 0.544753 0.258607 0.026543200000000024 0.0745902
0 0.384568 0.345492 0.04814809999999998 0.05163930000000002
0 0.629938 0.746311 0.05617280000000003 0.03360660000000008
0 0.505864 0.361066 0.04506170000000007 0.040163899999999995
0 0.544136 0.623361 0.05987649999999997 0.03688519999999993
0 0.466358 0.962295 0.054938299999999926 0.040983600000000016
0 0.654938 0.470082 0.020987700000000026 0.031967200000000036
0 0.572839 0.9893439999999999 0.06790119999999995 0.019672099999999894
0 0.6959880000000002 0.140984 0.029012299999999974 0.04754100000000001
0 0.473457 0.986066 0.05185190000000002 0.026229499999999833
0 0.504938 0.193852 0.044444399999999974 0.04672130000000001
0 0.478704 0.428689 0.03888889999999997 0.06557379999999997
0 0.375309 0.752049 0.028395100000000045 0.06803279999999996
0 0.56142 0.397951 0.05864199999999994 0.028688499999999967
0 0.48179000000000005 0.309836 0.05 0.05901639999999998
0 0.478086 0.580738 0.040123500000000034 0.06147540000000003
0 0.573765 0.822131 0.030246900000000035 0.07213110000000003
0 0.6870369999999999 0.9258199999999999 0.029629600000000075 0.04180330000000013
0 0.514198 0.661475 0.05061729999999996 0.0393442999999999
0 0.500926 0.141393 0.035185199999999965 0.06311479999999997
0 0.476543 0.153279 0.03703699999999995 0.07049180000000001
0 0.585185 0.164754 0.05555560000000003 0.0393443
0 0.509877 0.535246 0.06049379999999993 0.057376999999999935
0 0.422531 0.661885 0.026543200000000024 0.07295080000000005
0 0.674383 0.0168033 0.035185199999999965 0.0336066
0 0.642593 0.580738 0.05679009999999999 0.041803299999999946
0 0.564506 0.11352499999999999 0.04876539999999994 0.05491799999999999
0 0.348148 0.682787 0.04938270000000004 0.05081969999999993
0 0.628086 0.69918 0.03765430000000005 0.06393440000000007
0 0.514815 0.273361 0.034567900000000006 0.07786880000000004
0 0.575 0.594262 0.05617279999999996 0.04754099999999996
0 0.7287039999999999 0.660246 0.020370399999999924 0.07622950000000002
0 0.228086 0.42172100000000007 0.054938299999999995 0.03852459999999998
0 0.665123 0.128689 0.04629630000000013 0.04590160000000001
0 0.835185 0.770902 0.028395100000000045 0.07459019999999991
0 0.2874843324477905 0.3968514750038302 0.03614323510441906 0.07514924999233949
0 0.249074 0.024590199999999996 0.029012299999999974 0.0442623
0 0.661111 0.831557 0.055555599999999886 0.048360700000000076
0 0.446296 0.103279 0.03827160000000001 0.06885250000000001
0 0.523457 0.9352459999999999 0.05432099999999997 0.03934430000000009
0 0.30463 0.878689 0.04012349999999996 0.06721309999999985
0 0.384259 0.8909839999999999 0.03641980000000002 0.07868849999999987
0 0.501235 0.027868899999999995 0.04814809999999998 0.0508197
0 0.293827 0.04754100000000001 0.04691360000000002 0.0622951
0 0.803395 0.360656 0.05246909999999995 0.05245900000000004
0 0.3914272527979693 0.48605791328328485 0.028268143532941003 0.025279607783055012
