0 0.382099 0.310656 0.030864199999999994 0.07049180000000001
0 0.4903000300417469 0.08501373279162325 0.05343976008349395 0.03560126558324647
0 0.403395 0.30123 0.030246900000000035 0.07131150000000003
0 0.662654 0.990984 0.04753090000000005 0.018032799999999967
0 0.3054695529437804 0.2525585995444452 0.031036494112439143 0.03094830091110968
0 0.5415867302026461 0.12428655497681404 0.04957947845654421 0.05447698474952645
0 0.5933933100302494 0.11243057143067076 0.049748720060498665 0.0494514428613415
0 0.34321 0.988115 0.024691400000000033 0.023770500000000166
0 0.5609437815835424 0.18972317819214943 0.03299906316708459 0.06337253199660375
0 0.49629600000000007 0.144672 0.03580250000000006 0.03688520000000002
0 0.472222 0.198361 0.024691400000000033 0.0754098
0 0.41432181155501446 0.6380590314887988 0.02691227688997109 0.07306143702240217
0 0.536728 0.18770499999999998 0.031481499999999954 0.07049179999999998
0 0.601667404456249 0.7430932009666252 0.03713540898135851 0.06172033178760367
0 0.6220353513304805 0.26434918819312914 0.053947102660961095 0.04539867801907127
0 0.3725837391176036 0.7465221082881588 0.0373813388421622 0.06074064398145118
0 0.4748905612119423 0.5688720527725164 0.03639761939894745 0.07837502449219513
0 0.3148356768776745 0.29630511423976225 0.034339270414637774 0.07423060490823585
0 0.48075470596502873 0.12270317561722219 0.049601488069942544 0.04293753796294025
0 0.5360961256898332 0.49814176863039644 0.05515023054448869 0.04675741368950423
0 0.6119277235576213 0.2109349983198354 0.058422847115242704 0.036623896639670805
0 0.408333 0.888115 0.03271610000000001 0.045081999999999914
0 0.554325906251537 0.6874142773169616 0.035905759677340006 0.06661877081836583
0 0.5546087635544242 0.638756322152374 0.038930772891151585 0.03396225569525181
0 0.5857691843453348 0.4495264879155509 0.03646910757709901 0.07083795225981315
0 0.38742315741232597 0.6651167685046698 0.049845085175348004 0.05337376299066036
0 0.6154011596933254 0.4158822278884462 0.02722158061334916 0.07479234422310757
0 0.544932425711967 0.5800635847021748 0.03482574857606621 0.07593933059565018
0 0.508951 0.238934 0.022839500000000016 0.07295079999999998
0 0.510802 0.161475 0.04506170000000007 0.05901639999999998
0 0.379012 0.9106560000000001 0.029629599999999933 0.07868849999999987
0 0.5378954819426 0.07685650880249494 0.04269804305002213 0.042224543625498
0 0.586728 0.538115 0.035185199999999965 0.06967210000000008
0 0.5955844531147017 0.24799336010547976 0.050054352100241 0.04794283019724389
0 0.464815 0.0508197 0.05308640000000005 0.0491803
0 0.49813093305789186 0.6761478675462086 0.03615168953814376 0.05127032852197766
0 0.596605 0.0266393 0.030246900000000035 0.051639300000000006
0 0.502778 0.470082 0.05740740000000002 0.04344260000000006
0 0.36821 0.24918000000000004 0.05370370000000001 0.05081970000000002
0 0.6780631575590522 0.1303584887330617 0.02664654633197721 0.06551182253387663
0 0.6266551499385175 0.7103389518989616 0.054544699877035016 0.04362880379792303
0 0.502468925617284 0.025000025000000002 0.03580204876543211 0.050000050000000004
0 0.6051601771036171 0.08447494962819055 0.05425099004538462 0.050500169321765334
0 0.4510438719504697 0.6592449536575011 0.03247975609906062 0.07167389268499771
0 0.46366656742658996 0.8068252887107309 0.025754265146820162 0.07815322257853846
0 0.584259 0.80082 0.03888889999999997 0.057376999999999935
0 0.4148260230165757 0.5326041470739991 0.038249753966848744 0.06266110585200194
0 0.704321 0.188934 0.05308640000000005 0.03688519999999998
0 0.4418191768223403 0.1612842588286199 0.048460546355319545 0.0495621823427601
0 0.573765 0.919262 0.027777799999999943 0.07622949999999984
0 0.596296 0.853279 0.04938270000000004 0.05245900000000004
0 0.7156558949387635 0.7331330416040756 0.05803944714967294 0.03918751224609757
0 0.3770104766120702 0.8095486904839657 0.04820225271752494 0.06074064398145137
0 0.5491050683930943 0.2582620211269675 0.04388813678618852 0.07390114225393506
0 0.415432 0.0377049 0.04938270000000004 0.04590160000000001
0 0.476235 0.961475 0.029012299999999974 0.06229510000000014
0 0.519444 0.821311 0.04135800000000006 0.05081969999999993
0 0.660185 0.8745900000000001 0.05617280000000003 0.0459016000000001
0 0.353395 0.0209016 0.04876539999999994 0.0401639
