0 0.402744742703968 0.7133904847846794 0.033412617510476805 0.03860229608462424
0 0.3455094853095991 0.010839995247172449 0.05123460000000006 0.0213115
0 0.5164743420309654 0.856698616924214 0.027484203187613875 0.04234106615157232
0 0.3477610896203798 0.9904244752569309 0.04274912075924045 0.019150449486138223
0 0.6136046291815505 0.1964001289669576 0.028413289249110706 0.041181188247302235
0 0.39104088798278397 0.7437208602797414 0.03379016121116021 0.07018599288113508
0 0.2973011830103359 0.0147064319386199 0.05234949540147381 0.030950587641377557
0 0.38726192350942673 0.01565956406786123 0.04612884701885344 0.029679728135722453
0 0.6177800498077313 0.6550323198871271 0.031389910503946516 0.07235943977425413
0 0.5433059041388382 0.8475545909365763 0.028142290082979148 0.07807007101585574
0 0.5237728197476333 0.1642355259558014 0.027793539495266688 0.041684772684353825
0 0.6425167278890912 0.6548308505106154 0.04222823213924304 0.0587876405536145
0 0.6265938069216758 0.581832840634238 0.04776361060514071 0.05106154259607635
0 0.49668005223901757 0.13505044967126226 0.059799924745888515 0.035495095021143515
0 0.538554948391014 0.748857833915614 0.05181137421574579 0.04595538833646871
0 0.295262831725524 0.05171561373427373 0.032500463451047935 0.050972127468547464
0 0.5124063679973689 0.798306666171728 0.05294469308844362 0.04380494750067186
0 0.5131552317344666 0.9064767535608705 0.04958510422991297 0.05751142166084395
0 0.30994468494916483 0.6499277546769529 0.02371992567175017 0.07068450993249753
0 0.44278672076080794 0.1517696808202514 0.023120882955983062 0.06545791577361988
0 0.4393371414778948 0.6933312593222039 0.04392516074489368 0.06616319543791058
0 0.58237687140255 0.7338751863544747 0.046356657194899856 0.05683932729105084
0 0.4441271504471492 0.04673581380698605 0.05851997292675481 0.05118465547703182
0 0.4842634963813637 0.07745469069396976 0.033959592762727406 0.07622078138793953
0 0.5748593116084283 0.043011064125586515 0.05125856127033983 0.02983258993222499
0 0.6607091587711744 0.22159740754860843 0.028950138769260232 0.07338924895158215
0 0.5246454808969158 0.22452765513815676 0.029538161793831574 0.07692511027631352
0 0.6032126975511031 0.7808921394181672 0.048786100546447955 0.046923057901101885
0 0.6616069621534103 0.7919914001612469 0.029953450718478002 0.048374092985756546
0 0.6410844068533788 0.029778982125065172 0.054580801666448665 0.04217975652262063
0 0.4530497147978254 0.7444400281821828 0.02832122959565069 0.07576625636436561
0 0.5992055902803076 0.8502957047030368 0.05518120964379677 0.03711350862671321
0 0.6286262705579548 0.1335225627063662 0.060637787375125395 0.038811330591438334
0 0.49342238413276657 0.9213920988981457 0.04938271604938271 0.0497178177909164
0 0.5030358227079538 0.6350443429185703 0.03015583889900825 0.08062348830959425
0 0.5789313904068002 0.5740392367643107 0.05039465695203404 0.0515990325181403
0 0.662549453205296 0.06808781746654695 0.048194292559874494 0.053246829296761854
0 0.39724962130101554 0.8142401108073895 0.03647444260203116 0.057988921614779323
0 0.518289415904332 0.060494996250651675 0.0396328333311521 0.07017029250130336
0 0.092748079733806 0.7937605814097535 0.02565537830021457 0.03902217450551267
0 0.399925838677311 0.1551005039680241 0.059983422763163693 0.03562532584139489
0 0.5893583973426111 0.9660282907393899 0.03723139394056211 0.041606412340086
0 0.4461676045892771 0.29209870821989226 0.042097456702874805 0.06111336384174249
0 0.3849058028466795 0.9000100265704114 0.03322384566013521 0.07645259938837913
0 0.2932725391812386 0.1983900053858117 0.06209297768298632 0.03777632542405701
0 0.5920047031158142 0.4359875097580016 0.03468547912992355 0.07494145199063233
0 0.231481 0.445902 0.03209879999999998 0.06885250000000004
0 0.2569184883150225 0.9087832756805535 0.05172348699361952 0.06442071489447035
0 0.24511915015790983 0.10484178421654593 0.05718250550291892 0.054009403990341855
