0 0.6033806349461214 0.2333365534682081 0.026379385213730188 0.05924369397327778
0 0.6257512290159137 0.39336463834217755 0.031591811574966086 0.07179436588173982
0 0.517284 0.213525 0.028395100000000045 0.040163899999999995
0 0.532407 0.963934 0.040123500000000034 0.06557379999999993
0 0.609568 0.0397541 0.04135800000000006 0.03524589999999999
0 0.514506 0.982377 0.027777799999999943 0.035245899999999816
0 0.575926 0.259836 0.05308640000000005 0.0393443
0 0.269753 0.582377 0.03827160000000001 0.04672130000000003
0 0.5588580641868265 0.40775844173694686 0.028362512888032602 0.07806787915284755
0 0.5895005873331907 0.9810338013740169 0.05433122533361874 0.0346535972519662
0 0.577778 0.0209016 0.04938270000000004 0.0418033
0 0.534877 0.24877 0.026543200000000024 0.07950819999999999
0 0.52963 0.42950800000000006 0.03209880000000005 0.06557379999999997
0 0.551852 0.8938520000000001 0.05432099999999997 0.03360659999999989
0 0.528395 0.358607 0.05679010000000006 0.03688520000000002
0 0.631481 0.8627049999999999 0.055555599999999955 0.031967200000000036
0 0.491358 0.370902 0.027160499999999983 0.06967209999999999
0 0.642593 0.902459 0.05308640000000005 0.04754099999999996
0 0.502778 0.305738 0.033950600000000046 0.07704919999999996
0 0.512037 0.411885 0.033950600000000046 0.06967209999999999
0 0.488272 0.937295 0.024691400000000033 0.07295080000000005
0 0.521605 0.707377 0.04320989999999994 0.055737700000000015
0 0.29537 0.411475 0.025308599999999966 0.08032790000000001
0 0.651543 0.8434429999999999 0.05123459999999999 0.049180299999999975
0 0.604321 0.9323769999999999 0.030864199999999994 0.07459019999999991
0 0.54784 0.798361 0.05246909999999995 0.055737700000000015
0 0.505864 0.888934 0.029012299999999974 0.07131150000000012
0 0.460802 0.320492 0.03765430000000005 0.06721310000000004
0 0.518827 0.834836 0.04135800000000006 0.06147540000000003
0 0.5434596603564547 0.6559793276130012 0.04845497458431459 0.049739440102340535
0 0.38395100000000004 0.0565574 0.05802469999999998 0.02950819999999999
0 0.506481 0.763934 0.05 0.04426229999999999
0 0.283333 0.17623 0.034567900000000006 0.02622950000000002
0 0.46265400000000007 0.705738 0.029012299999999974 0.07377049999999997
0 0.54537 0.045082 0.030246900000000035 0.07049179999999998
0 0.58179 0.0913934 0.05246909999999995 0.041803300000000015
0 0.445062 0.779918 0.028395100000000045 0.06639339999999992
0 0.577778 0.537295 0.04938270000000004 0.03688519999999993
0 0.412963 0.469672 0.04567900000000003 0.04590159999999991
0 0.696605 0.661475 0.040123500000000034 0.06557379999999993
0 0.4373422982427032 0.9460792483653938 0.04260010351459356 0.047185503269212566
0 0.28612532801684154 0.26744072430114657 0.05216952522657535 0.03652004860229321
0 0.6212960000000001 0.658197 0.05246910000000002 0.057376999999999935
0 0.3488333275244416 0.9537072999076093 0.03593785504888316 0.06927449333364923
