0 0.354475834375 0.951754878148148 0.029850821979166515 0.09649024370370399
0 0.5266513625000001 0.5566034962962964 0.04371014760416667 0.06528694500000025
0 0.6218007010416667 0.6080587462962964 0.042110954791666565 0.06418034999999994
0 0.7044235041666667 0.26723909629629633 0.021855030624999945 0.10622947499999998
0 0.7372061364583333 0.24953384629629635 0.028784693437500054 0.07967213999999997
0 0.7084217020833333 0.6711320962962962 0.038379591250000074 0.08188519499999992
0 0.5298499208333333 0.9738860018981482 0.026652522708333373 0.052227996203703664
0 0.6044763281250002 0.20803754629629628 0.04371014760416673 0.06971305500000002
0 0.559102607421062 0.662780545152149 0.041706564741209345 0.07624628771170508
0 0.5136662272303212 0.016877623148148127 0.02200439123147581 0.033755246296296254
0 0.698826890625 0.3541034962962963 0.03624742052083339 0.08520498
0 0.551171628125 0.7253534962962963 0.04371014760416667 0.05090161500000005
0 0.494934340625 0.9333857962962965 0.052771981145833396 0.05754091499999992
0 0.6721736770833334 0.6987962962962964 0.020255924166666616 0.09737698500000007
0 0.6253436146398357 0.3674634890219672 0.026808773446338325 0.0717642695486583
0 0.49813289895833335 0.11564084629629634 0.023987287708333346 0.09959017499999995
0 0.3528765552083334 0.7436122462962964 0.04904061760416655 0.043155720000000085
0 0.48027572083333325 0.5206408462962961 0.020255924166666675 0.044262314999999865
0 0.49786692812500005 0.6545338462962962 0.025586394166666616 0.09737698499999997
0 0.6561826125 0.03956204439814815 0.024520351979166577 0.0791240887962963
0 0.7193489583333333 0.7436122462962964 0.026119458437500024 0.043155720000000085
0 0.4546898447916667 0.5660089462962964 0.027718651250000014 0.09959017499999995
0 0.5479730697916667 0.5023820962962962 0.04157789052083327 0.04758196500000001
0 0.481875 0.29379629629629633 0.03624742052083339 0.08409838500000001
0 0.6051794276612998 0.2641022629593953 0.04404961365593299 0.07930515667380181
0 0.5586343552083333 0.4376482462962963 0.047974575416666575 0.05975410500000001
0 0.6199354510416667 0.9118087462962964 0.05223891687499981 0.04536891000000007
0 0.3592736718749999 0.3275462962962963 0.030916950520833333 0.08963109000000011
0 0.5215875541666667 0.6705785962962962 0.021855030624999945 0.10512287999999993
