0 0.383333 0.72582 0.020987700000000026 0.06147540000000003
0 0.523457 0.388115 0.059259300000000036 0.03688520000000002
0 0.675309 0.11352499999999999 0.020987700000000026 0.04836069999999999
0 0.4632427397101904 0.32278261149624893 0.051825508715212354 0.044009235218116095
0 0.6518520000000001 0.12582 0.020987700000000026 0.07131149999999999
0 0.49575629753086414 0.15420097418032788 0.056944195061728396 0.04610624836065572
0 0.539198 0.263115 0.035185199999999965 0.07213110000000003
0 0.595988 0.118852 0.033950600000000046 0.0606557
0 0.4952158268518519 0.3520493209016393 0.0330242462962963 0.0565576581967213
0 0.471296 0.0938525 0.026543200000000024 0.08114749999999998
0 0.6413579999999999 0.558197 0.028395100000000045 0.036065599999999934
0 0.57037 0.106148 0.04074069999999996 0.0647541
0 0.487654 0.05409839999999999 0.03333329999999994 0.055737700000000015
0 0.425617 0.0885246 0.06234569999999995 0.024590200000000003
0 0.550926 0.092623 0.03641980000000002 0.05901639999999998
0 0.446296 0.9766390000000001 0.025925900000000064 0.045081999999999914
0 0.413889 0.284836 0.04753090000000005 0.05
0 0.565741 0.9856559999999999 0.05123460000000006 0.028688499999999877
0 0.475 0.413934 0.05 0.04262290000000003
0 0.39320999999999995 0.239344 0.04938270000000004 0.02950819999999999
0 0.570679 0.260246 0.035185199999999965 0.07786880000000004
0 0.376543 0.433607 0.04320989999999994 0.06229509999999996
0 0.524074 0.878689 0.04938270000000004 0.040983600000000016
0 0.48456800000000005 0.655328 0.025925900000000064 0.05
0 0.524074 0.647541 0.03580250000000006 0.07049180000000001
0 0.648148 0.358197 0.05308640000000005 0.040983600000000016
0 0.469136 0.853279 0.029629599999999933 0.0754098000000001
0 0.563889 0.829918 0.04753090000000005 0.031967200000000036
0 0.424691 0.912705 0.024691400000000033 0.08934430000000008
0 0.6663580000000001 0.765574 0.027777799999999943 0.06229509999999996
0 0.447222 0.0471311 0.04753090000000005 0.05163929999999999
0 0.419444 0.62377 0.05493830000000007 0.04262289999999994
0 0.281173 0.10123 0.03765429999999998 0.07295079999999998
0 0.27284 0.0258197 0.03333330000000002 0.0418033
0 0.537963 0.9131149999999999 0.04629629999999999 0.05901639999999998
0 0.463889 0.521721 0.05246909999999995 0.04344260000000006
0 0.494444 0.809426 0.030864199999999994 0.07131150000000003
0 0.611728 0.920902 0.05432099999999997 0.04344260000000006
0 0.245679 0.4176230000000001 0.04320990000000001 0.05327870000000002
0 0.584568 0.736066 0.04691359999999995 0.05245900000000004
