0 0.43627112171042354 0.41490959542436184 0.05132017747304267 0.0423114091512762
0 0.6159439119901547 0.2901847114390952 0.04342087601969075 0.0491388771218095
0 0.548457 0.372951 0.05740740000000002 0.03770489999999995
0 0.542593 0.781967 0.023456799999999976 0.04262289999999994
0 0.5108766488670105 0.4462802609151276 0.047382302265979025 0.050062078169744714
0 0.509877 0.8524590000000001 0.025925900000000064 0.03934430000000009
0 0.498445069542116 0.5682454866154804 0.062369120175027375 0.03564017431002285
0 0.676235 0.990574 0.048765400000000084 0.01721309999999985
0 0.27963 0.22663899999999998 0.024691400000000033 0.03688520000000002
0 0.449383 0.611885 0.05555560000000003 0.03360660000000008
0 0.452469 0.45614799999999994 0.04074069999999996 0.054918000000000085
0 0.529321 0.661066 0.05123460000000006 0.04672130000000003
0 0.41791666756524454 0.6496267301618592 0.058056335130489155 0.04023606032371854
0 0.30956799999999995 0.217623 0.03271609999999998 0.0745902
0 0.567901 0.811885 0.028395100000000045 0.06967210000000008
0 0.465123 0.819672 0.030246900000000035 0.04426230000000008
0 0.566667 0.0704918 0.04197530000000002 0.0606557
0 0.561728 0.529098 0.028395100000000045 0.06803279999999996
0 0.5217689523363025 0.2970377040568582 0.052758095327394894 0.033793191886283484
0 0.501235 0.742623 0.04567900000000003 0.06229509999999996
0 0.370679 0.338115 0.04382720000000004 0.03852459999999998
0 0.219753 0.952049 0.05061729999999996 0.035245899999999816
0 0.498148 0.895902 0.03580250000000006 0.07704919999999996
0 0.609877 0.144262 0.029629599999999933 0.07377049999999997
0 0.485185 0.0303279 0.04320989999999994 0.05573769999999999
0 0.32037000000000004 0.0172131 0.044444399999999974 0.0295082
0 0.476543 0.131967 0.03827160000000001 0.07049180000000001
0 0.8385800000000001 0.956148 0.05 0.058196699999999865
