0 0.5351764138324233 0.9938684739248174 0.043227419248733634 0.011206068194391837
0 0.49717651018346726 0.27654970781425836 0.019183707455507574 0.04059260663493418
0 0.5770178177145606 0.33898980532482736 0.054605964570878886 0.03349528935034512
0 0.5272910352920861 0.9426504030981568 0.024952170584172068 0.03940000619631377
0 0.5433496648663506 0.5175421133268956 0.02761845125174648 0.0361162356473737
0 0.3560611630948891 0.02167588567952766 0.027845965396266978 0.04464940533976382
0 0.5448914501826658 0.5604316439208917 0.05064633530199959 0.0367144973706622
0 0.54321 0.484836 0.05802469999999998 0.035245900000000004
0 0.5834736882491283 0.8400197404143495 0.053367076498256685 0.0341380808286987
0 0.7240437158469946 0.31689509988354386 0.028334345274236002 0.07883185523604765
0 0.5390873625884698 0.448772693386356 0.05387274849401041 0.038638485711244244
0 0.469783237944872 0.9837499636024808 0.05672982040655222 0.03086072853274323
0 0.521914 0.340984 0.05246909999999995 0.032786899999999966
0 0.37311228951024467 0.0518156267031446 0.04337768815433722 0.0659262534062892
0 0.3196564238230905 0.23160241397946316 0.0410222493555827 0.05494505494505495
0 0.5767996406886323 0.5200848639960157 0.043862868465837535 0.05444993805620621
0 0.6144253872705743 0.9711295878141106 0.03287682545885132 0.057741224371778706
0 0.45958212258927145 0.47334063955868483 0.026335733302411873 0.07652099443717866
0 0.5800566618910191 0.4200752325458499 0.058650275933942626 0.03335542012378731
0 0.5889965413774938 0.29920313878159316 0.035044320758606494 0.04364487971045349
0 0.4198210264772109 0.716504278791628 0.04571395294665736 0.053227136818228694
0 0.5151858723287295 0.2502357127649868 0.04592409354314121 0.04972778977462817
0 0.48255969891774897 0.2925041037455519 0.031009693531688858 0.08076629903281732
0 0.6100602866182049 0.8196218275711207 0.040373626763590034 0.06104722501091912
0 0.6883727990285367 0.18845740392367644 0.03592390204412059 0.07457672668637462
0 0.5762247919110665 0.6165158371040724 0.04413161275906378 0.05136859283435948
0 0.45769486245676727 0.31349797743240365 0.024622643670262703 0.07162626600565711
0 0.585185 0.9635249999999999 0.027160499999999983 0.07131150000000012
0 0.5839273101177863 0.23622405823810977 0.02834157596062352 0.0734092162663591
0 0.6108133489085871 0.4765199671522856 0.051879337593623315 0.04303658870403608
0 0.537037 0.865574 0.029629599999999933 0.0754098000000001
0 0.48778475480427863 0.5168329574652514 0.0515904903914427 0.051580085069497274
0 0.529938 0.391803 0.05617279999999996 0.049180299999999975
0 0.625617 0.785246 0.035185200000000035 0.06393440000000007
0 0.5422188865206237 0.9609168653350026 0.04246177304124736 0.059938391742130975
0 0.46822424758927145 0.23890801964551842 0.04201664836574368 0.04623357023784172
0 0.6492444174593537 0.19316044074173608 0.026816433920259054 0.07636835975992118
0 0.2876455496348924 0.9299566141571791 0.025985132557068615 0.08051131234895041
0 0.482407 0.8405739999999999 0.033950600000000046 0.07131150000000003
0 0.7481971601683195 0.2806259676050345 0.030766579663361004 0.06989656478993103
0 0.522531 0.909016 0.05617279999999996 0.04262289999999994
0 0.6235706062896081 0.9431213734713042 0.031870287420783724 0.07277275305739164
0 0.5830756748459531 0.8943598404332761 0.03179615376181389 0.06580671461433182
0 0.38201570083716085 0.41794627795319866 0.04837291116974494 0.038280202430900974
0 0.4859132636910414 0.6994652281537527 0.05768351447363791 0.03701368455466816
0 0.5215952466392955 0.1857612926115454 0.05278759811379098 0.04334958726086558
0 0.3323301584473436 0.04248563592283403 0.044444674691358 0.0646416728145681
0 0.5403135161954008 0.2362239351698653 0.046517428086992385 0.06710625235256552
0 0.27931276451110676 0.8322656727717439 0.040896432252264116 0.04615205427598062
0 0.5843947265515892 0.7229619464431422 0.06326462208815149 0.03319486684964025
0 0.49873962100597813 0.5523736736853311 0.05866038555624265 0.056480183880288394
0 0.49555804075170495 0.9274240612504732 0.04468711849659011 0.05826657749905362
0 0.692901 0.937705 0.033950600000000046 0.07213109999999993
0 0.30705919594808484 0.11835329970575871 0.05737575182019623 0.03546658259773014
