0 0.592284 0.402869 0.024074099999999935 0.07950819999999999
0 0.5547277476350555 0.26870629963193066 0.059679604729889126 0.03307930073613871
0 0.494444 0.372541 0.027160499999999983 0.08442619999999998
0 0.6445469120960131 0.2609374647906443 0.02804072011873881 0.06808017118095432
0 0.483951 0.00860656 0.05061729999999996 0.0155738
0 0.532716 0.359836 0.025925900000000064 0.09180330000000005
0 0.56142 0.339344 0.025308599999999966 0.0754098
0 0.5737654027777778 0.43528004366711914 0.03641969444444445 0.06550631266576173
0 0.5728337236789336 0.24004118399289967 0.060505852642132596 0.036310832014200725
0 0.602778 0.103689 0.05 0.048360700000000006
0 0.584259 0.360656 0.027777799999999943 0.07049180000000001
0 0.349691 0.102459 0.03765430000000005 0.06885249999999998
0 0.5837522033636078 0.49986180794351043 0.05841365570889357 0.03504718916675361
0 0.450617 0.258607 0.05555560000000003 0.03688520000000002
0 0.676235 0.252049 0.029012299999999974 0.07131150000000003
0 0.56358 0.9168029999999999 0.04320989999999994 0.03852459999999998
0 0.508221117492333 0.3343766880703769 0.028001565015333893 0.06731242385924613
0 0.570679 0.027049199999999995 0.033950600000000046 0.04590160000000001
0 0.628704 0.129918 0.029012300000000046 0.03852460000000002
0 0.47343919295038134 0.3288218068706275 0.037072614099237296 0.07186518625874484
0 0.41835938470158057 0.4250703924271692 0.05587423059683886 0.04821951514566146
0 0.606481 0.269672 0.04135800000000006 0.05245900000000004
0 0.514815 0.171311 0.05185190000000002 0.04754100000000001
0 0.531482 0.11926199999999999 0.05802469999999998 0.0336066
0 0.624383 0.360656 0.020370400000000066 0.06557380000000002
0 0.37215355024005486 0.1365208279143898 0.04197547839506179 0.0701277430783242
0 0.341667 0.678689 0.04382720000000004 0.05409840000000009
0 0.481173 0.802049 0.03765430000000005 0.035245900000000004
0 0.588889 0.873361 0.05308640000000005 0.0401638999999999
0 0.494753 0.9745900000000001 0.029012299999999974 0.049180299999999885
0 0.551543 0.553689 0.03271610000000001 0.06967210000000008
0 0.581173 0.0635246 0.04259259999999998 0.0631148
0 0.507716 0.228689 0.06111110000000003 0.04754099999999998
0 0.5214986715911771 0.6629135435000522 0.0286071568176456 0.07909011299989567
0 0.49537 0.75041 0.040123500000000034 0.07131149999999994
0 0.48487699999999995 0.577049 0.04876539999999994 0.04426229999999999
0 0.310494 0.0729508 0.02839510000000001 0.0737705
0 0.42932100000000006 0.628689 0.054938299999999926 0.036065599999999934
0 0.563889 0.82623 0.04629629999999999 0.04754099999999996
0 0.529938 0.9118849999999998 0.035185199999999965 0.06967209999999989
0 0.59321 0.592213 0.04197530000000002 0.07295080000000005
0 0.16856143494786285 0.1754113131408791 0.051938169895725736 0.05738062628175818
0 0.750617 0.794672 0.03580250000000006 0.06803279999999996
