0 0.7432949244791668 0.2996026518518518 0.012422827083333251 0.0759745022222222
0 0.6757705187212337 0.5010177757786788 0.011337962817949195 0.06946407436856832
0 0.647794671875 0.32623207407407406 0.01708138723958328 0.05717671777777777
0 0.698650546875 0.5553312962962963 0.0245868802083334 0.02976316666666658
0 0.6277721352417706 0.5564456827133487 0.023480563110208883 0.04163113161033975
0 0.6948976536458333 0.6297384962962963 0.021222357552083317 0.04386152888888883
0 0.5682107786458334 0.9085734296296296 0.02406924843749998 0.04386152888888883
0 0.7141790807291666 0.34189745185185183 0.01837546666666666 0.052477199999999974
0 0.7091323177083333 0.9211045851851853 0.01708138723958328 0.037595664444444524
0 0.7293193697916666 0.14021216296296296 0.022775210937499915 0.039162106666666655
0 0.7338483333333333 0.16958402962962965 0.015787349739583217 0.032112973333333336
0 0.6966113618673372 0.17871587357786206 0.024006648140325618 0.04047870765909062
0 0.6507699845850156 0.09277146195470243 0.022330135220724637 0.044195792085088136
0 0.6804042994791667 0.06737102296296296 0.028468992708333356 0.02663028222222223
0 0.68868615625 0.050531267407407404 0.02018709401041659 0.018014611111111117
0 0.6628309129572701 0.7696425656160785 0.019486646602562867 0.060788347279245473
0 0.6701816380208333 0.29803554074074073 0.01682261328125006 0.05874316
0 0.7117434219286878 0.7685398883315543 0.013646029461803504 0.06698474520448307
0 0.7011091510416667 0.9704494740740739 0.012422827083333251 0.051694026666666455
0 0.6840276380208332 0.5204764518518518 0.009317120312499937 0.08380690444444447
0 0.6001734713541665 0.2063968074074074 0.018634240624999996 0.049344220000000036
0 0.6562750470248108 0.17236040764333144 0.023366969067990104 0.050057569655656504
0 0.6188079635416666 0.2565242962962963 0.022775210937500033 0.03994537555555561
0 0.695415453125 0.9034822296296295 0.011905237239583262 0.038378837777777675
0 0.7209079583333332 0.5114693851851851 0.02251639505208338 0.04856104666666662
0 0.7524118224321609 0.3249505936545504 0.012164011197916717 0.07284152222222226
0 0.6344656328125 0.9853312962962962 0.024586880208333283 0.020364322222222543
0 0.738042301978241 0.5909261788650084 0.012576275210184562 0.03376453930702031
0 0.6180314739583334 0.13120519185185187 0.023292842708333338 0.036812395555555565
0 0.6784634947916667 0.9230634740740742 0.02199876328124996 0.041511817777777925
0 0.7053794244791667 0.2823711185185185 0.02199876328124996 0.03211297333333326
0 0.6320995151067265 0.3123811103735415 0.011054485421786116 0.07333545926560171
0 0.6770400703125001 0.2537828074074074 0.023292842708333338 0.045428066666666635
0 0.644559578125 0.15313605185185186 0.02148117343749997 0.03367941555555555
0 0.6585351328125 0.12141466518518522 0.020963541666666665 0.04229508666666667
0 0.6453356484375 0.2600483851851852 0.022516395052083263 0.04856104666666668
0 0.6669465442708334 0.04974802718518519 0.022775210937500033 0.01644807333333333
0 0.7075793385416667 0.5228261629629628 0.009317120312500057 0.03524585777777763
0 0.7911748151041667 0.08225255851851852 0.017599019010416703 0.05639344888888889
0 0.7282841901041667 0.9743653407407405 0.017599019010416703 0.03132970444444443
0 0.7642584661458333 0.4327535851851853 0.016046165624999987 0.0618761400000001
0 0.7380736104087212 0.07262919360477842 0.021649199984109184 0.04497902572807535
0 0.7147131475976884 0.9510555475009764 0.021965809231706265 0.05758621092397294
0 0.5970679322916667 0.5639465851851853 0.021739989322916622 0.03132970444444443
0 0.7772888774241766 0.8044020984001214 0.02135595265603705 0.040159562824475165
0 0.6425392206831335 0.3653348935148059 0.014572370539056578 0.034277869199238954
