0 0.5475339038938272 0.667803300131464 0.05525538554629158 0.048276571034309615
0 0.6532864401691816 0.2076656761080753 0.027994919661637002 0.040407247783849416
0 0.6224828548829006 0.11385555162709003 0.04989504245929197 0.05059617848428733
0 0.4798509201024924 0.5619135993401381 0.03649351657737402 0.07320342303330236
0 0.5195492251979967 0.6284875340009279 0.05843224960400652 0.041385831998144246
0 0.4795646995938921 0.9664148547454701 0.0515918483755685 0.04042309465056074
0 0.6382877214749838 0.8661992560612597 0.03680936107862251 0.03697141980155329
0 0.524886284243015 0.8514019002588438 0.028849913645224122 0.04180361967213103
0 0.4770764194737446 0.6841148108538024 0.025230183446285817 0.06528134115290844
0 0.5925113710201428 0.84286022433132 0.023879142300194892 0.04163071613459869
0 0.65389032443296 0.26251293502532536 0.04204093351380172 0.0637220194978487
0 0.4980018326510721 0.8506901571829162 0.029337465302144195 0.05056101436583246
0 0.34680513847180516 0.8225797518830306 0.05547213880547216 0.03627603012848907
0 0.5172060210819901 0.06889602962801589 0.04101554489151389 0.06971297859593704
0 0.48078300805717994 0.9317514828731664 0.05857693385315138 0.041156223209663466
0 0.49813379270743613 0.35033494907684765 0.03281243591321115 0.07161919285441971
0 0.46822621375893436 0.8999568630500432 0.059259445061728415 0.03546161220880098
0 0.480247 0.233197 0.029629599999999933 0.06803279999999999
0 0.46957793705661416 0.09185322969314189 0.02511958628626317 0.07989574092960314
0 0.40014232111876613 0.020437760196159005 0.03361874223753217 0.04087542039231801
0 0.4434183523893287 0.46822959470565334 0.03078276165347409 0.06704442233660626
0 0.585494 0.161475 0.027777799999999943 0.05081970000000002
0 0.49660499999999996 0.48688499999999996 0.05 0.040983600000000016
0 0.5636454235542561 0.9851167047239001 0.04314529805068227 0.031924522476272976
0 0.5218202698822854 0.31152987310059366 0.04942373159427422 0.060998856271444926
0 0.5952401367560805 0.051053876873536304 0.04737703738566918 0.056903244188769686
0 0.7021861285427177 0.33222591362126247 0.03322259136212627 0.039758183105495344
0 0.5562313298675198 0.1941753550882305 0.05196865973503949 0.04408761017646096
0 0.5454705772334522 0.7178786902373698 0.04253309728691733 0.03843210006058958
0 0.5556577210554922 0.8085532420596805 0.035533160877969434 0.07055529327494425
0 0.441667 0.313525 0.05123460000000006 0.035245900000000004
0 0.6626054185997401 0.886345855133736 0.049058168648473045 0.05560854857635865
0 0.518827 0.556148 0.03765430000000005 0.07295080000000005
0 0.35185277172554996 0.053222393052614246 0.025308430945460224 0.08084705177703284
0 0.453395 0.257377 0.03888889999999997 0.06885249999999998
0 0.6177537912606127 0.08097325894695277 0.05402114886797091 0.05263874434671314
0 0.5898412756792984 0.7825162387875039 0.04517962738198859 0.06503247757500782
0 0.33710794127460797 0.7761962782454584 0.050675675675675706 0.0559370846256092
0 0.541507731430212 0.0494254125592288 0.0416307780648866 0.062360437884646805
0 0.44515356427847125 0.6559014423476672 0.05153618225911453 0.06256560690173732
0 0.611063259642071 0.6201550387596899 0.048808498420901444 0.03748888041682557
0 0.5326510721247563 0.9161993097497841 0.05328135152696553 0.05672993960310604
0 0.7908822443706163 0.2990033222591362 0.05147450883884987 0.04520450955830294
0 0.6895246745382986 0.05940947871532586 0.05769166077976257 0.04332871755929781
0 0.2861859644805381 0.12417624312401286 0.02604487100611129 0.07897173356570993
0 0.18705952916479232 0.8118736311143557 0.02973959114309993 0.07732129820136718
0 0.586718977057955 0.28222740635041665 0.05125264588409018 0.05685718729916673
0 0.34149565008957944 0.44147441482871225 0.04537118719828003 0.061296163638133165
