0 0.44604930899020095 0.21024750710965506 0.02309094127099378 0.05939391720976956
0 0.6346516290347997 0.5436475789710591 0.012849159298228467 0.06594698469127433
0 0.5192563151041667 0.20185425555555553 0.025318307291666762 0.06103212740740739
0 0.4722770182291667 0.5260884296296295 0.01575360026041667 0.05776256814814802
0 0.546966015625 0.04818457148148149 0.014347037760416606 0.08064961592592594
0 0.5910541036343453 0.9235956557693974 0.015112376726486331 0.09463768462872077
0 0.4997919246874263 0.7366292312987519 0.018455651555660424 0.0798305353489648
0 0.6158779559530151 0.3435364904159078 0.016617219604386453 0.08500862139040682
0 0.34962389322916665 0.21602278888888884 0.014065716145833325 0.06757137888888891
0 0.47354257812499995 0.23890970370370368 0.012096510416666699 0.10462656111111107
0 0.4617277994791667 0.34517104444444446 0.014909680989583406 0.04686399296296294
0 0.537723659003143 0.33633128579518257 0.02680729196461922 0.04880050159036497
0 0.4572265625 0.4312698814814815 0.01547227864583339 0.09481788333333346
0 0.4940786458333334 0.6279899148148148 0.01209651041666664 0.10680635592592591
0 0.5424647786458333 0.2677919185185184 0.01603492187499995 0.09263808851851847
0 0.5687766416673219 0.3735738401030246 0.021322548884694943 0.07844217821246115
0 0.561031640625 0.9544033518518518 0.010971269531250034 0.0686611433333331
0 0.45792173995134566 0.5780406436017038 0.026223241808403942 0.04297664093460793
0 0.5275551432291666 0.7462405259259259 0.010971269531249975 0.04686399296296294
0 0.477472152197615 0.6430888784800003 0.017177928677686676 0.07878968600296238
0 0.50097109375 0.8672142185185187 0.026443548177083307 0.04032487444444436
0 0.5170059244791667 0.7931046518518516 0.023630423177083415 0.04686399296296294
0 0.5539162799232408 0.8758117982784855 0.013056882763148299 0.06525325732520826
0 0.5134895182291667 0.7113643407407407 0.011533867187500017 0.08609896999999994
0 0.4779318325535373 0.7997994810096722 0.02132254888469506 0.068723678256935
0 0.4292356770833333 0.3380867777777778 0.021942493489583312 0.06975104074074083
0 0.5271331380208333 0.8497774555555556 0.017441484375000017 0.07955985148148136
0 0.524319921875 0.001750153425925925 0.010689947916666635 0.00350030685185185
0 0.505471875 0.9249773185185185 0.02475566406250002 0.06212202481481494
0 0.45778938802083335 0.032266250370370377 0.01547227864583333 0.06453250074074075
0 0.4784658203125 0.04545989444444445 0.025880904947916682 0.055582906296296315
0 0.5544208333333334 0.22310705555555554 0.012940475260416662 0.11661503370370367
0 0.47326139322916666 0.1615305777777778 0.025599583333333283 0.054493008888888916
0 0.5153179036458333 0.13646307037037037 0.012940475260416662 0.06757137888888891
0 0.6208110026041667 0.7331622888888889 0.021942493489583253 0.04468433111111118
0 0.6253978639157558 0.18753398381152375 0.024906170545988243 0.045121606936371524
0 0.5035026692708333 0.5598743185185185 0.022505136718749992 0.04468433111111118
0 0.4441453125 0.06344260333333335 0.0253183072916667 0.045774095555555575
0 0.5381572299633569 0.8877035768536115 0.02092307971838044 0.05396491440348962
0 0.4854986328125 0.25089897407407413 0.013503072916666643 0.06103212740740742
0 0.44076348982625174 0.7239675635247061 0.01323593612952063 0.11626072798908649
0 0.5877565104166667 0.07379629629629629 0.01828544921874998 0.07520039481481479
0 0.4768773200911858 0.39160505266807233 0.013039070991647547 0.109020895634545
0 0.43486210937499997 0.030086522037037038 0.022505136718749992 0.060173044074074075
0 0.4555385416666667 0.5260884296296297 0.014347037760416665 0.05558290629629636
0 0.5487560402711021 0.9443933404920739 0.01884804687500008 0.06212202481481494
0 0.49090002658816895 0.2043020000906106 0.019038063779967255 0.06989657411135476
0 0.43739368489583336 0.3751422259259259 0.023067779947916735 0.06539158407407403
0 0.48141940104166664 0.49557209999999996 0.022223815104166652 0.07302060000000002
