0 0.5836432554108555 0.006562491978659911 0.026543200000000024 0.013934400000000005
0 0.449308383427057 0.40039481589563125 0.025693232499515228 0.08368380396532489
0 0.4198329098679539 0.21520122708643813 0.023615519735907874 0.0808661367210074
0 0.5314548514213476 0.008989192883701421 0.03998650747907096 0.019339071759159134
0 0.4240240551967922 0.8982776031957872 0.027756469114698725 0.045488602865349524
0 0.7989692523644965 0.9916269035122133 0.03169039527100705 0.017441841212461045
0 0.442284 0.208197 0.022839500000000016 0.07049180000000001
0 0.6703063477753156 0.8852914061930783 0.04801239677816469 0.058850656391574434
0 0.46138018360240585 0.6665966092195601 0.02664345256937851 0.04238475549950962
0 0.6760459925982427 0.046516862362606444 0.059892081249823426 0.044266046441835155
0 0.5619658039411206 0.8262239110597356 0.025869665375822103 0.07843817106160367
0 0.657716 0.714754 0.033950600000000046 0.06393440000000007
0 0.625 0.719672 0.033950600000000046 0.06721310000000004
0 0.3904886561954625 0.38076130804222813 0.039590201021265564 0.06072440133894088
0 0.4995269052270012 0.5834347603120043 0.03265666346077268 0.06296918905341081
0 0.606173 0.67377 0.03209880000000005 0.07704919999999996
0 0.5488088087505494 0.21107919504958655 0.03914685259670466 0.06143296000271568
0 0.4387837713232095 0.1546510500258524 0.05717672543118258 0.034990609580583344
0 0.40091813486852657 0.1195183872585845 0.02902883026294693 0.04620852548283098
0 0.481204599498355 0.24395518837319952 0.05749372943744101 0.03849647476101906
0 0.38937439594413525 0.20633441423857174 0.04857203543255686 0.05906084699960459
0 0.5836685457053921 0.8579724247758161 0.03381657887868864 0.0765916970832747
0 0.477578772204447 0.34441903522658995 0.03540544440889406 0.044575370453180004
0 0.5487728992433294 0.5421238762559493 0.06110613301473517 0.04081835007932307
0 0.33828724263691645 0.43352730727495653 0.02858792978291452 0.07356049387357627
0 0.7329193245633846 0.2922630406637345 0.041568850873231 0.06793271867253098
0 0.4044017790446641 0.33261504911166423 0.055717158089328436 0.039001298223328484
0 0.38678963480553835 0.16892243174442653 0.04887187823701873 0.058639291543234266
0 0.4604384507638685 0.11127211384575458 0.0475585523958435 0.044768372334443515
0 0.5947116270499354 0.033108025446537806 0.06034641606780913 0.03868974798140445
0 0.634256787034399 0.9003013339078044 0.03147587406879814 0.07273346781560885
0 0.571191244014463 0.2968337730870712 0.03713476008990521 0.04217310437302652
0 0.6461397800903944 0.8239479005873149 0.03866201767436941 0.07084690117462966
0 0.6040061904259435 0.8118490495539675 0.049066160177271265 0.05768063145112331
0 0.5130460275579009 0.1795060339980103 0.04658132186716178 0.06098879709329986
0 0.43526432415321303 0.7600065386950632 0.03024867222398084 0.07916491523048896
0 0.5136595889680278 0.9791931632093315 0.02805780830431567 0.04488392111297948
0 0.6198898986937685 0.2971581815822484 0.04169516922375324 0.06704442233660626
0 0.613495382998929 0.48999221915161917 0.05849548402739887 0.038770089345603845
0 0.29129093658337046 0.15107626599348212 0.032232326833258954 0.04538776801303575
0 0.533642 0.766803 0.040123500000000034 0.06639339999999992
0 0.569444 0.661475 0.04259259999999998 0.06229509999999996
0 0.40362539777744455 0.8472928942083384 0.03485446760300558 0.06598366801127793
0 0.16325626319250575 0.1974872855465854 0.03145012638501149 0.05399157109317076
0 0.510847258868367 0.12911458108049656 0.04641845011238156 0.04411955534408927
0 0.40562075009746595 0.9767254616048316 0.05555599012345688 0.04749751509922362
0 0.5801765678308887 0.9495119331184905 0.04713165206992366 0.06772219886973971
