0 0.578395 0.640984 0.024691400000000033 0.040983600000000016
0 0.570988 0.769262 0.05308640000000005 0.03852459999999998
0 0.31458493894154815 0.7573131696293994 0.02826881884617629 0.04154732441923706
0 0.5010620698437774 0.6209871966416751 0.03175333968755495 0.06328549328335012
0 0.522839 0.605328 0.023456799999999976 0.07622950000000002
0 0.5213797031420045 0.7013207974652319 0.03872219371599085 0.05309610506953605
0 0.490123 0.710656 0.024691400000000033 0.04918030000000007
0 0.7719794043648704 0.9896453267034419 0.05604119127025917 0.01907000233082115
0 0.566358 0.738525 0.05740740000000002 0.03442620000000007
0 0.39936954289245796 0.8144237589328724 0.03459421421508393 0.04000438213425522
0 0.574383 0.80082 0.05617279999999996 0.032786899999999966
0 0.526235 0.801639 0.04876539999999994 0.03114749999999992
0 0.482716 0.186475 0.04074069999999996 0.04508200000000001
0 0.41405130689836755 0.6948179837036751 0.03726512360891702 0.05236543108538565
0 0.542593 0.6598575297956647 0.029629599999999933 0.07131149999999994
0 0.46105722300918606 0.44807722617706475 0.025167749289099633 0.07269023725817728
0 0.5095973959042772 0.7707324875922617 0.05611480819144579 0.03886222481547654
0 0.48684804359166484 0.015033617592153891 0.04036228718332979 0.02678863518430778
0 0.47716 0.663934 0.029629599999999933 0.08360660000000007
0 0.551543 0.609836 0.03641980000000002 0.07213109999999993
0 0.501852 0.558607 0.05308640000000005 0.05163929999999992
0 0.598765 0.987295 0.05679010000000006 0.023770500000000166
0 0.6614199999999999 0.55123 0.025308600000000105 0.07131149999999994
0 0.469136 0.154918 0.04938270000000004 0.04426229999999999
0 0.422839 0.868443 0.05308640000000005 0.045081999999999914
0 0.546605 0.978279 0.040123500000000034 0.04344260000000006
0 0.487654 0.0987705 0.03333329999999994 0.06803280000000002
0 0.5394738560485051 0.15125475179279 0.039184638262828586 0.06032166726361587
0 0.440741 0.0942623 0.05308640000000005 0.0377049
0 0.3995803371686853 0.9716027530630875 0.0391115256626294 0.056794193873824804
0 0.657716 0.648361 0.029012299999999974 0.07377049999999997
0 0.7793210000000002 0.719672 0.024074100000000074 0.06721310000000004
0 0.427161 0.602049 0.04197530000000002 0.0647541
0 0.564198 0.0290984 0.034567900000000006 0.045082
0 0.265425009974548 0.20836972497863415 0.030849119949096032 0.0773946499572683
0 0.331481 0.443443 0.03703699999999999 0.07049180000000001
0 0.19740801781932008 0.16763252282068217 0.029383835638640256 0.06641314564136432
0 0.6779165709774151 0.8432054208802736 0.05280815804516994 0.044735758239453034
0 0.3466736879059154 0.16840183357936447 0.031595576619273334 0.05399735840261053
0 0.940741 0.556967 0.059259300000000036 0.03852459999999998
