0 0.3807926333721185 0.42654330707689453 0.013893267004653728 0.03920437232769216
0 0.3360930249783199 0.15342268927226455 0.023577004123647192 0.03175314697045503
0 0.32735047142454543 0.19662932743091574 0.022811033474090792 0.026410353378909242
0 0.34090832102683066 0.10175911852575624 0.01625954073324607 0.03723456656091549
0 0.3419579067052061 0.5068283422962384 0.028350442686219425 0.029356827227956447
0 0.3936050606841333 0.45534338352428266 0.02574004165256672 0.01924128593745417
0 0.31552599927800257 0.2288356638495372 0.020476354323345682 0.030201285625053198
0 0.48547395647945196 0.07628644714766261 0.011698723202632759 0.01975772384240256
0 0.18289369519600326 0.2582355714204362 0.017241344162304037 0.019712896190904734
0 0.42093595244594084 0.3189876051066553 0.027533433773439715 0.017635489976049395
0 0.22077610677083334 0.5325954518518519 0.020153362239583455 0.03339632750000011
0 0.35465232031250005 0.17453573796296296 0.015994728645833334 0.020714159537037032
0 0.2703116980420397 0.4528599390161384 0.015131548968003965 0.035411463865610275
0 0.48344156864475685 0.2836430451248475 0.01890537965994099 0.03868385247480054
0 0.3572208244334751 0.15134688245133637 0.025686896598125012 0.014907824581719933
0 0.3430183221055074 0.12843492841357404 0.013840269471431554 0.017376869376555616
0 0.44216271043504934 0.06525291305385338 0.02779199168134158 0.010135455737336388
0 0.35833071093749996 0.5662031814814814 0.014395266145833219 0.01944595305555544
0 0.3028294036458334 0.5689505324074073 0.023672190104166664 0.013950374444444453
0 0.4336306519964156 0.08055231934090862 0.03218362441222204 0.018282309399625756
0 0.36266285772183793 0.2283192212299935 0.01577499401089225 0.03839922700113342
0 0.30220381580415656 0.5002020870076426 0.013075054910510293 0.03724123225489351
0 0.381678329693483 0.19627042473491046 0.029100476314049217 0.028819117937586444
0 0.35721133593750004 0.43684508888888884 0.023032384374999992 0.032973574814814846
0 0.2887445753999864 0.44626955135618684 0.01853481434163946 0.04287054312095964
0 0.42161311205273067 0.19801481051133735 0.02819409569644975 0.01719613472878273
0 0.3372460319589593 0.45941734979734894 0.018608092959850945 0.04438744921220395
0 0.28523500520833334 0.54252965 0.030070091927083334 0.015218580925925885
0 0.29151950717987246 0.47945659576655325 0.023357379645959853 0.02930090946180802
0 0.31620443163289064 0.3776377289754958 0.01859009822191157 0.03126668270497527
0 0.4719024646976036 0.24202418054877067 0.018688226153503962 0.023026494337969754
0 0.31011037037831013 0.19323822377668037 0.012701099903645858 0.04264270544742598
0 0.41603630283511916 0.36352319185625603 0.012640097408790277 0.03237891359056562
0 0.3563734216591039 0.11530214226548771 0.014564735184503757 0.03590476061231137
0 0.3840653819697772 0.3334220687073867 0.02743012340910506 0.030272569741255074
0 0.3640271955618667 0.07059822449016036 0.027755556312031023 0.020737268040185105
0 0.44581479939832763 0.09504986995254167 0.026746873380293225 0.023157591906192623
0 0.3753075773989589 0.13031495152736058 0.027222814126672646 0.02897577172221617
0 0.3622930680862454 0.4252184558056786 0.013362285651657401 0.018180749684939167
0 0.2745303986149215 0.5037808240411459 0.029746807773749613 0.019123876022783187
0 0.41714920424230323 0.2722134965987425 0.028597641444863698 0.02715720133752926
0 0.39149617620998406 0.35870538392512874 0.029318004871698614 0.01957951822062793
