0 0.7280860000000001 0.134836 0.038888900000000115 0.0647541
0 0.43580199999999997 0.00696721 0.04814809999999998 0.012295099999999998
0 0.282099 0.007377049999999998 0.024691399999999964 0.013114800000000001
0 0.664815 0.729508 0.04567900000000003 0.05409840000000009
0 0.45740699999999995 0.509836 0.022222200000000056 0.04262289999999994
0 0.419136 0.741393 0.024691400000000033 0.041803299999999946
0 0.4150329557735474 0.057328320033245436 0.026361611547094967 0.0802304400664909
0 0.5281029162041845 0.6086805694091211 0.04009106759163101 0.06624526118175793
0 0.556481 0.669672 0.024074099999999935 0.07868850000000006
0 0.43753133290166624 0.05130979188352631 0.021604899999999955 0.06967209999999999
0 0.385185 0.22254100000000002 0.03703699999999995 0.0598361
0 0.652778 0.556967 0.035185199999999965 0.06311480000000007
0 0.620062 0.562295 0.035185199999999965 0.06885250000000008
0 0.579012 0.701639 0.030864199999999994 0.0754097999999999
0 0.600926 0.516803 0.031481499999999954 0.07622950000000002
0 0.564506 0.504098 0.04259259999999998 0.06229509999999996
0 0.542901 0.384836 0.05987649999999997 0.03852459999999998
0 0.4948807432771816 0.42572256962106125 0.03173768655436332 0.05964213924212247
0 0.4437730997442406 0.24082548982176596 0.023957204226760537 0.08318227708492926
0 0.398457 0.173361 0.05493830000000007 0.035245900000000004
0 0.542901 0.05368850000000001 0.03641980000000002 0.05819669999999998
0 0.628704 0.743443 0.029012300000000046 0.07377049999999997
0 0.380556 0.0192623 0.04753090000000005 0.0368852
0 0.422222 0.9840160000000001 0.030864199999999994 0.031967200000000036
0 0.6095871534144868 0.33322519306144677 0.06115030682897354 0.038582286122893536
0 0.42962999999999996 0.603279 0.028395100000000045 0.08032789999999992
0 0.566358 0.138525 0.03765430000000005 0.040983600000000016
0 0.507716 0.025409799999999996 0.04506170000000007 0.0508197
0 0.607716 0.9745900000000001 0.033950600000000046 0.05081970000000011
0 0.39766814347717394 0.690977349047546 0.03305791304565202 0.06230810190490779
0 0.6959880000000002 0.954918 0.03148150000000009 0.040983600000000016
0 0.472222 0.185656 0.03333329999999994 0.04344260000000001
0 0.204938 0.970492 0.025925899999999995 0.05901639999999998
0 0.508951 0.836475 0.027777799999999943 0.07131149999999994
0 0.332716 0.27582 0.025925900000000064 0.07131150000000003
0 0.801235 0.8524590000000001 0.04074069999999996 0.05081970000000002
0 0.475926 0.0856557 0.05555560000000003 0.0368852
0 0.574691 0.793033 0.04567900000000003 0.0647541
0 0.400617 0.820082 0.05308640000000005 0.04672130000000003
0 0.15679000000000004 0.0381148 0.030864200000000012 0.054918
0 0.568519 0.957787 0.03827160000000001 0.07131150000000012
0 0.614815 0.137705 0.039506200000000075 0.06393440000000002
0 0.597590555824446 0.6540263211103229 0.04664992334045653 0.055656226085429285
0 0.6442631442631443 0.6669150521609537 0.04359837693171022 0.06935687263556119
0 0.3798670465337133 0.05101455921128052 0.040576707243373894 0.05617333486185945
