0 0.27696496856844594 0.653714604390633 0.019011567139716 0.020672985344714755
0 0.2603993179626667 0.6590680588415955 0.019432555573900067 0.01212091530608219
0 0.36091703437500006 0.5444710518518519 0.012325756510416674 0.01785823092592588
0 0.21620608344932624 0.41021781283855374 0.010938161916000973 0.02457863078443278
0 0.24584329359315743 0.6054327461099801 0.01906365362503027 0.014073791325880705
0 0.25433339069938676 0.4717653978713526 0.009063048444686543 0.025790727645034994
0 0.3108700390625 0.3785268664814815 0.018488617552083277 0.013462344259259271
0 0.31066492456679173 0.4215307168708406 0.019949123875373214 0.012188307320499539
0 0.29022097908093275 0.5746589535935808 0.01343831321108695 0.022827824208007365
0 0.24178359706067057 0.47653830963144517 0.017599133392174487 0.01826506555918665
0 0.28550509165196586 0.42218116338290357 0.016403121857954103 0.011873071197155811
0 0.2244846941242536 0.6178984312383181 0.016348875408597568 0.01907290209709871
0 0.31053470835350605 0.6698085571508506 0.014375869946744224 0.023097179065918967
0 0.31490799166666666 0.36739982444444447 0.017213541666666644 0.013737095555555514
0 0.17316493441204842 0.3709674285758866 0.012119488928263393 0.023619716225847333
0 0.2208678238849552 0.4559407999690466 0.011823632166343856 0.023770566210698025
0 0.3158204273508892 0.40568595307064537 0.014113318996138229 0.017939104969820336
0 0.26606643467134294 0.6114056858256693 0.011431857216662126 0.025831139390722322
0 0.26231098229166666 0.6779957574074074 0.01402583473958332 0.023353055740740612
0 0.23494268983746494 0.6876398403649683 0.009138164765303446 0.012430709933360722
0 0.24754141927083334 0.6645333796296297 0.016363502552083364 0.013462344259259271
0 0.16401542516440734 0.4488365655916283 0.02020955630194464 0.011986291177065837
0 0.2822527460549806 0.5846992089474327 0.014894736345618517 0.0226795729857613
0 0.2767492939670328 0.6108777187088379 0.01663024613557044 0.022308041039888357
0 0.16593649375 0.5722200277777778 0.00956308635416671 0.026100468148148134
0 0.27654933541666665 0.6871996074074075 0.014450871510416678 0.012088654814814748
0 0.27140529144682546 0.5737713480131433 0.010288191220932467 0.0268437424922318
0 0.2261003661081293 0.4227683588963445 0.014275996077939605 0.021295282159690242
0 0.23303620514899098 0.6234230224584807 0.015613571707989138 0.020381951320999504
0 0.2999611518347051 0.48304463254640045 0.019792864419430303 0.015487904329916513
0 0.2666518444762164 0.5043910050358942 0.018282356345315876 0.018046775480076632
0 0.24954143405047205 0.49748878680190955 0.010833988945372368 0.020403630486803048
0 0.2910658366423744 0.43877485223924667 0.009456792734375045 0.02483713671821611
0 0.23671048389774593 0.4673439349939433 0.009548563767008062 0.01331151130840985
0 0.29304508005046326 0.6606977126035453 0.012165376038426483 0.011285801503386863
0 0.25441152042735815 0.5490029033775016 0.015886378020858564 0.019326211055156847
0 0.2612869364888445 0.40600914318368514 0.012969534843258253 0.025184679214733885
0 0.2619640607979303 0.585736172125195 0.009948518695029456 0.030167744086098323
0 0.20621772170576946 0.5462743440324918 0.013207970586788628 0.024737721850908445
0 0.268675975023539 0.45006207881838045 0.011496628494588722 0.011609091622498447
0 0.2645162985783305 0.3698482535090539 0.012865361872629648 0.01872016262485569
0 0.2956723506339264 0.6860210260485493 0.01913240778564512 0.014445501029798523
0 0.2875073263242733 0.6909057847764057 0.006240067197082056 0.005898888147523154
0 0.2969890158027591 0.6513725908258032 0.019473932769481846 0.014507506496541586
0 0.27983797494328955 0.5645580701810035 0.009027461324487559 0.02740670431071953
0 0.23730111000161383 0.5379930235603653 0.018334442830630206 0.017777420622165134
0 0.25878682705879197 0.5283743240820654 0.01682401848658266 0.019280345724758122
0 0.22631086160029856 0.5221684256580591 0.021147113037601854 0.013333065466623797
0 0.24490579529853676 0.65080826451217 0.013438430093159948 0.01809256388272805
0 0.26529868912211974 0.6892425208641081 0.011092234843794114 0.008875221138314435
0 0.22805575885832727 0.48634422955581746 0.016303069903372838 0.017642743193209333
0 0.22962149698923723 0.6363843326140218 0.014525842259724472 0.012640783918949431
0 0.16625528854166666 0.5918638907407408 0.015725947395833374 0.012638123888888863
