0 0.7800224466891132 0.7701192250372578 0.03441825664047886 0.04942871336313955
0 0.5040518362052503 0.9920185010107504 0.021525227589499443 0.01682388726740231
0 0.6708901884340481 0.35062553925798096 0.02761533463287847 0.07398619499568591
0 0.4 0.47868900000000003 0.020987700000000026 0.032786899999999966
0 0.5893073543891539 0.9179825002514332 0.04307733090964171 0.042995071909886474
0 0.5791124685797131 0.8458591319376656 0.03492173165899276 0.04191508017267065
0 0.49786169611877673 0.5366263080824315 0.028779687457973595 0.04857316332726176
0 0.31325466356328857 0.4252613064087552 0.029778829161579146 0.034903436542965134
0 0.4204658543801609 0.38617450623236543 0.041017778853653944 0.07446694524804458
0 0.4148489897049318 0.7246866475796069 0.058092079409863606 0.036336086009784545
0 0.5587705761316872 0.8101377504553734 0.060442386831275764 0.038422131147540985
0 0.5183705855456038 0.3159041394335512 0.0461281906452567 0.04500160720025713
0 0.6115465882545633 0.982090551433169 0.02999312349087334 0.036442995655234976
0 0.6662296514803888 0.5010880603510808 0.0498197312356604 0.05512839112142758
0 0.5305414346808682 0.2879567127397407 0.05486968449931415 0.043751562555805555
0 0.6239112322956903 0.9424972342351402 0.025941073998333727 0.04274363874082282
0 0.44406788778611583 0.36795956998464235 0.04357298474945536 0.06982392228293866
0 0.399103447705694 0.4425593261902211 0.04823867870303137 0.050986208507446625
0 0.6044064898231565 0.6234077315019939 0.031385552218885546 0.07324435090828525
0 0.6752641265896071 0.6102048566127362 0.028007475320745566 0.0753688189078182
0 0.5933900059670782 0.7977631490437158 0.026800588065843574 0.05693340191256822
0 0.36711119337646386 0.6720897933068561 0.05747233827513063 0.04300372188107149
0 0.43800182828881895 0.532567303806386 0.040104899327577416 0.07383464128897461
0 0.32000407000407 0.39227166276346603 0.05935422602089271 0.03783102143757884
0 0.5234770621842976 0.9805896214043361 0.022720013714731424 0.040753513318332754
0 0.5496815395061728 0.748189631693989 0.027796720987654355 0.07902953661202183
0 0.6174755704330087 0.8357650864831501 0.026513664534880833 0.08674690835803298
0 0.4688979944968934 0.48242264840619303 0.05819637228542989 0.03947628610128933
0 0.5077463083999031 0.11036108432444017 0.04881788106188975 0.04821600771456123
0 0.4884197277260011 0.013571938282617232 0.03663589353532911 0.029286710241437187
0 0.46069555394174133 0.9863039751419692 0.05773151510261168 0.02968141719347114
0 0.39260275115387716 0.4040055604423372 0.026712804817235508 0.06227020156612734
0 0.3285321132273937 0.7067472363196045 0.02749923388804957 0.053954518987162005
0 0.7056084511798241 0.6603524077204592 0.03817336456374834 0.06496721544091846
0 0.4214705154791683 0.49188764413014746 0.03827160000000001 0.06147540000000003
0 0.4485457502158477 0.042675625944676596 0.03165860043169537 0.0771545518893532
0 0.43234203235668356 0.6073885226037719 0.04519233528663295 0.05079695479245622
0 0.5447295516286076 0.22866888103146543 0.0372522122703677 0.0680381442194364
0 0.4711122237990532 0.036924541625593776 0.027946885681433078 0.07044178427979571
0 0.4942306140563221 0.3968891746133791 0.04411092283278195 0.05768063145112326
0 0.39074381238003514 0.9739985173353872 0.05930959947941975 0.04064541684535105
0 0.5137087514403292 0.8241574727231329 0.05776729711934151 0.03856995455373402
0 0.3927912432276518 0.7537592245365203 0.04775041354469664 0.053136850926959044
0 0.529284818809005 0.44047370667434554 0.05872776145135699 0.04980011334869106
0 0.5915637860082305 0.703978825136612 0.03986625514403287 0.06688296903460843
0 0.6995684157134272 0.49920951617220366 0.03864313142685458 0.05743473234440742
0 0.4357499145565623 0.25168555010098526 0.054102911498342 0.036925870015178136
0 0.38171876611988037 0.5800493173204256 0.0508958354826507 0.05867847846933649
0 0.45173350547352004 0.1860780742169363 0.05244896312434436 0.05750205364477302
0 0.4859503600823046 0.6826331967213115 0.05304783950617284 0.0443989071038251
0 0.7524546579272946 0.10363871508965708 0.031061623101424102 0.07165577265895347
0 0.5760644449823825 0.3711739704989464 0.042362624061970465 0.07089538912104008
0 0.5524624115764275 0.056609164613021894 0.0473385513327416 0.06214507660987894
0 0.45805427795260767 0.8881567198828529 0.053255870249334286 0.05446623093681917
0 0.6221916852069974 0.21925505416208074 0.02944640753828038 0.04112842495510629
