0 0.6149665563209163 0.13688299698900785 0.05031418735816744 0.049185306021984274
0 0.563889 0.502049 0.05246909999999995 0.03688519999999993
0 0.394466361870425 0.8950531342376324 0.05559912374084999 0.03928586847526473
0 0.579938 0.789344 0.024074099999999935 0.07868850000000006
0 0.452161 0.379508 0.05 0.04426229999999999
0 0.553086 0.79877 0.024691400000000033 0.07622950000000002
0 0.460802 0.46024600000000004 0.04753090000000005 0.05163929999999992
0 0.5163856660771883 0.4158136358957318 0.056239244511177844 0.039277545015507294
0 0.44567899999999994 0.27459 0.05308640000000005 0.032786899999999966
0 0.391358 0.019672099999999998 0.03209880000000005 0.0377049
0 0.5756175027777778 0.3959608135836656 0.04012389444444453 0.06381647283266874
0 0.426235 0.590984 0.021604899999999955 0.07049180000000001
0 0.352469 0.0393443 0.05308640000000005 0.031147500000000012
0 0.611728 0.990984 0.05679009999999999 0.016393400000000106
0 0.4 0.09508199999999999 0.06049380000000007 0.037704899999999986
0 0.438889 0.814344 0.04691359999999995 0.03688519999999993
0 0.616358 0.552459 0.03888889999999997 0.04262289999999994
0 0.571605 0.545082 0.04320989999999994 0.032786899999999966
0 0.575309 0.45041 0.05061729999999996 0.040163900000000086
0 0.462037 0.331967 0.05 0.05245900000000004
0 0.440741 0.8495900000000001 0.06172839999999999 0.041803300000000036
0 0.416975 0.452869 0.03765430000000005 0.06311480000000007
0 0.473457 0.840164 0.04074069999999996 0.04754099999999996
0 0.614197475 0.3090162709016393 0.028394950000000002 0.07049155819672127
0 0.483333 0.618443 0.024691400000000033 0.040163900000000086
0 0.613889 0.778279 0.04382719999999997 0.05163929999999992
0 0.491667 0.9840160000000001 0.025308599999999966 0.031967200000000036
0 0.415741 0.497131 0.04876539999999994 0.06311480000000007
0 0.523148 0.025 0.04135800000000006 0.048360700000000006
0 0.513889 0.310656 0.03888889999999997 0.055737700000000015
0 0.762654 0.385246 0.03765429999999991 0.06393439999999997
0 0.3959879138888889 0.16243181284153005 0.036420272222222244 0.053825374316939886
0 0.438272 0.912705 0.023456799999999976 0.05163929999999992
0 0.596605 0.0434426 0.05 0.034426200000000004
0 0.674383 0.788934 0.024074100000000074 0.07295080000000005
0 0.367284 0.647951 0.05308640000000005 0.041803299999999946
0 0.277778 0.24918000000000004 0.04814809999999998 0.03442619999999998
0 0.409568 0.668443 0.04629629999999999 0.06967210000000008
0 0.497222 0.082377 0.04135800000000006 0.05655739999999999
0 0.334877 0.35041 0.04135800000000003 0.06311479999999997
0 0.329321 0.535246 0.05864199999999997 0.032786899999999966
0 0.523457 0.221721 0.044444399999999974 0.06147540000000003
0 0.511111 0.9270490000000001 0.03827160000000001 0.05245900000000004
0 0.6879630000000001 0.884016 0.06728399999999987 0.04344260000000006
0 0.348765 0.9159839999999999 0.04074069999999996 0.06147540000000003
0 0.625 0.8553280000000001 0.04382719999999997 0.0598361000000001
0 0.5561728395061728 0.27049180327868855 0.028395061728395062 0.030601092896174895
