0 0.3142931664058425 0.3907873470330178 0.026951834463571592 0.06695913184022165
0 0.5922882976873587 0.14921496190256295 0.0482524778299426 0.05945509120295546
0 0.6147843093983655 0.3369774811937197 0.029342874856546654 0.07067676238743946
0 0.516049 0.00983607 0.06666670000000005 0.0196721
0 0.6 0.295492 0.029629599999999933 0.033606599999999986
0 0.570679 0.745902 0.025308599999999966 0.02950819999999999
0 0.5594289594983481 0.2390327539425075 0.043548618996696244 0.05183520788501505
0 0.4145748957475994 0.5695437203634708 0.06097420850480115 0.04287945927305837
0 0.4972664262786596 0.38477772740046845 0.022751547442680792 0.08454374519906331
0 0.6 0.46475399999999994 0.04691359999999995 0.05245900000000004
0 0.420679 0.320902 0.025308599999999966 0.04836069999999998
0 0.46697500000000003 0.8545080000000002 0.05 0.04344260000000006
0 0.744136 0.326639 0.025308600000000105 0.04344259999999996
0 0.4423968546861415 0.2603152942969291 0.027551490627716873 0.06461581140614173
0 0.3697874904922903 0.5152862435191483 0.056720619015419305 0.03336141296170337
0 0.6119991151180421 0.5182989978717285 0.050075769763916145 0.037173204256543045
0 0.4617938645716423 0.748571783407849 0.05377852600074823 0.03787878787878791
0 0.4130890497849562 0.6382599685689633 0.036936476994956516 0.05652579193886345
0 0.589815 0.92377 0.05123460000000006 0.040983600000000016
0 0.47716 0.807377 0.05061729999999996 0.05081969999999993
0 0.24814800000000004 0.45 0.03703700000000002 0.05901639999999998
0 0.5388990047882889 0.4954767546810191 0.04322930957657788 0.05980690936203833
0 0.521822183750652 0.3265700733260217 0.05512063249869574 0.043581153347956585
0 0.476235 0.9340159999999998 0.04876539999999994 0.05327870000000016
0 0.5115033689300412 0.5566344483606557 0.042425462139917686 0.060502503278688495
0 0.571914 0.328689 0.029012299999999974 0.08196720000000003
0 0.62963 0.784426 0.025925899999999995 0.06721310000000004
0 0.526235 0.43893399999999994 0.05370370000000001 0.05163929999999997
0 0.532099 0.890574 0.05679010000000006 0.0401638999999999
0 0.579321 0.97541 0.05370370000000001 0.036065599999999934
0 0.40916706352261667 0.48308436478640904 0.036130295883919875 0.062332732912726965
0 0.510802 0.257787 0.04135800000000006 0.06147540000000003
0 0.591358 0.871311 0.03950619999999993 0.06065569999999991
0 0.20679 0.152459 0.03209879999999998 0.03606559999999998
0 0.43209900000000007 0.926639 0.03827160000000001 0.06311479999999989
0 0.630864 0.613525 0.04938270000000004 0.045081999999999914
0 0.35 0.825 0.04197530000000002 0.06311479999999997
0 0.529321 0.786066 0.040123500000000034 0.055737700000000015
0 0.538272 0.697951 0.04320989999999994 0.05983609999999991
0 0.350617 0.0471311 0.05432099999999997 0.03360660000000001
0 0.431173 0.969262 0.04876539999999994 0.0598361000000001
0 0.29382700000000006 0.72418 0.04814810000000001 0.035245900000000004
0 0.0388889 0.379918 0.03580250000000001 0.040163899999999995
0 0.777469 0.8590160000000001 0.03765429999999991 0.06393440000000007
