0 0.591975 0.639344 0.04691359999999995 0.02295080000000005
0 0.381481 0.9938520000000001 0.04691359999999995 0.01229510000000014
0 0.436111 0.59918 0.020370400000000066 0.08032789999999992
0 0.6063113829821201 0.47322396543715844 0.026202265964240124 0.06448103087431689
0 0.500567617425855 0.08879781420765027 0.05959982971477225 0.040041454682494815
0 0.535802 0.03196720000000001 0.03827160000000001 0.0606557
0 0.452161 0.270492 0.05246909999999995 0.04262290000000003
0 0.416975 0.632787 0.022839500000000016 0.04754099999999996
0 0.572531 0.10123 0.05 0.0368852
0 0.5670145743153114 0.5910827382419446 0.03526274863062291 0.07560727648388936
0 0.51821 0.619262 0.045061699999999934 0.041803299999999946
0 0.601543 0.278279 0.019135800000000005 0.04836069999999998
0 0.485494 0.388934 0.029012299999999974 0.0745902
0 0.200617 0.688525 0.028395099999999975 0.03934430000000009
0 0.4959062775258976 0.4684097357499529 0.03273689861643244 0.07505164212361035
0 0.4 0.520492 0.05061729999999996 0.04262289999999994
0 0.569753 0.153689 0.029629599999999933 0.07131149999999999
0 0.466049 0.413525 0.03333329999999994 0.07459019999999995
0 0.6614199999999999 0.385246 0.05493830000000007 0.03442619999999998
0 0.458025 0.304098 0.05061729999999996 0.05081970000000002
0 0.407407 0.559426 0.034567900000000006 0.05
0 0.46358 0.339754 0.04567900000000003 0.05819669999999996
0 0.569136 0.4766389999999999 0.029629599999999933 0.07950819999999999
0 0.539198 0.507377 0.029012299999999974 0.06721310000000004
0 0.521605 0.4381149999999999 0.023456799999999976 0.07950819999999999
0 0.269136 0.540984 0.024691400000000033 0.040983600000000016
0 0.513272 0.745082 0.05123460000000006 0.0393442999999999
0 0.531173 0.933197 0.027777799999999943 0.06475409999999981
0 0.580864 0.241393 0.05185190000000002 0.031967200000000036
0 0.541975 0.788525 0.025925900000000064 0.06721310000000004
0 0.65679 0.435246 0.03580250000000006 0.040983600000000016
0 0.7280860000000001 0.236885 0.025308600000000105 0.07377049999999997
0 0.46327199999999996 0.708197 0.05740740000000002 0.03770490000000005
0 0.442593 0.4467209999999999 0.04814809999999998 0.04590159999999991
0 0.516049 0.0381148 0.04074069999999996 0.0647541
0 0.6398149999999999 0.154508 0.030246899999999965 0.0647541
0 0.521914 0.573361 0.05 0.03852459999999998
0 0.607407 0.820902 0.05432099999999997 0.03360660000000008
0 0.477469 0.615574 0.04135800000000006 0.07213109999999993
0 0.56358 0.9077870000000001 0.04197530000000002 0.05327870000000016
0 0.580247 0.758607 0.03209880000000005 0.07131149999999994
0 0.348457 0.830328 0.03271610000000001 0.032786899999999966
0 0.41481500000000004 0.381557 0.03827160000000001 0.06639340000000002
0 0.501852 0.9643439999999999 0.03827160000000001 0.07131150000000012
0 0.677161 0.565164 0.04197529999999988 0.05819670000000005
0 0.491667 0.8323770000000001 0.04382720000000004 0.06803280000000006
0 0.433025 0.793033 0.03271610000000001 0.08442620000000008
0 0.4104940000000001 0.0401639 0.04197530000000002 0.0639344
0 0.665123 0.0954918 0.03765429999999991 0.06475410000000001
0 0.6462960000000001 0.838934 0.03580250000000006 0.06639340000000002
0 0.6151229999999999 0.032376999999999996 0.04135799999999999 0.0631148
0 0.339198 0.160656 0.047530900000000015 0.049180299999999975
0 0.362037 0.24385199999999999 0.05 0.06147540000000003
