0 0.26705451633769123 0.180717599619478 0.017308525186796715 0.05267170812784485
0 0.2849318760416667 0.2782713685185185 0.014642176822916634 0.04768971611111113
0 0.3334520078125 0.5053157462962963 0.016364783125000077 0.04354283101851856
0 0.24746494479166667 0.38920131944444447 0.01550345671874996 0.041469356851851824
0 0.3629547083407781 0.29172709482273546 0.024540841808027142 0.028034569336010406
0 0.40890832872797817 0.5421100081762948 0.017410630164289623 0.04041249440814517
0 0.33769331563346655 0.40093760655120625 0.01534601961848357 0.03976924161980959
0 0.27724390023859347 0.11117869846087414 0.016236673376979798 0.04597281039306652
0 0.26659111951056125 0.5641768972269814 0.01285208712471088 0.05126574786085198
0 0.2678490651041667 0.680782873148148 0.017226063020833286 0.03369384453703714
0 0.32855092939172426 0.5375799422502359 0.027808677637615218 0.023059035056027393
0 0.2631119791666667 0.4918378796296296 0.011771135312499995 0.0507999589814815
0 0.360422815093299 0.5543029232917698 0.019842789500901917 0.036800518231275545
0 0.268136034375 0.4000875805555555 0.026987529739583346 0.027991806388888825
0 0.24473757395833332 0.6266133842592593 0.014067959218750037 0.025918332222222194
0 0.22363533281250003 0.3892013194444444 0.023542317135416636 0.03732240851851851
0 0.2354066541666667 0.4788792194444444 0.022393881927083352 0.03006528055555546
0 0.2328230005208333 0.07273870814814815 0.01894866932291667 0.013995871574074064
0 0.26088005183325796 0.29334167871768396 0.026365846505170244 0.026185823743304845
0 0.2520530216093533 0.1681016920064081 0.015492640302039895 0.03366075808689028
0 0.2646910078125 0.14297728981481483 0.024690705833333364 0.026955037685185163
0 0.2265064208333333 0.5555971944444444 0.02411653473958335 0.03213875472222214
0 0.2168347206286553 0.1839713513146079 0.012453254263522803 0.04760404403745084
0 0.2846444416666667 0.6745625138888889 0.012345352916666623 0.04717139499999992
0 0.27172524322916664 0.6123582888888888 0.02325520833333329 0.03473055000000013
0 0.33980369534874577 0.2433721415892242 0.019566779049042006 0.04424276526709439
0 0.28895130625000004 0.3560258592592592 0.024977814635416706 0.020734678425925936
0 0.3798981489677787 0.4133536105360765 0.018376456382808944 0.03643073676665073
0 0.13153472294267501 0.1909037992853486 0.02139186435891231 0.029330554322518316
0 0.1922033122374188 0.17769804849960988 0.013036840309833793 0.04616435454556922
0 0.24287953977925714 0.33340115856152036 0.0206547900248192 0.040066000562144405
0 0.3457972677083333 0.48458100462962955 0.012919570520833309 0.054946844074073964
0 0.1372180484375 0.4804343092592593 0.014355068020833335 0.0321387547222222
0 0.25119740572916666 0.541342099074074 0.014929285624999978 0.022289768240740828
0 0.24746494479166667 0.6514954537037038 0.025839141041666677 0.018661204259259146
0 0.2783858726540988 0.16638475881492695 0.012932521945609565 0.0536031189724997
0 0.34536658125 0.21710365925925926 0.017800280625 0.023844858055555588
0 0.2630078769897496 0.45548135696179887 0.025552032239583335 0.027473422037037086
0 0.27560095625 0.4952073462962963 0.014355068020833351 0.02851019074074067
0 0.3058899348958333 0.44285223425925935 0.013493741614583322 0.03162037037037035
0 0.31435948177083334 0.3562851462962963 0.013780850416666605 0.048208100462962915
0 0.2941190786458333 0.6426828564814815 0.022680990729166635 0.02280815259259241
0 0.30990936510416667 0.47395466296296296 0.025552032239583394 0.029546896203703717
0 0.26418538029782146 0.2695445540412529 0.027790254842189673 0.02989327238045721
0 0.2509099713541667 0.2831952925925926 0.02296809953125004 0.025399947870370348
0 0.2618199197916667 0.6273912453703704 0.016077674322916645 0.027473422037037086
0 0.42693986559985314 0.6347885462469883 0.013532164949804758 0.03268681911524151
0 0.24694840181031666 0.5815948394932544 0.01655852520429919 0.04728700318799097
0 0.23377450377022696 0.13250933690772934 0.01511052300920399 0.04541488807471797
0 0.24961837708333331 0.13312817685185185 0.019809995729166672 0.0393958826851852
0 0.23354065625 0.40812168425925927 0.025552032239583303 0.021253062777777835
0 0.28105569791666674 0.4747318916666666 0.01837449822916663 0.029028511851851714
0 0.21843836111161694 0.5382271102244937 0.023340953173929733 0.03370384242138279
0 0.3161744808867037 0.17810761208146014 0.027534212487674382 0.023330109749143395
0 0.4180379649465324 0.4668987921943319 0.025352832857600482 0.020473803261812615
