0 0.455864 0.990984 0.019135800000000005 0.018032799999999967
0 0.538889 0.67459 0.029629599999999933 0.03442620000000007
0 0.476235 0.410246 0.029012299999999974 0.041803300000000036
0 0.41399801085693533 0.8830522093539055 0.05021824393609292 0.033221101446480265
0 0.507099 0.75 0.030246900000000035 0.027868900000000068
0 0.579938 0.372541 0.021604899999999955 0.04344259999999996
0 0.494753 0.383197 0.03888889999999997 0.056557400000000035
0 0.261728 0.505328 0.018518499999999976 0.07786879999999995
0 0.453086 0.0204918 0.04691359999999995 0.0409836
0 0.531971463362382 0.733727061740598 0.02617967327523596 0.04893917651880427
0 0.45092600000000005 0.661066 0.025308599999999966 0.06311480000000007
0 0.383642 0.738934 0.05 0.02704919999999995
0 0.47901199999999994 0.645492 0.030864199999999994 0.04344260000000006
0 0.598148 0.983607 0.029629599999999933 0.032786900000000146
0 0.6197711535584605 0.8671835879406407 0.05312290711692085 0.04748217588128134
0 0.431989783587509 0.9176229999999999 0.05185190000000002 0.031967200000000036
0 0.5755628917937545 0.833607 0.05679010000000006 0.040983600000000016
0 0.565123 0.79918 0.05246909999999995 0.03770490000000005
0 0.44662308720043575 0.8149708425265189 0.035584591249092176 0.06677871494696244
0 0.617901 0.803689 0.03703700000000002 0.040163900000000086
0 0.640123 0.97541 0.04691359999999995 0.0459016000000001
0 0.606173 0.931557 0.04567900000000003 0.0401638999999999
0 0.288889 0.5 0.023456799999999976 0.07213109999999993
0 0.355864 0.516393 0.027777799999999943 0.0754098000000001
0 0.66821 0.0471311 0.05 0.0418033
0 0.633025 0.707787 0.024074100000000005 0.04672130000000003
0 0.566975 0.9573770000000001 0.022839500000000016 0.08196720000000003
0 0.583333 0.893443 0.025925900000000064 0.08196720000000003
0 0.39872925121641245 0.7007230638862103 0.049455597567175 0.05429087222757962
0 0.416358 0.022950799999999997 0.03271610000000001 0.0442623
0 0.773148 0.203689 0.05987649999999997 0.033606599999999986
0 0.6719119668682652 0.09949779158770018 0.059872633736530484 0.035061083175400375
0 0.288889 0.55123 0.04938270000000004 0.040163900000000086
0 0.65463 0.515164 0.027777799999999943 0.07295080000000005
0 0.432407 0.357377 0.035185199999999965 0.06393439999999997
0 0.15679 0.743852 0.02098769999999999 0.07786879999999995
0 0.683951 0.723361 0.03703700000000009 0.06967210000000008
0 0.467901 0.8729510000000001 0.029629599999999933 0.07377050000000007
0 0.520988 0.617213 0.04074069999999996 0.0606557000000001
0 0.583333 0.0598361 0.04938270000000004 0.04262289999999999
0 0.7210322190894053 0.832960873607093 0.05176346182118935 0.034077752785813736
0 0.5792667445715323 0.5490837364271938 0.048874810856935264 0.06248762714561232
0 0.580247 0.116393 0.05679010000000006 0.0393443
0 0.525617 0.946721 0.04753090000000005 0.06065569999999991
0 0.574691 0.228279 0.04814809999999998 0.05819669999999998
0 0.527469 0.870492 0.035185199999999965 0.07377050000000007
0 0.507716 0.09836069999999998 0.05740740000000002 0.0327869
0 0.4035538428602013 0.18004358950061597 0.032113037893384724 0.04927508765280015
0 0.6576293068667796 0.9900353584056573 0.03792463487452593 0.01607200257152033
