0 0.5746239904577034 0.3459855726941653 0.024973689920280033 0.08729359738066372
0 0.31036504831857054 0.6350464378811874 0.026184071979551266 0.10565591835781195
0 0.6345233628941815 0.7703845516554456 0.025708919181796356 0.07563624235792928
0 0.44684049491553957 0.39710851102311034 0.05490433948186766 0.06981238112029463
0 0.3766095576913719 0.6535549124944618 0.02934222199630175 0.1026777289584667
0 0.2819962656938623 0.7053458752673845 0.035688119474962816 0.09107441127550997
0 0.5685465163376454 0.4000322406036988 0.045098139724969497 0.07147511081506881
0 0.3643913286837236 0.9452226533835455 0.024787514500057974 0.10955469323290909
0 0.5321805824070677 0.5262100907063596 0.03749390327760492 0.10350522862176616
0 0.6424961949701533 0.32953638650359957 0.055490018597657335 0.053033487459717005
0 0.46140249539823397 0.9349763089840957 0.05400640537980094 0.05406936221699391
0 0.31445422487546026 0.2711546911449844 0.025817461284383825 0.10371768446617459
0 0.5744477700033152 0.8362883943965665 0.04464166266288032 0.07448999287353322
0 0.5485748913477141 0.3209890763294456 0.03834735054286907 0.10439162509772178
0 0.47961252487963635 0.33600945404134813 0.041239117960855984 0.08085970001574144
0 0.553826074728983 0.7955329485514118 0.05431004298995058 0.05093780946186468
0 0.3188113414545323 0.4820808549736448 0.046576259150005586 0.07728183718318642
0 0.28764306968458236 0.47944741433770033 0.03612730255791862 0.08051498589762303
0 0.4762178413889561 0.5319002133674086 0.026906009889095136 0.06809237896062446
0 0.41927438325188615 0.9153227353605883 0.05650733560528127 0.053862135701275016
0 0.5265094486582927 0.2954544342192116 0.04073620188816266 0.09788279475589742
0 0.45704416611752147 0.22248043250221908 0.04312505323345602 0.06308558638999018
0 0.5193428946224122 0.04048352255966815 0.04903431708760315 0.08060936038720959
0 0.54763563787234 0.46918323445652155 0.035779959375000024 0.08617940333333336
0 0.5847993827160494 0.5927728392806709 0.04758230452674894 0.08225853370608845
0 0.3599822526319999 0.08699273333462061 0.027529323714173513 0.05765595868706562
0 0.48735369981888715 0.7365802405889496 0.04959420412165632 0.06224069014369531
0 0.4002568327601119 0.965398820142246 0.03264818142077696 0.058758732760577456
0 0.4324012785555465 0.10018952396448026 0.0348269380340156 0.09537939847058029
0 0.3869088225464034 0.8979753774557275 0.025055758113640064 0.0798121949033596
0 0.5032958853531647 0.4559147126731261 0.05440754596476385 0.05533990477532598
0 0.5134336307682652 0.993258489390494 0.04978869119664324 0.01348302121901194
0 0.648806186929113 0.37578297953968093 0.027840103304705485 0.04892944715374936
0 0.21242693135054255 0.8592226913948225 0.032177484723781076 0.06929173336277135
0 0.5677083333333334 0.4506806907407408 0.019621313281250014 0.0459623764814815
0 0.38861614797668037 0.7665036493118803 0.037270795824759874 0.09376001399851604
0 0.537471902041538 0.6310983548352876 0.04225012595807621 0.07120980514423957
0 0.5342858871723805 0.1324554841230478 0.05058058653100203 0.05176459926201823
0 0.403106417321158 0.2999605475327823 0.03960464072460243 0.09938483252708766
0 0.42777168572209356 0.8284806503562031 0.025987038631687297 0.11078770225055673
0 0.598455941608983 0.7217999509875742 0.053730649585343335 0.060284847155501906
0 0.4456656899728342 0.18330228063700688 0.0512974394147235 0.061333208990268104
