0 0.7425323300433239 0.42778666897357154 0.02540799374572462 0.047579912625978577
0 0.610494 0.0713115 0.04567900000000003 0.027868899999999995
0 0.6176614406119548 0.46652884026713054 0.026112414983568588 0.07118810316664703
0 0.5838581496476233 0.16517886772416537 0.037112010796221354 0.0761598194730205
0 0.5918553506272803 0.24897126169775002 0.03161393512270702 0.07416871308156897
0 0.4278376635341809 0.4646592855395155 0.026948590381426166 0.07753241986787372
0 0.407099 0.389754 0.04876539999999994 0.033606599999999986
0 0.6070149163392813 0.16379665148005576 0.034783082801019514 0.06963242213446605
0 0.6497638300968723 0.4216952576612528 0.03276329390899483 0.0826876022431331
0 0.429938 0.115164 0.03765430000000005 0.07131149999999999
0 0.6130465330434348 0.118766280608283 0.05695786608686949 0.03425346121656601
0 0.4686948176550707 0.18656321799130549 0.04851529796321286 0.04334665089599786
0 0.4633540760733743 0.01103404791929382 0.026708152146748623 0.02206809583858764
0 0.5622407157494876 0.17737439437180594 0.04460938671464986 0.06637021304838389
0 0.6067077853171238 0.042041063390063825 0.05942442936575263 0.03559007321987236
0 0.591358 0.0110656 0.04074069999999996 0.0204918
0 0.5020742740040985 0.10992566536138582 0.05797970710251414 0.037665095904957854
0 0.4728969860548808 0.2321298201367226 0.018118658469535656 0.03351695758943386
0 0.6748887889238766 0.2371075861153514 0.023241865347128545 0.03451251078515958
0 0.5893887262456701 0.46301428306698905 0.028923053770316995 0.0711409113987498
0 0.4585569149990787 0.44343355038536825 0.030693429998157284 0.08358800077073644
0 0.349640685461581 0.47368179593834103 0.037083103003501046 0.0487827257156839
0 0.5066178287132137 0.939469501282316 0.04548412678355293 0.033629303446296444
0 0.4246902433385814 0.05723934164399017 0.05605261173839161 0.033858742875157624
0 0.638838906382766 0.2012676710692241 0.05585545059229268 0.0325214043937081
0 0.362654 0.21803300000000003 0.025308599999999966 0.06885249999999998
0 0.493329906471485 0.029909747985664033 0.04223007559604141 0.04736839810181189
0 0.5036991648511255 0.5513199132111861 0.0331336238198983 0.037668756027000906
0 0.5118931706652672 0.2350269360838256 0.04287965866946578 0.05125782783234889
0 0.5773802528443911 0.544604332120533 0.0613776948618882 0.03209101732515627
0 0.420679 0.156557 0.04753090000000005 0.03278690000000001
0 0.3711765247834899 0.4435557866405676 0.04998157361341444 0.048171030095424526
0 0.6831494528702454 0.15179206952279814 0.05395400574049077 0.04784613904559634
0 0.6403219371100879 0.6567245250692317 0.03216117889495458 0.05425968032284047
0 0.529321 0.182377 0.05 0.041803299999999995
0 0.566667 0.697951 0.03827160000000001 0.03852459999999998
0 0.39050717221597436 0.0350053235514701 0.04644604443194882 0.0683712471029402
0 0.5020742740040985 0.15024556978827902 0.058479532163742735 0.050275436384150794
0 0.530556 0.703689 0.03271610000000001 0.06639339999999992
0 0.45662889257416617 0.3697700024467825 0.026718260549106348 0.08380229997553214
0 0.49036143028495344 0.8949338936320429 0.02730445617111053 0.07705151321348225
0 0.6611007490304054 0.6295946849078115 0.031086242117417156 0.05582419310453281
0 0.502469 0.688934 0.05061729999999996 0.05163929999999992
0 0.6683784551556956 0.12599745712318314 0.04895764005598042 0.055870934688391875
0 0.551235 0.520902 0.04567900000000003 0.0647541
0 0.5298145649022842 0.24980088936085484 0.05797970710251414 0.060562819406650294
0 0.525617 0.48278699999999997 0.06728400000000001 0.0393442999999999
0 0.2746057711556179 0.7231875906269409 0.03320401522869975 0.04239785143889627
0 0.33202731133222774 0.5299853922559333 0.05664742266445556 0.035576071372644937
0 0.5881964620432848 0.8759574620445343 0.033183724086569624 0.06994742408906882
0 0.47414654870795214 0.07093316519546028 0.04285999900034985 0.04330656401407049
0 0.653253014122949 0.7214157080797757 0.058925971754101976 0.034849621730793534
0 0.5187692360894975 0.8958419433347109 0.03432237092367806 0.07794921247187392
0 0.665316115029147 0.7836169229617893 0.05764726120222731 0.035363210491950535
0 0.5186347895736492 0.06430112944348576 0.05184922926975558 0.05391582699608415
0 0.393827 0.204508 0.03703699999999995 0.0647541
0 0.48835788995745405 0.5929248855708315 0.048319879914908194 0.0694568711416629
0 0.3716947669062096 0.4003547834597504 0.041804864566058614 0.07065084413995593
0 0.25868363619209706 0.1648560438965647 0.03273946474390553 0.0354235991654608
0 0.5691081370819933 0.9724514395922302 0.05684545423107522 0.05345777655324441
