0 0.44996757152215383 0.3333581655761602 0.0297700723751935 0.08174230288677525
0 0.4523840684029141 0.24546718415107457 0.03838939056842479 0.03794242020506287
0 0.485185 0.24098399999999998 0.029629599999999933 0.040983600000000016
0 0.6073858114674441 0.6093772403575013 0.032753842277651796 0.071691440042059
0 0.4404863149537769 0.845054691511926 0.025937439719735514 0.08014933813223528
0 0.4446863429928456 0.010208252790360889 0.05814727213497367 0.02071191937438452
0 0.4081632653061224 0.3111408497825359 0.039952488932080754 0.036323662954643184
0 0.7150607638888888 0.33619364754098363 0.029176311728395063 0.047387295081967214
0 0.41325674244203553 0.98932746335799 0.034181857864097234 0.022104213667866073
0 0.6101043997930389 0.28417390682383026 0.05323179358240641 0.05106622831572908
0 0.4636565504622316 0.8373087091620699 0.023479714007372383 0.06922532893714554
0 0.6150343735377749 0.6643406777230798 0.05956880106539975 0.04062514935716672
0 0.48008550364262964 0.14264612176330882 0.05627535662871353 0.040259514568730795
0 0.4719429053581555 0.19495881214881536 0.04173513235833008 0.0718964228842032
0 0.6118309121842691 0.08775994902392399 0.06020154430048424 0.0359149626368534
0 0.5138736463072023 0.19837641158112726 0.031887135689045935 0.07303805907142448
0 0.42254889603159596 0.7488392240003223 0.03058409137062943 0.045592615666911564
0 0.4658205997588454 0.35785880291545186 0.02901819651585488 0.078145606901496
0 0.4603047141664274 0.7837146216768333 0.056900381218298365 0.03607819088194165
0 0.3136200716845878 0.7815659315021619 0.031742685126619354 0.04354994245186176
0 0.547266937137373 0.13091583154723976 0.03708066134450117 0.04518334009152522
0 0.4106078618044585 0.8360985470165488 0.04824773669182605 0.059603076893792274
0 0.6969225916914481 0.6774261098480315 0.06060196449490851 0.04218020820868728
0 0.4967783452024167 0.03864190700052134 0.02812459040483366 0.07564441400104269
0 0.5333216312679188 0.8106401988967447 0.04622315838745541 0.06273793800015533
0 0.4083861202579194 0.800162115916889 0.05114873587424637 0.05857813957300794
0 0.5692657539962553 0.8410069405893092 0.039281375981510894 0.061051925673995706
0 0.592114806186337 0.2595985156036419 0.056201681623654826 0.04412175519523967
0 0.5319320109999415 0.7598477196799006 0.04636943420513718 0.04545101390723338
0 0.5198510482103128 0.2747477737748364 0.03738205486847268 0.0703271947315067
0 0.6089953321991013 0.03070150031860048 0.04885922435981328 0.060823727046283964
0 0.49879554351099065 0.9723443955751031 0.03302218207367259 0.044915367186458714
0 0.42562481180367356 0.9611488737838197 0.054702398875840615 0.03878448620551793
0 0.48203352403894406 0.742203118752499 0.04767640268995283 0.04564840730374521
0 0.5462872979879781 0.4959852793576447 0.03329374077673395 0.060937724035750124
0 0.5025438574571411 0.8735624217193692 0.05775237636182794 0.03750727527775608
0 0.4551105876194216 0.09094595377396744 0.05954717968852247 0.044604066500608226
0 0.2721890660858887 0.5721088739996474 0.03573603217177752 0.06061214799929485
0 0.3950833158574358 0.029179483958466083 0.026044160938795077 0.05981284463013381
0 0.5918331071036131 0.9259934769547677 0.03700471850559111 0.041841901982662445
0 0.753086 0.921721 0.03950619999999993 0.06311479999999989
0 0.5465806016255204 0.6232330249081236 0.05187696468789058 0.048741058180248695
0 0.5483569089011265 0.5624193471299527 0.05039052658100275 0.047077378960952064
0 0.18494279619934068 0.8269676422624667 0.03280330941762005 0.052356020942408286
0 0.23413646621531922 0.5590075797637934 0.04812159830080976 0.06389917151418996
0 0.6406340895869691 0.9263153377392498 0.040559756964643506 0.0660887477469746
0 0.4586376128778956 0.27839019869084164 0.03242594773807965 0.038712854080982434
