0 0.6231480000000001 0.40327899999999994 0.027777800000000016 0.05245899999999999
0 0.4608926613057325 0.2057405259945703 0.03478367127860345 0.07943552625039153
0 0.4700619999999999 0.00778689 0.017901199999999947 0.013934400000000001
0 0.4889753644373673 0.4559908177847969 0.03172136359990567 0.03821153556959386
0 0.5505425017850122 0.30916515914952486 0.05406165051505858 0.03949572325884935
0 0.698765 0.993443 0.027160500000000126 0.013114799999999885
0 0.420679 0.991803 0.015432099999999997 0.016393400000000106
0 0.42962999999999996 0.686475 0.04074069999999996 0.035245900000000004
0 0.5918691691220413 0.08624568747781143 0.04825040870095148 0.03570532504437716
0 0.5717033701659195 0.6767410666570952 0.029825940331839315 0.07807263331419013
0 0.494444 0.412705 0.05308640000000005 0.035245900000000004
0 0.5616299079205002 0.425091445465699 0.05075921380435636 0.05406687413072985
0 0.6373910508689156 0.48219437054401165 0.03527530173783131 0.038012846047822825
0 0.523457 0.473361 0.05555560000000003 0.031967200000000036
0 0.59784 0.9922130000000001 0.04135800000000006 0.013934400000000065
0 0.5864197530864198 0.5205179074866869 0.054651254226625756 0.036545891197661017
0 0.43113738065384916 0.19328845443510495 0.030317538692301686 0.08063559112979012
0 0.48456800000000005 0.193852 0.025925900000000064 0.06803279999999999
0 0.540741 0.383197 0.023456799999999976 0.07295079999999995
0 0.46697500000000003 0.46803300000000003 0.035185199999999965 0.07377049999999997
0 0.6031297186384367 0.13484387019682573 0.028308662723126498 0.07129575960634854
0 0.36901565863214597 0.17406260319515507 0.031103582735708128 0.04740473024955624
0 0.5562357681037194 0.24506094819097837 0.03874337296925375 0.07790566966168948
0 0.3897026724306047 0.1896755648350214 0.03787825513879066 0.0681889703299572
0 0.509259 0.322951 0.028395100000000045 0.07377049999999997
0 0.5245262506644648 0.22617460575336742 0.04724389867107028 0.037814388493265134
0 0.6830250000000001 0.9131149999999999 0.0561728000000001 0.03442620000000007
0 0.45120109035346384 0.5754021572621906 0.06179511929307231 0.0377208854756187
0 0.508025 0.920902 0.025925900000000064 0.05
0 0.684259 0.8762299999999998 0.04259259999999998 0.04262289999999994
0 0.4544584990347566 0.4049026055079879 0.05651470193048678 0.05904818898402426
0 0.473765 0.651639 0.03641980000000002 0.06229509999999996
0 0.669136 0.756148 0.027160500000000126 0.06639339999999992
0 0.44567899999999994 0.980738 0.039506200000000075 0.03852459999999998
0 0.46049399999999996 0.37582 0.05185190000000002 0.03852459999999998
0 0.541049 0.980738 0.04753090000000005 0.03688520000000012
0 0.546914 0.944672 0.05432099999999997 0.04180330000000013
0 0.69321 0.752049 0.029629600000000075 0.08114749999999991
0 0.564198 0.559016 0.06172839999999999 0.03442620000000007
0 0.583307974213651 0.38917730970815495 0.04449595157269796 0.038039280583690084
0 0.538889 0.898771 0.04691359999999995 0.045081999999999914
0 0.570988 0.12582 0.04197530000000002 0.041803299999999995
0 0.611728 0.840984 0.024691400000000033 0.06721309999999994
0 0.524383 0.634426 0.026543200000000024 0.06885250000000008
0 0.583025 0.0590164 0.05617279999999996 0.0360656
0 0.465432 0.291803 0.05308640000000005 0.05409839999999999
0 0.45123500000000005 0.255328 0.05308640000000005 0.035245900000000004
0 0.490741 0.679508 0.04074069999999996 0.0606557000000001
0 0.499691 0.261066 0.05123460000000006 0.05
0 0.3797317244416922 0.23553032111308345 0.06275825111661555 0.03877495777383317
0 0.3821793402767948 0.30183535287146285 0.03934491944641031 0.07010069425707421
0 0.455247 0.9450819999999999 0.029012299999999974 0.06229510000000014
0 0.628704 0.929098 0.05246910000000002 0.035245899999999816
0 0.264815 0.570492 0.05185190000000002 0.0393442999999999
0 0.4228512183828733 0.642419355620236 0.05306266323425335 0.049587588759528185
0 0.708025 0.584016 0.0506173000000001 0.041803299999999946
0 0.494136 0.884016 0.04259259999999998 0.06147540000000003
0 0.302778 0.205328 0.05370370000000001 0.03196719999999999
0 0.456481 0.06024589999999999 0.035185199999999965 0.07131150000000001
0 0.4339509999999999 0.32377 0.04197530000000002 0.06557380000000002
0 0.3718406938920343 0.9725826782082072 0.04738568778406848 0.0418869564164143
0 0.139198 0.47254099999999993 0.043827200000000004 0.06147540000000003
0 0.6453959267122749 0.5813407121227941 0.0247699929228591 0.04437715359715984
