0 0.534877 0.00614754 0.026543200000000024 0.012295100000000002
0 0.5950711659813015 0.465941198180145 0.04883474034780257 0.037087158674838895
0 0.5659199706818755 0.5822865658931233 0.0266840743031219 0.04896742601660632
0 0.615103166272757 0.3504589223689742 0.027877147760188722 0.04020237384128674
0 0.6252085418752086 0.7460124058484713 0.036425314203092043 0.026583961010190487
0 0.512037 0.24057400000000004 0.05 0.031967200000000036
0 0.5867561476099169 0.8990708893554296 0.057355266256265386 0.03819180774556668
0 0.3760558804418453 0.3827072409902435 0.05685510071474981 0.031691776730603256
0 0.6099157479878288 0.011776646037768637 0.02913242672206965 0.024526415970572903
0 0.5815795707411769 0.199630716774315 0.036945556855559857 0.06879162791229797
0 0.62963 0.818443 0.030864199999999994 0.040163900000000086
0 0.5585376998499549 0.44596755084754497 0.02730995963087344 0.07721879845769504
0 0.516358 0.8434429999999999 0.05617279999999996 0.032786900000000056
0 0.6206826866549088 0.5276639344262295 0.033619929453262754 0.050741608118657314
0 0.5383797732473934 0.03571078590916991 0.03195738272913667 0.048250628181660205
0 0.41956806943182967 0.8268191361057757 0.055000504591785286 0.03796846384062178
0 0.5401708494299856 0.7686457006129079 0.02706620114002904 0.06926599877418403
0 0.41597940720747734 0.4406152518749585 0.031488978857399944 0.07250945775535944
0 0.47440037676186636 0.840554786259883 0.02842533723550982 0.07884039844552643
0 0.5285607615844584 0.469108131846676 0.042966660252599986 0.05953939594755363
0 0.4999861595526767 0.6119054620304345 0.04691911642584291 0.06708079100198479
0 0.48154367633796685 0.2719164223479374 0.029231582548123292 0.07680554982037409
0 0.5685075349725167 0.06246450514829405 0.060908413019674625 0.04653597261484099
0 0.5746027303541997 0.3851633150266342 0.044624809528252006 0.06173349300078456
0 0.5613252141029919 0.7017981095849948 0.03128128128128132 0.07513661202185798
0 0.5533687330883573 0.6379881471146072 0.053756233823285086 0.042057305770785876
0 0.47987296873711127 0.4480813465259776 0.033132612939591355 0.06955347037131698
0 0.5186406851836304 0.36164767906222905 0.0256820296327395 0.084900841875542
0 0.520679 0.897951 0.030246900000000035 0.07786880000000013
0 0.5270469301893833 0.4262958192901681 0.046848159598221244 0.05356616061031513
0 0.5114315633512193 0.2049269513989457 0.05614847329756136 0.05244209720210857
0 0.4550383717050383 0.7408433023187121 0.03197642086530971 0.0716290060552355
0 0.6854836334592779 0.21847026724408472 0.024685312613116735 0.07014126755171984
0 0.5497686078371069 0.1728409412964143 0.03379538432578643 0.06415491740717141
0 0.539506 0.275 0.059259300000000036 0.041803300000000036
0 0.57037 0.790164 0.05185190000000002 0.04262289999999994
0 0.4477411107747166 0.9485415643007101 0.03733979210818447 0.06387635681422249
0 0.3521892337681811 0.41240791132939536 0.052856500224921325 0.05823986194995688
0 0.6024516860794834 0.13091583154723976 0.05365789818086637 0.03939060418235533
0 0.39775886998109217 0.6898907103825135 0.032254476698921127 0.07679810958499485
0 0.44082362692492255 0.1801540867751839 0.05540287047943108 0.04518334009152522
0 0.46935208348134694 0.9378535568935097 0.03783963303730607 0.07019498621298077
0 0.5007785563341118 0.7772116378673755 0.055611166722277866 0.043937380002953746
0 0.5190201980543558 0.09500086891038638 0.05474850586746931 0.04460406650060824
0 0.8322400511319675 0.8924822441595569 0.0272479564032697 0.08308393263947832
0 0.557407 0.844672 0.03333329999999994 0.06967209999999999
0 0.0731481 0.11393400000000001 0.020370400000000004 0.0622951
0 0.4556953814258605 0.020659820488906907 0.057941349001003326 0.03977866175056479
0 0.49908697865026397 0.030532076727683488 0.036594615748374984 0.062321121409951906
0 0.5747300433948935 0.9554652253540001 0.044067682578127654 0.05047572251753238
0 0.6875063073973156 0.8183320677178719 0.03380764961146432 0.06253629338455345
0 0.273539947546856 0.5591183215832838 0.033422887481609424 0.07474730315127842
0 0.24392448003559114 0.6199232018904149 0.04156934712490269 0.06276768571850531
0 0.7279577488478489 0.7622727475767187 0.04474047162512203 0.056282664046098205
0 0.6314966192350389 0.9494349399204898 0.055000504591785286 0.0603028543351052
