0 0.6398967901381618 0.8493595530652368 0.01228610860965702 0.03683080687121474
0 0.6912932514539513 0.9143886741793159 0.008874878741236002 0.020149994284557764
0 0.6431940614429643 0.7511500333658588 0.011854390934279735 0.035141388213199
0 0.6668550009815469 0.4916075593058157 0.02105054603091503 0.01924046504942059
0 0.6752591113858332 0.7619939399353791 0.007260515132146968 0.04337834953817437
0 0.6092249697105527 0.42011046419595754 0.013370039421105418 0.030160276540063185
0 0.6878003067367779 0.8995114574197757 0.01980833714372802 0.016748746317659564
0 0.6738494316116274 0.47130723813079145 0.010424391804446742 0.0216862868777368
0 0.6322623822650285 0.7766469823750888 0.017537172709938174 0.02312513760585249
0 0.6469312743816346 0.9269590781540482 0.009046307070064211 0.04238471184005164
0 0.6512184132748767 0.4587520194121017 0.013181811572074646 0.030817355036783917
0 0.5980744499841723 0.5634124982485638 0.017129629629629526 0.022007379384428587
0 0.6640116701936895 0.5940127378962488 0.017381508675415703 0.019580117383053847
0 0.6244088391261051 0.8646957586465593 0.009465235654528215 0.04047527381799238
0 0.6496657955450152 0.7908499724542516 0.010424025296868204 0.03520561701648938
0 0.6580413183581705 0.735401125653281 0.012342875724649835 0.03218799270079021
0 0.6504449906571275 0.6542547108888417 0.01513218165161625 0.03864398488739556
0 0.6310423200658352 0.7992358122342166 0.017984824868329596 0.020040772568603836
0 0.6740764434373162 0.8596196284812213 0.007667510625367532 0.020171688222742686
0 0.604537781978196 0.7395064411249915 0.01694029271027458 0.022292877750016964
0 0.6598582748317185 0.7908147772197489 0.00798291126433881 0.04156272480986824
0 0.6049334175209033 0.6539327648945615 0.010116415041806685 0.043201191801261876
0 0.6899567983030145 0.6015064867914894 0.0100881211010775 0.040437587561494216
0 0.6467123858497288 0.8809823943737517 0.01129869563320689 0.024458218283161758
0 0.6878022692173738 0.7012092243033498 0.012377757614085282 0.02528184469839874
0 0.6100925062528174 0.6139801781159019 0.009617342116360561 0.02657793053436916
0 0.69110011869447 0.4737530599591076 0.013585336416117736 0.03668732742474269
0 0.64878995 0.56146 0.013703689999999942 0.024918035555555523
0 0.6504473367318021 0.685160364698165 0.009353017703014407 0.02186288442281563
0 0.5972981225922382 0.6495368269451041 0.012006297315523658 0.037034846850532425
0 0.6162126330541379 0.4679646149654259 0.016342756183745522 0.019566574626529394
0 0.6406931402594191 0.4038025556692648 0.019032921810699578 0.019077410260866217
0 0.6619549338573794 0.5711431865053711 0.015382227924264432 0.023550108781830552
0 0.7024274596098156 0.8597759113090018 0.007895137936290316 0.04016281004744879
0 0.5915855824343272 0.6330811581820679 0.010131304975388626 0.026298960567859703
0 0.6747237354403874 0.5596829335272827 0.011096933211185345 0.04386173812113683
0 0.6895273681603413 0.8746446963052912 0.013534522176497532 0.0360610762553687
0 0.6109331830112406 0.9196263792611471 0.008608530006252835 0.04174202586992932
0 0.6548253187131715 0.6044966164887735 0.015716879240323795 0.02928896850393446
0 0.642071098329707 0.5416343006943988 0.016277005670123874 0.022889827792860307
0 0.5388355573710965 0.6631410050358941 0.01312152021302341 0.04440730026072359
0 0.6566787183347874 0.6449002429032334 0.01463596333624165 0.036481907923647396
0 0.70581109015394 0.9097657918999752 0.012547629934461213 0.04238458251815871
0 0.6139336889303775 0.79688522108565 0.01405428286294163 0.031182117928890588
0 0.636725145959662 0.6165890547327725 0.008675784146926683 0.03799176573317795
0 0.6284408376295642 0.5307276496402711 0.011745376563495214 0.03323705902789319
0 0.6257963481001614 0.6782237648063403 0.008205005162209743 0.025273492225933843
0 0.631748339549797 0.6430854578728644 0.016208247902397825 0.02152323208918237
0 0.6274440745466708 0.5692216386577158 0.01257652430601001 0.03391539601931773
0 0.6289175744174974 0.8915613962075603 0.009360508001661334 0.021562350933638817
0 0.6220815494900049 0.7546252718685282 0.009294510098969984 0.036939480272645105
