0 0.42082233906249994 0.4951024537037037 0.02079478843749989 0.025899340277777794
0 0.4617250197395632 0.25602665325768814 0.0476400241883806 0.03194303144758679
0 0.551310028125 0.8884030092592593 0.04678823187499995 0.039959020833333414
0 0.46943003281250006 0.7744462731481482 0.027553090468749986 0.05327869444444452
0 0.5988776203125 0.8240250231481481 0.02235435125000009 0.07103822916666658
0 0.6191542288732296 0.17951622478230686 0.024431486316040817 0.06218922271276189
0 0.5541692546875 0.11401223842592591 0.03587095531250005 0.048098826388888856
0 0.525576146875 0.770006412037037 0.024433796406250017 0.03699908333333336
0 0.5897167755745399 0.7284498644442685 0.03002543146157966 0.06535319935220345
0 0.4846017659124305 0.3175422666559479 0.026420461887558724 0.06895740236680918
0 0.497243275 0.36486592592592587 0.04574846718749998 0.033299138888888906
0 0.6490450453125 0.6763982870370371 0.017675578593750057 0.03773909027777767
0 0.45253490937499996 0.2897575231481482 0.04470870249999989 0.04439888194444443
0 0.5162186015625 0.3963150925925926 0.041069610312499866 0.028119270833333324
0 0.3913114794087881 0.5294211697248906 0.04910959725507595 0.03866158879095975
0 0.5287581653719736 0.28592802071690704 0.0461432375373026 0.033779939581962466
0 0.5367536593750001 0.07146323842592592 0.03951004749999996 0.03551915972222222
0 0.7007722015625 0.33896703703703707 0.029632535625000025 0.06141849999999994
0 0.558067740625 0.7729657175925927 0.04366902203125005 0.031079208333333372
0 0.44732319410352683 0.9096188273771508 0.04156446695705369 0.05228573181977231
0 0.45981309375000007 0.8362341898148147 0.04366902203125005 0.05253868749999979
0 0.546630834375 0.34821689814814816 0.03327162781249993 0.057718555555555474
0 0.5323347015625 0.19652043981481482 0.04418882015624988 0.05179868055555556
0 0.5580677406250001 0.38114571759259264 0.0259934434375 0.06733837499999998
0 0.4442166234375 0.23721946759259258 0.043669022031249935 0.044398881944444475
0 0.30099253281249994 0.5857503703703704 0.027553090468750104 0.04291895833333336
0 0.5567682453124999 0.22981939814814814 0.03483119062500002 0.05771855555555555
0 0.5679457578125001 0.2786578703703704 0.02391399828124996 0.06659836805555551
0 0.47878842031249996 0.6693683564814815 0.020274906093749934 0.03403914583333332
0 0.46969026875 0.07516318287037037 0.042629257343750025 0.041438944444444445
0 0.47852818437499994 0.8676833564814815 0.020794788437500007 0.05623863194444467
0 0.48241493156550974 0.42156375863461093 0.043277038491370885 0.038355076817440506
0 0.6246115015624999 0.3326764814814815 0.03327162781249993 0.03995902083333331
0 0.5367536593750001 0.4281343981481482 0.04574846718749998 0.03847900694444443
0 0.5411726171875001 0.4869630092592592 0.04418882015625005 0.04069902777777772
0 0.4941246546875 0.6427291898148149 0.04158949265625 0.047358819444444526
0 0.6225321406249998 0.5890807175925926 0.021834468906250137 0.06733837499999992
0 0.5827615203125002 0.3237967592592592 0.021314586562500064 0.06659836805555551
0 0.6047746657625734 0.11203441076777307 0.02615681488110321 0.0693025946836943
0 0.5671658921875 0.16581064814814814 0.042109375000000074 0.04069902777777777
0 0.40730607187499995 0.07775307175925926 0.034311308281249946 0.046618812500000016
0 0.5658663968750001 0.7089578703703704 0.03015241796874998 0.031819215277777785
0 0.4279415736878525 0.4594037166837829 0.04716125828650183 0.03964938939105135
