0 0.4771003416666666 0.7350537666666667 0.04975303666666662 0.0488045840740741
0 0.7253466624999999 0.8771294453703705 0.09432349333333327 0.06181920157407435
0 0.716536075 0.7719285824074074 0.05182613583333324 0.0835102307407409
0 0.9904250029166666 0.3061142768518519 0.01914999416666679 0.05639641120370366
0 0.6496817333333332 0.7480682518518517 0.08603143249999998 0.07700285583333347
0 0.8979280541666667 0.5219395870370369 0.043533907083333406 0.10411654305555564
0 0.5578170239903751 0.006643386203703727 0.09717115256408312 0.013286772407407454
0 0.9748774308333332 0.9735410854629629 0.05024513833333349 0.05291782907407436
0 0.9466440375 0.1765119157407408 0.043533907083333524 0.09652471592592586
0 0.7831368102869973 0.030373726878575664 0.09068803400933909 0.06074745375715133
0 0.6206590166666667 0.5398351657407409 0.08395833333333336 0.07700285583333347
0 0.6605644125000001 0.2941847731481481 0.039387876666666696 0.04772013185185181
0 0.6574545958333334 0.5870133361111111 0.03938787666666658 0.08459468296296309
0 0.816560675 0.44819127870370373 0.08810436374999994 0.0455509627777779
0 0.7512595624999998 0.4422252037037037 0.048716487083333364 0.055311958981481425
0 0.5434375 0.03877351666666666 0.0414609758333332 0.03795913564814812
0 0.8331458041666667 0.35491991944444445 0.05908181499999993 0.049889168611111104
0 0.6289507416666668 0.9324410074074074 0.050789586249999984 0.09218651009259239
0 0.6942518541666666 0.9860135099305555 0.0943234933333334 0.027972980138888784
0 0.4843560208333333 0.08974779907407406 0.09536004291666629 0.05314278990740741
0 0.7642160125 0.7816894462962962 0.04975303666666662 0.0835102307407407
0 0.8806720068851612 0.38104009760768087 0.058775856686989175 0.09525639265500874
0 0.30400008750000007 0.17163082222222223 0.05597216624999982 0.06290378611111104
0 0.80464195 0.6184645675925925 0.09328711166666678 0.058565580277777626
0 0.5961617673374194 0.650412820131155 0.08471687134150573 0.07492515538583797
0 0.6398334208333333 0.4492749370370371 0.05389923500000009 0.07591827129629615
0 0.6890682666666665 0.2551413175925926 0.08395833333333336 0.06724199194444451
0 0.7237917541666666 0.9362371194444444 0.08084868458333337 0.07158019777777777
