0 0.6136220966729442 0.6311276942007701 0.02555824589722897 0.04128130829992456
0 0.770042194092827 0.456941274123262 0.03484919518674784 0.04772774434529989
0 0.5790960451977402 0.6058230460842297 0.04379278390577827 0.04346445441193985
0 0.3900119777067236 0.164344 0.020987700000000026 0.03196719999999999
0 0.4873301078048672 0.2240565925109093 0.028981315609734406 0.048112785021818566
0 0.6006187785848802 0.6757829555829 0.029145368128418996 0.044059857897034864
0 0.5225216448487431 0.9887268023488668 0.028094137155113195 0.024133237929186552
0 0.569342027120886 0.5338425349124758 0.034304915357367106 0.040956219422061665
0 0.5279167053074463 0.7438764505656333 0.029868918025289234 0.07974600729567734
0 0.49188413595193253 0.712102568173699 0.026604489881326025 0.07383003215178825
0 0.45780042632560614 0.16769371388135393 0.058508748556710226 0.03995164524118409
0 0.4044739517028353 0.4115768275309495 0.05799311168349277 0.03503005558082813
0 0.4436074492571668 0.7978406700273886 0.0508175649418587 0.040487436986464474
0 0.4495859863091502 0.6769737625530902 0.058589663109437085 0.03175485253840351
0 0.5486661330560787 0.49663001709403415 0.060355014445640114 0.039423651065772274
0 0.3020652621858069 0.11144866508137752 0.029806770237143537 0.03509299888548175
0 0.5325016807857292 0.8572809222016037 0.04461311527665684 0.04148150097050765
0 0.5194950342316086 0.91155997956476 0.028776649021014542 0.07066005912951999
0 0.5831749039533076 0.4853046615339579 0.026242792093384714 0.057260376932084384
0 0.6647406183036004 0.2969918376491288 0.027690789965096045 0.07686068156381426
0 0.5939643347050754 0.31069476971116317 0.03174603174603176 0.07390059849076244
0 0.41017186250999194 0.07290069583677321 0.04096722621902475 0.07238471517867673
0 0.6075084229979374 0.5236017875917914 0.02642637284847399 0.08763546740761324
0 0.65624825428747 0.18739336844447743 0.04999720685995198 0.05656108597285069
0 0.5136131909044032 0.690267342205176 0.024625718191193656 0.08176121558964791
0 0.4282127163483096 0.7247052752748779 0.05320897976265205 0.05100623188981068
0 0.38832921399991116 0.1292044138548178 0.04790809493294257 0.05319594883240949
0 0.5391893103757511 0.4351407136903109 0.02974322183361733 0.0783947922041837
0 0.4270137808197886 0.21884044754982895 0.04059007758237841 0.07387707164170304
0 0.333951 0.9803280000000001 0.039506199999999964 0.03770489999999986
0 0.5813844463037695 0.39101512944270234 0.039700707392461114 0.06714914111459526
0 0.5105006432769297 0.01221129555596292 0.042383717193231654 0.02533386413345205
0 0.5579680393918333 0.6988340838854047 0.05944430563626588 0.03804810262176002
0 0.4338579365775254 0.053945158640601266 0.043024473155050674 0.07018541728120253
0 0.379321 0.662295 0.05864199999999994 0.036065599999999934
0 0.6892771353555668 0.1850752911505081 0.03952293167979442 0.05785920925747349
0 0.4919588676650824 0.9278370976064781 0.028248587570621417 0.07383003215178816
0 0.3824738590549782 0.4426289571677084 0.048631881890043534 0.05408678566458311
0 0.31765628061924356 0.3955243299505595 0.02704291593180481 0.053083528493364555
0 0.38235169903854693 0.09046762425993632 0.027071281548094853 0.060638043660809056
0 0.344444 0.922951 0.05308640000000005 0.04754099999999996
0 0.5042507691505144 0.5119100154649244 0.05836839862540546 0.03957059344993906
0 0.3094191313615774 0.07872390612100483 0.059507949196198576 0.038035145653968636
0 0.6951716114019778 0.3461076302463308 0.03878223773511724 0.06608874774697454
0 0.4105472030464517 0.1788505071529661 0.039053372253308585 0.063149770055431
0 0.4226016258483307 0.2948695180340668 0.04608371872699947 0.05155121042319784
0 0.5054414431949302 0.8339637613533522 0.047740567315337906 0.059941177293295615
0 0.5185739443635862 0.12624013610878332 0.05936928872717241 0.04920097221756666
0 0.47539745980992987 0.36995813185517157 0.05262456701305622 0.044964028776978436
0 0.344136 0.880328 0.054938299999999926 0.03770489999999986
0 0.3560650597687635 0.3598750975800156 0.05722124240642763 0.04319542024460058
0 0.4839663945095255 0.08301471743570943 0.0441762316096715 0.057612737652542816
0 0.6606326922711103 0.0367526333072318 0.027438224048393557 0.0735052666144636
0 0.44438909729770126 0.9364405599333149 0.027569932257196648 0.07833501579010023
0 0.3708488850607714 0.26623459143474393 0.05024404249210452 0.057821832507307144
0 0.6036827788240218 0.8502361767157545 0.05021971123666043 0.05517405628547609
0 0.447839 0.57623 0.05246909999999995 0.05081969999999993
0 0.566358 0.056967199999999996 0.04135800000000006 0.06967210000000001
0 0.9055571104269676 0.8254531940372466 0.054731473707124535 0.045835570054094325
