0 0.5190972125 0.562170037037037 0.03354167250000006 0.023823632407407383
0 0.49868048749999994 0.42477627777777777 0.04229166375000002 0.01794931481481483
0 0.6236110625 0.45218957407407406 0.029652761250000027 0.023823632407407383
0 0.49211825 0.40095268518518523 0.035972212499999996 0.020560091666666676
0 0.5910416374999999 0.45104728703703706 0.024791681250000034 0.020233769444444424
0 0.53781215 0.5987212314814814 0.021388893750000016 0.025781724999999853
0 0.2665625 0.5146856944444445 0.03208330125000008 0.026108087037036924
0 0.46781285 0.552379175925926 0.02333330999999994 0.018601999074074047
0 0.5519099749999999 0.46703850925925927 0.021388893750000075 0.016970228703703617
0 0.5161803125 0.26763811296296297 0.03743058375000003 0.011095950925925937
0 0.5959028749999999 0.428692462962963 0.03451392000000008 0.023170908333333344
0 0.4647111864771748 0.42529852256628214 0.021479328165374827 0.02023881805302568
0 0.6245836249999999 0.2865664740740741 0.03645833625000006 0.020233769444444424
0 0.5878821875 0.4879249629629629 0.02819446875000011 0.028066179629629606
0 0.5438884999999999 0.5424254722222223 0.022847186249999988 0.015664860185185182
0 0.43013884999999996 0.4812348796296297 0.04229166374999984 0.020560091666666624
0 0.41391448260793506 0.45761740064637724 0.032181355396748636 0.030484688689030554
0 0.46222238749999994 0.6465316574074074 0.01993052250000004 0.025455362962962993
0 0.5606598875000001 0.5070165648148148 0.039861123750000026 0.02251822407407413
0 0.62409695 0.6248293981481482 0.03062500874999993 0.028392541666666677
0 0.4539583624999999 0.46295908333333335 0.041319416250000116 0.01990740740740741
0 0.4906597999999999 0.4880882037037037 0.02722222124999997 0.019254723148148294
0 0.567222125 0.570818212962963 0.03937500000000007 0.02153917777777784
0 0.39124973749999997 0.6209132129629629 0.032569425000000034 0.02317090833333324
0 0.5543402000000001 0.5213761759259258 0.025277804999999987 0.01533849814814811
0 0.4894446875 0.3546106296296296 0.04229166375000002 0.014685774074074126
0 0.6923960375 0.3218123796296296 0.022361141250000098 0.012401319444444425
0 0.4675695125 0.2837924962962963 0.047152743749999955 0.015991182407407434
0 0.5999952014623707 0.3725359870509512 0.03880966167474161 0.019955600898097555
0 0.7577774374999999 0.29619385555555555 0.022847186249999988 0.013380405555555534
0 0.5091321875 0.594968287037037 0.03208330124999996 0.01762295277777776
0 0.5502081874999999 0.2697594064814815 0.04520832750000008 0.014685774074074074
0 0.59687465 0.5593957407407407 0.021875017500000028 0.029371587962962967
0 0.7325002625 0.3138167685185185 0.020902770000000005 0.03165604259259256
0 0.47996555 0.39083574074074073 0.03986112375000008 0.01990740740740741
0 0.42187482499999995 0.5135434074074074 0.0432639112500001 0.021865499999999986
0 0.6267705124999999 0.4042159074074074 0.018472229999999947 0.025129040740740793
0 0.5706249124999999 0.4701388888888889 0.03451391999999996 0.017296590740740844
0 0.6744095375000001 0.5546637500000001 0.036944459999999894 0.017296590740740688
0 0.5961462125 0.3113693518518519 0.03208330124999996 0.024149954629629634
0 0.39027796249999996 0.5078323703703704 0.03937499999999995 0.014359451851851822
0 0.70284695 0.30598439814814815 0.017013858750000093 0.029045225925925896
0 0.5091321875000001 0.4725867037037037 0.04861111499999999 0.015012136111111145
0 0.5395139375 0.34530949074074074 0.022847186249999988 0.030676996296296274
0 0.6117016999999999 0.41922808333333333 0.026249973749999947 0.02773981759259264
0 0.5925000874999999 0.2738387925925926 0.022847186249999988 0.025455362962962993
0 0.4347567500000001 0.5473207037037037 0.04180553999999989 0.019581045370370337
0 0.4789929875000001 0.5300243518518518 0.01847223000000001 0.031329680555555545
0 0.5006248249999999 0.3673382314814815 0.03354167250000006 0.023170908333333292
0 0.5925621918289729 0.34815065450313704 0.028804879907945728 0.01520436506780006
0 0.5057294 0.53916225 0.03499996499999997 0.02610808703703703
0 0.45493092500000004 0.49282019444444447 0.029652761250000086 0.026108087037036924
0 0.5412149375 0.449439631198138 0.03694445999999996 0.01990740740740741
0 0.46829873749999995 0.44957891666666666 0.026249973749999888 0.01925472314814819
0 0.47826376249999997 0.5797928703703703 0.02187501749999997 0.030350634259259254
0 0.43281241249999997 0.6447368055555556 0.03208330124999984 0.027739817592592537
0 0.48239577499999997 0.5050584722222222 0.04083337124999993 0.014033089814814857
0 0.40875035 0.6524059351851851 0.044236080000000184 0.012401319444444425
0 0.6265279625000001 0.4779712592592592 0.02381943375000001 0.029045225925925896
0 0.5387847125 0.4030736203703704 0.03888887625000006 0.01827563703703703
0 0.5679871002691645 0.49243686308439577 0.032569425000000034 0.02773981759259264
0 0.5037850625 0.44615205555555554 0.03791662874999998 0.02610808703703703
0 0.35138885 0.5882778055555555 0.031597256249999955 0.02251822407407413
0 0.5227433375 0.3890404907407407 0.024305557500000022 0.028718863888888876
0 0.30107626249999997 0.3756603240740741 0.039861123750000026 0.012401319444444479
0 0.47364586249999996 0.26943304444444444 0.045694451250000094 0.013380405555555534
0 0.59862710907219 0.5174002990184173 0.0302409368943799 0.0278586834446468
