0 0.6266361888995932 0.5479601407324931 0.0522447605865981 0.03840109260873689
0 0.5300294878666238 0.49088903324883915 0.055277701202454906 0.034180227020752296
0 0.5033930242756727 0.1726973585615465 0.026540148551345125 0.07818151712309294
0 0.577778 0.495492 0.030864199999999994 0.03852459999999998
0 0.539877104672447 0.10571391620155406 0.03777950934489402 0.06716593240310813
0 0.5423694974220367 0.6229674825523548 0.06568525902733166 0.03490492625319814
0 0.838166142449868 0.634854823678101 0.030654084899735867 0.04839894735620201
0 0.539815 0.720492 0.030246900000000035 0.06885250000000008
0 0.633642 0.504098 0.05123459999999999 0.03442620000000007
0 0.533951 0.833197 0.027160499999999983 0.07786879999999995
0 0.4820112571005495 0.6139488479839855 0.03933151420109893 0.04756899596797124
0 0.589198 0.664754 0.05 0.04426229999999999
0 0.568519 0.45614799999999994 0.05679010000000006 0.040163900000000086
0 0.4453044688788982 0.7202478992940397 0.06136423001498608 0.05670878778546383
0 0.557407 0.679508 0.03827160000000001 0.0606557000000001
0 0.5475272960822094 0.3880413152658012 0.06101477199743092 0.03790391357907705
0 0.229012 0.67623 0.030864199999999994 0.032786899999999966
0 0.6675051996931421 0.5491730606391548 0.04156849164347396 0.07193721047569414
0 0.397531 0.782377 0.034567900000000006 0.06311480000000007
0 0.6428211211089703 0.0831232878067848 0.028851442217940552 0.07444327561356961
0 0.6046029005548419 0.3921088253032313 0.030300498890316118 0.08299524939353739
0 0.6521120863073573 0.8091299928882782 0.05594138793620209 0.0646737771344642
0 0.7434168272318562 0.583246470198048 0.05530578748305134 0.04264190277646168
0 0.437346 0.648771 0.045061699999999934 0.056557399999999945
0 0.494753 0.105738 0.05987649999999997 0.04262289999999999
0 0.4672839999999999 0.578279 0.04567900000000003 0.06639339999999992
0 0.544444 0.773771 0.05555560000000003 0.04754099999999996
0 0.565432 0.883607 0.05555560000000003 0.04262289999999994
0 0.3443054910333262 0.5584196248365394 0.0378572973881396 0.07239603887046336
0 0.680247 0.37582 0.04197529999999988 0.06803279999999996
0 0.590432 0.777869 0.05370370000000001 0.0540983999999999
0 0.39012300000000005 0.0770492 0.03580250000000006 0.0770492
0 0.47032201871476487 0.2976309316308159 0.046296660493827156 0.05668545029849332
0 0.5821095811978163 0.960155773287217 0.04537193158852493 0.05922034009286462
0 0.707716 0.8536890000000001 0.03271610000000001 0.06803279999999996
0 0.458491982675016 0.8910263587060552 0.04350933464996786 0.08680018258788982
0 0.5266538214515093 0.538235572822894 0.026404053379005213 0.04548469629489251
