0 0.5688259575820729 0.11661460488772335 0.037655884835854005 0.04873709022455325
0 0.549383 0.515164 0.059259300000000036 0.03688519999999993
0 0.5514635131012234 0.9923595672390771 0.03287507379755321 0.01787691209109127
0 0.5850805344086922 0.9919886748720422 0.02860473118261547 0.01787691209109127
0 0.649691 0.20123 0.035185199999999965 0.03852460000000002
0 0.48964028629669326 0.35416563694191133 0.029413008447461437 0.044396573883822704
0 0.5623039974594102 0.24603341942965581 0.053193600889206445 0.049812872278741246
0 0.568122943157908 0.5462861636710203 0.03798789572084061 0.03982071133571212
0 0.5208326307273337 0.9116496149043098 0.057714661454667325 0.039693129808619394
0 0.550291081831318 0.6154045733581311 0.05918484574238856 0.04825957927424519
0 0.51206480066492 0.36286433996889994 0.03061217152554487 0.07022303583891203
0 0.5329028421255101 0.6352785062030835 0.06685332657363048 0.05034378538559924
0 0.4629393731244064 0.9293670777038053 0.03328554624881297 0.035784055407610656
0 0.697142355693816 0.9336772384021956 0.048651437430869804 0.05646423100660189
0 0.30419308197085976 0.5062767685718506 0.0255811366922478 0.036036036036036
0 0.4650229978841964 0.9799346979434018 0.028141074255628142 0.04235585831540679
0 0.5099635873976475 0.5675633858383545 0.029582293605343857 0.06728343467196275
0 0.609568 0.21721300000000002 0.03271610000000001 0.05901639999999998
0 0.5142709697907983 0.24418849823414684 0.028184669127863146 0.07089768594170046
0 0.5975538947481244 0.4007486764588056 0.04739945515461876 0.04505791565020296
0 0.6230949825309908 0.6566616361160669 0.027164155656957425 0.07961441922105895
0 0.5906090562583973 0.6454798641666947 0.03382992662433133 0.05990033831756826
0 0.6018003152554484 0.17208370671024195 0.05318976948910332 0.05583258657951609
0 0.646750208714597 0.9246845882093316 0.03547561742919391 0.06740257641866332
0 0.5904886665872733 0.34276000210848134 0.04446032313127704 0.061936640134942794
0 0.6879725352494274 0.9007084867980863 0.04166206954918728 0.06638248060603791
0 0.5471815898773371 0.3926532946655422 0.05565071409630428 0.04754355035580625
0 0.5773569599716075 0.5930420439627024 0.05348949223008089 0.05099808126030903
0 0.538348920326704 0.3211545788295293 0.040764745190742635 0.06139649834220651
0 0.49137505351216704 0.3103405824811555 0.054243894488110754 0.04928271469611509
0 0.49034147083428403 0.5121688490928064 0.052855730473800336 0.056215706735786186
0 0.5961163079575126 0.4985356986568822 0.040560752401957084 0.059581916719964996
0 0.29986886948968144 0.9102558470239362 0.0319762260679356 0.03781733055749887
0 0.27306241426611794 0.6090619307832422 0.03103566529492455 0.07285974499089255
0 0.4330494080665196 0.520668529302858 0.03637792481050526 0.07489817214797859
0 0.4795596779802805 0.8285733791039239 0.03347274403943912 0.06416404179215181
0 0.372222 0.285246 0.028395100000000045 0.06557380000000002
0 0.5362130607228646 0.825328239744826 0.056002457963242276 0.03542022105185074
0 0.16883669100612886 0.7046065184377557 0.03328348142283216 0.07865737315525097
0 0.6064297525263952 0.9517487427564719 0.043930394947209676 0.06535491448705577
0 0.4413885833027747 0.0611102093815939 0.03691480259137025 0.05567278039279337
0 0.250617 0.156148 0.04197530000000002 0.058196700000000004
0 0.5059953862144142 0.7213787996095197 0.04334930412959157 0.06631433668832262
0 0.299691 0.193033 0.04135800000000003 0.06311479999999997
