0 0.37983888203333793 0.642337297424052 0.04291479896250886 0.019156306633377296
0 0.47743372916666665 0.4419156140740741 0.04555042187499989 0.019890686666666692
0 0.6011446197916667 0.7039376074074074 0.023810474479166642 0.02218580000000006
0 0.3447615725157958 0.45070981269966115 0.03448725184340849 0.020648283917840772
0 0.45128735719388496 0.6481294369864335 0.042949321679436755 0.020577747508614436
0 0.5281604687500001 0.5891833407407407 0.021739947395833365 0.037486353333333285
0 0.645872078453097 0.42980594087151464 0.04733774313249626 0.020269954696184214
0 0.4554354270833334 0.45874627407407403 0.04399752656249992 0.01759562000000001
0 0.5294713375852772 0.5038283960675644 0.047069235246112485 0.015192003986980803
0 0.5390304843750001 0.5627900740740741 0.038303744791666657 0.026010926666666656
0 0.2639158645833332 0.4719431407407408 0.02225757916666661 0.017978146666666712
0 0.5025379895833334 0.5356314740740741 0.0346804062500001 0.03136611333333332
0 0.4981381614583333 0.48915614074074076 0.03209233125000009 0.030983586666666722
0 0.5245929200183871 0.7984146397035335 0.0350856198590592 0.026768731258918824
0 0.6415187239583333 0.8536914074074075 0.023810474479166763 0.02409834000000004
0 0.5830279270833334 0.45109574074074077 0.025880917708333347 0.03519124000000002
0 0.3976610764910427 0.5615863790081175 0.021621537877918467 0.03606843013191321
0 0.7201965729166666 0.8506314740740741 0.01759906093750002 0.029453573333333233
0 0.4538824479166667 0.7921068074074074 0.020187135937499788 0.019508206666666677
0 0.6521296302083334 0.4063418474074074 0.02639854947916665 0.013005486666666696
0 0.5762986302083334 0.4105495007407407 0.026916181250000074 0.02218580000000001
0 0.515270820684072 0.6655975130622751 0.047519058220333164 0.01731294166586868
0 0.29212608333333334 0.714648074074074 0.04865612864583338 0.016830613333333293
0 0.513149734375 0.4080631474074074 0.02484565416666656 0.01721309333333336
0 0.4590579270833333 0.7261234074074073 0.03985664010416675 0.02677593333333332
0 0.5162548541666666 0.5472981407407408 0.041409451562500026 0.02715845999999997
0 0.49669021211602465 0.5682183678344133 0.0474113924346175 0.015797828914568973
0 0.47189263028781286 0.5560185820770005 0.0473152477577076 0.013233322672519315
0 0.3777923385416667 0.6660685407407407 0.049173760416666566 0.015300553333333326
0 0.4678575833333333 0.4239374674074074 0.04399752656249992 0.016065559999999993
0 0.5418773333333334 0.809702474074074 0.024328022395833315 0.017978146666666712
0 0.39125009374999997 0.8536914074074075 0.024328022395833315 0.02409834000000004
0 0.5902746041666667 0.6268610740740742 0.026916181250000074 0.029453573333333337
0 0.6976800520833334 0.8502488074074074 0.02018713593749991 0.030983586666666563
0 0.5245371302083334 0.41666969407407406 0.03726848124999999 0.02907104666666669
0 0.5605114062500001 0.6291561407407408 0.03882137656250002 0.021803273333333307
0 0.454399828125 0.6748666074074073 0.049173760416666566 0.019890686666666692
0 0.5775933385416666 0.785986474074074 0.029504256250000083 0.029453573333333337
