0 0.8137983750000001 0.8828190777777778 0.05461676250000001 0.025194291481481335
0 0.7384811979166668 0.26262901777777775 0.044926723958333525 0.04804491962962966
0 0.2906813389562978 0.6407462609269834 0.07605051957926215 0.022669864446559405
0 0.51120390625 0.922660711111111 0.07487777812499997 0.03808440407407419
0 0.715090022375934 0.5553846981606656 0.0493312739583331 0.0486308533333333
0 0.5187381955285161 0.48578719362639805 0.0819713616068339 0.022292481619402758
0 0.40620423640637493 0.703548674663333 0.07546227543681626 0.03146421744560699
0 0.5799151145833333 0.905376488888889 0.06959228958333318 0.02695202111111091
0 0.5010487468775903 0.9393441380140037 0.05642874081272069 0.016436192703018812
0 0.18614714583333333 0.25237549962962963 0.059021312499999944 0.034568944814814824
0 0.6697685624999999 0.5520706888888889 0.048450335416666705 0.02578022518518508
0 0.5838211991647804 0.8015765818804044 0.049214853537893906 0.03145348857562379
0 0.32341659169153364 0.5860296568168896 0.03479475676086826 0.054351480658298805
0 0.3521997083333333 0.8297934 0.06518773958333336 0.04452946037037041
0 0.3944306923949069 0.4891180523248863 0.05295902146018617 0.0239558823872645
0 0.6142721458333333 0.5300987111111111 0.05902131250000018 0.03574074074074076
0 0.33370042708333336 0.9150443592592592 0.035236685416666684 0.05683363925925931
0 0.4446946875000001 0.9355509666666666 0.07752059374999996 0.024022495555555606
0 0.20611540319272878 0.9402256645393319 0.0848640949271242 0.014623156486071256
0 0.5560388780852008 0.513354467586334 0.06959228958333329 0.0404280674074073
0 0.43456524999999996 0.2819641866666666 0.04668860104166666 0.033983011111111135
0 0.5664536185093761 0.5930747914684247 0.04971537868541951 0.026932367010923136
0 0.39007844650205764 0.6198698193181917 0.06679929007469822 0.036098953432493815
0 0.7036846250000001 0.26116421925925926 0.04756939687499996 0.04980264925925929
0 0.28239815034737453 0.5873251731100565 0.04669238487075304 0.052315816586311015
0 0.3786264375 0.4577380074074074 0.04228390833333329 0.035154807037037016
0 0.6032593437500001 0.5532422703703704 0.06694961666666661 0.041013929629629596
0 0.450454836460238 0.7580273715462338 0.043098605204524056 0.04861401357419913
0 0.5067999270833334 0.4255127259259259 0.05373582395833339 0.04335759296296292
0 0.5235367604166667 0.2444657162962963 0.08368702083333315 0.021092898518518543
0 0.5609762916666665 0.7814554777777778 0.07047322812499993 0.033397077407407334
0 0.5819492107829809 0.2753413989697626 0.08314472322570493 0.028479279838252526
0 0.37862643749999997 0.8951231851851851 0.05990225104166669 0.048630853333333404
0 0.6078023825892771 0.872423651217063 0.07556669689700234 0.026935372945784186
0 0.49534758333333334 0.6121265703703703 0.04492672395833329 0.0486308533333333
0 0.4526235625000001 0.5737495925925925 0.07575871666666671 0.0445294603703703
0 0.5006438219891257 0.7338550407449923 0.034376533561584446 0.031942021860355135
0 0.29009446875000006 0.3560820481481482 0.08544875520833332 0.02285062814814817
0 0.4319222916666667 0.4559802777777778 0.060783189583333314 0.04335759296296302
0 0.5080289405852007 0.790830274074074 0.04933127395833334 0.05566177185185182
0 0.668572873324883 0.7655816920783515 0.04253477477476591 0.051793996345545816
0 0.2412040208333333 0.34143477777777775 0.07752059374999991 0.026366087407407375
0 0.5712984237177096 0.46750463995895886 0.042530741646554064 0.050926947662315813
0 0.5755111354166668 0.7495232703703704 0.07311604375000004 0.02929568444444444
