0 0.6225644484374999 0.12153915703703703 0.04644640848958351 0.04822102185185185
0 0.3833332395833334 0.6786189037037037 0.022268800572916685 0.04568306518518507
0 0.4832253260416666 0.8321642370370371 0.05408143171874992 0.02918638555555533
0 0.5271261427083334 0.4105477629629629 0.03372143848958332 0.03743476407407413
0 0.7281972353174618 0.249518522423306 0.06041484457340959 0.027543250031797164
0 0.49722262812500007 0.7398466148148148 0.03626641187499988 0.026013997777777655
0 0.9825932254166666 0.44417586296296296 0.03481354916666663 0.0577383399999999
0 0.40401172812499997 0.8178887629629629 0.03817511614583336 0.05139340962962967
0 0.3219347645833334 0.577100637037037 0.029267657760416673 0.024110472222222224
0 0.3941482778742412 0.31076502408374984 0.04517694357443401 0.05486376853787005
0 0.36901744218749993 0.5694868444444443 0.03181263114583347 0.04441404814814815
0 0.2808973135416666 0.635473562962963 0.05535396994791668 0.02664842888888904
0 0.3349903424561722 0.3227769676410003 0.04901560699567741 0.04674193471799939
0 0.49754112343750007 0.4749484037037038 0.05471770083333342 0.03172434222222225
0 0.6656077978632722 0.8262062083925966 0.030064098264445012 0.06007204206971163
0 0.4374145682291667 0.1697604111111111 0.05280899656250012 0.02664842888888888
0 0.36042837604166655 0.8153505740740741 0.038811385260416505 0.028551877037037134
0 0.5404874848958333 0.5174590037037037 0.04135646171875003 0.05075897851851829
0 0.4857701963541667 0.4241892703703703 0.04771894671875003 0.045683065185185175
0 0.603476375 0.19260178888888888 0.04390143510416659 0.05202791814814815
0 0.5245812723958333 0.6935291185185185 0.029903823802083215 0.03108983370370374
0 0.4526848208333334 0.09933213296296296 0.037538950104166705 0.01776561925925927
0 0.5137648005208334 0.09996664148148147 0.02481387703124997 0.019034636296296297
0 0.3451581234375001 0.8451717777777779 0.04008392348958338 0.03743476407407408
0 0.6333809203125 0.7176399777777778 0.042628896875000065 0.04251060000000006
0 0.3451581234375001 0.4448106037037037 0.029903823802083215 0.024744980740740788
0 0.46737144715361045 0.7026975211705111 0.03361553439069578 0.05704089604472592
0 0.42623233454822185 0.724831140660457 0.04444110977352681 0.03954896312353061
0 0.4081835554597587 0.35605739679773935 0.04128409939298277 0.04366506753361713
0 0.7223338360509141 0.448286573172521 0.036022457205994604 0.05840019365495782
0 0.2872589739583333 0.18022898888888889 0.040083923489583624 0.02728293740740742
0 0.47645702371683263 0.5999182414188946 0.02782026936074876 0.06095881642146992
0 0.5234174020426953 0.8495587949699871 0.023758880699973933 0.027391170800766383
0 0.4298010534262268 0.6666264793043937 0.055396162217037075 0.03921165990973087
0 0.6403795713541667 0.6776667925925925 0.028631388645833176 0.027282937407407445
0 0.5255357276041667 0.7956813518518517 0.03563014276041662 0.05393136629629617
0 0.425644671875 0.3049060037037037 0.03181263114583335 0.050758978518518495
0 0.5818444619791667 0.4425897851851852 0.022268800572916685 0.057103831481481446
0 0.5124928807291665 0.25033997407407405 0.04517397333333329 0.03806919518518515
0 0.4078295489583333 0.4118172444444445 0.030540092916666595 0.05520038333333325
0 0.6359257906250001 0.21576053703703701 0.02481387703124997 0.06281417592592588
0 0.48207044435277074 0.8517660202311541 0.05813458726521213 0.02297676342354504
0 0.518855571875 0.4473480185185185 0.048991484947916795 0.03489680740740737
0 0.4285070067708333 0.4489340962962963 0.03881138526041674 0.030455402592592565
0 0.2818507380208334 0.4400515962962963 0.057262777291666705 0.03299328185185183
0 0.6400610760416666 0.6516532592592593 0.05344526567708338 0.026013997777777863
0 0.5827989171875 0.3318716481481481 0.0547177008333333 0.03743476407407403
0 0.5589395984375 0.27571954074074073 0.056626508177083326 0.02664842888888888
0 0.3448406588541667 0.6808397222222222 0.05599023906249994 0.03616574703703706
0 0.35222647928197237 0.7121968252705049 0.05963587647395604 0.03202819357021375
0 0.6308360499999999 0.5104799518518519 0.056626508177083326 0.031724342222222146
0 0.6426059463541667 0.6246876148148148 0.05980775067708339 0.02918638555555554
0 0.4625468374999999 0.31791277037037036 0.039447654375000064 0.051393409629629724
0 0.456299222358037 0.20472467848469286 0.05067148023184256 0.03059055474716346
0 0.5533664965179369 0.5734834921193135 0.05311697673379048 0.03515274205766898
0 0.5067661494791666 0.22400907037037038 0.0540814317187498 0.0412416603703704
0 0.5589395984374999 0.4333891407407408 0.028631388645833294 0.04377961703703703
0 0.5554402729166666 0.24367751851851852 0.055990239062500065 0.03616574703703703
