0 0.6478902300629319 0.6358737841910589 0.030950170225936224 0.07123612950363027
0 0.5954468860689845 0.5653226174711175 0.0292307163244953 0.06803963651308276
0 0.5113444426612636 0.20148601347148182 0.03533641467747285 0.04784757305703634
0 0.5614416372362583 0.277265621868612 0.05704971475142624 0.037476451962002465
0 0.49495869850665425 0.8178202930944334 0.028742666107844154 0.07529536494588754
0 0.5015675400990098 0.3099292023656874 0.03677446631218686 0.04683531382080833
0 0.634568 0.979098 0.027160500000000056 0.04180330000000013
0 0.47678613520480545 0.19024505410236883 0.03745648061818951 0.07025723313960483
0 0.653670177099357 0.4279055151102498 0.026624068157614457 0.0827528413554706
0 0.45186996287240794 0.202312717944607 0.034410939056415776 0.06433123572087057
0 0.49339729701846696 0.6762865884286954 0.04109494824443758 0.04018448330974017
0 0.4689414720795076 0.7093373220512352 0.057178655840984874 0.03870295589752945
0 0.33032967526557566 0.38003731626000764 0.03440324946884872 0.06287676747998477
0 0.5573609821520685 0.7507192109228732 0.027683207813198493 0.08219553404265038
0 0.6064513910382063 0.6974062742590986 0.05502252484610889 0.047262432074523984
0 0.5754608235221293 0.9121111664071417 0.04496889763747029 0.058388276464678465
0 0.7572082199345246 0.33467763054522603 0.032540527748195464 0.046090190122034254
0 0.6058417850622443 0.9463673455945477 0.044893341048523015 0.061692451602812816
0 0.5299943102146156 0.16475211558379094 0.054826979570768826 0.03770896883241812
0 0.49898552219814984 0.9630576738663867 0.04470580143746348 0.0625599342435728
0 0.5214314394769421 0.8819170435761906 0.041768642075037 0.07003960571030646
0 0.4147647966982486 0.35752952214067857 0.03502682348550106 0.08698060497521926
0 0.5318407846925616 0.9373748840460752 0.04777343250627612 0.04725580293849041
0 0.6059950654328354 0.4185207367981924 0.05344096913432934 0.049843226403615215
0 0.54784 0.19918 0.03888889999999997 0.07704919999999997
0 0.46554214381512427 0.7963833965021234 0.031809897176656686 0.08082560847527283
0 0.314506 0.536475 0.056172799999999995 0.05
0 0.502778 0.269262 0.04506170000000007 0.06803279999999996
0 0.4584555677790001 0.2813057945138776 0.042018090697958685 0.062286966401558175
0 0.4064255470691908 0.8059647698970273 0.029124005861618334 0.07167656020594537
0 0.47475774783173713 0.5473234047342161 0.03757380568974769 0.0765277413062235
0 0.3550460173485501 0.24582515921654594 0.0368218653028998 0.07228318156690812
0 0.12777410346854792 0.37031615925058553 0.032885067607289827 0.03366510538641689
0 0.1937333575405471 0.9123874959819994 0.04130355846042122 0.06569431051108976
