0 0.4182351750657761 0.152378392905133 0.02813195709370575 0.07686105885514648
0 0.548457 0.745902 0.03888889999999997 0.027868900000000068
0 0.6077678534956305 0.1532328710858353 0.025413106991260852 0.07039924217167065
0 0.60679 0.8672130000000001 0.05802470000000005 0.032786900000000146
0 0.7335958924905621 0.11424954591857472 0.023982584981124433 0.04653139183714946
0 0.5783452137221512 0.5639813104625965 0.033035697147722434 0.0712082854249104
0 0.339815 0.160246 0.03641980000000002 0.04672129999999998
0 0.566049 0.9877049999999999 0.04814809999999998 0.02459019999999991
0 0.49719724297218676 0.6278643785848878 0.04576444693486582 0.032004425419257514
0 0.567284 0.23196700000000003 0.06172839999999999 0.031147500000000012
0 0.5205932596364884 0.3904143373406193 0.032544619272976624 0.0693534746812386
0 0.5789603390969621 0.1483927252808989 0.02849912180607571 0.07206634943820227
0 0.4938099151928146 0.237617548300792 0.03249391631987793 0.036092956446859475
0 0.49321 0.37541 0.05061729999999996 0.05081970000000002
0 0.475309 0.930738 0.04938270000000004 0.04344260000000006
0 0.47960818163048097 0.5837241275909176 0.026620932581240216 0.07681324481816477
0 0.4494231680682048 0.1297299051666219 0.0301154124974701 0.08238378009943562
0 0.5083723570313607 0.5837573016770303 0.03334752376897969 0.07838703599020158
0 0.6305727023319616 0.3432377049180328 0.031035665294924585 0.053961748633879765
0 0.39720706502226266 0.07613545073904864 0.048735030044525375 0.03423810147809728
0 0.5572702331961591 0.38524590163934425 0.03943758573388204 0.04052823315118398
0 0.539198 0.782787 0.05493830000000007 0.04590159999999991
0 0.651235 0.316393 0.030864199999999994 0.05409839999999999
0 0.515741 0.168852 0.06728400000000001 0.0377049
0 0.3611037490089736 0.12958654335493422 0.04925693556080104 0.047302198744993626
0 0.4459618951272973 0.0555362073683425 0.02678956143801874 0.08296226274285429
0 0.541358 0.206557 0.04567900000000003 0.06393440000000002
0 0.473148 0.884426 0.04753090000000005 0.05081970000000011
0 0.558951 0.806967 0.05370370000000001 0.045081999999999914
0 0.6373460000000001 0.802459 0.05493830000000007 0.04590159999999991
0 0.6436902208504801 0.4082197006375227 0.06035618381344317 0.03601961511839709
0 0.3611728674352273 0.08645365255168037 0.04155366308192358 0.06842709415283955
0 0.559568 0.8561479999999999 0.03765430000000005 0.06639340000000002
0 0.284877 0.845902 0.0450617 0.05081970000000002
0 0.47775675255236505 0.2781776147494935 0.04942389489526978 0.0682358705010131
0 0.32149657992649144 0.21677194349267925 0.05628117809820001 0.03635975461143784
0 0.2644946185373669 0.4107746653015893 0.03269203707473376 0.042860630603178615
0 0.6401237583455462 0.10814066166401051 0.031723630486046914 0.08285295554469956
0 0.632716 0.747131 0.05308640000000005 0.05163929999999992
0 0.655556 0.47090200000000004 0.05679009999999999 0.03360660000000008
0 0.5591777145629346 0.6635810684567551 0.05547740754221645 0.05629367616355759
0 0.183333 0.822951 0.04074069999999996 0.0754097999999999
