0 0.39881384652626484 0.2531340405014465 0.05742489039511549 0.03553698346369514
0 0.6083737507348619 0.47314110070257615 0.02627131099353324 0.04269125683060103
0 0.42289651128701267 0.5666335049093819 0.0526075767940324 0.051905359228340345
0 0.5738352439741329 0.44813622170179557 0.0431731334509112 0.04342310694769712
0 0.38479653788294466 0.010998584961962928 0.021713844807552618 0.022647281663630843
0 0.6508105549639096 0.028413554705913162 0.050092691200252434 0.054732100769915686
0 0.5643266180302209 0.37505611644939757 0.033826259752387566 0.04090003352330738
0 0.5958810993533216 0.5182718579234973 0.029210758377425036 0.045130757220921094
0 0.5272254580894414 0.6985555333916085 0.04543685037555038 0.04104094513928704
0 0.3508701148497808 0.2010786099503554 0.05755937491594719 0.04321582913675491
0 0.44455532252366026 0.5184433413379301 0.0581514807548229 0.03149862810747794
0 0.45245561728865763 0.01469159899728561 0.05853587266064177 0.031040388562091507
0 0.32946991280324617 0.8345752608047691 0.04338254338254341 0.06190530780694706
0 0.4873122903026157 0.554197845927592 0.027688198312648567 0.07245123058955841
0 0.3773635654536163 0.28429586770956106 0.047876489416068195 0.055359119968570306
0 0.5437793074368019 0.3389636506440281 0.06205890881834213 0.03877819902419985
0 0.5142696809363476 0.75236005212586 0.029661696328362956 0.07172686797979536
0 0.5219615505878895 0.5855485996877439 0.03007748671369788 0.07743910039032015
0 0.5532591122868901 0.5424229117876659 0.060442386831275764 0.0378122560499609
0 0.6905416641135678 0.188225161233844 0.037270373921696465 0.06621392165833916
0 0.5762353453369405 0.23299748110831234 0.0394937338682091 0.06751455589049013
0 0.40495580304943646 0.025731253985856642 0.03814778226552632 0.053898397774920545
0 0.6024433211934157 0.3652173825331772 0.027109242386831267 0.08582206553473845
0 0.578541854776602 0.32757627388758787 0.02686619044679599 0.057962852224824384
0 0.33885867219200555 0.7230883870228133 0.05654838988172323 0.03897741602659637
0 0.6598331037239169 0.13859561701903622 0.027257089681873306 0.07609283208902838
0 0.5082388825303756 0.5311247196840262 0.024263034939248817 0.08037306063194777
0 0.487110367357334 0.7706008960105468 0.028541934714668062 0.07234859202109369
0 0.3400457567124234 0.7679410753181246 0.05417422084088751 0.05015476326951738
0 0.7649605624142659 0.29893366727383114 0.033864883401920426 0.04838342440801457
0 0.5342138086863487 0.2766784404284293 0.029102882627302543 0.0777899191431415
0 0.5005329718294051 0.6761519491029462 0.04837665763619087 0.060317196383125125
0 0.42184088977850404 0.06077894942408658 0.04095739847360067 0.0713061320100718
0 0.6844369456395692 0.028299652545435504 0.03924349127913855 0.05495990509087101
0 0.4427825261158595 0.4177175283732661 0.05287921954588622 0.053020749742061245
0 0.37436072836248735 0.5045633461654916 0.059448190494804376 0.039361564081491454
0 0.48574215518648023 0.9896539138341167 0.05073838962703963 0.020692672331766575
0 0.3127437531940074 0.23759777134897678 0.02649345060383551 0.05232329726061646
0 0.48205976492105757 0.06750241080038573 0.02918314102046849 0.05178756384156577
0 0.5181084347751015 0.8534907715235585 0.02741086074419404 0.06477129427949088
0 0.43997668997669 0.7798349191791815 0.029137529137529154 0.07910122664221018
0 0.5985064318397652 0.6924223317665941 0.05007338340671671 0.05560013756735074
0 0.4981912679444013 0.3534189370256793 0.05793826411119746 0.039063025948641535
0 0.4379262712596046 0.6411211739080592 0.05136838470171799 0.041270205204631434
0 0.4169020145781221 0.13562984392299726 0.04545576804109848 0.05232329726061646
0 0.3065915565915566 0.9083744124727733 0.045540878874212216 0.047288776796973644
0 0.5889075473458345 0.15144320105710865 0.031563889666324556 0.07329561878019573
0 0.365432 0.108607 0.04938270000000004 0.05655739999999999
0 0.4701578848274564 0.21170398942819388 0.05298690120767095 0.04518018500660735
0 0.901543 0.668033 0.05493830000000007 0.040983600000000016
0 0.5681818181818182 0.9189785624211854 0.05072088405421735 0.0547403416255874
0 0.913272 0.9655739999999999 0.04629630000000013 0.0459016000000001
0 0.393032893032893 0.9631147540983607 0.05654838988172326 0.042703198440903346
