0 0.2599324421875 0.34292965925925933 0.012062110937499988 0.030115374814814782
0 0.247544478125 0.3788795555555555 0.013692142343749995 0.022210099259259278
0 0.2565920835521268 0.19582830712631588 0.008967415229253579 0.029537276474853987
0 0.268978959375 0.2704645185185185 0.012225116718750003 0.022210099259259278
0 0.23513329203616762 0.1893889444743751 0.007805707703008184 0.034993201467456825
0 0.21893753124999998 0.4012780888888889 0.007335075312499957 0.030868238518518477
0 0.23882381406250003 0.46677902222222223 0.007009063750000018 0.009034594074073992
0 0.23336326562499998 0.12515764444444444 0.006194061249999994 0.03350333037037035
0 0.24990783749999998 0.14774447407407407 0.007009063750000018 0.019951416296296286
0 0.20899452187499998 0.23037348148148146 0.007009063749999989 0.03387978518518519
0 0.23377071406250002 0.4146416148148147 0.011573119999999992 0.027480282962962965
0 0.20178805354036256 0.13588900883860544 0.007918089580725093 0.030120868047581167
0 0.29139179218750005 0.12685185185185185 0.010432105937499969 0.02936246518518516
0 0.21233596875000002 0.13532197037037033 0.007172069531250003 0.03350333037037032
0 0.24224685625 0.33483613333333334 0.007987072031249997 0.03500910370370373
0 0.22529457187500002 0.14115685925925928 0.01646316140624998 0.018822097777777772
0 0.26984682036783686 0.148545060108862 0.015705421295576283 0.015338835337831456
0 0.2633081284468143 0.3531082600605575 0.012464119294077373 0.025805051703907077
0 0.24029068125 0.14943822222222222 0.013203124999999982 0.024092281481481514
0 0.22146408125000003 0.03443534074074074 0.010758091093749981 0.02973892
0 0.208505478125 0.19310551111111113 0.011573120000000022 0.027856691851851818
0 0.24009750096955595 0.2513043706310379 0.008022065477344706 0.03389949042682711
0 0.22113822812499997 0.12421662222222223 0.012062110937499988 0.01656346074074076
0 0.20199268995216854 0.23987314711501473 0.00742467762264883 0.029957689214405423
0 0.17810581093750003 0.08262013333333333 0.009780082812500032 0.02823314666666666
0 0.24884841875 0.4650848148148148 0.008802074531249962 0.011669685925925967
0 0.2175519953125 0.19254108148148147 0.014670150625000005 0.01618700592592593
0 0.2486854921875 0.40861888888888886 0.01271410765625 0.02597450962962958
0 0.1982363515625 0.4319579851851852 0.009617103437500033 0.03049178370370379
0 0.2042675390625 0.20722222222222222 0.009617103437500033 0.027480282962963017
0 0.1976659765625 0.09146638518518518 0.012062110937499988 0.020327871111111104
0 0.22676170312500002 0.10275957037037037 0.007009063750000018 0.03237401185185185
0 0.21738906875 0.1597903851851852 0.00912808609375002 0.028233146666666688
0 0.2527605046875 0.2578537185185185 0.0058680496874999955 0.04216151555555551
0 0.2109504328125 0.38245580740740737 0.015485153125 0.016563460740740693
0 0.2065495671875 0.4116302518518519 0.008639095156250024 0.026727373333333276
0 0.2667727504776955 0.16162762519604573 0.015985511388359117 0.01552416442272328
0 0.25025309449938593 0.32915494457636757 0.008704794454139986 0.03429367054806928
0 0.22716915156249998 0.20910426666666665 0.014670150625000005 0.019951416296296313
0 0.24420276718750003 0.12308730370370372 0.007009063749999989 0.03764419555555556
0 0.23311874375 0.07415001481481481 0.013203125000000012 0.024092281481481487
0 0.221953125 0.07057376296296296 0.014344139062500006 0.022210099259259264
