0 0.2936841490821002 0.6508933069798085 0.02232729183083793 0.03778630391814903
0 0.5399053582696454 0.7962951292870155 0.04928945453654718 0.030008941894353394
0 0.6072432640089406 0.22659818675075938 0.043829779803377135 0.06990980128457809
0 0.478428682858603 0.5540376442015786 0.04397643831195032 0.06268081002892963
0 0.875 0.991803 0.03148150000000009 0.016393400000000106
0 0.4314179375453885 0.03940151880424301 0.027913943355119843 0.046558582449373186
0 0.5678032529884381 0.7528298204527712 0.02767979619831467 0.03382773874577148
0 0.37716 0.62418 0.05308640000000005 0.031967200000000036
0 0.2997480866120534 0.3984730095500741 0.031248798123149096 0.041621980491292565
0 0.5414680931657848 0.7273941970660942 0.026939713668430357 0.0698027058678116
0 0.3932491697720993 0.6602820883966741 0.061474890359216154 0.03568182583229544
0 0.39153957879448076 0.017628977820636448 0.04480755265068986 0.035257955641272896
0 0.6642569018806642 0.21738122289980752 0.03370178287670041 0.052403366800380255
0 0.6198512010239076 0.9456184277907883 0.03969207179110327 0.058737123080926476
0 0.5715388007054674 0.701356362217018 0.03221144424848126 0.07139604475670047
0 0.6300827944346463 0.8787080405932864 0.02510777973740941 0.08326827998959145
0 0.37024361801911426 0.6879691655165449 0.0517149593124953 0.04359241929511563
0 0.6411633226814745 0.1836436571057574 0.056489775961723214 0.03779534862151321
0 0.5807858122672938 0.8014571948998179 0.046541250244953966 0.062125943273484203
0 0.5448559192386832 0.8415530106102003 0.03242220032333911 0.04048232122040086
0 0.43525915167164264 0.5612700453587629 0.037521181312030964 0.07857423479409976
0 0.23535287612563546 0.03285920106075217 0.049046347748729166 0.03919959787849566
0 0.5072735112563544 0.05725650916104146 0.03120461147421929 0.06448891031822565
0 0.5442925244905442 0.2726830060055186 0.03317792096669989 0.0686344981102326
0 0.6325632563256325 0.2810304449648712 0.03317792096669989 0.07559069724302642
0 0.5980012495443857 0.884104443735363 0.04496389434646286 0.05210167956023944
0 0.45867811483297016 0.031792405086788815 0.03217172966594036 0.0635849101735776
0 0.41660614863229234 0.8862102217936354 0.053982086661825184 0.034072645451623224
0 0.787037 0.498771 0.030864199999999994 0.048360700000000076
0 0.5796211051110842 0.5572665444649809 0.0395240897778315 0.07235301107003825
0 0.4929979532377148 0.8829156034795885 0.055470609937061245 0.05416293309225354
0 0.5056461885165588 0.7553506375227688 0.05205271408975115 0.05545797553994282
0 0.32005828629124794 0.9705039917118655 0.036601037220615945 0.045401913584008774
0 0.5294914643770677 0.944777966776492 0.031067906394738894 0.07379990058394939
0 0.5690586419753086 0.05002410800385727 0.05696259985475677 0.040983606557377046
0 0.44801096741752283 0.3015443696576785 0.04830604093947098 0.05264896560267584
0 0.5273138061809086 0.6379692131861853 0.05433174641598755 0.048037429908211075
0 0.40056398879945665 0.49722840646183786 0.039400277598913416 0.06986691292367593
0 0.5293188048963626 0.21355531337677092 0.051425777498384784 0.04753402740742461
0 0.35671986349493123 0.13008130081300812 0.04617083207869113 0.04611488737838197
