0 0.584259 0.990574 0.014197499999999938 0.01721309999999985
0 0.49349497306346657 0.8547463009986981 0.03588240055488709 0.055352813869325994
0 0.50679 0.273361 0.034567900000000006 0.040163899999999995
0 0.506173 0.368443 0.03827160000000001 0.06311479999999997
0 0.570062 0.958607 0.025308599999999966 0.07786880000000013
0 0.6 0.659426 0.03703699999999995 0.06803279999999996
0 0.495679 0.412295 0.03209880000000005 0.06557379999999997
0 0.6030983230524453 0.7186743256036346 0.03554897548569224 0.06601899398271689
0 0.314506 0.313115 0.03271610000000001 0.06229510000000005
0 0.543827 0.355328 0.028395100000000045 0.0745902
0 0.490432 0.0762295 0.030246900000000035 0.0377049
0 0.232099 0.9811479999999999 0.05185190000000002 0.03770489999999986
0 0.5591113584942492 0.5031212941046658 0.04720868301150148 0.04785671179066835
0 0.6268519999999999 0.64959 0.04012349999999996 0.06639339999999992
0 0.49629600000000007 0.315164 0.06172839999999999 0.03852459999999998
0 0.380556 0.204508 0.024074099999999935 0.0647541
0 0.622531 0.44508200000000003 0.04629630000000006 0.04426229999999999
0 0.41358 0.183607 0.030864199999999994 0.07377049999999997
0 0.5954950435586308 0.9550187087559922 0.02505881288273831 0.0801267824880157
0 0.477469 0.654508 0.03888889999999997 0.02868850000000006
0 0.397222 0.134836 0.021604899999999955 0.04836069999999998
0 0.578395 0.075 0.025925900000000064 0.08114750000000001
0 0.581481 0.394262 0.04938270000000004 0.04590160000000001
0 0.51821 0.867623 0.029012299999999974 0.04180330000000013
0 0.59784 0.42418 0.05 0.05163929999999997
0 0.48753574093067426 0.6944761690661343 0.05531788186134856 0.03321383813226837
0 0.442593 0.145902 0.03827160000000001 0.057376999999999984
0 0.4586710389179065 0.4741698270386717 0.03204082216418696 0.03198824592265651
0 0.552778 0.0954918 0.027777799999999943 0.07459019999999998
0 0.37284 0.302049 0.05185190000000002 0.04508200000000001
0 0.521605 0.492623 0.024691400000000033 0.07868850000000006
0 0.464815 0.591393 0.04938270000000004 0.054918000000000085
0 0.570679 0.588115 0.05864199999999994 0.03688519999999993
0 0.408642 0.027868899999999995 0.024691400000000033 0.0508197
0 0.508642 0.214344 0.05185190000000002 0.041803300000000015
0 0.861111 0.556148 0.028395100000000045 0.045081999999999914
0 0.63858 0.795492 0.024074100000000005 0.054918000000000085
0 0.758642 0.184426 0.0506173000000001 0.050819699999999975
0 0.471605 0.0979508 0.05308640000000005 0.05
0 0.526852 0.0336066 0.022839500000000016 0.0655738
0 0.79321 0.368033 0.059259300000000036 0.036065600000000024
0 0.3108020000000001 0.62377 0.05000000000000004 0.05081969999999993
0 0.373148 0.579508 0.05 0.04262289999999994
0 0.51142 0.569672 0.04382720000000004 0.06229509999999996
0 0.557716 0.263115 0.04259259999999998 0.06229510000000005
0 0.733951 0.757377 0.03703700000000009 0.03934430000000009
