0 0.727855847085482 0.49033491619630626 0.050773694170964286 0.04132643239261254
0 0.583170890188434 0.4704127121081391 0.028156811782542805 0.031995973540408354
0 0.5143221573370154 0.596268093787748 0.05615135387697655 0.03205301242450394
0 0.4799816265053065 0.6477638039545586 0.026456646989387142 0.078242592090883
0 0.485802 0.268033 0.03827160000000001 0.06721310000000004
0 0.5419808113764348 0.4405810786310037 0.03581312275286969 0.031981357262007494
0 0.6157409999999999 0.382377 0.05740739999999995 0.033606599999999986
0 0.5292939137968378 0.73968219729652 0.031947151830192796 0.039186079953983384
0 0.511728 0.555738 0.05679010000000006 0.04262289999999994
0 0.464815 0.888115 0.024691400000000033 0.05327870000000016
0 0.42403058892679224 0.6092176762582687 0.053172722146415496 0.03566284748346295
0 0.508025 0.272131 0.029629599999999933 0.06721310000000004
0 0.467593 0.801639 0.04135800000000006 0.06557379999999993
0 0.5235541881091618 0.6375033704630428 0.057829623781676366 0.039746459073914324
0 0.6224279835390946 0.6079234972677594 0.02544942603422134 0.07621512798389408
0 0.600926 0.697951 0.031481499999999954 0.05983609999999991
0 0.7326303012306611 0.4008765706993152 0.023629097538677916 0.07857405860136961
0 0.5734785109378384 0.02997556552343975 0.060537021875676736 0.03208223104687949
0 0.569444 0.494262 0.04506170000000007 0.0540983999999999
0 0.57037 0.106148 0.03703699999999995 0.05491799999999999
0 0.471914 0.588115 0.031481499999999954 0.07950819999999999
0 0.474074 0.514754 0.03333329999999994 0.06721310000000004
0 0.571643261425168 0.06890279467932126 0.05 0.04180330000000001
0 0.44567899999999994 0.82623 0.03333329999999994 0.06721309999999994
0 0.450617 0.329098 0.05555560000000003 0.035245900000000004
0 0.5322017710905349 0.06870866016681047 0.03559695781893009 0.08061547966637908
0 0.491358 0.37418 0.05432099999999997 0.040163899999999995
0 0.614506 0.42459 0.05370369999999994 0.049180300000000024
0 0.429938 0.540164 0.040123500000000034 0.06229509999999996
0 0.494444 0.0778688 0.027160499999999983 0.059016400000000004
0 0.5883366328135152 0.8753521316077078 0.05419113437296955 0.03945893678458441
0 0.6342589999999999 0.47540999999999994 0.045061699999999934 0.055737700000000015
0 0.5648490324417009 0.9367943962204007 0.025994664883401943 0.07358789244080143
0 0.4560357085048011 0.9333562438069217 0.051577417009602194 0.06179388761384334
0 0.659259 0.8885250000000001 0.05802470000000005 0.032786900000000146
0 0.557716 0.311885 0.030246900000000035 0.06967209999999999
0 0.5940330106995885 0.7889489207865976 0.05637877860082311 0.038496058426804744
0 0.025617300000000003 0.967623 0.047530899999999994 0.06311479999999989
0 0.296296 0.276639 0.041975299999999986 0.05491799999999999
0 0.3435190000000001 0.0557377 0.03641980000000002 0.0754098
0 0.26887041014728175 0.06450964580816795 0.03795741115442932 0.06934140838366407
0 0.6047385620915033 0.9943064930890388 0.027559912854030488 0.00974766955962721
0 0.44148208666182526 0.993804243008679 0.028146937787460677 0.010752169720347255
