0 0.4947943049251145 0.6756642412438354 0.020109696730478237 0.02735799305697105
0 0.4506005197119066 0.9887423637500438 0.011416450547266284 0.015450405115598398
0 0.49247766330037007 0.9852750210672332 0.01222384511925867 0.0213625261715446
0 0.4684065809815144 0.662377798699611 0.024761940003947026 0.022526559404525835
0 0.4690451546604938 0.5942319244444444 0.01492666598765447 0.02550088592592593
0 0.472316934990546 0.8733405536684226 0.028366561005449913 0.013600485731633314
0 0.5265636710698894 0.7348883093692758 0.013678096308787779 0.0287261524095628
0 0.5657089510980347 0.8207080938248907 0.023513518710818814 0.022985244577604487
0 0.5255692689704242 0.8184572346208626 0.016055872851044248 0.03087649213996176
0 0.6029012439154525 0.5990098957965011 0.02152801987742817 0.030976710111520825
0 0.4258388024013024 0.8308237198947581 0.025171844616289008 0.014821042143446385
0 0.5188099909355196 0.6787520828252239 0.03330784908306471 0.012879297355544954
0 0.5280375743234901 0.9908835292647498 0.018145957955003962 0.01082561702605618
0 0.5407697059728472 0.8253686964120549 0.01223931291104196 0.03188275860764499
0 0.5182055936561191 0.6520506092675094 0.01590767054799033 0.029532138200571326
0 0.525511698463787 0.9715533471283564 0.02021818733090773 0.026293130476142325
0 0.5143825197655616 0.5854372198584951 0.016065285677210106 0.007911468457730827
0 0.5418479660860339 0.9884761198542805 0.013518463036265397 0.014960328597449763
0 0.6180427097940554 0.6327104825808685 0.023208295526409965 0.019158813419282956
0 0.5423828992361666 0.7714235169241656 0.02725180966338042 0.01528831579545119
0 0.520155652346301 0.932841637111365 0.026815701091519747 0.016358266843463264
0 0.4681304568457346 0.8908619001515176 0.02161745078411741 0.022544949320905727
0 0.5787422839506173 0.9471362072454969 0.020809756515775036 0.029373271267624547
0 0.5846568104166666 0.986266074074074 0.013518504999999929 0.0180206340740742
0 0.5413703417785872 0.8841123184556591 0.026736944942785237 0.01468502636967207
0 0.5022312242798355 0.8829922497232044 0.012977335996126804 0.031667797659440146
0 0.41018316041666664 0.9157135407407406 0.022812499999999975 0.019720711111111094
0 0.5211680106713467 0.88218666539678 0.01698098220769791 0.024167529792730714
0 0.6421059526556671 0.8466062150194728 0.01609974135610166 0.024362240796539338
0 0.4729198871088627 0.7344869459623559 0.02388917515041733 0.02402446678564224
0 0.5730130571901081 0.8268251347205435 0.023732861236106236 0.025792198408510207
0 0.6032047211296843 0.7522397923819656 0.013259313886157524 0.03448264745232681
0 0.5469176354166667 0.9786156444444445 0.02478395625 0.022440817777777722
0 0.5929646666666667 0.782428562962963 0.024502313125000084 0.019040663703703612
0 0.4907376759547711 0.7728574752169053 0.015266239760009211 0.02812249970209206
0 0.4882810396715511 0.8342132490490594 0.018951194184839083 0.026586619304049465
0 0.5495979652010076 0.7299286044123353 0.02517149667936624 0.01536648472208147
