0 0.519136 0.994672 0.028395100000000045 0.010655699999999909
0 0.5594838255091609 0.6380756633601335 0.03209880000000005 0.04262289999999994
0 0.61821 0.993033 0.026543200000000024 0.013934400000000065
0 0.5041146445034207 0.8923853394121333 0.06461051099315886 0.043097921175733626
0 0.4049380000000001 0.00901639 0.03333329999999994 0.0180328
0 0.5484390630121098 0.672068256458181 0.05905487704254149 0.02790065947582751
0 0.6663166666784619 0.9489245808107967 0.032798466643076146 0.07264293837840648
0 0.505864 0.011475400000000002 0.04135800000000006 0.0180328
0 0.509259 0.868443 0.05555560000000003 0.03032790000000011
0 0.760185 0.365574 0.033950600000000046 0.07213110000000003
0 0.575926 0.267213 0.03827160000000001 0.05409839999999999
0 0.483333 0.754098 0.044444399999999974 0.02950819999999999
0 0.591049 0.221721 0.05987649999999997 0.03196720000000001
0 0.505247 0.206967 0.05987649999999997 0.03196719999999999
0 0.698457 0.363934 0.05 0.05245900000000004
0 0.631173 0.160656 0.026543200000000024 0.04426229999999999
0 0.441358 0.777049 0.05061729999999996 0.032786899999999966
0 0.404321 0.12254100000000001 0.04938270000000004 0.041803299999999995
0 0.476543 0.990164 0.024691400000000033 0.019672099999999894
0 0.536728 0.62623 0.045061699999999934 0.057376999999999935
0 0.401852 0.0422131 0.05308640000000005 0.0368852
0 0.503395 0.247951 0.05123460000000006 0.04508200000000001
0 0.427161 0.811885 0.05061729999999996 0.03688519999999993
0 0.616667 0.746311 0.05679010000000006 0.03688519999999993
0 0.553704 0.912705 0.05061729999999996 0.035245899999999816
0 0.505864 0.696721 0.031481499999999954 0.07049180000000001
0 0.566049 0.722541 0.05308640000000005 0.041803299999999946
0 0.4990740000000001 0.156967 0.05246909999999995 0.03852460000000002
0 0.477778 0.628689 0.05061729999999996 0.03442620000000007
0 0.510494 0.818852 0.03950619999999993 0.05901639999999998
0 0.46888821334237635 0.5753265468622741 0.05234747331524735 0.0427905062754517
0 0.48179000000000005 0.815984 0.035185199999999965 0.07786879999999995
0 0.398457 0.0868852 0.05987649999999997 0.0409836
0 0.462346 0.8385250000000001 0.04320989999999994 0.06557380000000002
0 0.6256430538727686 0.6809177083794509 0.02772709225446243 0.0775083832410985
0 0.546914 0.022131099999999997 0.05185190000000002 0.0426229
0 0.476543 0.0692623 0.029629599999999933 0.06967210000000001
0 0.485494 0.27623 0.033950600000000046 0.07049180000000001
0 0.627469 0.368033 0.04135800000000006 0.07213110000000003
0 0.609877 0.173361 0.04814809999999998 0.05655739999999999
0 0.505864 0.0356557 0.05123460000000006 0.0581967
0 0.5865041744908391 0.7074890841599665 0.05246909999999995 0.045081999999999914
0 0.446914 0.04672129999999999 0.030864199999999994 0.0737705
0 0.504321 0.92459 0.05432099999999997 0.0459016000000001
0 0.565741 0.868033 0.045061699999999934 0.0540983999999999
0 0.579012 0.841803 0.04691359999999995 0.05901639999999998
0 0.593827 0.807377 0.03950619999999993 0.07377049999999997
0 0.408642 0.186066 0.04938270000000004 0.05573769999999999
0 0.530864 0.43606600000000006 0.04074069999999996 0.05901639999999998
0 0.287346 0.022541 0.03888889999999997 0.03524589999999999
0 0.582716 0.95041 0.04074069999999996 0.0598361000000001
0 0.567284 0.11434400000000002 0.03703699999999995 0.06803280000000002
0 0.443519 0.263115 0.04629629999999999 0.05409839999999999
0 0.755864 0.872541 0.036419799999999884 0.0598361000000001
0 0.196296 0.4995899999999999 0.03703700000000002 0.0647541
0 0.7153103808033385 0.6851766335719234 0.03868892366544941 0.040406372662202754
