0 0.47932099999999994 0.19631099999999999 0.05493830000000007 0.03524589999999998
0 0.4839243405053359 0.9569600573145318 0.048200218989328324 0.04673478537093637
0 0.5175193984149404 0.9794732767365936 0.03893065284578356 0.03941410226451785
0 0.694753 0.745492 0.022839499999999874 0.05
0 0.466049 0.861885 0.022222200000000056 0.03032790000000011
0 0.46018499999999996 0.120902 0.030246900000000035 0.041803299999999995
0 0.37839500000000004 0.533197 0.027160499999999983 0.06967210000000008
0 0.353704 0.54877 0.024691400000000033 0.0647541
0 0.489506 0.157377 0.028395100000000045 0.07213110000000003
0 0.514198 0.130738 0.025925900000000064 0.08278690000000001
0 0.544136 0.144672 0.027777799999999943 0.07622950000000002
0 0.498148 0.0942623 0.03580250000000006 0.06557380000000002
0 0.672531 0.759836 0.021604899999999955 0.06885250000000008
0 0.590741 0.742213 0.04074069999999996 0.0647541
0 0.516049 0.786066 0.05432099999999997 0.04262289999999994
0 0.478704 0.62623 0.04135800000000006 0.05081969999999993
0 0.508025 0.688525 0.034567900000000006 0.05901639999999998
0 0.570988 0.728279 0.03703699999999995 0.05819670000000005
0 0.446914 0.72418 0.06296300000000005 0.02540980000000009
0 0.559568 0.896721 0.035185199999999965 0.07213109999999993
0 0.303086 0.736475 0.03703699999999999 0.07131149999999994
0 0.6077160000000001 0.528689 0.05246910000000002 0.04262289999999994
0 0.503086 0.527459 0.034567900000000006 0.06967210000000008
0 0.616049 0.755328 0.03333329999999994 0.06147540000000003
0 0.683951 0.590164 0.03703700000000009 0.036065599999999934
0 0.4339509999999999 0.506967 0.05679010000000006 0.03852459999999998
0 0.46975300000000003 0.0766393 0.04691359999999995 0.04344260000000001
0 0.492593 0.729918 0.027160499999999983 0.07950819999999999
0 0.556173 0.47459000000000007 0.023456799999999976 0.06885250000000008
0 0.591975 0.893033 0.034567900000000006 0.07622949999999984
0 0.409568 0.013114800000000001 0.05246909999999995 0.024590200000000003
0 0.294444 0.661066 0.03333330000000002 0.041803299999999946
0 0.537037 0.246311 0.028395100000000045 0.08278689999999998
0 0.414198 0.8729510000000001 0.04938270000000004 0.032786900000000146
0 0.433642 0.404098 0.035185199999999965 0.06229510000000005
0 0.583951 0.159836 0.030864199999999994 0.07213109999999998
0 0.46821 0.682787 0.04753090000000005 0.05081969999999993
0 0.435185 0.918852 0.04814809999999998 0.05081970000000011
0 0.364198 0.418033 0.039506200000000075 0.06229510000000005
0 0.666667 0.9848359999999999 0.05308640000000005 0.028688499999999877
0 0.41172800000000004 0.348361 0.04814809999999998 0.0606557
