0 0.7788430022943296 0.23012476425359055 0.034141811427947165 0.04896271579863629
0 0.488272 0.992623 0.04567900000000003 0.013114799999999885
0 0.3993255392876653 0.12194636334687364 0.0245762785753304 0.04553132669374727
0 0.503395 0.009836069999999999 0.029012299999999974 0.0180328
0 0.5509913652409045 0.8280863563325112 0.04986866951819081 0.04874488733497759
0 0.4077160000000001 0.0102459 0.019135800000000005 0.0172131
0 0.6467239858749386 0.1055230333367701 0.04723320352253039 0.05570359150427879
0 0.6453840616628428 0.5634845638800232 0.03762707667431446 0.0664729722399535
0 0.537654 0.04672129999999999 0.025925900000000064 0.0803279
0 0.617901 0.920082 0.022222200000000056 0.031967200000000036
0 0.545062 0.5083852528652256 0.023456799999999976 0.0754098000000001
0 0.594136 0.906148 0.035185199999999965 0.07622949999999984
0 0.6018437349776029 0.9894460145945161 0.05433753004479416 0.021108770810967712
0 0.510494 0.527869 0.03333329999999994 0.04590159999999991
0 0.6210849773066927 0.04473684538395167 0.037232254613385335 0.07144089076790336
0 0.5595842745614035 0.07815723202645239 0.03144925087719302 0.07597067748058677
0 0.5070249524527477 0.47984203495575223 0.0569866469572818 0.034107397925431805
0 0.4493773866928875 0.509393648353402 0.03208757338577512 0.03518049670680402
0 0.629012 0.732787 0.025925899999999995 0.08196720000000003
0 0.5448132692177428 0.7461625381727839 0.02913233843548564 0.07593257634556792
0 0.6094441851851852 0.12131100000000002 0.029629599999999933 0.07377050000000002
0 0.628395 0.8893440000000001 0.05061730000000003 0.03770489999999986
0 0.517901 0.786475 0.04320989999999994 0.048360700000000076
0 0.572839 0.912705 0.027160499999999983 0.0663934000000001
0 0.32345699999999994 0.396311 0.046913599999999986 0.041803300000000036
0 0.585185 0.772951 0.030864199999999994 0.08032789999999992
0 0.583025 0.638525 0.03271610000000001 0.06885250000000008
0 0.453395 0.9827869999999999 0.05864199999999994 0.03114749999999992
0 0.455247 0.931557 0.035185199999999965 0.048360700000000076
0 0.355247 0.406148 0.03641980000000002 0.07131150000000003
0 0.626852 0.646721 0.03641980000000002 0.07213109999999993
0 0.588272 0.853279 0.05432099999999997 0.040983600000000016
0 0.676543 0.334836 0.030864199999999994 0.041803300000000036
0 0.579012 0.0319672 0.04691359999999995 0.057377
0 0.660185 0.686475 0.033950600000000046 0.06967210000000008
0 0.577469 0.444262 0.025308599999999966 0.08196720000000003
0 0.602469 0.527869 0.029629599999999933 0.04426229999999999
0 0.58179 0.713525 0.05370370000000001 0.04344260000000006
0 0.401543 0.381967 0.03271610000000001 0.06557380000000002
0 0.4115342708073855 0.7053641313832874 0.06134094161477108 0.03203976276657459
0 0.66358 0.963934 0.05185190000000002 0.05081970000000011
0 0.49537 0.803689 0.04259259999999998 0.06147540000000003
0 0.677778 0.597131 0.04691359999999995 0.0647541
0 0.487654 0.540164 0.04320989999999994 0.0754098000000001
0 0.446296 0.409426 0.03827160000000001 0.058196700000000004
0 0.474383 0.620082 0.05493830000000007 0.035245900000000004
0 0.5485822066808697 0.3374004652328449 0.03740258663826071 0.07274086953431026
0 0.183333 0.359016 0.024691400000000033 0.07213110000000003
0 0.4885420573122354 0.21510980744200886 0.027854385375529225 0.07069771759106167
0 0.588889 0.363115 0.03333329999999994 0.06885249999999998
0 0.37971959611056477 0.19886859920208907 0.05450159222112965 0.04691679840417814
0 0.8240739999999999 0.829098 0.04691359999999995 0.031967200000000036
0 0.377778 0.0692623 0.03209880000000005 0.0647541
0 0.527469 0.927869 0.03271610000000001 0.07868849999999987
0 0.32067899999999994 0.977869 0.04876539999999997 0.04426230000000017
0 0.555247 0.170492 0.04629629999999999 0.06557380000000002
