0 0.48823199599483197 0.9943051099027832 0.04946140801033586 0.011389480194433694
0 0.5586596592744384 0.5192183908290783 0.01858434467719086 0.035199337664606416
0 0.4631786300023294 0.3947805885013919 0.02868583340321452 0.03413198724095274
0 0.3430580050950421 0.1678376268540203 0.02914951989026067 0.08066614623991675
0 0.6517283950617284 0.27877049180327873 0.053703703703703705 0.037213114754098386
0 0.35475455614344503 0.2325657038771793 0.03613070742700372 0.0396825396825397
0 0.4320662567398795 0.9925182090354556 0.03833578652024116 0.014963981929088837
0 0.5683088749126486 0.43071450665017014 0.04018169112508737 0.07299721620785644
0 0.5563664375924912 0.6980672427252416 0.058991668187070516 0.039166599370104145
0 0.6405682905756532 0.9916840902973695 0.025035518848693667 0.016631619405261255
0 0.5665791349173073 0.31580561956387254 0.047601105893314656 0.04732473365295391
0 0.5496827078351476 0.747709228701311 0.027760615670295388 0.06263155740262179
0 0.5524961045187582 0.014801846251790544 0.027214431259738638 0.029603692503581087
0 0.5315304208158684 0.9206003012796923 0.031100728720309688 0.06609584806259307
0 0.556481 0.821721 0.035185199999999965 0.03688520000000002
0 0.5018052643838807 0.33127126507887417 0.04786862334032143 0.03371481596040828
0 0.6366877504173941 0.859761884246227 0.0239930008347884 0.06870386849245426
0 0.5377668308702792 0.6533150286683356 0.05645766182164655 0.04630003499421249
0 0.658858024691358 0.24684426229508194 0.05314814814814823 0.04598360655737702
0 0.5472862799906825 0.3941385709866997 0.03051479152108078 0.07902876585214973
0 0.48153366121010954 0.24269266365604703 0.028289777579781048 0.06379547268790597
0 0.5118692858156461 0.7410024495948747 0.03648969166210546 0.07658348811542698
0 0.5318835490100162 0.45120622714197345 0.032901898020032606 0.08583375666563564
0 0.5302120211274167 0.2895221472394061 0.054181128954111396 0.045143766145994475
0 0.4887839445550896 0.44004782136560466 0.054111589110179374 0.062063342731209406
0 0.44359447037619376 0.354067337418806 0.027883094025157144 0.07373937635323233
0 0.5417155921432154 0.555127026235059 0.04022068428643094 0.06763145247011798
0 0.49245287340525445 0.950074515648286 0.06092672759339426 0.0427324432008273
0 0.4258676915909621 0.483529229817507 0.05182855811786636 0.04129291679554595
0 0.6088786626112547 0.8117706689477697 0.04121482522250938 0.07108313789553959
0 0.488889 0.588115 0.03827160000000001 0.06803279999999996
0 0.5070404644304681 0.26176164598669965 0.04881215290006991 0.05581478411691932
0 0.501852 0.8922130000000001 0.04814809999999998 0.056557399999999945
0 0.327161 0.486475 0.04074069999999996 0.05983609999999991
0 0.6275187104202649 0.13165718168691073 0.03006460692125637 0.041903791160565126
0 0.4929948675267027 0.1831829066126358 0.04244694132334579 0.05839012709522934
0 0.355556 0.8754099999999999 0.025925900000000064 0.049180299999999885
0 0.227778 0.420902 0.03209879999999998 0.03688519999999998
0 0.173148 0.980738 0.04012349999999998 0.03360659999999989
0 0.13603297771256662 0.6770807033034075 0.05681893486326578 0.035299003561101196
0 0.756173 0.972541 0.032098799999999914 0.054918000000000085
0 0.703704 0.8700820000000001 0.05679009999999992 0.03852459999999998
0 0.608178975 0.9667506438619899 0.03364204999999995 0.035141487723980146
0 0.704277702499247 0.7069672131147541 0.04601400180668471 0.061725309876049635
0 0.0311728 0.211066 0.0339506 0.041803300000000015
0 0.37281346361013207 0.02394632025164892 0.05550252722026418 0.046253340503297845
0 0.0975309 0.136885 0.0506173 0.049180299999999975
