0 0.497531 0.525 0.029629599999999933 0.04672130000000003
0 0.82037 0.747541 0.018518499999999907 0.04262289999999994
0 0.6458614435744143 0.9844554090744804 0.025561712851171346 0.029450381851038997
0 0.410802 0.496311 0.04876539999999994 0.04344260000000006
0 0.47913903302251015 0.032811505193187734 0.034315233954979645 0.06388518961362452
0 0.613272 0.991393 0.03765430000000005 0.015573799999999926
0 0.430556 0.731967 0.030246900000000035 0.040983600000000016
0 0.501852 0.0213115 0.023456799999999976 0.0426229
0 0.4665745288276465 0.2033980026978185 0.0535331626227277 0.040473905537627475
0 0.2 0.50123 0.03209879999999998 0.05
0 0.4700619999999999 0.519262 0.024074099999999935 0.08114749999999991
0 0.6219140000000001 0.539344 0.035185200000000035 0.06885250000000008
0 0.4366139738456304 0.7709339258842133 0.057635452308739225 0.033542048231573536
0 0.6353880382148933 0.12512309563806986 0.04057060594163065 0.06719573654637084
0 0.467901 0.733607 0.034567900000000006 0.04262289999999994
0 0.445988 0.0147541 0.030246900000000035 0.0295082
0 0.5630309859385632 0.44126422515167163 0.02976577187712639 0.051381450303343165
0 0.6102628705259066 0.5908739157641668 0.05827274247108002 0.036142964908997065
0 0.47788940701370664 0.6330419628049567 0.02693658597258672 0.07981827439008654
0 0.516667 0.810246 0.027160499999999983 0.07786879999999995
0 0.4445393687080782 0.5964339404091906 0.033144062583843704 0.03500031918161864
0 0.589815 0.897131 0.025308599999999966 0.035245899999999816
0 0.47037 0.460656 0.05555560000000003 0.04262289999999994
0 0.443827 0.186885 0.05185190000000002 0.040983600000000016
0 0.558025 0.870492 0.025925900000000064 0.06393440000000007
0 0.537037 0.757787 0.04938270000000004 0.035245900000000004
0 0.40679 0.385656 0.05555560000000003 0.031967200000000036
0 0.516358 0.180328 0.027777799999999943 0.07377049999999997
0 0.47253100000000003 0.167623 0.05864199999999994 0.04672129999999998
0 0.6486869774811325 0.08308809439842436 0.040583554962265005 0.03830738879684875
0 0.508951 0.491393 0.040123500000000034 0.04672130000000003
0 0.392091802393798 0.61870709397186 0.05279510620686307 0.050826421324383725
0 0.488889 0.709426 0.04938270000000004 0.054918000000000085
0 0.43580199999999997 0.354918 0.03209880000000005 0.06557380000000002
0 0.37037058672839507 0.03442625 0.027160926543209837 0.0688525
0 0.530864 0.985246 0.05802469999999998 0.026229499999999833
0 0.48148100000000005 0.372951 0.05802469999999998 0.04426229999999999
0 0.42676691001506756 0.26729066122047246 0.04523207996986488 0.06214037755905513
0 0.480864 0.8184430000000001 0.03827160000000001 0.056557400000000035
0 0.6484055042189171 0.504976006673551 0.029620409857101054 0.08853772461598036
0 0.6319867747764168 0.37397703197044013 0.03232195044716644 0.06188203605911966
0 0.5263097646568484 0.304311498376791 0.05508922931369686 0.034851896753582
0 0.435185 0.6612395888731122 0.034567900000000006 0.07131149999999994
0 0.566358 0.931557 0.05123460000000006 0.035245899999999816
0 0.37386516532273734 0.5919550457951465 0.050734121838242364 0.053795208409706946
0 0.386111 0.355328 0.05 0.0598361
0 0.581481 0.303279 0.029629599999999933 0.07704920000000004
0 0.5707786804461943 0.4891763201561894 0.05461256231165542 0.049141873693042445
0 0.803395 0.47868900000000003 0.05246909999999995 0.02950819999999999
0 0.39846142809614077 0.8795405324415904 0.02653304380771848 0.08682083511681957
0 0.58858 0.972541 0.03765430000000005 0.05327870000000016
0 0.6803489841547584 0.6189492706854266 0.04544570817536702 0.06002323480056792
0 0.683951 0.20163899999999998 0.05185190000000002 0.040983599999999995
0 0.583951 0.0217213 0.05679010000000006 0.0336066
0 0.5273646349761836 0.8895378856331483 0.038884028385340726 0.05905511811023621
0 0.31790099999999993 0.0286885 0.024691400000000033 0.0557377
0 0.186111 0.0401639 0.04382719999999997 0.0426229
0 0.48005271658646836 0.9363107861462502 0.047302866827063264 0.04868972770749955
0 0.792593 0.888115 0.04567900000000003 0.035245899999999816
0 0.7829517918294936 0.5953205402317027 0.03533101634101286 0.06181701953659496
0 0.722222 0.394672 0.03950619999999993 0.05819669999999996
