0 0.43742496705444767 0.6714741138923918 0.028854365891104787 0.0340999722152164
0 0.7453901551123773 0.5828341740226987 0.049659702437480115 0.038619167717528394
0 0.524074 0.991803 0.028395100000000045 0.016393400000000106
0 0.4329891954890788 0.40921069957965533 0.032644590978157584 0.03645459915931065
0 0.5017963542655903 0.4463588633669609 0.030974791468819193 0.07777447326607817
0 0.428086 0.561885 0.029012299999999974 0.05983609999999991
0 0.444753 0.522951 0.040123500000000034 0.04590159999999991
0 0.5132954577397911 0.8916248617065994 0.024074099999999935 0.045081999999999914
0 0.5343423561016144 0.8617119701134931 0.031172841358024617 0.06621502891971422
0 0.6460708749287749 0.32176329061580494 0.057573349857549826 0.03533008123160991
0 0.616049 0.523361 0.05432099999999997 0.02540980000000009
0 0.4366057018835074 0.4683217873791509 0.03789959623298513 0.05024172524169824
0 0.5786601800490662 0.7907470327553594 0.031568539901867664 0.04145623448928123
0 0.4896448577002216 0.3622318237074401 0.045955615400443135 0.060530047414880155
0 0.41401925151946817 0.36096579723623373 0.03744021244064584 0.07460078320722996
0 0.5421889986704653 0.3847678792349727 0.056362802659069365 0.038661441530054665
0 0.6086420000000001 0.49795100000000003 0.04691360000000002 0.041803299999999946
0 0.540432 0.907377 0.06111110000000003 0.03114749999999992
0 0.596296 0.771311 0.04197530000000002 0.05245900000000004
0 0.6953268257280786 0.368211541162253 0.048852448543843005 0.0439052176754939
0 0.571914 0.116803 0.024074099999999935 0.030327900000000015
0 0.4557968003956948 0.01288883276586801 0.062211400791389725 0.024138265531736026
0 0.408333 0.22131099999999998 0.029012299999999974 0.03442619999999998
0 0.510185 0.177869 0.031481499999999954 0.05081970000000002
0 0.52037 0.648771 0.03703699999999995 0.06311480000000007
0 0.500617 0.256148 0.04691359999999995 0.05819669999999996
0 0.345679 0.225 0.025925900000000064 0.02377049999999998
0 0.41026436705444763 0.7040561462694409 0.025466834108895237 0.08516219253888192
0 0.438889 0.317623 0.05308640000000005 0.04508200000000001
0 0.6603630071225073 0.27752714494535513 0.042235985754985834 0.05642041010928966
0 0.468827 0.20204899999999998 0.04876539999999994 0.049999999999999975
0 0.4470521095520734 0.36581008568726353 0.038548519104146896 0.06440757137452709
0 0.53430694325736 0.7291038534888609 0.03774888651471983 0.07132150697772166
0 0.6180118772712884 0.04859713445775536 0.028616954542576702 0.04309576891551072
0 0.515432 0.702869 0.044444399999999974 0.05163929999999992
0 0.5 0.523361 0.05679010000000006 0.03852459999999998
0 0.7503089999999999 0.757787 0.036419799999999884 0.05163929999999992
0 0.445988 0.24180300000000002 0.04753090000000005 0.06721310000000001
0 0.55679 0.823361 0.03209880000000005 0.06311480000000007
0 0.5534070822649573 0.16326166940941572 0.02775433547008541 0.08167256118116857
0 0.5628719658040519 0.2815837071984027 0.05697216839189619 0.04666888560319462
0 0.47589052048907887 0.15126643138923918 0.053158059021842376 0.046648037221521645
0 0.561728 0.9729509999999999 0.025925900000000064 0.05245900000000004
0 0.6010604621715733 0.7095943673812526 0.03165558721114276 0.06988230348886079
0 0.559568 0.45 0.03765430000000005 0.07540980000000004
0 0.425 0.9147539999999998 0.025308599999999966 0.06721309999999985
0 0.5404833360082304 0.01958805114543926 0.03528847201646091 0.037536802290878524
0 0.427469 0.171721 0.04876539999999994 0.0598361
0 0.8530860000000001 0.588934 0.024691399999999895 0.06639339999999992
0 0.583333 0.888115 0.04197530000000002 0.0663934000000001
0 0.14844995836107644 0.23582157310738627 0.046282216722152845 0.04705274621477247
0 0.662346 0.919262 0.03333329999999994 0.08442620000000008
0 0.241975 0.0405738 0.03209879999999998 0.0795082
0 0.664815 0.0463115 0.03827160000000001 0.0631148
0 0.7741769547325102 0.10167087011349306 0.041943653054764204 0.053593947036569986
