0 0.560802 0.634426 0.035185199999999965 0.04426229999999999
0 0.431173 0.19918 0.035185199999999965 0.031147500000000012
0 0.5179466903884687 0.19228822994807312 0.057934619223062485 0.03181704010385378
0 0.6231479999999999 0.286885 0.03395059999999998 0.032786899999999966
0 0.5542515846018357 0.1685669204596172 0.031003330796328693 0.0710622590807656
0 0.5508934237525047 0.3446633301605012 0.03388634750500923 0.03850786032100249
0 0.5051677118819081 0.5413957949188911 0.025150323763816082 0.04672518983778207
0 0.7246556354178786 0.7502942227405373 0.03957692916424276 0.03547815451892549
0 0.35725706944606034 0.41018356661445377 0.0540205388921207 0.030203633228907362
0 0.3800562718990369 0.33302931886747916 0.023896397459763484 0.07640968056390016
0 0.008950620000000001 0.142623 0.0179012 0.040983600000000016
0 0.35160290564119967 0.3354111845742854 0.032363964426992374 0.07246146914857096
0 0.677161 0.932787 0.04691359999999995 0.05901639999999998
0 0.507099 0.8405739999999999 0.04259259999999998 0.05
0 0.461728 0.8737700000000002 0.05432099999999997 0.03442620000000007
0 0.5833220733905371 0.2529998056261265 0.04336167055458599 0.05532559688438756
0 0.546914 0.608607 0.04814809999999998 0.04672130000000003
0 0.542901 0.231557 0.04753090000000005 0.05491799999999999
0 0.418519 0.153689 0.029629599999999933 0.04836069999999998
0 0.607863038206968 0.9728350276585701 0.04106404704285435 0.052690600420564844
0 0.500617 0.370902 0.03209880000000005 0.06967209999999999
0 0.38765399999999994 0.796311 0.024691400000000033 0.08114749999999991
0 0.55679 0.564344 0.05061729999999996 0.041803299999999946
0 0.589198 0.909016 0.030246900000000035 0.06557379999999993
0 0.295988 0.838115 0.05493830000000003 0.035245900000000004
0 0.560185 0.781557 0.04753090000000005 0.03852459999999998
0 0.418827 0.767623 0.04259259999999998 0.06803279999999996
0 0.466049 0.831557 0.05555560000000003 0.04672129999999994
0 0.575926 0.288115 0.04691359999999995 0.05819669999999996
0 0.6543210000000002 0.293033 0.03333329999999994 0.06803279999999996
0 0.508951 0.620902 0.033950600000000046 0.07786879999999995
0 0.4688512157504363 0.5748328885396105 0.030198068499127425 0.0716467229207795
0 0.6223499097424212 0.5874001870912368 0.02929669011376114 0.07316117418247359
0 0.4269504715209101 0.3814219987983864 0.047139713670738714 0.053394951849626615
0 0.6210702496008661 0.9168697428954596 0.043490681717406755 0.06824317664148999
0 0.43855760141070393 0.5002466865741138 0.053658502821407744 0.04147727314822771
0 0.456173 0.152459 0.04320989999999994 0.0606557
0 0.471296 0.316393 0.05246909999999995 0.06229509999999996
0 0.5799998249628336 0.7377004109818899 0.05259164992566728 0.03605742196377991
0 0.35648100000000005 0.0155738 0.05987649999999997 0.026229499999999996
0 0.554321 0.926639 0.03950619999999993 0.0663934000000001
0 0.935802 0.326639 0.03456789999999986 0.03852459999999998
0 0.512654 0.806557 0.05246909999999995 0.05245900000000004
0 0.508333 0.10901599999999999 0.03765430000000005 0.0606557
0 0.438272 0.9454920000000001 0.05308640000000005 0.048360700000000076
0 0.4004280486280783 0.6768026617865418 0.04653579725615669 0.06344042357308377
