0 0.5496076277968297 0.384967504366525 0.026375355593659444 0.05682070873305
0 0.4990740000000001 0.459016 0.04382720000000004 0.06557379999999993
0 0.403086 0.55041 0.024691400000000033 0.07622950000000002
0 0.486728 0.608197 0.03765430000000005 0.03770490000000005
0 0.4683244340649291 0.472819339485934 0.0473027318701418 0.051082921028131896
0 0.49713722034908475 0.04826174249576031 0.05723684069816947 0.03914638499152064
0 0.435185 0.540574 0.028395100000000045 0.07131149999999994
0 0.468827 0.553279 0.03641980000000002 0.05245900000000004
0 0.510494 0.639344 0.020987700000000026 0.08032789999999992
0 0.6145940029682975 0.5474397231228496 0.026718105936594874 0.08504364624569923
0 0.548765 0.693443 0.025925900000000064 0.04754099999999996
0 0.396605 0.391393 0.05864199999999994 0.031967200000000036
0 0.6605319311080627 0.7946265938069216 0.05067825026672768 0.0419955474600283
0 0.488272 0.518443 0.04567900000000003 0.035245900000000004
0 0.506481 0.0155738 0.029012299999999974 0.031147499999999998
0 0.579938 0.563934 0.029012299999999974 0.07049180000000001
0 0.478395 0.391393 0.03333329999999994 0.0729508
0 0.560185 0.472951 0.030246900000000035 0.06721310000000004
0 0.596914 0.810656 0.044444399999999974 0.040983600000000016
0 0.582099 0.659836 0.027160499999999983 0.06885250000000008
0 0.515432 0.371721 0.05802469999999998 0.04672130000000003
0 0.508333 0.716393 0.03888889999999997 0.055737700000000015
0 0.48456800000000005 0.670492 0.04938270000000004 0.05081969999999993
0 0.547222 0.514344 0.04135800000000006 0.06803279999999996
0 0.446605 0.611066 0.029012299999999974 0.07786879999999995
0 0.500926 0.802459 0.025308599999999966 0.07213109999999993
0 0.548765 0.0397541 0.025925900000000064 0.0729508
0 0.501235 0.9131149999999999 0.028395100000000045 0.07377050000000017
0 0.560185 0.919262 0.05617279999999996 0.02704919999999995
0 0.639506 0.841393 0.03827160000000001 0.06803279999999996
0 0.662037 0.705738 0.033950600000000046 0.07049180000000001
0 0.273148 0.8762299999999998 0.026543200000000024 0.07704919999999996
0 0.447839 0.168033 0.05864199999999994 0.040983600000000016
0 0.554321 0.847541 0.03333329999999994 0.05737700000000003
0 0.33827199999999996 0.23565599999999998 0.030864199999999994 0.04344259999999996
0 0.580247 0.10082 0.04938270000000004 0.04590160000000001
0 0.0256173 0.171721 0.0512346 0.035245900000000004
0 0.6484569999999998 0.155328 0.048765400000000014 0.05655739999999999
0 0.5902301478433165 0.44930176077717054 0.0449626581313824 0.05464480874316937
0 0.6614845297972869 0.4563853470957296 0.054107605547934874 0.03339404978749243
0 0.43324188385916773 0.4594211698036834 0.02514860539551899 0.03845375430074887
