0 0.5054647272029138 0.2384449763130293 0.028799057676554992 0.07318385671276517
0 0.6732332362705519 0.667980364719136 0.03905807254110358 0.07107835066428414
0 0.530556 0.988115 0.04259259999999998 0.020491800000000008
0 0.49900399964454983 0.3288556307124544 0.0501407007109005 0.04392833857509127
0 0.329786297223685 0.0760624770744309 0.03670029771809718 0.05920283700955636
0 0.5758409368775964 0.029370293077460963 0.05538617375519287 0.04070778615492192
0 0.6396054215683693 0.663734316533292 0.029430256863261416 0.06105576693341613
0 0.5592124509976011 0.6073731644782846 0.04944122637645543 0.042343252272550695
0 0.6225498800538295 0.4185766451713154 0.030425370077818745 0.07419780902804754
0 0.313272 0.057377 0.02407409999999997 0.044262300000000004
0 0.5232972871365046 0.6431941061184058 0.03787653553917255 0.06115318776318843
0 0.567901 0.708197 0.03209880000000005 0.07377049999999997
0 0.6624831782809666 0.3360267267500583 0.02545199227663685 0.07614016004972422
0 0.5545840637557778 0.4756314300656515 0.027687527511555902 0.07585236013130296
0 0.5106724527938681 0.5811417450780825 0.035445894412263736 0.059028109843835004
0 0.434568 0.945902 0.04691359999999995 0.0459016000000001
0 0.425 0.9737699999999999 0.04629629999999999 0.05081970000000011
0 0.4827264414677316 0.4153715549199752 0.023436617064536897 0.07089539016004973
0 0.478086 0.115984 0.04506170000000007 0.041803299999999995
0 0.43857999999999997 0.0918033 0.027777799999999943 0.0491803
0 0.6252207033365514 0.47972557118328024 0.0578495066731029 0.03814034236656051
0 0.4856606760370956 0.14693690301258644 0.05143916515710022 0.04642609297257401
0 0.272222 0.1 0.030864199999999994 0.0409836
0 0.551852 0.661885 0.04567900000000003 0.05
0 0.7204389629059155 0.5221119014897833 0.05418317418816921 0.045855377837774804
0 0.5709875527777778 0.2930135568176521 0.030863994444444466 0.07790808636469586
0 0.43179 0.676639 0.05246909999999995 0.04672130000000003
0 0.5231161032707271 0.15821852979566467 0.04135800000000006 0.07622950000000002
0 0.542901 0.205328 0.040123500000000034 0.06311480000000003
0 0.39320999999999995 0.57377 0.034567900000000006 0.0606557000000001
0 0.6629629999999999 0.186066 0.04567900000000003 0.057376999999999984
0 0.079321 0.745082 0.04135799999999999 0.05409840000000009
0 0.3500820675443216 0.18849338017053843 0.04642763835937053 0.04644576238443012
0 0.321296 0.9516389999999999 0.03888889999999997 0.06229510000000014
