0 0.26633969907407407 0.9764966605950214 0.05016268004115236 0.047006678809957396
0 0.3845670378436624 0.5378045557534139 0.06911554307291669 0.06616571842592607
0 0.4863404710519548 0.9870516740393791 0.06661869930555551 0.02589665192124189
0 0.7185201380550682 0.436872924700998 0.06418848711554463 0.07452585143092484
0 0.6794987663846972 0.7437193205218402 0.06431112825788751 0.07030840906827539
0 0.8574134760835552 0.9544411378935184 0.05473472404210966 0.09111772421296299
0 0.6864758640783286 0.10723141356780055 0.055369474061603675 0.05720212410183481
0 0.5917155901041665 0.41705058796296296 0.06196560161458334 0.07939891592592588
0 0.6023925821303506 0.22143202455082672 0.03164501641330943 0.10829641843951947
0 0.5892338739528764 0.0035914818598332694 0.07437482636980874 0.007182963719666539
0 0.6095524453493506 0.5189502019541092 0.03606800525072593 0.09517340822205077
0 0.5742309041451631 0.853246601339732 0.06512839282157626 0.04972979601279708
0 0.62945110625 0.990832901898148 0.07229322333333327 0.018334196203703725
0 0.5739667921040469 0.2503350092589887 0.034269597756798005 0.09848200747429285
0 0.5115915121532589 0.36784713610630376 0.06597150064653175 0.05362561265324833
0 0.674189488796022 0.01717149605703383 0.04331232166550573 0.03434299211406766
0 0.6151749451654531 0.6525412748832734 0.03420580121632343 0.08942505374802823
0 0.5203674418935175 0.20345285600026838 0.07491164137746378 0.042459308611671166
0 0.731315299256799 0.1426828277420575 0.034796238850603345 0.055492243120488824
0 0.3716249499707522 0.6300626318235982 0.054679081616945464 0.08415096139432855
0 0.4918330454142001 0.26743667522757847 0.06740631624890897 0.06938951824037003
0 0.42952468585638515 0.18468033760946007 0.07561969091789335 0.0544501318770043
0 0.5742941546596472 0.5420616264439084 0.03764139676528835 0.09845112476852794
0 0.816814221316085 0.9363486531461556 0.04259550427863855 0.08824759913530056
0 0.6593575666798704 0.23362648503680322 0.07788544944726858 0.049732430920151935
0 0.5177454979717864 0.06790356563073432 0.06655625771440613 0.07143499246517236
0 0.5133910470505646 0.5543917115182414 0.03623337376740163 0.10446382160257599
0 0.45361096054852784 0.8034913297331041 0.07231005794282155 0.05902109682991665
0 0.6203629946590365 0.29341230058397233 0.03777193014526041 0.10510887697575508
0 0.7149394556036032 0.20266657250745965 0.03752662564277488 0.060936970692676264
0 0.5078469007201646 0.9452739829993929 0.06423546810699587 0.05954918032786896
0 0.34161088886579843 0.7294762675884667 0.0576507708352576 0.06187570690759454
0 0.7231979509747366 0.027151988418831822 0.03463948350191982 0.054303976837663644
0 0.62639889512332 0.4469754391519503 0.057450412548840056 0.055970841379889356
0 0.384502269916772 0.4799109163945026 0.07409411784325197 0.05335060951143686
