0 0.3283079364583333 0.0847599296296299 0.10865925999999995 0.10371594638888942
0 0.49129643958333336 0.653036946296296 0.07880779156249981 0.16853818222222244
0 0.3832345145833332 0.027253827453703736 0.06328520593750019 0.05450765490740747
0 0.8065279927083334 0.9215904134953702 0.07164344687500007 0.15681917300925963
0 0.4512954989583334 0.9734491775231483 0.05134450250000005 0.05310164495370339
0 0.4059208645833334 0.8755932629629632 0.09671875000000002 0.13828775277777788
0 0.7778702270833333 0.2911094351851853 0.09552466031250001 0.1361269324999996
0 0.30979983645833337 0.03589803120370355 0.08836031562500005 0.0717960624074071
0 0.6632410989583332 0.9583231719675928 0.08836031562500005 0.08335365606481454
0 0.6745842739583332 0.24357507962962957 0.10149491531249998 0.13612693250000002
0 0.48652046770833335 0.8572274768518521 0.10507718437499988 0.13180555555555548
