0 0.42962999999999996 0.183607 0.030864199999999994 0.027868899999999974
0 0.584877 0.345082 0.021604899999999955 0.0393443
0 0.628086 0.991803 0.025308599999999966 0.016393400000000106
0 0.5648409216179795 0.381020367149619 0.061415357250912926 0.03338757325098136
0 0.404898927603895 0.12779380590510275 0.02831725520778999 0.07689911181020552
0 0.587346 0.764344 0.040123500000000034 0.03852459999999998
0 0.555556 0.745902 0.028395100000000045 0.040983600000000016
0 0.602161 0.796311 0.05 0.056557399999999945
0 0.6573593785254738 0.4176346946779035 0.029724842949052307 0.035223210644193016
0 0.541049 0.986066 0.031481499999999954 0.026229499999999833
0 0.528086 0.344672 0.021604899999999955 0.0893443
0 0.633951 0.820492 0.04320990000000001 0.03442620000000007
0 0.693519 0.140574 0.029012299999999974 0.0745902
0 0.508985490758129 0.3242263487935812 0.027708418483741948 0.07121880241283772
0 0.495679 0.111475 0.039506200000000075 0.0622951
0 0.441358 0.140984 0.04074069999999996 0.05901639999999998
0 0.577778 0.0946721 0.04938270000000004 0.03360660000000001
0 0.511728 0.0647541 0.05432099999999997 0.04590160000000001
0 0.569444 0.82541 0.030246900000000035 0.07049180000000001
0 0.477778 0.606967 0.044444399999999974 0.05983609999999991
0 0.605864 0.8717210000000001 0.05123460000000006 0.04180330000000013
0 0.594753 0.604918 0.030246900000000035 0.06721310000000004
0 0.308951 0.9536889999999999 0.03395059999999998 0.02704919999999995
0 0.6 0.157787 0.044444399999999974 0.05327870000000002
0 0.328395 0.0213115 0.04567900000000003 0.0409836
0 0.554321 0.459016 0.05061729999999996 0.04590159999999991
0 0.514815 0.766803 0.05185190000000002 0.04344260000000006
0 0.616358 0.334426 0.05370370000000001 0.05081970000000002
0 0.251543 0.75082 0.05864200000000001 0.04590159999999991
0 0.393470789636585 0.38330041808473797 0.05750322072683004 0.04159506383052413
0 0.410185 0.8360660000000001 0.05864199999999994 0.029508200000000085
0 0.435494 0.0704918 0.05370370000000001 0.0508197
0 0.372531 0.067623 0.054938299999999926 0.04180330000000001
0 0.6703699999999999 0.11229499999999999 0.030864199999999994 0.07868850000000001
0 0.750926 0.641803 0.05 0.0393442999999999
0 0.720062 0.251639 0.038888900000000115 0.06393439999999997
0 0.32037000000000004 0.390164 0.05185190000000002 0.032786899999999966
