0 0.14430630144032922 0.10569089253187611 0.05341466049382717 0.13028378870673948
0 0.02103121281201267 0.20789955016199704 0.04206242562402534 0.08434062536217964
0 0.16583104619211356 0.9554835028014109 0.09846354573631295 0.06337452829463654
0 0.3553127754182888 0.08379194477976722 0.049422510739144464 0.12640502789578073
0 0.14703873456790126 0.0009231936854887624 0.06522582304526736 0.0018463873709775249
0 0.4328477930944655 0.5535383511006802 0.09181562928669416 0.07910689890710385
0 0.25128889133594917 0.01419749501608861 0.05464330973742525 0.02839499003217722
0 0.3738529182291666 0.9899094461342594 0.049580479479166564 0.02018110773148136
0 0.05523934357264846 0.7441549113963097 0.11047868714529692 0.05166744270761641
0 0.0423265520249478 0.3302875901513226 0.0846531040498956 0.09034826831988375
0 0.07545657361827379 0.9579817158931083 0.05327630944939313 0.08403656821378339
0 0.3733442025759735 0.4158337492994254 0.08510602560805118 0.12959107370821854
0 0.04206704179442695 0.6347907390541726 0.06193054210710365 0.1224806887944411
