0 0.527812096875 0.03862285185185188 0.048136222239583165 0.07724570370370376
0 0.6952997479166666 0.8776114074074074 0.03758585687500009 0.13576198518518537
0 0.5581020744590781 0.8859526307789262 0.025632624334823006 0.13802101992362967
0 0.447243067808568 0.08172822614087936 0.03734244619005255 0.08575507364416692
0 0.5344062755208334 0.3858685925925926 0.04286109296874999 0.08366722962962969
0 0.47595220848152825 0.31679433233539656 0.038051432119306484 0.11447003162550297
0 0.6810788375358291 0.347296425530262 0.03156392304040831 0.09766507486540218
0 0.5284711942708333 0.21695525925925918 0.036267021145833314 0.13418330370370368
0 0.5789151119791668 0.2066939259259259 0.058027276562499945 0.06945967407407394
0 0.5489128276041666 0.32509022222222217 0.052092622604166534 0.08524591111111117
0 0.8400882897088319 0.34542275488191954 0.030432379000997045 0.1298296457917167
0 0.7674135450571435 0.42636629115582836 0.03015118792678706 0.15106172879945431
