0 0.37739506249999993 0.5432725 0.020543997916666612 0.014493025555555577
0 0.5987582971029354 0.5326354471131445 0.01926235251493651 0.02252156846133207
0 0.42448709206622653 0.5860659267731322 0.03655296815826527 0.017395970121856515
0 0.5144780750059126 0.5030507686485342 0.024863861446508116 0.011657064334105443
0 0.39355390549633146 0.778162912087927 0.03190954334998383 0.009104400854344505
0 0.37220513184968607 0.7375934713833765 0.017660615659519152 0.01187246349023749
0 0.4555269236741983 0.6574716561081135 0.026989996635349497 0.020876531753941767
0 0.46412436274078817 0.7538765868698272 0.04382729791023667 0.010113126444732053
0 0.3535362585468385 0.5203145960700569 0.039953141350270255 0.015011790054432945
0 0.22549334010089842 0.5824935400516795 0.03806968882873285 0.0128916564295901
0 0.47509328125000005 0.5706223296296297 0.02876158229166658 0.019635712962963014
0 0.35003872190952146 0.5296921387973553 0.03690154181885118 0.01442928053070413
0 0.4069957189210927 0.7019505894380648 0.031456769868449426 0.010960265572834858
0 0.45757889809754304 0.6923216312434919 0.0186598231738157 0.018617271365829424
0 0.409926573629739 0.5113176176557802 0.030789429610489093 0.01778427302636224
0 0.5610972517656545 0.7185819015737047 0.037478885135135205 0.015952427837673665
0 0.46312465071854575 0.5234174025421182 0.0185780273575487 0.022785081672516423
0 0.5578521754545818 0.6231241849696697 0.033555773865394656 0.017480757778282435
0 0.39946147713604224 0.7278096282910941 0.02627973356599824 0.02012132437840998
0 0.39903724561881343 0.5525981568214583 0.038435154595706206 0.012573133272546236
0 0.44210281126847806 0.7398264522336464 0.02169750037971075 0.014419252245070669
0 0.44313588541666676 0.6360746111111111 0.03697916666666667 0.011687915555555572
0 0.4837671145833334 0.5866349074074074 0.03789225625000003 0.010051608518518539
0 0.4261667188639817 0.6764575559928573 0.04321551793629652 0.011802626162433735
0 0.4557386075920173 0.772829421538523 0.03815647119443077 0.011528067733678427
0 0.42221951894527016 0.7400294308145592 0.021336915300113665 0.011921773017607612
0 0.4278997135747782 0.5168703491902119 0.030334413409348806 0.019881108710693082
0 0.4824718435453923 0.6307543658975381 0.022766417472881825 0.01912007599969888
0 0.32036474249394226 0.749994929056658 0.03628260389626637 0.015858734223628223
0 0.4267008645833333 0.6558273925925926 0.027848492708333457 0.020804487407407476
0 0.4811885097523806 0.6842755965213718 0.03811530146247009 0.017842784190495484
0 0.6720705565552056 0.7287565540585385 0.021994905949584264 0.022050888746315844
0 0.3584844642230517 0.6740812517944301 0.03609795195712498 0.010691273304057716
0 0.32725690362487614 0.5564453965197104 0.020704575999752232 0.011523548442060818
0 0.550192220911312 0.5124004602409308 0.018717693720079965 0.0230563814327093
0 0.45483756695771066 0.7629439414119771 0.04332252399555981 0.011737145137570864
0 0.37648908988422086 0.5777092973666003 0.037905602685108404 0.01621482748902165
0 0.405469716911857 0.6876698300374916 0.04086596222694468 0.013767762850525328
0 0.44200521581012536 0.5971325595515454 0.02426753072747907 0.02042473277700112
0 0.30045570945605 0.5141649254114078 0.04266779078503262 0.012356708340984858
0 0.29109150909861514 0.5919681309216194 0.024570874861572632 0.01133844481156719
0 0.5539253663385608 0.731809781092568 0.04102626932488048 0.010345386369976634
0 0.37417988986218553 0.7203842606912512 0.03341409941792908 0.018546299160280035
0 0.3268102808881233 0.572087022210926 0.03109277374458242 0.018172575930867966
0 0.4164768112410656 0.7585086920397534 0.0394059995668183 0.016178538331256063
0 0.45523398958333333 0.5637265518518518 0.021913558333333326 0.019401946666666676
0 0.3701869821908155 0.5117820315528233 0.03503926723315125 0.01622796223161208
0 0.3383497059924599 0.7442494174693223 0.027223589964397967 0.010543701202665281
