0 0.575309 0.560656 0.034567900000000006 0.03770490000000005
0 0.571605 0.711066 0.018518500000000045 0.06311480000000007
0 0.68642 0.584426 0.029629600000000075 0.036065599999999934
0 0.547222 0.718443 0.026543200000000024 0.045081999999999914
0 0.5 0.0606557 0.03703699999999995 0.07049180000000001
0 0.526235 0.8545080000000002 0.05617279999999996 0.03524589999999991
0 0.441358 0.72582 0.05555560000000003 0.03360660000000008
0 0.589198 0.336885 0.024074099999999935 0.06885249999999998
0 0.533642 0.8885250000000001 0.05493830000000007 0.032786900000000146
0 0.551235 0.518443 0.027160499999999983 0.07459019999999991
0 0.732716 0.981557 0.028395100000000045 0.035245899999999816
0 0.636111 0.372951 0.026543200000000024 0.06885249999999998
0 0.394753 0.710656 0.03641980000000002 0.06393440000000007
0 0.471914 0.0659836 0.025308599999999966 0.04344259999999999
0 0.572839 0.159016 0.027160499999999983 0.06885249999999998
0 0.542593 0.810246 0.044444399999999974 0.045081999999999914
0 0.55679 0.647541 0.05308640000000005 0.06229509999999996
0 0.612346 0.77623 0.03209880000000005 0.05081969999999993
0 0.639198 0.890574 0.026543200000000024 0.04180330000000013
0 0.425309 0.197131 0.04197530000000002 0.05819669999999998
0 0.653086 0.245902 0.04814809999999998 0.04590160000000001
0 0.47901199999999994 0.743033 0.027160499999999983 0.06639339999999992
0 0.697839 0.24836100000000003 0.04135800000000006 0.055737700000000015
0 0.419136 0.660246 0.039506200000000075 0.06803279999999996
0 0.33642 0.334836 0.05061729999999996 0.05
0 0.526235 0.284016 0.04753090000000005 0.05819669999999996
0 0.734877 0.577459 0.029012299999999974 0.06639339999999992
0 0.536728 0.025 0.05493830000000007 0.048360700000000006
0 0.44567899999999994 0.45614799999999994 0.03580250000000006 0.03852459999999998
0 0.591667 0.506148 0.04382720000000004 0.06803279999999996
0 0.396296 0.37418 0.03827160000000001 0.07786880000000004
0 0.506173 0.551639 0.04320989999999994 0.05901639999999998
0 0.305864 0.830328 0.03641980000000002 0.06229509999999996
0 0.488272 0.336066 0.05308640000000005 0.036065600000000024
0 0.319136 0.389754 0.04814809999999998 0.06967210000000003
0 0.478704 0.661475 0.05246909999999995 0.057376999999999935
0 0.530247 0.230738 0.04691359999999995 0.056557400000000015
0 0.605247 0.115574 0.04382720000000004 0.05409839999999999
0 0.467901 0.8741799999999998 0.034567900000000006 0.06967209999999999
0 0.786111 0.736066 0.040123500000000034 0.07213109999999993
