0 0.8648470020833334 0.9035625759259259 0.0028639465624999377 0.010127514259259366
0 0.8850999403648998 0.832976654645144 0.007317804375633111 0.012889952376378515
0 0.8925379532102977 0.7567652783112706 0.003999403816428782 0.018464121525606825
0 0.855064759327166 0.7829026260474765 0.007053445425165231 0.012185092349491389
0 0.8843094799100641 0.8508536167432094 0.0055685621117949795 0.01511450910617382
0 0.8833362875 0.7886785611111112 0.007159845937499891 0.012026408703703674
0 0.8651779741368932 0.6862183821105803 0.004295913020833334 0.01666818500000002
0 0.8377260270422233 0.7856250579938213 0.005740239556740908 0.015408737553915296
0 0.85330699375 0.8439578314814814 0.004211677291666642 0.019622037962963013
0 0.8947499354166666 0.7053377648148148 0.004717078020833298 0.01920006999999994
0 0.8874687553556166 0.725182310555945 0.006981267309600033 0.009095860741519522
0 0.8552864583333334 0.7499621703703703 0.0046328422916667245 0.016457188148148113
0 0.8893651585084373 0.8477182022848566 0.003693929962291994 0.01912471901415771
0 0.8781007006708418 0.7753195890822568 0.007398948689062479 0.008298872907306215
0 0.8684233234652664 0.8116944821549458 0.00782648765969931 0.01072440624566403
0 0.8774399229166666 0.7459533074074075 0.005980586666666691 0.014769264814814761
0 0.8858231294543689 0.7166058793921679 0.006654445208333234 0.008017597222222308
0 0.879720982634957 0.7606983003855583 0.0037808683492385124 0.018518535771116472
0 0.8641900978061094 0.7179045679853056 0.008114510824116886 0.009294667861981843
0 0.8657578625945066 0.8390438570480506 0.007084758908348476 0.008995683954382714
0 0.8821570145833334 0.7481685555555556 0.0034535693750000246 0.02046599962962969
0 0.9217535597122893 0.7344029484909895 0.006135383596254703 0.013189608093090097
0 0.8815376048390197 0.8098496413573363 0.007562720444619942 0.012592222159117088
0 0.8797141375 0.7278081444444444 0.003958970104166681 0.010549482222222229
0 0.8936548572916666 0.6581815514814815 0.004717078020833417 0.01223740555555558
0 0.8882639343750001 0.6590255131481482 0.006064808750000002 0.011815411851851873
0 0.8826623197916666 0.6582870370370371 0.002948168645833249 0.01287037037037035
0 0.8659152923080587 0.7015503463375471 0.006336467650952097 0.011446884225288011
0 0.88076705 0.7961688592592593 0.007075623854166698 0.011815411851851873
0 0.8709366102101253 0.7667503872805382 0.0058846290079941355 0.007688985538328973
0 0.850409064743409 0.8510351485945494 0.004138522985398296 0.019850931448358144
0 0.8736262516412057 0.7816816853871027 0.009097226770833326 0.006540670740740653
0 0.85781339375 0.8012325777777778 0.007328317395833276 0.010549482222222229
0 0.897009214511492 0.6728342720288236 0.009127275143682804 0.008628496094684229
0 0.8725122760416667 0.9005032888888889 0.0030324043750000603 0.017090152962963092
0 0.8853594378579539 0.8045609072055017 0.0069947013409077385 0.009378329663070733
0 0.8627411770833333 0.8557733462962963 0.0058963509374999985 0.013714332037037025
0 0.8464840770833334 0.8794041185185186 0.005390950208333341 0.016668185000000123
0 0.901951796875 0.7705336555555555 0.00446438447916672 0.01076047907407403
0 0.8770186760416666 0.8436414777777778 0.005475185937499916 0.016035220185185144
0 0.8854421125 0.7008014740740741 0.008002189583333319 0.010549482222222229
0 0.8860163552333556 0.8616148458790471 0.004309622930423984 0.008341452394063779
0 0.8939496072916667 0.7987007185185185 0.007496788854166662 0.009705520555555553
0 0.8936968864583333 0.832353648148148 0.007328317395833276 0.010338485370370323
0 0.8714351285243629 0.7747680368282006 0.007469341490618102 0.010626401692247593
0 0.8747444614583333 0.831825962962963 0.007496788854166662 0.011815411851851873
0 0.8899485125000001 0.7110344481481481 0.0032008758333333274 0.020044005925925982
0 0.8733571810283218 0.6552160913809099 0.008923427943356425 0.006306485354412488
0 0.8765133708333332 0.6750607075925926 0.004127441562500067 0.016879181851851822
0 0.8996354166666668 0.8193777407407408 0.006233280208333388 0.013503335185185223
0 0.8849366708333334 0.7673685740740741 0.006485987395833348 0.013292338333333318
0 0.8763926930493611 0.687477072386093 0.007056212699028327 0.010494251010086626
0 0.8678793791666666 0.6779092037037037 0.0058963509375001165 0.017934114629629662
0 0.8563815364583333 0.8093555833333334 0.005138243020833263 0.00907255574074068
0 0.8605510208333332 0.9005032888888889 0.007412553124999969 0.013292338333333318
0 0.8750813770833333 0.8977603555555556 0.0034535693749999058 0.01835610833333337
