0 0.5106652026526359 0.5361020793216956 0.015147682973770197 0.029120630494947015
0 0.5494032846014654 0.3944415012397059 0.032309698769114506 0.01765771918334104
0 0.590122087487803 0.4198100749416649 0.013487335206488165 0.009714097236981656
0 0.5033251820935196 0.4017181855044235 0.03214007355559314 0.02382286682153147
0 0.4306466585901857 0.46283625384208416 0.015114752021024812 0.023133037214324494
0 0.41913236305389107 0.4682248651128785 0.019357617931386763 0.029609887110806903
0 0.5819634572215683 0.19901638697024893 0.033772656596829854 0.0148658707447542
0 0.644119304337232 0.22060205157703 0.024153460351376783 0.026076119259898382
0 0.5707169191219482 0.501609818804537 0.03500604199378093 0.013227405075653354
0 0.590292666289523 0.3541793663988178 0.016673930528616765 0.016140583574457898
0 0.5503725437589432 0.2524097558740306 0.029871094139962178 0.019828586484942803
0 0.4061732109375 0.3006802074074074 0.01588444625 0.03094111703703706
0 0.5746791345732024 0.4390535607488868 0.025791914807291268 0.02905636020477039
0 0.5147488550378335 0.30787551168302096 0.030535565387295863 0.01629551285817812
0 0.5445158053414353 0.2686689019901504 0.020686753514660337 0.020031149672805764
0 0.5622190179702867 0.1827672295802332 0.026804051839296978 0.01814619287250573
0 0.4929371487001906 0.5368247762623346 0.01705874234668266 0.03162389365241554
0 0.3987473244414906 0.44552334176138475 0.03604400231611073 0.019165544910676145
0 0.4641803251484095 0.3647557079146836 0.03068182842181907 0.020804897310848693
0 0.48799697187499996 0.42949614814814807 0.028813628593749977 0.015154841481481449
0 0.5701909870186178 0.22901894048226212 0.03583485825598558 0.013277931334894631
0 0.5040251785153799 0.20104452883002483 0.03274563847039117 0.021940250892737708
0 0.5235297274948673 0.4798177090395444 0.034864111864734385 0.01539724919019997
0 0.5573132898848558 0.3357161134807184 0.02164847333825932 0.01999857672152335
0 0.580663533197832 0.5468869242426486 0.03646005846632552 0.013142397362042858
0 0.5497939389778196 0.19628188900208907 0.015214512711864359 0.02825476212528173
0 0.5245181558064715 0.39791641115789755 0.018147869138881313 0.03165129071674184
0 0.5424923207725455 0.42345154236182464 0.023654062620421534 0.016956392266934333
0 0.5442781453003295 0.46377786559708806 0.03334786105723347 0.01818768197902319
0 0.5131164439342206 0.17786278444444445 0.014037671819058536 0.0075774207407407505
0 0.5316133399391049 0.5368427416777012 0.019983475558351317 0.028400090268784893
0 0.5075678617884303 0.49523231992877553 0.03601937478833784 0.01779400920891463
0 0.48515398822002603 0.25411178046501276 0.017723515856377443 0.03123215124452367
0 0.47728374375 0.42018198518518524 0.03250772343750003 0.0179963525925926
0 0.46291287086817995 0.3110582290381339 0.019810879007367534 0.015531660692951048
0 0.539856329469536 0.3576830540527855 0.028557560573873944 0.01795147831695816
0 0.5582143824380227 0.41607819850579986 0.031453554787758145 0.021152649740070025
0 0.33702870587513073 0.5008118959611741 0.015609296344858237 0.018320544536456394
0 0.5260456281250001 0.27715848888888894 0.02364199156250013 0.01989069333333333
