0 0.6137324536254565 0.3356962694874163 0.03549829274908704 0.04336206102516735
0 0.725 0.020491799999999998 0.033950600000000046 0.0393443
0 0.65679 0.21803300000000003 0.027160500000000126 0.03770490000000002
0 0.588889 0.532377 0.044444399999999974 0.041803299999999946
0 0.582099 0.570902 0.03580250000000006 0.0647541
0 0.562654 0.9795080000000002 0.05 0.03770489999999986
0 0.6101849999999999 0.768852 0.05740739999999995 0.04262289999999994
0 0.608951 0.802869 0.05493830000000007 0.03688519999999993
0 0.523148 0.564344 0.029012299999999974 0.045081999999999914
0 0.591049 0.618852 0.05987649999999997 0.027868900000000068
0 0.734877 0.582377 0.024074100000000074 0.02868850000000006
0 0.563272 0.0852459 0.05370370000000001 0.0393443
0 0.564506 0.239344 0.06234569999999995 0.036065600000000024
0 0.537963 0.128279 0.04382720000000004 0.03852459999999998
0 0.624383 0.24385199999999999 0.04753089999999998 0.04344259999999996
0 0.567284 0.30123 0.06790119999999995 0.030327900000000015
0 0.49691399999999997 0.729918 0.03827160000000001 0.056557399999999945
0 0.540123 0.668852 0.025925900000000064 0.06229509999999996
0 0.554012 0.582377 0.030246900000000035 0.07786879999999995
0 0.575 0.909016 0.027777799999999943 0.0754098000000001
0 0.4672839999999999 0.589754 0.025925900000000064 0.07950819999999999
0 0.465432 0.658197 0.034567900000000006 0.07377049999999997
0 0.523457 0.918443 0.024691400000000033 0.07295080000000005
0 0.629321 0.655738 0.025308599999999966 0.07704919999999996
0 0.455556 0.0159836 0.03827160000000001 0.0303279
0 0.566049 0.765984 0.04691359999999995 0.06147540000000003
0 0.538272 0.0372951 0.04691359999999995 0.04836069999999999
0 0.503704 0.12377 0.03580250000000006 0.06885249999999998
0 0.333333 0.479918 0.03333329999999994 0.05819670000000005
0 0.515432 0.62459 0.03827160000000001 0.07213109999999993
0 0.796605 0.9454920000000001 0.025308600000000105 0.07622949999999984
0 0.488272 0.967623 0.03333329999999994 0.05
0 0.4685190000000001 0.19918 0.029629599999999933 0.0754098
0 0.828704 0.428689 0.03271610000000001 0.07377049999999997
0 0.672222 0.958607 0.032098799999999914 0.06803279999999996
0 0.418827 0.795082 0.033950600000000046 0.06065569999999991
0 0.433333 0.411475 0.05555560000000003 0.04262290000000003
