0 0.24375893196267132 0.6151994459726345 0.03840733607465734 0.07124050805473091
0 0.570988 0.634016 0.023456799999999976 0.06639339999999992
0 0.35284401261525233 0.15451846821954762 0.0548050747694952 0.04342166356090478
0 0.592593 0.592213 0.023456799999999976 0.045081999999999914
0 0.49321 0.017623 0.044444399999999974 0.0336066
0 0.563272 0.673361 0.027777799999999943 0.04344260000000006
0 0.551235 0.465574 0.05432099999999997 0.040983600000000016
0 0.6773207105993123 0.5767121263073252 0.03151266537740263 0.06985858614857861
0 0.618519 0.811885 0.03209879999999998 0.045081999999999914
0 0.579321 0.427869 0.033950600000000046 0.03606559999999998
0 0.380247 0.268033 0.029629599999999933 0.03770490000000005
0 0.714506 0.376229 0.05246909999999995 0.040983600000000016
0 0.33796300000000007 0.898771 0.026543200000000024 0.04180330000000013
0 0.567284 0.0864754 0.023456799999999976 0.0368852
0 0.521605 0.0295082 0.03950619999999993 0.057377
0 0.560802 0.032376999999999996 0.026543200000000024 0.0614754
0 0.660494 0.540164 0.03703700000000009 0.055737700000000015
0 0.510185 0.541393 0.025308599999999966 0.07622950000000002
0 0.54537 0.625 0.026543200000000024 0.06967210000000008
0 0.608951 0.519262 0.031481499999999954 0.07295080000000005
0 0.34074100000000007 0.675 0.024691400000000033 0.06639339999999992
0 0.602469 0.643033 0.03827160000000001 0.0647541
0 0.56142 0.520082 0.03641980000000002 0.06147540000000003
0 0.591667 0.683607 0.031481499999999954 0.07213109999999993
0 0.616667 0.413115 0.03209880000000005 0.06885250000000004
0 0.506173 0.416393 0.027160499999999983 0.07213109999999998
0 0.702469 0.465574 0.029629600000000075 0.03934430000000009
0 0.376543 0.497131 0.03580250000000006 0.035245900000000004
0 0.709259 0.756148 0.05185190000000002 0.03688519999999993
0 0.529012 0.315574 0.04938270000000004 0.04754099999999996
0 0.721914 0.256557 0.038888900000000115 0.09016389999999999
