0 0.5296911154390815 0.4477021541632668 0.027037669121836805 0.07016879167346636
0 0.5547213880547214 0.2611628021464087 0.025395766136506872 0.052675626446118264
0 0.5637638217884551 0.7334293031014621 0.03229884958291623 0.07634033043863538
0 0.5098265700116783 0.5764176411719096 0.031064244027360695 0.07800211242800169
0 0.53858 0.983197 0.033950600000000046 0.031967200000000036
0 0.5181609196354028 0.14560951753449697 0.04348098513633538 0.057878735894563015
0 0.5050132497664331 0.5209568562029242 0.05904256953620287 0.034736708506867574
0 0.38638849820284416 0.36798782596665974 0.03099442621242902 0.07816282769592585
0 0.5500409645407803 0.3800195399951232 0.03078227091843949 0.07766672000975357
0 0.576543 0.578689 0.05802469999999998 0.03770490000000005
0 0.585367181190603 0.14416485570822032 0.04873450696775904 0.03541129577780396
0 0.574074 0.9745900000000001 0.03580250000000006 0.05081970000000011
0 0.4084024826283479 0.5063602974110902 0.055488092828712164 0.03762429454447731
0 0.476852 0.9803280000000001 0.031481499999999954 0.03770489999999986
0 0.5482149010302868 0.12430391527597594 0.026893761310951184 0.07542802273263353
0 0.559877 0.46885199999999994 0.05308640000000005 0.04262289999999994
0 0.555864 0.952869 0.054938299999999926 0.03852459999999998
0 0.564543408974302 0.6349489821215158 0.043900717948604055 0.05022626424303182
0 0.5171484892219558 0.10324339182981483 0.04417357844391148 0.053862314111333874
0 0.36509681143973705 0.05948519872626488 0.05762057021049826 0.03140110862129968
0 0.5466800485318652 0.522651766094373 0.03543536506506504 0.07166589625609221
0 0.437354020687354 0.6282676118741692 0.036202869536202865 0.06424457244129371
0 0.4638807802385719 0.5192953906070005 0.027527061478144786 0.0792647792645104
0 0.5429884611607257 0.3162914773614771 0.054764777678548385 0.04118694527704575
0 0.503395 0.9717209999999998 0.035185199999999965 0.054918000000000085
0 0.604321 0.027049199999999995 0.027160499999999983 0.040983599999999995
0 0.6776048436951627 0.49671366642437365 0.033678512609674555 0.06395006715125273
0 0.8227594878829447 0.5714936247723132 0.026863283036122516 0.08196721311475409
0 0.45912579245912577 0.6175232609658838 0.0390390390390391 0.07111209570225965
0 0.5383051670086753 0.708030704342047 0.042576299983316676 0.06515312334957914
0 0.5089330145194955 0.040951187421865785 0.027963973625544074 0.08144235920509493
0 0.4438000271333604 0.4187308593046298 0.031881698548365214 0.07003242658980366
0 0.6102521053136469 0.20552469159036083 0.03408371062729387 0.048754683180721715
0 0.7176713277903755 0.4409919705587153 0.045508944318468234 0.056038808966209414
0 0.62200912639444 0.6279571316959548 0.05474744721111985 0.05883913660809058
0 0.4906050739384073 0.4561115114393803 0.05562338895672229 0.04526211493424607
0 0.4051758593125499 0.11727503243306993 0.03164135358379962 0.07297440735935842
0 0.46921346622257737 0.12450155395978298 0.032574044551025846 0.07002036182922514
0 0.34162427881250557 0.08937077959075362 0.052385157625011086 0.05743015918150725
0 0.4507007007007007 0.7321665928223305 0.05188521855188515 0.04785112981834289
0 0.563272 0.0614754 0.045061699999999934 0.0606557
0 0.262654 0.23770499999999997 0.030246899999999965 0.07213110000000003
0 0.4901543854223047 0.28919538656353744 0.0472950333771489 0.06981758444847533
0 0.23302499999999998 0.297951 0.040123500000000034 0.06147540000000003
0 0.6144928965914287 0.4227629338287243 0.03842078286569397 0.029895007763426604
0 0.6185520062060939 0.496044934159905 0.03279664020451442 0.04229772344483088
