0 0.21729019238273098 0.36410875927962083 0.037295938567545525 0.06511566069982522
0 0.4281867460116129 0.6296244015983516 0.026966661432034418 0.11087941427038678
0 0.39502307719259516 0.4922748048630724 0.02880144130791547 0.09954942555686139
0 0.18106044206613098 0.7743219365066388 0.03612360238806289 0.0845276002464999
0 0.39641747239583336 0.2006616592592593 0.03860049656249996 0.0462781288888889
0 0.6000699878657569 0.5056331255168988 0.02721325078730814 0.0903373104906231
0 0.33237172960962513 0.5498667611144842 0.02363531307155912 0.05802131822168245
0 0.3309317337517253 0.22241055681432956 0.01813672135090497 0.12491927897272609
0 0.4092844390625 0.15563463703703706 0.03195957911458341 0.05378263259259265
0 0.40426601772325704 0.3590345727332028 0.03078423097211136 0.08909515848658
0 0.348032426593779 0.9274805069271008 0.03613077520444842 0.07031186160861853
0 0.37784181642353326 0.961591962611847 0.035093728253305416 0.07572444616833528
0 0.27549177449351064 0.8310403141687297 0.021019021380711204 0.09881797518409577
0 0.3510231063717555 0.2990666775980047 0.036551197724142996 0.0675556696216926
0 0.3456509027294518 0.8678503206310455 0.038473124307327564 0.059535081815105244
0 0.2413527010662643 0.8212643860900268 0.028774674681608776 0.09544444898682293
0 0.2640268537403954 0.21571027636601406 0.0341045111010389 0.050292755210787944
0 0.36670016202487316 0.4942618723286484 0.03590270480079513 0.05508540297161304
0 0.1579554656914888 0.7166857563372604 0.021561747841311055 0.11990105917733118
0 0.25393970640874375 0.41002734631917304 0.035838284284481145 0.06520851032557784
0 0.46306709038386085 0.08824644679440934 0.026482159465373675 0.08839990020143579
0 0.22619138992041002 0.4638871667203342 0.0400822298771948 0.07194339111809585
0 0.3672707283381896 0.13286269322710073 0.037126198323620824 0.08828805608383118
0 0.3730350498900728 0.33394596354398737 0.02469236468475439 0.06045742897303633
0 0.47881911348644396 0.06147808850316081 0.027060229312918516 0.06591009202709622
0 0.27041237922314304 0.12343400376187261 0.02452622287691734 0.10976940485137208
0 0.5335499532246025 0.19161220043572982 0.03255365932381184 0.06928223627034301
