0 0.4836672756280232 0.37466341059666564 0.06733436399519892 0.022553698343705634
0 0.5491629896765351 0.33171746679588887 0.04717466356359642 0.026630426593407544
0 0.5682857398703838 0.2731690564715706 0.03312210438927714 0.03602718147897901
0 0.7738055281122038 0.36268994607836486 0.029359918920850703 0.024057388348768586
0 0.5792240980210364 0.32849856887856316 0.04817051605452652 0.02596310894341382
0 0.5171653700772433 0.5523121460848247 0.030528549845513453 0.022335303571091564
0 0.2483016486854477 0.4142297883572146 0.053253333699674034 0.01820817996573212
0 0.5718533803843762 0.5538515701696979 0.033523177502852636 0.019256483218588385
0 0.49049897956223276 0.3001894425808049 0.03097131838997343 0.03682581358072983
0 0.6372556582398609 0.3595804956538403 0.053654632729721756 0.026641035103976873
0 0.4962402285936033 0.3531073328100533 0.031708680781171 0.026130876913367202
0 0.27973386498516317 0.3701052989069237 0.0625702152861732 0.01820817996573212
0 0.35296504583333327 0.4380977675925926 0.02974539416666661 0.033953406666666686
0 0.4825230291666667 0.39534907870370367 0.03503349041666664 0.01881753805555559
0 0.5012772547270313 0.23535597021960405 0.030062313653691497 0.03782425302106334
0 0.6027698868864888 0.5572884041076474 0.0359534083129045 0.013260977295956246
0 0.687906842318138 0.2020256333396793 0.02539987421960935 0.017521710290469627
0 0.2827662548453509 0.35347466921622406 0.04078242268480358 0.017964420255527226
0 0.47572576072685685 0.23761892337363869 0.030693523537046966 0.0388000345250551
0 0.6008436875000001 0.35914574629629625 0.03238938875 0.039680481296296304
0 0.8682145368896733 0.3375117583249602 0.05818342955398658 0.02404129696119073
0 0.44054183498244975 0.10568492680542163 0.03851831048777541 0.03767419706953817
0 0.41606617842699023 0.3852438570389213 0.053422001383567404 0.030239967391076754
0 0.4325444770651411 0.15925176225805973 0.043287978018669133 0.030331571075273577
0 0.8411204833333333 0.17812908425925927 0.04759254500000007 0.03027168731481485
0 0.4928779554813053 0.5550930671312806 0.02688809052340761 0.017212841899257536
0 0.4306336583333333 0.48227780092592587 0.0343724650000001 0.02168107537037037
0 0.8378727745276625 0.41234589894711693 0.038222710111341485 0.03718570136502537
0 0.37154784394068396 0.3578251110954086 0.03105599013764735 0.03993791611707801
0 0.5332847041918573 0.07564332491106826 0.05875199129342157 0.019250684251937565
0 0.56616675780777 0.5357063618620836 0.03960857230112656 0.025274735535092175
0 0.6002775103899279 0.1672461030256031 0.054320478344130764 0.02065636891558011
0 0.4696724822017973 0.07223835566893014 0.03469298796871196 0.015382513545171256
0 0.5246367113510565 0.48516904427732016 0.04570428374945775 0.03246859258310448
0 0.5555645708333333 0.36282741574074073 0.04494855041666668 0.02740815000000004
0 0.5284174077129936 0.19154771351452088 0.04882298415026689 0.028918916481812124
0 0.16150754127437697 0.4513744754873081 0.05305718882416868 0.031196681674621033
0 0.5127237682217044 0.2874113289527926 0.03756706212117151 0.036470865979951625
0 0.5777934229203733 0.10130689076292902 0.047859845335723725 0.033496213473963365
0 0.5891682162971361 0.4607138507896934 0.036611444704795444 0.030697374316181043
0 0.4587269708333333 0.42480243425925934 0.04428752500000008 0.02536279472222218
0 0.5356516129513887 0.09438116863352262 0.031893503680555685 0.017773808658880685
0 0.4617017458333334 0.45077923981481477 0.04627060124999994 0.02659001787037038
0 0.5175755172861571 0.5144853938712899 0.0323726559179633 0.02977359404558797
0 0.5024716882916901 0.21322728039016578 0.06610082304526751 0.02422517375310662
0 0.36174449234075634 0.2792963221184229 0.05184716948515386 0.026749008540932043
0 0.5424466778197399 0.5471529515636931 0.03284584189138459 0.032653720430597895
0 0.4772359842132998 0.4674349822508116 0.056454212235780864 0.020624923095343733
0 0.5730856244585228 0.3099583098656249 0.06849262914230027 0.018771795010066122
0 0.5447704796113297 0.2334149251844213 0.05692413611490477 0.015617694434237233
