0 0.267901 0.67459 0.034567900000000006 0.03770490000000005
0 0.4359818440840928 0.13321180623551626 0.03297461183181434 0.06729907380482363
0 0.842284 0.993443 0.03271610000000001 0.013114799999999885
0 0.556173 0.0118852 0.04074069999999996 0.0221311
0 0.6502973959214013 0.21973198682731093 0.03416055687415143 0.04203975993047807
0 0.511728 0.111885 0.04197530000000002 0.036885199999999986
0 0.6641746690032966 0.2735560708158098 0.027205261993407177 0.056167158368380425
0 0.6406955034732157 0.7516957012523746 0.049472393053568625 0.03431379749525086
0 0.6110268968182405 0.48500553916616596 0.02238990636351895 0.09884122166766808
0 0.516049 0.605738 0.03209880000000005 0.032786899999999966
0 0.5657114321488591 0.3301798665801219 0.026775459475793413 0.07500225311561244
0 0.4979317297282011 0.4139987479765685 0.04117404054359774 0.057248204046862934
0 0.519591587589684 0.23158523845378076 0.05669981922306265 0.04260571851772377
0 0.537654 0.42663900000000005 0.05802469999999998 0.028688500000000016
0 0.6730574275563957 0.3825123667753841 0.033886437628466215 0.07438819237833655
0 0.650309 0.540574 0.024074100000000074 0.041803299999999946
0 0.6535874653238317 0.3548449899708179 0.04244694253441925 0.06792567536692129
0 0.593827 0.339754 0.03209880000000005 0.06639340000000002
0 0.44814800000000005 0.313525 0.044444399999999974 0.06147540000000003
0 0.722531 0.602459 0.020370399999999924 0.04262289999999994
0 0.478086 0.589754 0.04876539999999994 0.05163929999999992
0 0.41481500000000004 0.811066 0.03209880000000005 0.03360660000000008
0 0.620887682305604 0.22085462162046174 0.02983043538879204 0.04517675675907647
0 0.40463 0.779508 0.05370370000000001 0.032786899999999966
0 0.4993830000000001 0.0762295 0.05555560000000003 0.0360656
0 0.553395 0.0995902 0.029012299999999974 0.04344260000000001
0 0.34630924377060307 0.22534132489056735 0.060468012458793886 0.03784255021886536
0 0.841667 0.390164 0.05 0.022950799999999955
0 0.45 0.45 0.03209880000000005 0.07704919999999996
0 0.61821 0.978279 0.025308599999999966 0.04344260000000006
0 0.6608020000000001 0.715164 0.03271610000000001 0.06803279999999996
0 0.505864 0.339754 0.029012299999999974 0.08442619999999998
0 0.599074 0.027868899999999995 0.03641980000000002 0.034426200000000004
0 0.458025 0.613525 0.04691359999999995 0.048360700000000076
0 0.616667 0.10737700000000001 0.023456799999999976 0.057376999999999984
0 0.46574100000000007 0.173361 0.04135800000000006 0.05163930000000002
0 0.35 0.192213 0.05432099999999997 0.03196719999999999
0 0.5457147651994053 0.5261138030684062 0.03202806960118933 0.07892059386318778
0 0.528704 0.262705 0.05370370000000001 0.041803300000000036
0 0.6315264854501971 0.32182835987898034 0.038180629099605734 0.07289026194318092
0 0.452469 0.714754 0.025925900000000064 0.06229509999999996
0 0.33796300000000007 0.983607 0.031481499999999954 0.03114749999999992
0 0.6663580000000001 0.815164 0.03148150000000009 0.06967209999999999
0 0.526852 0.172131 0.054938299999999926 0.05081970000000002
0 0.46049399999999996 0.346311 0.05061729999999996 0.05819669999999996
0 0.422222 0.222131 0.028395100000000045 0.07213110000000003
0 0.529012 0.9487699999999999 0.023456799999999976 0.07622949999999984
0 0.590123 0.0954918 0.03580250000000006 0.07622949999999999
0 0.21759300000000004 0.20123 0.03395059999999998 0.03196719999999999
0 0.351543 0.019672099999999998 0.05370370000000001 0.0377049
0 0.609568 0.887705 0.03271610000000001 0.06721309999999985
0 0.778086 0.9672129999999999 0.036419799999999884 0.04754099999999996
0 0.379938 0.933607 0.05370370000000001 0.0459016000000001
0 0.37586452071617865 0.3104883700969874 0.0232693426410704 0.03647755557462878
