0 0.54546373496092 0.26932808584542206 0.050085645511738844 0.04710472778629553
0 0.46500390644998746 0.9898915319540698 0.027297522434582368 0.023562636627156706
0 0.5384978239745161 0.6572748426071203 0.024433787089603417 0.04282661478575968
0 0.4203068279062683 0.47942725701118694 0.029136943048270025 0.03258982676422996
0 0.5249679449055571 0.4256516926465385 0.035121989811114036 0.07097518529307696
0 0.5816227532633154 0.5068386907044856 0.04349280652663049 0.03990598140897113
0 0.5770391826013264 0.4788505067431301 0.054809632041033854 0.04996818335692103
0 0.4362051608117416 0.5064905368324774 0.05616489164414772 0.038521072257792194
0 0.704938 0.42991799999999997 0.029629600000000075 0.035245900000000004
0 0.49273176429893123 0.521271276498801 0.04808000694407442 0.06254059359987413
0 0.4111303711756681 0.01861384826123459 0.02879246719243949 0.03811144006009456
0 0.4966225191224798 0.4001030412135865 0.02904823824495967 0.07725588242717302
0 0.47733534679171297 0.5971645676493351 0.02980448259418217 0.06472947301765991
0 0.5517067827219706 0.5572591107441915 0.02634929093762021 0.044816605731807985
0 0.5598264274293965 0.6985015396063463 0.03729092726381606 0.06398334166959822
0 0.5144188843762028 0.49472113363800757 0.025133868752405385 0.07632806727601532
0 0.43362210565357917 0.5792232463237881 0.027155195252477057 0.07633856328713151
0 0.671064483653897 0.6643565749665798 0.030731733163778936 0.036234433265320554
0 0.5380157780307847 0.766132978633997 0.05998285606156944 0.04199704139520158
0 0.5105917511007788 0.7357258884507142 0.05628165966989879 0.04054428304369234
0 0.4937688027155196 0.7043461943502427 0.04068230950564293 0.060630754984873
0 0.5536311691387631 0.3461493100601486 0.05684341415756283 0.04914101505680701
0 0.47932099999999994 0.459016 0.04382720000000004 0.06557379999999993
0 0.4793804673184945 0.012985111187228272 0.04301131612147425 0.026281383066092293
0 0.6031471119400775 0.31391280418288314 0.05343873049708378 0.05503793686362386
0 0.451543 0.440164 0.05370370000000001 0.049180300000000024
0 0.43335717691940867 0.6494934215155139 0.03960684575849096 0.06279462463941461
0 0.615495681661633 0.7042848096812776 0.06080114449213163 0.038345176950678884
0 0.3581931807738259 0.7466541919212464 0.04487945348160402 0.058577065451734946
0 0.34400720164609055 0.10733801717408276 0.03435479129923569 0.03317720530835285
0 0.5343386434334014 0.24492882060679325 0.04756824817183284 0.05230604314777685
0 0.6445743989603638 0.10860655737704918 0.02891487979207279 0.06061259706643658
0 0.2817871043182071 0.8334664031383843 0.04258750863641419 0.06693220627676856
0 0.663272 0.41393399999999997 0.04259259999999998 0.07049179999999997
0 0.6046148040325624 0.8398059989977809 0.05525904361421098 0.036330445987543786
0 0.7162351125504987 0.5161909933704093 0.052118864369861705 0.06188968674081848
0 0.47159645462128785 0.8343154326761187 0.04307113257702151 0.06191115207502569
0 0.18734599999999998 0.431557 0.03395059999999998 0.04508199999999996
0 0.5030054349782241 0.9282846628112603 0.05003059424828134 0.05950389523490879
