0 0.54537 0.717623 0.019135800000000005 0.040163900000000086
0 0.434568 0.398361 0.044444399999999974 0.032786899999999966
0 0.543843403411095 0.3193047090589738 0.04070909317780988 0.07122598188205244
0 0.434259 0.341393 0.05864199999999994 0.040163899999999995
0 0.440432 0.367213 0.05617279999999996 0.032786899999999966
0 0.49382699999999996 0.295082 0.03703699999999995 0.03442619999999998
0 0.598148 0.818033 0.030864199999999994 0.06721309999999994
0 0.3170594837261504 0.40770704705130933 0.03767837101170437 0.07558015754737064
0 0.446605 0.308607 0.05987649999999997 0.03852459999999998
0 0.4750643778419112 0.395539825867575 0.027905555683822306 0.08288245173515005
0 0.48209899999999994 0.0848361 0.03703699999999995 0.054918000000000015
0 0.40246899999999997 0.273361 0.029629599999999933 0.04672130000000003
0 0.6652917921436589 0.4418192721471152 0.02867561571268248 0.04586975570576962
0 0.525926 0.9225410000000002 0.027160499999999983 0.07459019999999991
0 0.569753 0.720492 0.04197530000000002 0.06229509999999996
0 0.42685199999999995 0.280328 0.04876539999999994 0.04426229999999999
0 0.549691 0.905738 0.020370400000000066 0.07049180000000001
0 0.505864 0.890574 0.026543200000000024 0.08278690000000015
0 0.566975 0.277459 0.05 0.04508200000000001
0 0.45906300103815934 0.6434371737651693 0.052693302076318733 0.045891247530338374
0 0.60463 0.0758197 0.04259259999999998 0.05
0 0.433333 0.70123 0.05555560000000003 0.03852459999999998
0 0.526543 0.228689 0.03580250000000006 0.0606557
0 0.47000957186147185 0.8704971225463061 0.05257325627705631 0.04097295490738775
0 0.285185 0.379918 0.05802469999999998 0.035245900000000004
0 0.483025 0.194672 0.029012299999999974 0.08442619999999998
0 0.3603495270161936 0.3664573131786246 0.037678371011704334 0.07398339365552478
0 0.599383 0.9381150000000001 0.03827160000000001 0.04344260000000006
0 0.581481 0.0954918 0.044444399999999974 0.04508199999999999
0 0.5239900455948373 0.9731743666169895 0.0322674088103255 0.053651266766020896
0 0.627469 0.8741799999999998 0.048765400000000014 0.03852459999999998
0 0.624691 0.904508 0.04197530000000002 0.05163929999999992
0 0.543519 0.8516390000000001 0.054938299999999926 0.03442620000000007
0 0.495988 0.9643439999999999 0.026543200000000024 0.06803279999999996
0 0.5020994745879706 0.5497941630925463 0.04147925082405895 0.06106777381490761
0 0.691049 0.020082 0.04259259999999998 0.040163899999999995
0 0.486728 0.734836 0.04629629999999999 0.05327869999999997
0 0.60463 0.421311 0.029012299999999974 0.07868850000000002
0 0.27659951116722786 0.6085108195763254 0.024803222334455654 0.0678410391526506
0 0.5656191889907559 0.6834451046434628 0.054068439509213674 0.04633760303642077
0 0.508951 0.129098 0.05617279999999996 0.035245900000000004
0 0.550617 0.652049 0.05802469999999998 0.040163900000000086
0 0.40524699999999997 0.22541 0.04753090000000005 0.036065600000000024
0 0.4206868067981401 0.05403980608899298 0.05248561359628028 0.04414521217798595
0 0.509568 0.368852 0.04382720000000004 0.05081970000000002
0 0.52963 0.566393 0.03333329999999994 0.06393440000000007
0 0.626543 0.282377 0.03950619999999993 0.05327869999999997
0 0.396914 0.493852 0.029629599999999933 0.06967210000000008
0 0.530864 0.49918 0.059259300000000036 0.0393442999999999
0 0.589815 0.8872950000000001 0.025308599999999966 0.07786880000000013
0 0.380247 0.542213 0.03827160000000001 0.031967200000000036
0 0.446296 0.767623 0.034567900000000006 0.0647541
0 0.642284 0.387705 0.04382719999999997 0.06229510000000005
0 0.788255418502485 0.10306570429529487 0.030832437004970376 0.07170550859058974
0 0.669136 0.77541 0.027160500000000126 0.057376999999999935
0 0.7086419999999999 0.67377 0.025925899999999925 0.05245900000000004
0 0.385494 0.0971311 0.05370370000000001 0.05
0 0.38858 0.17377 0.05617279999999996 0.05245899999999999
0 0.315741 0.731148 0.03395060000000001 0.03442620000000007
0 0.330247 0.27377 0.04074069999999996 0.06393439999999997
0 0.389198 0.727869 0.05246909999999995 0.05081969999999993
0 0.40584415584415584 0.9937193953587397 0.02685586018919351 0.012774111134766916
0 0.6427368927368928 0.1918777943368107 0.03006253006253013 0.040983606557377025
0 0.44953503286836627 0.10405578028528849 0.02364919031585696 0.03566106025122418
0 0.28479236812570147 0.006919310197998723 0.04449254449254451 0.013838620395997446
0 0.5825617283950617 0.29835089773614365 0.020576131687242823 0.02293130366900859
