0 0.5426483040392622 0.0013149348357125831 0.07183412063953488 0.0026298696714251663
0 0.20166921011220793 0.7190288270108239 0.06051838048483222 0.06347666588575977
0 0.22368901439315103 0.6542976034235235 0.09495421950343079 0.06998930348968041
0 0.3769444878627286 0.14496602514168802 0.1010371387598744 0.0670870451390719
0 0.42752489229366336 0.2687981544501829 0.0694436487980898 0.07786549732629179
0 0.4037601070258499 0.025174486120690176 0.07009774911103114 0.05034897224138035
0 0.14097700676766484 0.7770630200246125 0.07772015190485308 0.087002134142573
0 0.4864407174317071 0.6425000212943682 0.09719819840508101 0.06530458148533727
0 0.471873456721461 0.21216308643639448 0.09232669254069646 0.07451105545185208
0 0.11220827810092852 0.3357740326234178 0.09256497639020793 0.07584813296903468
0 0.7220684687500001 0.06043145370370366 0.06406541182291671 0.1204234916666666
0 0.2836490442320882 0.49465118688991644 0.0866981821119552 0.06597441151744445
0 0.3927411536559416 0.5122717746540256 0.08946897417703402 0.0573758325164487
0 0.2657279215111742 0.43052130378269715 0.047498280804944316 0.06638184855114854
0 0.48844501963333464 0.8270926921597683 0.045450363390364026 0.1157138966492718
0 0.15460071110819798 0.05300975953550938 0.05657436791128714 0.10601951907101877
0 0.3026183360172491 0.2167158309787221 0.09012269903718094 0.07100958303386301
0 0.18253644831107863 0.21838036225744772 0.05685906694753804 0.13547721370269614
0 0.4707345951052548 0.5016076724580822 0.0795276557718689 0.10861093596749335
0 0.12606043125791402 0.23030473529961232 0.05964574182890156 0.09828840899537615
0 0.29079318323080294 0.93967792456506 0.06589124380535634 0.11227350827728734
0 0.11155641207001157 0.5393073361823362 0.07561645958636672 0.0915563261874736
0 0.6272046261077121 0.3939741834865521 0.049613433933762725 0.12557802906607463
0 0.28396984368658434 0.7184314604494759 0.045880263041727314 0.06378768226338012
0 0.26809560141723066 0.255593957491283 0.0749502503778962 0.09887090774295862
0 0.2439730410488073 0.15581664803446954 0.09493181410870229 0.07618132942199055
