0 0.466049 0.010245899999999999 0.020987700000000026 0.0188525
0 0.471605 0.4766389999999999 0.025925900000000064 0.031967200000000036
0 0.526235 0.0192623 0.025308599999999966 0.0368852
0 0.597531 0.506148 0.05555560000000003 0.03032789999999992
0 0.504938 0.9877049999999999 0.03333329999999994 0.02459019999999991
0 0.571914 0.9877049999999999 0.04259259999999998 0.021311500000000125
0 0.546605 0.0282787 0.024074099999999935 0.054918
0 0.665123 0.18483599999999997 0.026543200000000024 0.07459019999999998
0 0.44814800000000005 0.790574 0.04320989999999994 0.03032789999999992
0 0.5217550608976578 0.7033322102956947 0.023756521795315552 0.06568122059138948
0 0.641049 0.72582 0.024074100000000005 0.06967210000000008
0 0.534259 0.965164 0.05617279999999996 0.03032790000000011
0 0.502778 0.0213115 0.024074099999999935 0.0426229
0 0.524383 0.925 0.04382720000000004 0.05163929999999992
0 0.637654 0.179918 0.025925899999999995 0.07622950000000002
0 0.677778 0.307787 0.028395100000000045 0.07786880000000004
0 0.544753 0.384836 0.030246900000000035 0.06147540000000003
0 0.584259 0.927459 0.03888889999999997 0.06475409999999981
0 0.5 0.761475 0.04691359999999995 0.04590159999999991
0 0.625 0.764344 0.036419799999999954 0.06967210000000008
0 0.34537 0.0217213 0.026543200000000024 0.0418033
0 0.6824070000000001 0.129098 0.021604899999999955 0.05655739999999999
0 0.540741 0.46352499999999996 0.05679010000000006 0.035245900000000004
0 0.5616592428810431 0.6808217903592767 0.027021885762086004 0.038693480718553774
0 0.39012300000000005 0.24385199999999999 0.03827160000000001 0.06311479999999997
0 0.444136 0.42418 0.04753090000000005 0.05163929999999997
0 0.382407 0.589754 0.054938299999999926 0.048360700000000076
0 0.476235 0.818033 0.05123460000000006 0.05245900000000004
0 0.560185 0.927869 0.045061699999999934 0.06557379999999993
0 0.439506 0.475 0.05185190000000002 0.04344260000000006
0 0.571296 0.0471311 0.05246909999999995 0.04672130000000001
0 0.7175930000000001 0.361885 0.05493830000000007 0.04508200000000001
0 0.220679 0.0463115 0.03148150000000002 0.030327899999999998
0 0.638889 0.284836 0.044444400000000044 0.05491799999999999
0 0.360802 0.389754 0.05123460000000006 0.05327869999999997
0 0.651543 0.0872951 0.05493830000000007 0.035245900000000004
0 0.503704 0.382787 0.04691359999999995 0.0606557
0 0.491358 0.578279 0.06049379999999993 0.03688519999999993
0 0.765123 0.966803 0.035185199999999965 0.06475409999999981
0 0.691667 0.85 0.0438271999999999 0.05901639999999998
0 0.408642 0.0348361 0.039506200000000075 0.054918
0 0.547222 0.789344 0.05987649999999997 0.04754099999999996
0 0.863889 0.762705 0.05493830000000007 0.04672130000000003
0 0.385494 0.8590160000000001 0.05617279999999996 0.04262289999999994
0 0.316975 0.291393 0.047530900000000015 0.05
0 0.783642 0.070082 0.038888900000000115 0.04672130000000001
0 0.6464174454828661 0.5695572238394362 0.047882773739471626 0.05592155661100041
