0 0.3350346092431912 0.4745687946400936 0.0163273529766208 0.02448743327446089
0 0.30569467631237246 0.39345536935167197 0.011265882953069925 0.03020973024257185
0 0.28069641532183265 0.6686620739078387 0.010865910777221188 0.029309626548193586
0 0.3763690265957755 0.46185647820431086 0.01905026383969902 0.01426518566788099
0 0.314375824039038 0.4663698842365202 0.020050756296923922 0.019248596621188576
0 0.37549198595527444 0.4480022164892879 0.01193868847304896 0.01479075442883163
0 0.34117201875 0.6670189703703704 0.010381955624999979 0.031675782222222365
0 0.31665732474330355 0.5424740580204267 0.017160548957506686 0.01690482003339395
0 0.2959656292763961 0.7362252349312152 0.013652284688181974 0.023632070176871404
0 0.22680803984100575 0.4554857215307012 0.008770105379922436 0.020184937672185668
0 0.25038185749397146 0.6356395196203346 0.01416568122797249 0.025146646961694066
0 0.3020755521906002 0.5576037399911095 0.013904328587549605 0.02716284701925573
0 0.2901624234835838 0.6441061199955807 0.010265952513448322 0.016989457231390497
0 0.3170997162516231 0.3536820373563306 0.0098109841634205 0.027734445083031554
0 0.385680183531746 0.4985747896608553 0.015687003968254013 0.014040680024286576
0 0.3210770931419477 0.5283650218600918 0.014353673717757923 0.02245722317200108
0 0.3092406842982227 0.3527521086287153 0.00929186293886796 0.02689399145512707
0 0.2948121000278242 0.4303033643402838 0.013899033110740078 0.02267136180215356
0 0.2894670401440769 0.5989884521372724 0.011590057163153844 0.02081495757730699
0 0.3511648735062841 0.7096154316537767 0.008423830386932351 0.010208410821407462
0 0.28681903722047597 0.679672557303784 0.010686494284701926 0.0319783639109506
0 0.41214843749999996 0.5290270592592593 0.01537327546874998 0.02459928555555543
0 0.31678935834414496 0.7350598029191855 0.013937171629333516 0.026099474197606352
0 0.2870763362820775 0.6180903754404324 0.0118932355394841 0.027503663438487376
0 0.2876228277161154 0.4118692051284143 0.020744768422341645 0.014606361598520341
0 0.20730867847067375 0.4966310395965637 0.011387979441347559 0.030757301547613473
0 0.34861186430465174 0.45168949131201536 0.009527898288744178 0.034720987478712995
0 0.2961620061213133 0.34875959527769923 0.01753211370803195 0.012488938759498983
0 0.2755854524089122 0.6228107337562807 0.0164428858974014 0.024363672667439048
0 0.19824643121511704 0.4347734152106524 0.017621077898984084 0.01968175587499159
0 0.311060969671675 0.4475178474952689 0.010065966425523954 0.021546232184180655
0 0.2826538963877274 0.5365638233510138 0.011084885889695901 0.026535847316118945
0 0.33044885706018523 0.5541859116141904 0.01087394593253966 0.018353174603174587
0 0.31111388389079686 0.7413342274608739 0.014554156670482498 0.018509444288938498
0 0.3112263351521164 0.6228348078757914 0.009388434193121615 0.03209298291265502
0 0.24301005904456646 0.6694766637075352 0.014110307620383011 0.01732473777011476
0 0.30424442997685186 0.5817156735189523 0.010160900297619098 0.025473805186919978
0 0.3542764653604497 0.5180311605516524 0.009091331845238079 0.028683103478185448
0 0.27913414833860833 0.45289399775537154 0.009874561748631905 0.032733959214446676
0 0.2931145321850002 0.4554561552024904 0.013694419213750328 0.023471240335759987
0 0.29678493862721145 0.6108984047183424 0.00971194273392572 0.03254902905349234
0 0.3125275343164534 0.40360966415387717 0.009266022073826718 0.030040960799875956
0 0.28896250695603787 0.38133209771801413 0.009799318308291541 0.029365883029092182
0 0.26779914984957565 0.4527578574085731 0.016171874999999978 0.023925309999999964
0 0.26289765349656835 0.7117826665166495 0.011732517158226704 0.025202903442592555
0 0.314956083494545 0.4829161203911042 0.010903821604660044 0.017295367819245393
0 0.285476431406808 0.42728557421573654 0.014559684368058375 0.021843651381613552
0 0.3221894117890212 0.5066481806748201 0.014439174107142823 0.02216421632405246
0 0.3038535183564815 0.6200428073241392 0.009141395178571442 0.03406652343828608
0 0.3512542125 0.38648620370370373 0.014973959531250003 0.021229489999999972
