0 0.19154479270833333 0.1972415092592593 0.08077553796875 0.05646926388888892
0 0.3444409739583334 0.07613014444444446 0.03846457156250006 0.12631293685185183
0 0.47743488386032845 0.4633933443399163 0.10327200488350978 0.06508194854238936
0 0.7459141802083331 0.057011985555555554 0.04711899890624972 0.11402397111111111
0 0.682702620178492 0.3455374536677766 0.09853780896593266 0.0659999785903728
0 0.2785704302083334 0.013916904120370372 0.07981390031250016 0.027833808240740745
0 0.46079710520833334 0.1697497388888889 0.08846832765625005 0.0460670262962963
0 0.2502042223958333 0.23439274629629628 0.05769670156249992 0.13374318425925924
0 0.41793178341468357 0.9482699194443477 0.04918997046229935 0.10346016111130461
0 0.7251976645396417 0.4269340062694185 0.04799412991261723 0.07598611327957806
0 0.49060740520833346 0.6400812814814815 0.08654520812500005 0.06835758722222214
0 0.4362755786458333 0.0783591824074074 0.06250488984374994 0.12482703240740742
0 0.29491811458333334 0.6482541185185186 0.08942996531250008 0.06687150148148151
0 0.2920330458333334 0.2663425925925926 0.04711899890625008 0.1382012601851852
0 0.36434138101502295 0.8441591941235126 0.04941594442587937 0.08204482763670855
0 0.5925381927083334 0.8503541648148149 0.08269865750000006 0.09362013833333317
0 0.5487934653348832 0.48912010077009344 0.05290699478434983 0.14091777339203887
0 0.49877968958333335 0.9469470185185185 0.0663512846875 0.09064814814814802
0 0.7286211744041071 0.8502075925330267 0.08747623848345208 0.07013681752653925
0 0.7173451383974209 0.7157546629850066 0.05512429228591671 0.1362987713619437
0 0.4981621476084056 0.5660716889427506 0.08557051094816508 0.06462917518338693
0 0.4146391208333334 0.018375116018518517 0.07692898734374995 0.036750232037037034
