0 0.6576181465069567 0.008951339033307311 0.031030608808544004 0.01896088338711076
0 0.6094584884708342 0.0059632131763379306 0.018916976941668256 0.01366122218579235
0 0.5503286259880984 0.9704593702087508 0.028033869200935525 0.05980068404292964
0 0.42962999999999996 0.57582 0.029629599999999933 0.03688519999999993
0 0.5481480475308642 0.5515026523224043 0.028875372702331977 0.08233167167577421
0 0.6061385459533608 0.6481102003642988 0.053497942386831324 0.04622040072859747
0 0.40092317829440155 0.06857138019715375 0.04630264341119703 0.0431851396056925
0 0.5306503460823698 0.2397498786841877 0.038699607835260365 0.04017284263162463
0 0.46860413573388204 0.540004659881603 0.031858477229080945 0.041302580236794215
0 0.5198560902263375 0.5348361155737704 0.03299015150891632 0.07285964499089252
0 0.4074512289051768 0.14098791224631535 0.05876662573527306 0.03548449296768674
0 0.567674960560652 0.3212207751363312 0.027495463946303218 0.04842496026597922
0 0.4340811603158272 0.05405718192601267 0.028786789898099217 0.07688875885592854
0 0.6028651153151552 0.9759631638951134 0.037775705361636616 0.048793096670204726
0 0.4312105870858869 0.17887329480677755 0.06098824643988511 0.031057121515902033
0 0.283951 0.756967 0.05308639999999998 0.03852459999999998
0 0.47336349342543604 0.08185227775392488 0.05791080791037947 0.04403245550784977
0 0.6358019999999999 0.188525 0.055555599999999955 0.03442619999999998
0 0.5765429518518518 0.01967215 0.045678496296296264 0.0393443
0 0.6122256515775034 0.6041666666666666 0.05366941015089171 0.05031876138433508
0 0.5187619289470246 0.06533306984126985 0.03778514210595085 0.051301060317460324
0 0.5729483080202504 0.9611225773479577 0.023535245877372185 0.07768801352360734
0 0.551235 0.0745902 0.03580250000000006 0.06885250000000001
0 0.39116854664416617 0.09209026221645635 0.0481096604198123 0.04933757911703423
0 0.53179 0.197951 0.05617279999999996 0.041803299999999995
0 0.4910886105930071 0.18653929315563944 0.03034609349557394 0.07233557416361994
0 0.282407 0.79959 0.06111110000000003 0.03032789999999992
0 0.5075445816186557 0.13400988810824876 0.058462342412959646 0.03469511666232975
0 0.4782408398148148 0.5697403621584698 0.05380638621399168 0.04130251794171222
0 0.4696059393592005 0.4509953985362998 0.026219521281599104 0.06358330292740055
0 0.5022648547828404 0.26870307033062074 0.05121828463155399 0.05071352753862484
0 0.7422950528466116 0.3998112985021819 0.06202445451046577 0.039705940165900074
0 0.7172121707293023 0.4684450855640811 0.0507616585413955 0.04179772887183785
0 0.49485611244855965 0.4891848246357013 0.028806875102880745 0.07081045072859757
0 0.4598283179012346 0.6999231557377049 0.052083333333333336 0.037141393442622954
0 0.6197264410693668 0.9245390572787672 0.055511146638245024 0.0402956323465817
0 0.685658978451313 0.9802877092856862 0.038162259238535126 0.042110190753626806
0 0.5835733897462276 0.09022465415907711 0.04129270055196287 0.06458495310954981
0 0.6409611164498031 0.9767495812015959 0.03965678599786849 0.04840029068089813
0 0.4333381780864198 0.7385755934426229 0.04443484382716052 0.07858561311475402
0 0.5882374968792867 0.5358832920309653 0.04821710624142657 0.06265911593806925
0 0.5179560055659177 0.9535322561622833 0.0373034905409006 0.07390808664543769
0 0.529012 0.884426 0.05555560000000003 0.03442620000000007
0 0.695190282773781 0.9083668180760309 0.06445556554756197 0.0380448361520619
0 0.6263340806551702 0.09662587900294908 0.04754739816447843 0.05178250342180588
0 0.39343042861552024 0.5581771020296643 0.039065442768959485 0.0656125959406714
0 0.6146934304408326 0.3857569681959351 0.04189241199632886 0.07449777882611949
0 0.796296 0.9139339999999999 0.03456789999999986 0.07213109999999993
