0 0.831173 0.469262 0.026543200000000024 0.03852459999999998
0 0.3759618796511628 0.37854871054454187 0.05424934069767446 0.042902478910916315
0 0.58916642092784 0.36816289485957554 0.05240694185567995 0.03632638971915107
0 0.37037 0.32582 0.03209880000000005 0.040163899999999995
0 0.583025 0.647951 0.05617279999999996 0.02540980000000009
0 0.6774621889463106 0.28834045598233576 0.0222409010814431 0.08159841196467146
0 0.59321 0.991803 0.03827160000000001 0.016393400000000106
0 0.4781809557049619 0.8025893583350736 0.04734248859007624 0.04727958332985278
0 0.5206727539094651 0.14059094740437159 0.03890209218106996 0.03357260519125682
0 0.576852 0.405738 0.05370370000000001 0.040983600000000016
0 0.7175930000000001 0.24877 0.025308600000000105 0.0745902
0 0.516667 0.106557 0.05308640000000005 0.04262289999999999
0 0.554012 0.67623 0.05617279999999996 0.032786899999999966
0 0.249074 0.228689 0.06851849999999998 0.02622950000000002
0 0.516049 0.719262 0.025925900000000064 0.07950819999999999
0 0.531173 0.630328 0.04876539999999994 0.055737700000000015
0 0.602778 0.441393 0.05123460000000006 0.03852459999999998
0 0.44289947301643473 0.7986346654954579 0.030251253967130624 0.06338606900908435
0 0.563272 0.161885 0.030246900000000035 0.07950819999999999
0 0.69537 0.884836 0.05864199999999994 0.03360659999999989
0 0.514815 0.537295 0.05432099999999997 0.031967200000000036
0 0.547531 0.606967 0.04074069999999996 0.06639339999999992
0 0.531482 0.315574 0.034567900000000006 0.0754098
0 0.60463 0.9012300000000001 0.05617279999999996 0.03852459999999998
0 0.641049 0.255328 0.06604939999999995 0.031967200000000036
0 0.521605 0.352049 0.044444399999999974 0.06311479999999997
0 0.693519 0.833607 0.05 0.040983600000000016
0 0.638272 0.129918 0.03209879999999998 0.06803280000000002
0 0.665432 0.0217213 0.023456799999999976 0.0434426
0 0.552778 0.507377 0.03888889999999997 0.06557379999999993
0 0.558642 0.228279 0.04691359999999995 0.04344259999999999
0 0.459568 0.327869 0.031481499999999954 0.07049180000000001
0 0.504012 0.664344 0.04629629999999999 0.056557399999999945
0 0.796605 0.983197 0.05864199999999994 0.02704919999999995
0 0.452778 0.42622999999999994 0.031481499999999954 0.07540979999999996
0 0.6717917615868522 0.662467144740002 0.028021676826295524 0.0750648105199959
0 0.377778 0.292213 0.04691359999999995 0.056557400000000035
0 0.175926 0.077459 0.05925929999999999 0.035245900000000004
0 0.7351850000000001 0.425 0.04074069999999996 0.04344260000000001
0 0.703395 0.170902 0.04753090000000005 0.05655739999999999
0 0.608333 0.845902 0.05 0.04262289999999994
0 0.630556 0.0659836 0.06234570000000002 0.0385246
0 0.42962999999999996 0.9635249999999999 0.029629599999999933 0.048360700000000076
0 0.40246899999999997 0.0639344 0.05679010000000006 0.04754100000000001
0 0.533025 0.8827869999999999 0.05617279999999996 0.03442620000000007
0 0.468827 0.0963115 0.05123460000000006 0.054918000000000015
0 0.34784000000000004 0.173361 0.05370370000000001 0.04344260000000001
0 0.33240699999999995 0.028688500000000002 0.04259259999999998 0.0491803
