0 0.5103911957625747 0.45987521306106377 0.02563520511078768 0.04524348897558881
0 0.526873174978609 0.007819338246226264 0.05785369893656039 0.017797454005843205
0 0.44187752108544187 0.013715305956825189 0.023224544676689846 0.026456744035059248
0 0.5277777132716049 0.03188201156062328 0.027197293173206297 0.03492125524265541
0 0.5679606415857997 0.35624619207888897 0.0544393831715996 0.03380298415777794
0 0.5290245833211099 0.07471187569793865 0.05012831777288834 0.03690963604122709
0 0.649226373389401 0.5462989476698403 0.027494743651948986 0.07820889111604269
0 0.5996848015243409 0.49901022862230643 0.03331140401369346 0.07864931152910017
0 0.27125527851744263 0.44742669381049327 0.02608999704134055 0.08018143505125183
0 0.453528492102 0.5489834633832057 0.04986791740794653 0.054943088266876654
0 0.5946936925802332 0.33575557541165957 0.041060712176766996 0.06282025565747007
0 0.38671023965141615 0.6234329797492767 0.04066811909949165 0.06718097074895535
0 0.4030261572038177 0.23130325706129154 0.045441219583699774 0.0534192655391669
0 0.31619649027042923 0.9865174945094977 0.02882645104840296 0.028265277855841684
0 0.6956574478408539 0.5979311332235664 0.05081136449404281 0.03543560741642211
0 0.5650607192843219 0.6780473918957229 0.031077532507193948 0.04616011104400351
0 0.5273342496226212 0.5275092027632615 0.05590349924524235 0.045275101524804795
0 0.5280946268127662 0.4774947291985826 0.03793980993584556 0.0622630292540626
0 0.3278867102396514 0.7296689167470265 0.034616315662067285 0.06814529090324653
0 0.5697070340692221 0.4807395720541914 0.028303868138444183 0.07295424410838287
0 0.585065056515775 0.9071460667772573 0.03504331436409956 0.07778436917772591
0 0.609873285774781 0.3010510835243739 0.035343170787322055 0.06531424369566158
0 0.5849510427480739 0.7005918114846542 0.02939244713171814 0.039713702311105666
0 0.34749455337690627 0.6796046287367405 0.026143790849673144 0.0734490517518483
0 0.4712262133418897 0.030457712575068973 0.051118848881554796 0.050202878485635434
0 0.5683409883058079 0.23865651628530646 0.06303136909997069 0.034819845149011645
0 0.5211301044634378 0.38191316879841464 0.03052503052503055 0.07611241217798592
0 0.608051646989056 0.460662896413487 0.03302064801337005 0.07337676283198508
0 0.45458226875245733 0.5044845299832933 0.05607883750491465 0.035199259966586516
0 0.6193048206937095 0.9131049960967993 0.037110523221634314 0.057409575852198705
0 0.5607963040184574 0.03413003964048044 0.04379059695025067 0.055096518673916565
0 0.5062267507682354 0.4251378051399528 0.058224163027656504 0.04384708998496674
0 0.566876920588711 0.4111783234304531 0.03234675723758699 0.06711289283413269
0 0.6586653468613378 0.7156157581510825 0.05499188869641721 0.049289860893059194
0 0.5115789456839114 0.9071883793195421 0.05534484022143828 0.041022608235753294
0 0.467593 0.8627049999999999 0.05864199999999994 0.035245899999999816
0 0.46988501254112514 0.21519096846749428 0.05830808821134244 0.0363337514598382
0 0.48256322144908936 0.0666612501420224 0.059931618463513074 0.05658173604122707
0 0.47147020209175694 0.5627784300415205 0.04633125466601972 0.06064114979597669
0 0.5333944162649422 0.9287989431433777 0.04530209437585741 0.05724728675513931
0 0.41001395692729764 0.9037599123666407 0.0565064558886929 0.040671008704137486
0 0.4368118130462473 0.9355126682995054 0.042504141887125216 0.04609670347384866
0 0.47920373065933475 0.444466318276183 0.045150681977465135 0.06031211969360728
0 0.5483098745443857 0.8717569297488942 0.05711334908877131 0.04187515949778829
0 0.4660223877910952 0.35762080007647085 0.03581326710578415 0.07240835444247957
0 0.3671022403413217 0.7552073026036644 0.04333122495763732 0.05596276541305041
0 0.6775971750498678 0.4541305748442981 0.035985767426815425 0.07391366597465818
0 0.6020535786330994 0.8046046287367407 0.034293552812071325 0.07219007821707919
0 0.26271551144463273 0.3493874781242187 0.04047984077032731 0.04768027429551058
0 0.5608630437290874 0.13068791175118738 0.044305988231221914 0.05147847403094836
0 0.628143913076573 0.9767779724001782 0.056503385627964677 0.043915039257811324
0 0.25939909704742503 0.8149636585495252 0.040952495105677424 0.07201973579500251
0 0.450617 0.77582 0.04074069999999996 0.06311480000000007
