0 0.6571781076429235 0.9523702656456576 0.03685661726501373 0.0701490418568329
0 0.6464131416666667 0.8580552851851851 0.019704876874999992 0.10560038499999973
0 0.5835767041666666 0.046371608148148176 0.01751546187499997 0.09274321629629635
0 0.5054135104166666 0.7745039296296297 0.023207983437500048 0.09399584129629628
0 0.4458614791666666 0.33585648148148145 0.024083706875000034 0.1032794196296298
0 0.6087545510416668 0.09564491851851853 0.036344544375000135 0.05454084574074066
0 0.5380362479166666 0.5604028731481482 0.026273121874999934 0.046417750092592455
0 0.6648043979166668 0.2911799509259259 0.04335068656249999 0.044096784722222115
0 0.6286787666666667 0.9213006712962964 0.01926697968749996 0.1067607261111113
0 0.5485456385416667 0.8719819268518518 0.0402854771875002 0.045257267407407445
0 0.5901448072916666 0.37937352037037037 0.021018497499999948 0.0951563239814817
0 0.7464697760416665 0.11537185000000003 0.021894291875000013 0.04757823277777778
0 0.5612441604166667 0.3172890416666667 0.043788583750000026 0.059182634907407376
0 0.7374933447916667 0.040569654837962967 0.03108992000000003 0.08113930967592593
0 0.6190454541666667 0.6375720694444443 0.025397398437500128 0.09631680666666671
0 0.5598152602712879 0.9763700032476242 0.024290548459242462 0.047259993504751366
0 0.4447669135416666 0.1142123583333333 0.04116127156250009 0.042936443611111166
0 0.6146664822916666 0.035347659722222285 0.03327933499999981 0.07069531944444457
0 0.5540191760416666 0.808736540740741 0.0214563946875001 0.0835519218518519
0 0.6079997118031405 0.6083625231504839 0.02432441121044775 0.09207040055088438
0 0.6654612791666666 0.8493527268518518 0.020142774062500025 0.06266394138888919
0 0.5341327741843119 0.937996298077121 0.02414170876674806 0.10505116205306969
0 0.6148849697916667 0.9919817046527778 0.024083706875000152 0.016036590694444318
0 0.5636524885416667 0.03650824858796298 0.020580600312499916 0.07301649717592595
0 0.7071432663447159 0.06715097238824526 0.016806155606098726 0.09992419429758355
0 0.7129716697916666 0.8818453925925926 0.03284143781250002 0.07194751972222241
0 0.6663366479166667 0.003435093749999975 0.03503085281250004 0.00687018749999995
