0 0.5925258424055603 0.4929071835380811 0.03319898481112036 0.034994267076162065
0 0.5152537391194406 0.4468153080584633 0.03151840306410827 0.06627457843175974
0 0.5428198463287849 0.042825373002256584 0.01897369265756983 0.036470446004513164
0 0.6303278579729636 0.6974606861777636 0.04598612142216711 0.03057546801447022
0 0.6274740530174495 0.791881230792655 0.03479601424925853 0.06977723985255067
0 0.627131322502386 0.5341392687993132 0.030796312539638673 0.05146309193409919
0 0.5403966807972354 0.3458013946608888 0.03649053840552932 0.039544410678222466
0 0.519444 0.00819672 0.022839500000000016 0.016393399999999995
0 0.5827473042662915 0.8043162481842706 0.04406938584153779 0.06432869890018679
0 0.603609939052977 0.7921768001660096 0.037037037037037035 0.0753268312927993
0 0.49375991823341137 0.8582449373191899 0.017886441270609774 0.035358405657344986
0 0.476235 0.47623 0.06111110000000003 0.040983600000000016
0 0.4413781973694828 0.7833315475552699 0.04760752037440493 0.03660845030179648
0 0.4456817020360957 0.6851137540626452 0.05621452970763067 0.03446551662559372
0 0.4510610828693618 0.7427943855137684 0.039000511041179194 0.07160970034644097
0 0.626468847079109 0.6704138122401319 0.059407105841782167 0.03622097551973635
0 0.5400247114212925 0.22249100060913293 0.05822127715741512 0.0369855987817342
0 0.6215214115201789 0.38439784208331845 0.02366133592699707 0.07114599642793634
0 0.40796217958339587 0.015006308039092054 0.048023259166791586 0.026733916078184112
0 0.55 0.809426 0.04938270000000004 0.040163900000000086
0 0.659700669011656 0.8279146441981866 0.0551762190495897 0.03251213481088017
0 0.611962895844541 0.8754329036564705 0.032022894427201916 0.07256124644656077
0 0.6334057521208359 0.746748786518912 0.05776260431753909 0.03503068046524413
0 0.504012 0.604918 0.04382720000000004 0.06557379999999993
0 0.5232382725216739 0.7379429217874142 0.05758864504334766 0.03654144357482797
0 0.5251287049532664 0.07831685139709299 0.04061078622482131 0.07068427689652884
0 0.5344224463901973 0.2726728228527043 0.02810409278039477 0.06337844570540865
0 0.48864950644180855 0.8126183077967071 0.04774200489523656 0.04196578449230338
0 0.5220692669070249 0.17720876251269402 0.05626570523325688 0.04685913245321339
0 0.49540685136906 0.69959 0.04197530000000002 0.041803299999999946
0 0.4714895231555853 0.5381246612235827 0.052856146311170575 0.040183622447165696
0 0.4795572287433616 0.6155666795997802 0.03870615346575626 0.07122860601703453
0 0.5329651941097724 0.5541428007110408 0.04704001189944964 0.05209362038317205
0 0.41119845938298505 0.6618585088208507 0.04695917165066296 0.06724357216150573
0 0.4258142195113789 0.5362038768022912 0.05533273902275768 0.049456753604582154
0 0.51358 0.659426 0.04074069999999996 0.048360700000000076
0 0.48654571560315335 0.420082 0.04814809999999998 0.05655739999999999
0 0.38449124505769383 0.8437801350048216 0.028241749374647 0.07035965570198939
0 0.6937596978101939 0.8644493775574686 0.022922703834747208 0.0359148725066398
0 0.7025570099386164 0.7783838210000916 0.053952122615352614 0.04960656809231616
0 0.47644310977644316 0.9762322773593265 0.02612612612612609 0.04589610101905192
0 0.3109451578584995 0.019994026680825644 0.042877015716999055 0.03998805336165129
0 0.5391629436632662 0.6926007731267543 0.051165887326532565 0.05563154978847158
0 0.339815 0.403689 0.025308599999999966 0.05327869999999997
0 0.6886532229988483 0.3954340172824579 0.05971987895342911 0.041961523416663704
0 0.5332986793692668 0.8609966742764904 0.04238879263052618 0.05059486883872134
0 0.6146975653493344 0.6245993222822602 0.047589488930271026 0.053576334829196756
0 0.5234677369068869 0.58865811073968 0.04669832062323365 0.06354887826387517
0 0.522839 0.777049 0.05802469999999998 0.04754099999999996
0 0.2805907172995781 0.791035484540361 0.034224097515236786 0.038182195476239855
0 0.4961937728941535 0.26621777636032873 0.035598045788307046 0.0766973527206574
0 0.5497017094299608 0.8766025330021063 0.058952329812400756 0.05877405296272549
0 0.119136 0.20163900000000004 0.05555559999999999 0.034426200000000004
0 0.6879784812745707 0.7535030680465243 0.04965859714463076 0.055865921787709494
0 0.370062 0.572951 0.033950600000000046 0.07049180000000001
0 0.5928035366575845 0.33569131016209475 0.041553626684831105 0.0728788796758105
0 0.7411072989061904 0.5044585491219189 0.03328348142283209 0.06931194268135975
0 0.15690574082789877 0.5089579921545667 0.040972981655797526 0.03594818430913342
0 0.4723971609936522 0.11183380898652685 0.04161043634727843 0.06968872370080308
0 0.688678605345272 0.23137722932804902 0.045109211775878316 0.0623761484417222
0 0.16049066735265166 0.6217483127798049 0.05308043470530329 0.03530082555961008
0 0.4145485354635682 0.8304760884317297 0.038328088437020895 0.06625236615593416
