0 0.5649928088677312 0.00818078809100388 0.030420960810103405 0.01781556568209465
0 0.5229463857261266 0.4050570584487053 0.0364262967325394 0.04547297688698374
0 0.4654206033288087 0.4235086424362715 0.029665547915454685 0.0408893325851859
0 0.6123142916928227 0.36801889413726036 0.025214480016739885 0.03389830508474573
0 0.7047239285311281 0.36618410582346167 0.02484856850816565 0.06885056785698182
0 0.5244732364873708 0.4865898163702717 0.030318893687562767 0.07704338759195972
0 0.5389094681509837 0.018077669522968198 0.0420170363019674 0.0345160390459364
0 0.6679325120108809 0.465156946248958 0.02969262402176189 0.03523209249791609
0 0.35648100000000005 0.0122951 0.024074099999999935 0.0229508
0 0.5628340377053562 0.978807736714212 0.028652424589287444 0.04300336551568333
0 0.6567125589813199 0.4380525276800274 0.06366750694848436 0.02768002746545363
0 0.595689918422545 0.5458205410415339 0.027483313702394995 0.047210797659734724
0 0.7157922038937804 0.4569295717687723 0.04027162904022732 0.0753045130337252
0 0.3842026454990621 0.01865696811388519 0.029483292520612457 0.03857090418235533
0 0.40618907346325384 0.47342280223800537 0.027684203419300675 0.07739233866191758
0 0.4731417585071485 0.2595291757738102 0.05809261704483409 0.0365234503137676
0 0.4510277549172645 0.3756803692065058 0.03042471673776748 0.07502394328812974
0 0.5804996554994388 0.8576392072293979 0.07275056842914746 0.03122476319202972
0 0.661671683462025 0.39361640502809475 0.04384242900143972 0.0642993685917859
0 0.6890459363957597 0.6473382378497363 0.03228198752344808 0.0793604819556276
0 0.5656115754829758 0.24282715085156142 0.02471665050699102 0.07465183520810698
0 0.5130869058034413 0.9807022073060538 0.05480217750558954 0.0358203175422743
0 0.53574474779261 0.054767412636853384 0.030896754033067086 0.03760066681920871
0 0.4428957815294681 0.18044372357064242 0.030318893687562697 0.06603718936453687
0 0.5819511992351498 0.7945575978362863 0.034917071954109 0.07009990616547988
0 0.4760762967619858 0.21843684414933673 0.05426017967325392 0.0421855713896773
0 0.5129846109191641 0.1725886203991195 0.03846388028617537 0.06263136720732199
0 0.6803054207956644 0.9813152478765974 0.05313538713424709 0.037691809810249076
0 0.5011060444040919 0.349092078400336 0.041717588808183936 0.06703625680067193
0 0.6166295860053221 0.1926084689798992 0.024865855254547837 0.07762266118287667
0 0.6573092527156132 0.08312576029658807 0.039479998255027716 0.0463418872733592
0 0.45500152685076123 0.04214215373921103 0.02617458447847138 0.046052250477900715
0 0.5823845046459888 0.6170711927243238 0.04929546743445451 0.053003533568904575
0 0.5333049586757118 0.24398436061467108 0.03489504582500922 0.06336117908718836
0 0.5603542293766086 0.14481839772924754 0.040134362866989494 0.057927359091699
0 0.6321444901691814 0.850582325992162 0.04468553851269908 0.06513219627973725
0 0.3861841818261135 0.1529282280020854 0.05474850586746938 0.04228697213694028
0 0.363272 0.747131 0.05 0.04344260000000006
0 0.17080879466038476 0.027805132364015522 0.03791388561706581 0.055610264728031045
0 0.41672119705099686 0.25531483519666337 0.0451511582253632 0.05532062793257255
0 0.6900278505216777 0.8182922117348347 0.05445400507128902 0.05464480874316946
0 0.396296 0.668033 0.04567900000000003 0.07213109999999993
