0 0.4921261276724592 0.009602972385595524 0.03792315861564572 0.021971896888353666
0 0.5851032707272834 0.2523113977157952 0.02867006026563693 0.06642840494134099
0 0.5243758299304973 0.9102387138353222 0.05924970842584818 0.03689549217904783
0 0.484421895583304 0.5071591266205819 0.028582835107863573 0.07266647793232987
0 0.6037681926764715 0.7555298937270211 0.02703151588162482 0.04393826609498664
0 0.5471374501357568 0.43946603916480165 0.02828253575170602 0.08296131001042499
0 0.5107269652797214 0.9903705054662014 0.050772956277015904 0.021336042377255893
0 0.5110954679240366 0.5712866090099052 0.042338853395876085 0.07157964326311696
0 0.6380551167281024 0.32340144510916013 0.03101047334854597 0.07109004739336496
0 0.596296 0.637705 0.04197530000000002 0.05901639999999998
0 0.49260562233297506 0.7089406981270816 0.04935014169842666 0.051905359228340345
0 0.48300274998537246 0.3639965814622019 0.04212743549236442 0.04040090125087407
0 0.6437608531501694 0.9796217283137877 0.047356267982087905 0.042821108690176156
0 0.5649616228509072 0.6017474820666985 0.04454587184598847 0.057251614507547906
0 0.5110269036104114 0.9544017623590865 0.04614285291538383 0.057996656972374966
0 0.5798185982108538 0.7137667643539946 0.058298390597413575 0.044688249932955545
0 0.458867240067872 0.39779348923937535 0.05646246562518289 0.039623960842203404
0 0.48065199307693496 0.9639343036885245 0.03754540900115065 0.0442997041396539
0 0.510901626461774 0.75539040586098 0.055973747076451925 0.038398788278039706
0 0.5464656356135522 0.9518429621567495 0.02813101692166558 0.06930825333030531
0 0.5408996678621454 0.7865888388749513 0.024425622743411767 0.07654765639084737
0 0.45485928142882215 0.4838959217776396 0.030893450225264615 0.08052589685339123
0 0.4636943420513721 0.2350244736228731 0.036861506055818914 0.07614016004972417
0 0.5886881870199334 0.9792117283137878 0.05133849737226733 0.04282697481727717
0 0.59607395705342 0.3867220884158185 0.0552922590837283 0.04778183513324529
0 0.48902244372780873 0.6528180284614387 0.044463989055018124 0.06250270340412646
0 0.5212971446056874 0.6266059085265366 0.047994980797420164 0.04658488695661572
0 0.6256158416528226 0.6914963580453307 0.03024328330564509 0.08463131609066135
0 0.7470052560811637 0.022723583833793214 0.0314753697591982 0.04463561110209382
0 0.6611313244394689 0.8987488128174421 0.04820101377616064 0.03633810959243505
0 0.3958167366540194 0.49491530922655164 0.029829014821115853 0.07304093622173023
0 0.4795015447134372 0.9147893029989262 0.042561879114967206 0.06387682625634879
0 0.6430284945292845 0.1157641208919276 0.026329647182727754 0.08235568331908943
0 0.405037739160962 0.045062543702897986 0.03656895442045523 0.08934814699712533
0 0.116358 0.0581967 0.03148149999999999 0.03278690000000001
0 0.3043123944385934 0.22248474149250255 0.058042611122813156 0.05339151701499496
0 0.31989054278713946 0.06775696115492193 0.0348429855742789 0.06338282230984384
0 0.18226544976068101 0.6018559235024795 0.041847701301683166 0.06602100059674108
0 0.5951626645734598 0.10457237094437107 0.052884570853080536 0.04987195811125785
