0 0.45342104777998055 0.8652470423027125 0.030956835299700693 0.0502276207064441
0 0.5259686770103437 0.4647071251579448 0.040917306195084005 0.045973022202530356
0 0.538856440116892 0.7296974243621592 0.03412050313446275 0.05557052648695815
0 0.4657367871343566 0.36187273338912684 0.037283203342231154 0.05968427443837283
0 0.5925735578640229 0.18149932890166806 0.026071025749178033 0.06837451865180758
0 0.48986975417708506 0.2240646285382309 0.03494089029166307 0.056236173928313586
0 0.49864577424520884 0.334218274705597 0.03041845317791747 0.06365635938510229
0 0.4412402419780893 0.6326699650470141 0.023554370342564822 0.05686136956628763
0 0.4917542004177876 0.5067482669004149 0.022019828930336455 0.03286663264430411
0 0.503578679090236 0.2728302225422246 0.03813138776561278 0.036133233840377255
0 0.5366488517050036 0.5768872932060339 0.034012411173326144 0.06357596085651222
0 0.573413908700367 0.13745179605835345 0.03782158895006115 0.0479893828254484
0 0.5338289056899609 0.9169769038969707 0.027081198463254925 0.060491000724577075
0 0.5418106735207431 0.05982191207601043 0.024684980119007882 0.045569750077946794
0 0.48229214457513075 0.4651103972825284 0.04455140904793679 0.04879592707461561
0 0.3833637891363587 0.6929591476722624 0.02140082791124461 0.06936280542837915
0 0.5069232861333556 0.7479049746467779 0.028399840813035246 0.06714480874316943
0 0.5499197083333333 0.4973522722222222 0.035358506666666754 0.049239562222222144
0 0.46922280057860816 0.7579463293152271 0.022450613113617023 0.07206497113045421
0 0.4922591911575421 0.5714431292228499 0.026260124056825873 0.06841520695412598
0 0.5667782224187382 0.5895098229865419 0.025250452337476286 0.039500618749138364
0 0.28771999427083333 0.6361181953703705 0.018924262083333213 0.02984215064814801
0 0.5298651332855424 0.10039108482490686 0.044322618072916715 0.03730266555555555
0 0.5468311193137583 0.325376606114311 0.04199407741074411 0.03750430758627472
0 0.4214881188954668 0.7355850310111649 0.04031142019556017 0.05024766718228467
0 0.4154986352831131 0.7936159363670843 0.04125370755877391 0.03298752699342807
0 0.2993823820632091 0.8363121565749048 0.022491094623582106 0.06615709120536516
0 0.5785822728366866 0.25247491135107447 0.03442948422303379 0.05224425662307789
0 0.5277788581787864 0.19421228679014052 0.03780784843409381 0.04577150774694774
0 0.5325101253923281 0.6411183239482823 0.048347154076837325 0.026656671652492667
0 0.6063632794628699 0.5701931553637961 0.03184585182975492 0.05397772543972266
0 0.4957988140795005 0.09169046822054636 0.04599143168474911 0.04514636134850014
0 0.8653937868535028 0.16936079952995 0.0217505853297394 0.06482580079897518
0 0.5277318639796393 0.7849656172433089 0.0382522456436296 0.038996545752638036
0 0.5097159550502021 0.12589804633179286 0.0428685411759241 0.03318930256771114
