0 0.524691 0.221721 0.030864199999999994 0.040163899999999995
0 0.5471405241783174 0.13233343390782762 0.026706851643365257 0.0336930321843448
0 0.5099470444968933 0.7077844385460195 0.025784511006213155 0.03525172290796107
0 0.4535953182681716 0.5788183386699086 0.056573436536343134 0.037963877339817174
0 0.5197346905404301 0.1767587666919987 0.04956667484261301 0.02890565628053414
0 0.355826729612769 0.00982611507748949 0.05362876786751344 0.01965223015497898
0 0.3722906011727458 0.03949103211522675 0.06210307424267967 0.035448643001069674
0 0.5605039115996239 0.18078367040223647 0.045495324540103056 0.06156804080447294
0 0.47424939087993223 0.7103532704543019 0.026809118240135623 0.076015659091396
0 0.6001910365690806 0.3270063141068226 0.03951216110635546 0.05855904573618933
0 0.6258981644784114 0.8531746031746033 0.02523025671173821 0.07220921155347393
0 0.5092334805769559 0.3260049531928061 0.03044018944815385 0.07445451554977392
0 0.5213698798135884 0.10686950385408751 0.028104815632409512 0.06961784822494843
0 0.6874387334264158 0.7613801331013097 0.029198566852831693 0.06866136620261949
0 0.3967869058329585 0.5018072055927966 0.05312984205528065 0.03419448684763613
0 0.517593 0.9811479999999999 0.027777799999999943 0.03770489999999986
0 0.6106412953503966 0.2579843477178004 0.024508655090452462 0.0826824450327111
0 0.27225125985874593 0.03121968208164382 0.022574420652316463 0.03830941068185776
0 0.658642 0.9352459999999999 0.05802470000000005 0.02950819999999999
0 0.34877948256805114 0.06760118410905744 0.05161205717604305 0.04490161446802159
0 0.4062415060870062 0.58815986930836 0.024390941733545096 0.06278137644131222
0 0.6246909999999999 0.9864749999999999 0.04567899999999996 0.02704919999999995
0 0.5988819007686933 0.6155273739560779 0.035872350337759165 0.06062480668110114
0 0.6518697640522875 0.7486016435631629 0.03576567189542484 0.08312421287367394
0 0.6465151218237637 0.8129499522942145 0.04507152655300803 0.05681325353456501
0 0.29843946510613173 0.35257830339797547 0.036061702728369414 0.04464742169660206
0 0.5773739646883144 0.26455955767574324 0.04401727062337119 0.05120858464851345
0 0.44952591305172274 0.7661954294546235 0.049669226103445485 0.03730805890924671
0 0.519753 0.730328 0.044444399999999974 0.06393440000000007
0 0.5512120840487287 0.08061014004994028 0.031375194178726154 0.07219628704809467
0 0.4679341373045505 0.5297950344775183 0.05293048939244382 0.058697262693995424
0 0.5582790137073348 0.7740946818332798 0.035907073852174606 0.08606543114754088
0 0.6792981252857797 0.8601136265070692 0.05740087530210983 0.03708040593286491
0 0.27617305346941395 0.4332755632582322 0.036480732610137574 0.07500639259027758
0 0.5066007884635335 0.020190453230472517 0.05355846042120551 0.040208706433393034
0 0.4725403085311686 0.26386366016822854 0.05615368293766287 0.05587907966354286
0 0.8561247288680137 0.3840115208870217 0.03326972943881794 0.03822249171665551
0 0.39548022598870053 0.2672459521584279 0.05440468717304872 0.03334259516532373
0 0.5491867528904566 0.8660226385636222 0.0547063818668757 0.0569216757741348
0 0.4040939978439978 0.4111141406223373 0.05518338851672186 0.05265669200095435
0 0.783025 0.9159839999999999 0.038888900000000115 0.06475410000000018
0 0.4848336194914561 0.13597872109434372 0.05253045540021259 0.0561828248832917
