0 0.5625491919050962 0.569610073455831 0.0544698099760109 0.03784457222438037
0 0.42485534743432213 0.43017078800986713 0.025018694868644383 0.0750946760197343
0 0.53858 0.541803 0.05370370000000001 0.04262289999999994
0 0.4609924045506407 0.629855680013208 0.031148418913463267 0.07818002370445189
0 0.458951 0.027459 0.03271610000000001 0.0401639
0 0.616851009999415 0.8270589752796986 0.047089039623193336 0.06835893546344489
0 0.457099 0.447951 0.03641980000000002 0.06639339999999996
0 0.5241105985840501 0.4914497859665139 0.029556402831899798 0.06300212806697222
0 0.585494 0.983607 0.025308599999999966 0.03114749999999992
0 0.57037 0.729508 0.04567900000000003 0.0393442999999999
0 0.586728 0.67623 0.04259259999999998 0.0606557000000001
0 0.48465296867795915 0.5822782146880584 0.04701844389737288 0.05057836978478761
0 0.3690624485109122 0.2991027182542149 0.05940510297817557 0.04113916349157018
0 0.5404055706614592 0.6440582826509207 0.04634855867708144 0.05122743469815866
0 0.754321 0.11721299999999998 0.027160500000000126 0.03278690000000001
0 0.579938 0.531967 0.05617279999999996 0.04754099999999996
0 0.5689234882440827 0.3385715777383314 0.06133522057088934 0.03706797535762764
0 0.425 0.0422131 0.031481499999999954 0.06639339999999999
0 0.477469 0.707377 0.04135800000000006 0.05245900000000004
0 0.5170047184351413 0.78642899710007 0.05194223359955537 0.0424011154261518
0 0.542901 0.9389339999999999 0.05 0.04672129999999984
0 0.231481 0.279098 0.05061730000000003 0.04836069999999998
0 0.5767874343192324 0.7957131497377826 0.03778293136153527 0.07250780052443478
0 0.196914 0.198361 0.024691400000000033 0.07213110000000003
0 0.521914 0.0397541 0.033950600000000046 0.0729508
0 0.512346 0.973361 0.04197530000000002 0.05163929999999992
0 0.5962657191153238 0.9400513038866445 0.05549383823064781 0.0505943077732889
0 0.367593 0.154098 0.03641980000000002 0.06721309999999998
0 0.622222 0.287295 0.04320989999999994 0.06147540000000003
0 0.123457 0.616803 0.027160499999999983 0.06967210000000008
0 0.753704 0.0622951 0.04074069999999996 0.0721311
0 0.4724483654556892 0.22022816471233164 0.05376647581976878 0.04299360270439589
