0 0.5289599638628064 0.9932463884264604 0.04853025636411059 0.013507323147079295
0 0.384568 0.792213 0.03209880000000005 0.035245900000000004
0 0.661728 0.11926199999999999 0.022222200000000056 0.0319672
0 0.348457 0.496721 0.04259259999999998 0.04918030000000007
0 0.6034339804207964 0.8334970976910645 0.053782360841592824 0.03584579538212885
0 0.5361763054338375 0.6092359632244285 0.041227589132324736 0.03398797355114293
0 0.5322942808076857 0.5746130979623644 0.05347786161537126 0.04103009592472881
0 0.265741 0.403689 0.022839500000000016 0.035245900000000004
0 0.394136 0.759016 0.04629629999999999 0.055737700000000015
0 0.6926140983133368 0.1641016937312399 0.033289403373326414 0.07999281253752016
0 0.266358 0.696311 0.07222219999999999 0.02704919999999995
0 0.392593 0.845492 0.05432099999999997 0.041803300000000036
0 0.6182100000000001 0.906967 0.05246910000000002 0.03852459999999998
0 0.693519 0.754098 0.024074100000000074 0.07704919999999996
0 0.513272 0.280738 0.045061699999999934 0.056557400000000035
0 0.591358 0.872541 0.05432099999999997 0.04180330000000013
0 0.547222 0.781967 0.033950600000000046 0.07377049999999997
0 0.7308555811684925 0.7154754964673287 0.027178037663015072 0.07560580706534283
0 0.573148 0.0766393 0.054938299999999926 0.040163899999999995
0 0.53642 0.818033 0.044444399999999974 0.06393440000000007
0 0.579012 0.629508 0.030864199999999994 0.07868850000000006
0 0.653086 0.59918 0.030864199999999994 0.06721310000000004
0 0.64537 0.534426 0.06111109999999996 0.036065599999999934
0 0.6796255032385671 0.47145579290002304 0.024700493522865553 0.08167861419995379
0 0.655556 0.722541 0.06419749999999994 0.03360660000000008
0 0.41722754796557127 0.07031283249249595 0.02850830406885761 0.04134143501500807
0 0.573457 0.695492 0.04814809999999998 0.04344260000000006
0 0.363889 0.640984 0.05370370000000001 0.040983600000000016
0 0.516667 0.0889344 0.04938270000000004 0.04836069999999999
0 0.41821 0.531967 0.05617279999999996 0.04754099999999996
0 0.532407 0.252459 0.05987649999999997 0.04754099999999996
0 0.567901 0.969262 0.039506200000000075 0.06147540000000003
0 0.510494 0.130328 0.05061729999999996 0.057376999999999984
0 0.192593 0.545902 0.059259299999999966 0.03442620000000007
0 0.475 0.793443 0.031481499999999954 0.07049180000000001
0 0.467593 0.8909839999999999 0.031481499999999954 0.07377050000000017
0 0.846914 0.934426 0.028395100000000045 0.036065599999999934
0 0.718827 0.638525 0.04753090000000005 0.057376999999999935
0 0.501543 0.029098400000000007 0.035185199999999965 0.05327869999999999
0 0.48487699999999995 0.565574 0.05246909999999995 0.0540983999999999
0 0.75 0.8909839999999999 0.04074069999999996 0.04426230000000017
