0 0.5440364648865923 0.6961269190873856 0.02311938164818444 0.052457699232636365
0 0.6892403847639283 0.516109499406433 0.019457839529795726 0.05504278447071779
0 0.49565074375 0.8417980231481481 0.029791636874999958 0.018287790277777823
0 0.4312171021607994 0.9710498370562951 0.024202189584348232 0.025441818113478332
0 0.5330977515624999 0.4243215759259259 0.02855035218749992 0.03371815472222221
0 0.48013435000000004 0.38431705648148146 0.03599826140624997 0.03371815472222221
0 0.5953129802600228 0.6097835630844018 0.018918711770045605 0.049124595405270574
0 0.4752926986680271 0.7556594791695436 0.01963353578864281 0.04450775499341967
0 0.4790458828863226 0.5416846757248105 0.02540682297644589 0.053561511264436173
0 0.5703369625000001 0.5211901453703703 0.03599826140624991 0.02514573777777779
0 0.43751588125 0.34288399842592593 0.03599826140624991 0.024002711666666697
0 0.6206104 0.7940780425925926 0.019861091249999893 0.0497199624999999
0 0.623920403125 0.616057687037037 0.029791636874999958 0.03200361555555549
0 0.5688890874999999 0.5431923870370371 0.037239613125000064 0.02800316361111123
0 0.4671007937500001 0.9852431287037037 0.02565393187500001 0.009143929999999887
0 0.6725388390625 0.35659989342592596 0.03517069359375 0.024002711666666697
0 0.48426780546528087 0.4123024537202021 0.03888356031974129 0.027476776853107555
0 0.48944432031249996 0.5057599203703704 0.024826364062499925 0.025145737777777896
0 0.6729530921875 0.38145983981481485 0.019447307343749998 0.024574224722222218
0 0.578025490458744 0.7148574806859668 0.033996527323737764 0.037856052424362685
0 0.4952371609375001 0.7186413870370372 0.030619204687500044 0.03371815472222232
0 0.5982668734375001 0.3960331787037037 0.019861091249999893 0.029717633055555522
0 0.579317705303471 0.43726126671689286 0.023613232014737306 0.021842426496533403
0 0.59723258125 0.48775764259259263 0.023585079375000005 0.04971996250000001
0 0.5055814234375 0.38231742314814815 0.014895818437500038 0.04229050194444442
0 0.674193840625 0.332597112037037 0.03930846562499989 0.02628869416666667
0 0.5119949734375 0.9775276675925924 0.038480897812499984 0.02114528583333321
0 0.5353083651996984 0.37098161162596716 0.03710941852439647 0.03410139609991747
0 0.4861343171875 0.9266646092592593 0.033101841093750056 0.03714709361111122
0 0.5169606484375 0.932665600925926 0.024412647187499973 0.0468624669444442
0 0.5606134093749999 0.4034620814814815 0.021516226874999943 0.05257738833333334
0 0.46565224843749997 0.9432382787037038 0.01779223874999995 0.02914618972222248
0 0.5364077546875 0.9612398592592593 0.031860556406250025 0.03543262416666677
0 0.5668198328124999 0.8026503898148148 0.029791636874999958 0.038290050000000096
0 0.668440167078387 0.4168445124468493 0.02681694943697579 0.039337451930735554
0 0.65536744375 0.7246416814814814 0.019033590468750104 0.050291405833333316
0 0.5661991234374999 0.31516655648148145 0.01696467093750004 0.044005041111111136
0 0.6123166209601322 0.29841673144377534 0.027672726468506662 0.008736208276774205
0 0.5184140489662867 0.5088865126650173 0.023988147379926456 0.04854396542262702
0 0.497512871875 0.297736035787037 0.01696467093749998 0.010286886388888871
0 0.5744748015625 0.5914840898148148 0.01696467093750004 0.04457648444444439
0 0.4401435583193429 0.6750249943214977 0.03463374335743599 0.03179706487552336
0 0.6919301142170532 0.8230373395373708 0.01790497344089346 0.05277504611177861
0 0.5949568703125 0.5557653953703704 0.01655095406250003 0.057720866388888854
0 0.599301165625 0.7717899398148149 0.029377920000000064 0.04514799749999996
