0 0.6458565916666666 0.16934048518518519 0.008263893749999933 0.023410734444444456
0 0.6236734046945034 0.48163240247661254 0.012075371549893887 0.02813453528708815
0 0.6562737861092681 0.46230263273075156 0.009006007635202807 0.020090746202243773
0 0.683187463141882 0.43396688913657905 0.009111273299569452 0.03746397987498982
0 0.6352429291666667 0.4476189351851852 0.013935180000000002 0.03401186444444443
0 0.7570137916666667 0.4529194462962963 0.008912032500000085 0.02076047888888892
0 0.6568259584746551 0.3679349917030289 0.007695246296738626 0.038330744417934035
0 0.6747801541666667 0.5929427185185185 0.007777770000000099 0.038428975000000094
0 0.6215509291666667 0.36015996296296293 0.007939811249999925 0.026061043888888948
0 0.6354051541666667 0.17442005185185183 0.013611123749999976 0.021202206111111104
0 0.6312731416666667 0.35905577962962965 0.01118055749999994 0.03357013722222225
0 0.5862268291666666 0.2057817685185185 0.010856475000000051 0.02561931666666666
0 0.6430208041666667 0.4756681018518518 0.008425934999999996 0.036220392777777756
0 0.6590460249121255 0.2236092221037284 0.015846526490917747 0.019753158281530965
0 0.6591435541666667 0.6194452740740741 0.008912032500000085 0.02252733388888891
0 0.6879510525331741 0.17437653762771244 0.006957207271467306 0.022561107257462912
0 0.6319212541666666 0.22786759074074073 0.008912032499999967 0.02561931666666663
0 0.6363771916666666 0.14261687740740742 0.012638876249999953 0.0318032822222222
0 0.6449654041666667 0.6106107296296296 0.008749991250000023 0.04284608555555554
0 0.5962653711480449 0.2729135548974588 0.01443670478724357 0.020335673908786166
0 0.6415626166666667 0.1154515962962963 0.014907401250000044 0.018110223333333356
0 0.6813426541666667 0.21262835185185186 0.008587976250000058 0.03666211999999999
0 0.6348378916666666 0.5865374851851851 0.007615728749999917 0.03622039277777771
0 0.6392940916666667 0.13223663796296295 0.01037037750000008 0.0189936238888889
0 0.6297281056613441 0.15120212135345 0.00808427808371673 0.04025205710791482
0 0.5125810104166667 0.3522091962962963 0.0074537137500000124 0.025177589444444474
0 0.603845574699885 0.4578475522579318 0.008383543924127086 0.03969203055697669
0 0.6627083041666668 0.4321592907407407 0.01247686124999999 0.03136155500000002
0 0.6226851916666667 0.14239604074074078 0.006967590000000001 0.03754552055555554
0 0.664549030585191 0.41375228869765135 0.01082659676781077 0.028286302761245156
0 0.6161226916666667 0.6333593851851852 0.011018516249999995 0.020318751666666524
0 0.6234144166666666 0.11500986907407408 0.01555556624999994 0.0189936238888889
0 0.6144211666666667 0.17596612407407405 0.006319451249999967 0.03842897499999998
0 0.6439528193054819 0.56794065762909 0.006400949027630294 0.023762545998920886
0 0.6470717041666667 0.3815829518518518 0.014583344999999899 0.016785041666666646
0 0.6551735041666668 0.6039850907407407 0.01296295874999996 0.025177589444444422
0 0.6052027362681353 0.4980968542183288 0.014132301702937037 0.016587878621842727
0 0.6246295291666667 0.3846750962962963 0.009560197499999982 0.015901641111111076
0 0.6114245925575755 0.45660381784969967 0.006155241968182424 0.04166141578208216
0 0.6608448166666666 0.13886233074074072 0.012314820000000044 0.026061043888888892
0 0.6452082166666667 0.3369704962962963 0.009884253750000009 0.03268668277777767
0 0.6537964291666666 0.4014604074074074 0.01247686124999999 0.030036427222222214
0 0.6480440041666667 0.1991561296296296 0.01555556624999994 0.016785041666666674
0 0.6576042541666667 0.5794704962962963 0.013287041250000086 0.021202206111111208
0 0.6727547041666667 0.1730949240740741 0.006967590000000001 0.0424043583333333
0 0.6814670273024298 0.17188946657308793 0.0075402612715263235 0.03822637277580546
0 0.6052662166666667 0.2839648462962963 0.01555556624999994 0.0167850416666667
0 0.6262499416666666 0.545458524074074 0.013773138750000058 0.021202206111111104
0 0.6504744916666667 0.1242858174074074 0.012638876249999953 0.02959469999999999
0 0.6751851916666667 0.43083416296296295 0.008912032499999967 0.018110223333333356
0 0.6877429291666667 0.2137325351851852 0.007777770000000099 0.03533699222222224
