0 0.4858113483181817 0.16018665776153332 0.044571065103975724 0.10663858074503416
0 0.451662820664266 0.5653399599479574 0.05278043289021828 0.09024123545147013
0 0.5628068270211489 0.7611923597041002 0.057464741281881025 0.08533776948068858
0 0.5511445385343458 0.4337886639893305 0.03553781231073974 0.11272874522358693
0 0.5011731298422146 0.6450596632095461 0.053156510482279276 0.07425374521393271
0 0.51051471618467 0.3914977681462798 0.050820380923148535 0.08438831105485742
0 0.5549886802908429 0.19651993579136376 0.04319475641501936 0.054978957929828425
0 0.5847251746298308 0.4212579725149586 0.04236020118185877 0.09473852956517692
0 0.31341423648435895 0.17598800409475612 0.03424972447528158 0.10098476000980436
0 0.7428877552336124 0.30393471459261495 0.053898250621627376 0.054904335539311136
0 0.5004200361717295 0.46704477910284947 0.0372488339065414 0.05962602931681015
0 0.4596936233019443 0.8245325452585407 0.04130522289934492 0.10521913683506172
0 0.5675352260003753 0.5430853299705758 0.03600868843281392 0.11856833714757202
0 0.5714965789556564 0.990074718411955 0.04845085217729069 0.01985056317609014
0 0.46985031643450736 0.396716308265222 0.03552601562500009 0.10899810666666672
0 0.4124524384480493 0.1586755019082909 0.06324064651943063 0.08789528230690483
0 0.6035298260755885 0.34759611472064234 0.04189795944284356 0.104953948336493
0 0.5745874220567992 0.07355873592321853 0.029975501445974592 0.11508994278183891
0 0.5102209833523418 0.2797417186854109 0.047507933431144046 0.07146949959304405
0 0.4708795572916667 0.1919851555555555 0.033476386718750105 0.06193077333333337
0 0.3927471059319053 0.3564107753543091 0.03873367026016202 0.11080493412005252
0 0.4889732749774292 0.9542396193450059 0.05211080863672623 0.0676183041522622
0 0.23029164430130605 0.6352841794039228 0.03326847378779737 0.10878276708640211
0 0.5444392533076929 0.24061277893678742 0.06105555367669216 0.06644723752235351
0 0.611843241829911 0.2737909371398833 0.06988774001112799 0.06161480985836963
0 0.4461762139038374 0.3657621471829121 0.05060680536503573 0.08575031525851202
0 0.6117824438406844 0.018301445179770365 0.026388371345331764 0.03660289035954073
0 0.41746658393713443 0.2778945401896222 0.06364778982448721 0.04975635576728474
0 0.3745328268910446 0.8090077196634574 0.03246788041348244 0.06508630410269718
0 0.5526599129116417 0.3237112692847394 0.039347127301716495 0.10986213856947878
0 0.4759020019080163 0.9123731459797035 0.06012785611929973 0.06667038400059473
0 0.42205515246821546 0.10595720535384556 0.05815805749665597 0.07988255619649065
0 0.508135710240523 0.32815720972376616 0.06046584440798017 0.07132817340453249
0 0.4247637369791667 0.9935882755555557 0.046457037760416736 0.012823448888888657
0 0.5413967194816233 0.5355708195779947 0.03161349893299779 0.10818985711539753
0 0.604897417939781 0.15409163218324515 0.049391707927511304 0.09444852958845776
0 0.6292665182879792 0.2240921068131728 0.06362370420677443 0.05068969669388952
0 0.4768330863724609 0.050982597286503166 0.030847975626666014 0.10196519457300633
0 0.5809078955656337 0.8572357904910597 0.05925643791467212 0.05434742202892098
0 0.7313518409756027 0.1679125613909675 0.02902380502796144 0.08314724722637948
0 0.5216191336153277 0.4849729895993232 0.04110800009267213 0.07105579040057287
0 0.3210509869457042 0.9755399427530576 0.029976786239187092 0.04892011449388494
