0 0.47945160746639703 0.9948903373804062 0.054887709097037905 0.01025849046047116
0 0.3686842028093018 0.07953350726217827 0.02683205771091752 0.0749581402593357
0 0.7315127627627629 0.5195641338059371 0.056410577243910624 0.048044971200708934
0 0.6207399862403101 0.20388374024018302 0.03005318858742463 0.074981280480366
0 0.537037 0.013114800000000001 0.028395100000000045 0.024590200000000003
0 0.5130130130130129 0.3294877475205344 0.04478837812171143 0.04209127159946832
0 0.4524717272834528 0.10396083929572403 0.03931037963150504 0.06543216276986968
0 0.5275191656474304 0.1565051750095311 0.03508426870513937 0.06806181780404118
0 0.6651489072038042 0.17074374333967077 0.03579594820031571 0.04888359800225423
0 0.522841188145457 0.684995756465806 0.0593736333972483 0.036181712601063044
0 0.5191051093828871 0.36546485009599766 0.05852754463865573 0.03455204889631118
0 0.5736684461455642 0.018042331890964543 0.034474764326729836 0.03730458516965307
0 0.6969334926324173 0.7092299556604157 0.054529301841129814 0.04108530285156406
0 0.66215859829567 0.10100899560069163 0.03222403533930006 0.03677033859353455
0 0.3099168080835603 0.688105759276589 0.05839115645036485 0.026320957066601113
0 0.7271927935687627 0.27127811666031265 0.02960809646856166 0.04837018680899733
0 0.5208228210044741 0.7199490775896725 0.059710027920745486 0.03506499307633892
0 0.47287788652210067 0.47725728361505143 0.03006460692125637 0.07793255754692946
0 0.464198 0.206967 0.04691359999999995 0.04344260000000001
0 0.6814348262991674 0.30761532596263824 0.027095894343956303 0.07767823103316812
0 0.3746594005449591 0.5894045651494171 0.04659064150435631 0.04377540536918751
0 0.5085396277106122 0.47290410260766164 0.05405232520949271 0.04544296271128857
0 0.5520564168819984 0.11020301181852842 0.05257680160780934 0.04217499046892869
0 0.470531839741649 0.7007415017644169 0.02808894271201263 0.08196721311475409
0 0.22407400000000002 0.9655739999999999 0.025925899999999995 0.06885250000000008
0 0.49784 0.9196719999999999 0.04382720000000004 0.07377050000000017
0 0.6034165526055125 0.1772063409550134 0.030404738860177975 0.07372263234845595
0 0.337403707067649 0.7377049180327869 0.02960271806774987 0.0777236789208022
0 0.4247115528222251 0.10605184540557086 0.04240864859040488 0.07192223370277365
0 0.49399933874533447 0.0645777948532215 0.039850877490668936 0.06194238970644301
0 0.2389789935178461 0.4211757562770099 0.02716587320799374 0.04018000642880106
0 0.5013554214169297 0.22749146970450904 0.05116354437386107 0.04534083960328547
0 0.48026042121303864 0.8995688536405057 0.03375393019140852 0.06866913176843709
0 0.666049 0.884836 0.030864199999999994 0.06475410000000018
0 0.4104013186665321 0.8244740251038549 0.03162108520873278 0.06588645195872593
0 0.3891243650553369 0.6833206771787198 0.05365492649779661 0.043105373654353
0 0.6222220000000002 0.9049180000000001 0.054321000000000036 0.05081970000000011
0 0.622531 0.8635249999999999 0.05617280000000003 0.03852459999999998
0 0.4050659855257555 0.25730167703033724 0.0313608627784873 0.06877708686640288
0 0.5382140328667815 0.1796987234750286 0.04257853776916453 0.0690242076439192
0 0.8485082304526749 0.3155737704918033 0.032407407407407406 0.07422586520947176
0 0.46052410266760857 0.611627283691428 0.060551014229488345 0.03595836869611824
0 0.47397829823981563 0.7884428487369902 0.0346454651848488 0.07244115376557829
0 0.3251135418665643 0.34050369489509896 0.03134395189662895 0.06476683937823834
0 0.5061164492209531 0.03417064511542784 0.05723720507411975 0.06405230814926971
0 0.5807779210594316 0.061627897550514676 0.052914442118863134 0.06260009510102936
0 0.594753 0.831557 0.035185199999999965 0.06147540000000003
0 0.516358 0.966803 0.05617279999999996 0.05163929999999992
0 0.34536572913765895 0.48047886108714405 0.05859556298152787 0.03682361641809438
0 0.523765 0.835656 0.04753090000000005 0.05983609999999991
0 0.2952088530672296 0.237089102182961 0.03614149555427619 0.0728361505138877
0 0.573457 0.9631150000000002 0.05061729999999996 0.04262289999999994
