0 0.5517774841576808 0.09044926907034653 0.02083946831536177 0.07434113814069308
0 0.528086 0.0946721 0.026543200000000024 0.048360700000000006
0 0.567593 0.991803 0.040123500000000034 0.016393400000000106
0 0.512654 0.264754 0.05246909999999995 0.031147500000000012
0 0.42407399999999995 0.44549199999999994 0.029629599999999933 0.035245900000000004
0 0.638889 0.567213 0.04938269999999997 0.04754099999999996
0 0.575309 0.60082 0.04938270000000004 0.05901639999999998
0 0.506481 0.230738 0.05617279999999996 0.033606599999999986
0 0.573148 0.4274589999999999 0.024074099999999935 0.07459019999999995
0 0.514815 0.446311 0.028395100000000045 0.0647541
0 0.522222 0.186885 0.044444399999999974 0.04590160000000001
0 0.420679 0.10123 0.05617279999999996 0.03360660000000001
0 0.574383 0.937705 0.05 0.04262289999999994
0 0.620062 0.268852 0.025308600000000035 0.040983600000000016
0 0.398765 0.0356557 0.03950619999999993 0.0680328
0 0.486111 0.60082 0.04135800000000006 0.057376999999999935
0 0.650926 0.540984 0.05246909999999995 0.04590159999999991
0 0.3740740000000001 0.0868852 0.03703699999999995 0.06393440000000002
0 0.526235 0.763525 0.05123460000000006 0.045081999999999914
0 0.714506 0.363115 0.027777799999999943 0.040983600000000016
0 0.279012 0.521721 0.030864199999999994 0.07131149999999994
0 0.549691 0.613525 0.05123460000000006 0.06967210000000008
0 0.472222 0.405328 0.04814809999999998 0.05163929999999997
0 0.459568 0.119672 0.026543200000000024 0.06721309999999998
0 0.592284 0.153279 0.03271610000000001 0.05081970000000002
0 0.591667 0.9758200000000001 0.05864199999999994 0.03852459999999998
0 0.533642 0.9799179999999998 0.04876539999999994 0.03852459999999998
0 0.4339509999999999 0.412295 0.039506200000000075 0.06885250000000004
0 0.490432 0.731557 0.04753090000000005 0.04344260000000006
0 0.537346 0.026229499999999996 0.05370370000000001 0.0508197
0 0.617593 0.44549199999999994 0.05123459999999999 0.048360700000000076
0 0.336111 0.43319700000000005 0.043827200000000004 0.0647541
0 0.487037 0.913525 0.023456799999999976 0.07295080000000005
0 0.557407 0.47459000000000007 0.05432099999999997 0.04426229999999999
0 0.447222 0.252459 0.033950600000000046 0.06885249999999998
0 0.428395 0.667213 0.03827160000000001 0.06885250000000008
0 0.458642 0.0364754 0.05308640000000005 0.054918
0 0.285185 0.208197 0.035802499999999994 0.06229510000000003
0 0.802778 0.9545079999999999 0.0438271999999999 0.035245899999999816
0 0.767284 0.11229499999999999 0.04074069999999996 0.07213109999999999
