0 0.435185 0.54918 0.022222200000000056 0.05901639999999998
0 0.5856519278830964 0.14433013638411935 0.029328055766192754 0.06795537481159199
0 0.43077502267713996 0.39600071400046616 0.05820325464571999 0.03914617199906762
0 0.4587592178763677 0.7290031801278067 0.028161464247264584 0.05019033974438657
0 0.4903222227663683 0.014890082604304253 0.03802034880346389 0.03159812707637324
0 0.6285471885787842 0.40711677414342323 0.03130302498390972 0.07458627923238288
0 0.5715009074410509 0.5295685514062621 0.04300251488210165 0.058880145264548225
0 0.3503567302790943 0.7142373850380701 0.03710176382891577 0.05858917211949353
0 0.4007138229038676 0.3428911854245979 0.05633374907846235 0.04298773248387853
0 0.4690098518708677 0.35610267469699325 0.04222659625826457 0.06812175060601353
0 0.334259 0.695902 0.024074099999999935 0.04262289999999994
0 0.5068165373632321 0.785673011487064 0.05125487799719157 0.044690027060834456
0 0.6197706395178749 0.3459327169606091 0.05353694927154642 0.03535078859451481
0 0.5004945554736411 0.5450817209016393 0.04049471094728216 0.07213940956802119
0 0.5254271309431865 0.8770551663973273 0.02692353811362697 0.0704804672053452
0 0.5468421566394593 0.5410942722049569 0.033477186721081215 0.0768276555900861
0 0.588826224855187 0.4690352227993163 0.050743550289626085 0.04225815440136736
0 0.583642 0.602049 0.04382720000000004 0.05163929999999992
0 0.406173 0.019672099999999998 0.034567900000000006 0.0393443
0 0.438272 0.42991799999999997 0.05679010000000006 0.031967200000000036
0 0.498148 0.754508 0.044444399999999974 0.04344260000000006
0 0.5417150978716869 0.15878320230362833 0.025925605555555523 0.044487825833268616
0 0.4993830000000001 0.320082 0.034567900000000006 0.0745902
0 0.605556 0.611885 0.03333329999999994 0.07131149999999994
0 0.55463 0.315164 0.029012299999999974 0.05
0 0.456173 0.0254098 0.03950619999999993 0.047541
0 0.5954888537826927 0.6695283971719369 0.05646246562518289 0.041566311863880025
0 0.4899798855011409 0.20385943303744855 0.03168378408519112 0.07709194893559167
0 0.293827 0.736475 0.029629600000000006 0.040163900000000086
0 0.5185640667997776 0.9648627446080336 0.0482384335995554 0.04448008921606735
0 0.563272 0.842623 0.040123500000000034 0.06229510000000005
0 0.5435025516353635 0.7958804702043354 0.04197530000000002 0.07459019999999991
0 0.649691 0.12008199999999998 0.05370369999999994 0.05
0 0.679321 0.170492 0.030246899999999893 0.08032790000000001
0 0.5919562708720965 0.9311009852148241 0.03076184828564741 0.07859517042964802
0 0.6817551450383244 0.9675239909175667 0.025379109923351365 0.06495241816486684
0 0.370988 0.82582 0.04567900000000003 0.041803299999999946
0 0.749383 0.483607 0.0493826999999999 0.0540983999999999
0 0.6815589585907789 0.5934385120192681 0.033178182818442474 0.06885977596146378
0 0.3223843368366392 0.46965660381477736 0.028069826326721645 0.07380159237044522
0 0.628395 0.0413934 0.025925899999999995 0.0713115
0 0.683642 0.8258200000000001 0.04629630000000013 0.056557400000000035
0 0.367284 0.092623 0.030864199999999994 0.06393440000000002
