0 0.3125763021199665 0.6911032126962822 0.0545285859065995 0.105952233403732
0 0.4947107806418023 0.6744106034214005 0.053303357950271274 0.10981613389793982
0 0.5623026666666668 0.011854434490740732 0.07175926500000003 0.023708868981481463
0 0.07832841480896366 0.2498784232138285 0.03945058802878722 0.1413204246123213
0 0.9737056245833333 0.9672532226851853 0.052588750833333364 0.06549355462962939
0 0.43409286666666663 0.861436037037037 0.08132710499999986 0.0841416004629627
0 0.13585797712824016 0.5056609912312561 0.0876352759231466 0.069414104574524
0 0.2612610990429905 0.035389635614948366 0.06341086024735247 0.07077927122989673
0 0.2385417422014538 0.7387269130018507 0.07293923106957424 0.0756563068666693
0 0.07649383326721668 0.017021471064814855 0.07032705320110004 0.03404294212962971
0 0.3551627135626937 0.39259805995102387 0.03809022292434629 0.11893303061432987
0 0.013489234583333242 0.5853919120370371 0.026978469166666484 0.07823690462962994
0 0.22455611666666667 0.9182678564814817 0.05070995500000007 0.13285520601851863
0 0.06046691666666663 0.8459354675925924 0.05932097999999992 0.12695051018518527
0 0.3199063970750688 0.07725733182472917 0.042398420816804124 0.1290907275542456
0 0.24633350520741917 0.49893818144148355 0.044438593411737295 0.13852200036257234
0 0.21844602056637985 0.17432096847060718 0.045798958516178226 0.13852200036257223
0 0.29180020184521754 0.8023334822344613 0.059418734996538804 0.11181604322440555
0 0.3333968718916387 0.2344870898402093 0.07618044584869234 0.08255351536759356
0 0.13909138947399213 0.40064352966905215 0.0476127786554328 0.13362475792551162
0 0.11261201666666659 0.8400302314814814 0.04496906499999997 0.10923642268518531
0 0.24895466666666663 0.8341267962962962 0.06888881999999998 0.09152251527777766
