0 0.4939142327595201 0.9944010112168091 0.055381934480959884 0.011198697566381822
0 0.507407 0.588525 0.022222200000000056 0.04262289999999994
0 0.34475300000000003 0.183197 0.027777799999999943 0.030327900000000015
0 0.5530709664301221 0.8265984518308161 0.029012299999999974 0.035245900000000004
0 0.5869058034412364 0.6484230454799708 0.05492369009429377 0.03270083042898328
0 0.350309 0.208607 0.04259259999999998 0.04672129999999998
0 0.5386214368110236 0.6979904573200378 0.0536208263779527 0.04664138535992427
0 0.532099 0.6503481777462243 0.05308640000000005 0.03442620000000007
0 0.5552957118256051 0.8694578283970139 0.050744890790965905 0.03682549031668173
0 0.5491341573215386 0.7585396636644293 0.05423215249667876 0.039518120840325424
0 0.6593297184695034 0.503091567343286 0.02711147872438193 0.07708579099377623
0 0.598976053919186 0.6094832408244051 0.035319659116684526 0.043457682543780386
0 0.5900651307475454 0.7301751215524289 0.05800200900813325 0.03399165268275892
0 0.5939203803303522 0.5456960367475583 0.02858126066070436 0.0733598734951164
0 0.4683905252584168 0.6237898541370853 0.024626551310715734 0.07164063508454878
0 0.7336948197163251 0.6267542610747264 0.029409061667126233 0.07871293170076879
0 0.6976725875535399 0.4987035797925728 0.03606072058453012 0.07360321177651392
0 0.5254204335569165 0.5605395637020782 0.045688733352775346 0.05098747902413843
0 0.554089709762533 0.10846057355421947 0.03908922114726858 0.07374886457026687
0 0.3301062853420967 0.5419271140464678 0.040560144477011006 0.055431064984078356
0 0.4927439576074982 0.6023881707596489 0.030560984785003704 0.08047015848070226
0 0.468827 0.781967 0.021604899999999955 0.07704919999999996
0 0.553232983215061 0.7933811777462244 0.05740740000000002 0.03688519999999993
0 0.47845907533375454 0.5497827906856417 0.04184734933249086 0.04797571862871646
0 0.3818217510797017 0.13859120662688987 0.04166121362823365 0.06690609975091234
0 0.5315966427197757 0.4968299511735726 0.05285661456044842 0.04404499765285494
0 0.5868213553303522 0.8283839974785938 0.04277931066070438 0.05486231354933095
0 0.547819147203492 0.2228686361866863 0.03762337535424607 0.06250270340412648
0 0.4165445128505814 0.26417665123924045 0.045766963093260345 0.06726069466672435
0 0.5593830417928922 0.17550499589082574 0.05619075539919864 0.04433582767420736
0 0.366777234583374 0.32393377987153427 0.027056625657187566 0.06323586168519399
0 0.455916352603505 0.25366380778039704 0.056277005207009984 0.045031915560794174
0 0.586528429838289 0.9244400831216808 0.04412276125891152 0.05195105056568928
0 0.6202869335779787 0.7856641435964459 0.05201873284404267 0.043425012807108115
0 0.5506434257720099 0.5455733172400069 0.046440052963287015 0.06758147532593264
0 0.502866542884133 0.09288896578571737 0.05358480732271412 0.04260564903326268
0 0.7580178035474681 0.5910505970131797 0.030877992905064072 0.07035730597364033
0 0.3840127020692856 0.36240426506769324 0.04307593466725299 0.06458547479562267
0 0.39290100000000006 0.728279 0.04753090000000005 0.03688519999999993
0 0.695679 0.154918 0.03703700000000009 0.04262289999999999
0 0.343260601355093 0.35352938860785504 0.04350351483761687 0.06343232278429002
0 0.498457 0.82623 0.04876539999999994 0.049180299999999975
0 0.509568 0.8606559999999999 0.05864199999999994 0.0540983999999999
0 0.636642099698355 0.25746376512367347 0.035295581055446744 0.04707436924474545
0 0.3184957164728493 0.42897616678922096 0.056842242418319824 0.03611747912972016
0 0.32688361184403397 0.2924001903196505 0.05505065311573667 0.04974263592715948
