0 0.5416168857029072 0.3473691168693813 0.05102548785344482 0.042305658381808574
0 0.6209403955639256 0.022568769102528478 0.04479006051475205 0.04711030841900528
0 0.5388890969135802 0.009836075 0.023457206172839508 0.01967215
0 0.49691399999999997 0.663115 0.04814809999999998 0.0393442999999999
0 0.5879767240063422 0.6474222734393524 0.03952637095840665 0.04402140300069501
0 0.5995250708745112 0.5721077436030825 0.05399009715987811 0.045842155572135196
0 0.5835719343616268 0.47667715956011614 0.04772020565869275 0.0466047994767181
0 0.40108057832302574 0.7496710436284878 0.025257026875863807 0.06005692353718844
0 0.38183998003783354 0.7636607075045883 0.03234693335793093 0.07687182230690258
0 0.6001778614772965 0.057654904140038904 0.025423728813559296 0.07335370936371215
0 0.6142485763977402 0.6282799384285188 0.05255946491949136 0.0549155329790279
0 0.5347930279312977 0.9398803982390176 0.025312055099772687 0.07560163686188162
0 0.5913580037037037 0.24558272632058287 0.03456794320987651 0.05200394626593806
0 0.47901199999999994 0.638934 0.05432099999999997 0.04672130000000003
0 0.6342617015454709 0.14264532625202664 0.059880703090941914 0.03447155250405332
0 0.560494 0.267623 0.039506200000000075 0.05163930000000002
0 0.6127428342723439 0.4196476023057111 0.03617499461223483 0.05191938187318564
0 0.6011447206415761 0.20337148159604085 0.049915144254766924 0.05147806106667847
0 0.5051691257653317 0.941756630681061 0.028505470239887552 0.08210049313607896
0 0.24464326830309052 0.8482616529761249 0.02608341947965858 0.04756295216195397
0 0.5562898840645301 0.7937575138526635 0.05825856812906003 0.039973627705326815
0 0.5296173147378468 0.8337762151997057 0.06018903358886735 0.046195985446220555
0 0.360185 0.328689 0.026543200000000024 0.08032790000000001
0 0.653933714417242 0.06475408155737704 0.056434726428122875 0.03859408751041957
0 0.5225277194252025 0.5909991354441765 0.053706650327884 0.06184782732512967
0 0.5697977482011152 0.9418032716632625 0.03339275289123982 0.07373100358242247
0 0.4921633223520016 0.20779019928416773 0.02961631892449505 0.08108346957712871
0 0.6417614781379885 0.6879275134826868 0.04309876103568246 0.0754347813008462
0 0.6351405437024722 0.8503331834348556 0.05849573596872022 0.034340378561792284
0 0.3477762079440051 0.7047240603420565 0.06023018663788732 0.04975670313348619
0 0.59096086943136 0.7521156126078247 0.055724885317570284 0.04721802052246427
0 0.5236974262397991 0.07001944984717977 0.05471856036827784 0.056960266740761316
0 0.6517615176151762 0.9678795148607223 0.06092542406905553 0.034119685459149576
0 0.4571159480286739 0.4950388570861978 0.051269896057347684 0.054012714172395566
0 0.7577972709551656 0.12079378774805868 0.04036087369420708 0.06769761730935156
0 0.4549980087614496 0.35563194077207827 0.03310434090003982 0.04032258064516133
0 0.6678519750007698 0.46758104738154616 0.02786244265878507 0.0419034381259965
0 0.6675669347054674 0.6379684637908609 0.022537583634862635 0.025219290903702375
0 0.5579415658384902 0.5811291443522342 0.03032542101536286 0.08217162013000283
