0 0.4634988885416665 0.4524378611111111 0.06331212520833335 0.05778615953703713
0 0.41199273627037936 0.24401299477526964 0.0667372236865918 0.05350948007909035
0 0.3896352875000002 0.19635818333333335 0.06973511166666656 0.03957953222222225
0 0.47726200625 0.3950467861111111 0.08349852666666682 0.04591228055555555
0 0.9103344787649473 0.5698995847027456 0.03758236752989461 0.041341081242656806
0 0.7805188302083333 0.43423075092592595 0.08441611739583336 0.03720477574074068
0 0.669492284375 0.33923952592592593 0.0770756888541668 0.04670389824074074
0 0.6711671970242964 0.25618496257951157 0.05473148727775978 0.0513289081743103
0 0.48793905538059457 0.11120994388562261 0.039748976477300246 0.07055516148801408
0 0.77730659375 0.5129936685185185 0.05964191093750001 0.05066179351851853
0 0.7005410161967316 0.3587646647985012 0.07669130158624095 0.04180557992681047
0 0.7061959135416667 0.04476817703703704 0.06422971593749989 0.04987017583333334
0 0.6121447218749999 0.21298147870370365 0.08349852666666659 0.03957953222222223
0 0.5061661885416667 0.5272431731481481 0.06239453447916669 0.056994541851851835
0 0.5868587423806756 0.8143331199013157 0.049443052157184655 0.0701737244566276
0 0.6781903155830415 0.8011869635058407 0.048669429563083594 0.03652100173390375
0 0.9618292622916667 0.39821344999999997 0.07634147541666678 0.04116267101851847
0 0.4387240875 0.5232846018518519 0.048631119479166665 0.06332729018518514
0 0.5910399864583333 0.13382164166666669 0.05964191093750001 0.0696599419444444
0 0.4992838864583333 0.47935112407407404 0.08349852666666671 0.03403840157407398
0 0.6029688145833332 0.29966057314814815 0.09634449958333349 0.04987017583333334
0 0.7357950236409015 0.14655790238102076 0.06767467919569276 0.06001977421943993
0 0.24236591458333326 0.8351715398148148 0.05964191093749989 0.06965994194444439
0 0.34513221145833334 0.06099571185185184 0.07982831239583313 0.04116267101851851
0 0.93558765 0.4508540462962962 0.07707568885416667 0.035621540370370255
0 0.5410453658230266 0.15747244072432384 0.04244356921311455 0.06900928557564204
0 0.7475023894805554 0.6429536486941968 0.0605935986486107 0.0440510904819766
0 0.6938077697916666 0.09463835287037037 0.08716888958333335 0.03878791453703703
0 0.4282376934262762 0.6396259950467414 0.07432343050411513 0.060413338268094946
0 0.7263820177083333 0.507453213888889 0.04220813302083357 0.06807680314814817
0 0.5598436854166667 0.09542997055555555 0.03945536083333347 0.07045155962962958
0 0.34650867187499995 0.6321284120370368 0.08441611739583325 0.043537524074073984
0 0.539198265625 0.41364985 0.03853777010416669 0.07203479499999996
0 0.7295927677083333 0.816173487962963 0.046795938020833226 0.06332729018518503
0 0.8580671942834139 0.5386193621894998 0.047958241730718026 0.03514521468185055
0 0.6559863452569341 0.40402807346915853 0.06395552464136868 0.06187667418601795
0 0.5167185562500001 0.574342349074074 0.052301333749999776 0.05620292416666665
0 0.5734439676051901 0.7078288862273128 0.08684143479371352 0.03620568282315215
0 0.6525184166666667 0.9748871842592594 0.06147694375000003 0.015040253148148016
0 0.6392131281250001 0.13500950277777776 0.07340532593750003 0.054619785370370356
0 0.6763745864583333 0.7397473776587291 0.043125575104166695 0.07203479499999996
0 0.6951842302083333 0.18606725 0.05872432020833334 0.06491042898148149
0 0.5771186537318547 0.6092656438859644 0.03913833621370912 0.06868196630214538
0 0.6291200760416668 0.423148875925926 0.0550539572916667 0.05778615953703708
0 0.3997283395833333 0.47460161111111115 0.047713528750000005 0.07203479500000001
0 0.61168540625 0.43898026388888894 0.060559353020833366 0.06411881129629628
0 0.2419065989583333 0.8893959509259258 0.04220813302083334 0.034038401574073875
0 0.5818655656249999 0.2383118925925926 0.09267428531249991 0.03641315805555552
0 0.45478229687499994 0.06495370370370371 0.04404316583333324 0.07440955148148148
0 0.518447418550253 0.6576707088165596 0.07673415693133875 0.049447375792806794
0 0.7337221489583333 0.6230253398148149 0.06789993020833347 0.05541130648148146
0 0.7415215958333334 0.46866520277777785 0.06147694375000003 0.0633272901851852
0 0.5107533989583333 0.3491345055555556 0.07524050739583324 0.04907865472222231
0 0.7926436319777056 0.045451987457049474 0.07484662771125544 0.05598740621039524
0 0.8132818237252089 0.923606091273792 0.055592421716248334 0.06604562078832388
0 0.42660426591850603 0.3846380738395171 0.07210307267034549 0.06039676361726218
