0 0.5418779822129872 0.5096261036788434 0.05506001690969193 0.049548618768555576
0 0.5501025171225407 0.03432196026183166 0.05147668280766037 0.04431442970514974
0 0.5143627879848351 0.4711501226281141 0.05808301740060276 0.04001548986704525
0 0.47229096626468964 0.5273841891048392 0.024829632529379267 0.06460517820967841
0 0.47425809878270403 0.8104575037234254 0.05175414577062865 0.03956921735471256
0 0.4743851463011568 0.4046727765586679 0.03693982696607371 0.07422227959210016
0 0.5873208975398756 0.6863507638307207 0.02388032801658101 0.04128275697020461
0 0.3419752601851852 0.6657001935307186 0.057367121258797664 0.03599657938562873
0 0.4633137040251119 0.7422890917384628 0.05972644382565857 0.03589245095728134
0 0.5813408838306504 0.014432615452123038 0.02651685381058317 0.02964140177836992
0 0.5197350635306839 0.6940289577599617 0.02958757622180167 0.04307765944717004
0 0.47535369919798137 0.7746001356148537 0.057673245021177 0.0410833233616529
0 0.6479308853570375 0.049234834320911185 0.028139395806776497 0.037066668004621425
0 0.5208614940975038 0.8716245861752622 0.026133189150220774 0.07478760320689236
0 0.4924754438136432 0.6927326393043756 0.030338529933014953 0.050855570180686795
0 0.5515755008861254 0.6513501655298951 0.035895587395992905 0.07020063021020306
0 0.49627391089483647 0.893213380448526 0.03205342178967281 0.06511486089705233
0 0.6332304606995884 0.7090164532786886 0.03477367860082317 0.036065693442623024
0 0.47485058674693537 0.07501593002375022 0.031845744448806924 0.0689335573191218
0 0.491358 0.328279 0.05061729999999996 0.041803300000000036
0 0.49378249866509616 0.1914312040129178 0.03324379733019242 0.0730259080258356
0 0.5403111952179267 0.5609070240516931 0.04190321708569885 0.04008615531889438
0 0.5165118003751691 0.15321786479754387 0.05060419665837806 0.05966517986444998
0 0.43853893263342075 0.31044275203304506 0.029406046466413902 0.06518652381567058
0 0.5837914150971734 0.6254237964181723 0.04505722267279447 0.06501535638785846
0 0.559385419482743 0.8430058633480914 0.04250398005466942 0.058234613697100236
0 0.33186223606784354 0.6189673663244982 0.049901926848967354 0.05668760533169909
0 0.6485352706670158 0.10283867584139489 0.04243545866596879 0.06317604831721023
0 0.6581273633744856 0.7299178495901639 0.048354326748971214 0.05491839918032788
0 0.51358 0.3983610000000001 0.03580250000000006 0.07377050000000003
0 0.697222 0.17459 0.03148150000000009 0.0377049
0 0.4480216376565022 0.09804205526270056 0.04100684901627181 0.0698024677054973
0 0.4362430746411901 0.15452123037710713 0.053221655106225146 0.03852169379597983
0 0.6061728395061728 0.4625843780135004 0.048366013071895364 0.03760848601735776
0 0.5272446006428163 0.7591440309520959 0.053017332011654754 0.0564397112201348
0 0.4400873050963048 0.49977334565376597 0.05076559063467825 0.06438810869246815
0 0.40688864122830554 0.9715014664409598 0.04619810908033635 0.05751944511760514
0 0.335802 0.283607 0.044444399999999974 0.0606557
0 0.7301678841471229 0.8599466787679391 0.0425050194369687 0.04991774916331039
0 0.618936048781953 0.9610705596107054 0.05136523384698563 0.05105500378923859
0 0.18181204884301425 0.6546179342470662 0.02900897254267018 0.07569649735734127
0 0.582493565414649 0.12396454845623588 0.05213104741962222 0.05618953831894803
0 0.786111 0.141393 0.05 0.04508200000000001
