0 0.387346 0.286885 0.030246900000000035 0.04262290000000003
0 0.596914 0.385656 0.04320989999999994 0.028688499999999967
0 0.742901 0.335656 0.03271610000000001 0.040163899999999995
0 0.602469 0.572951 0.027160499999999983 0.0754097999999999
0 0.544136 0.409836 0.027777799999999943 0.07540980000000004
0 0.408333 0.48278699999999997 0.05 0.05245900000000004
0 0.435494 0.987295 0.029012299999999974 0.02540980000000009
0 0.63858 0.568033 0.027777799999999943 0.07213109999999993
0 0.526543 0.440164 0.03209880000000005 0.07704919999999996
0 0.473148 0.48606600000000005 0.026543200000000024 0.07377049999999997
0 0.601543 0.801639 0.022839500000000016 0.06557379999999993
0 0.49537 0.4381149999999999 0.04259259999999998 0.06311480000000003
0 0.658333 0.744262 0.04135800000000006 0.036065599999999934
0 0.555247 0.46311500000000005 0.035185199999999965 0.07213109999999993
0 0.511728 0.494262 0.039506200000000075 0.057376999999999935
0 0.478086 0.193852 0.030246900000000035 0.06639340000000002
0 0.445062 0.265574 0.059259300000000036 0.03770490000000005
0 0.541975 0.0168033 0.044444399999999974 0.0319672
0 0.420679 0.645082 0.05740740000000002 0.04590159999999991
0 0.533642 0.336885 0.04876539999999994 0.049180299999999975
0 0.487037 0.869262 0.03333329999999994 0.06147540000000003
0 0.449383 0.42622999999999994 0.04691359999999995 0.050819699999999975
0 0.635494 0.790574 0.04259259999999998 0.0647541
0 0.542284 0.589754 0.040123500000000034 0.06639339999999992
0 0.576235 0.535656 0.05123460000000006 0.045081999999999914
0 0.478086 0.376229 0.05740740000000002 0.049180299999999975
0 0.541975 0.52541 0.04938270000000004 0.055737700000000015
0 0.417901 0.708607 0.030864199999999994 0.07131149999999994
0 0.511111 0.822131 0.03209880000000005 0.07704920000000004
0 0.7663579999999999 0.308607 0.04259259999999998 0.056557400000000035
0 0.476543 0.738115 0.04938270000000004 0.054918000000000085
0 0.417284 0.452049 0.06172839999999999 0.05327869999999997
0 0.489815 0.9225410000000002 0.04135800000000006 0.04672129999999984
0 0.542593 0.9450819999999999 0.06543209999999999 0.02950819999999999
0 0.779938 0.0696721 0.026543200000000024 0.0737705
0 0.57037 0.12377 0.05802469999999998 0.0393443
0 0.649074 0.203689 0.04135800000000006 0.06639340000000002
0 0.670062 0.668852 0.04135800000000006 0.05081969999999993
0 0.764506 0.506557 0.05740740000000002 0.04426229999999999
0 0.614815 0.941393 0.030864199999999994 0.07295080000000005
0 0.770062 0.827459 0.045061699999999934 0.0647541
