0 0.4891423286483065 0.23555087448507775 0.025197457296612852 0.04487134897015552
0 0.4055236657090852 0.9860075624422026 0.02796724278252608 0.030548121941992353
0 0.6128323836657169 0.45384089953762086 0.05480373535929084 0.0396700294241278
0 0.6252940608914733 0.6727836174978551 0.02907815027297526 0.03776984113274254
0 0.522222 0.562705 0.05061729999999996 0.03360660000000008
0 0.605725596620766 0.7866750219209752 0.048836872602089305 0.03551922896174868
0 0.5765014034659173 0.16633119386362188 0.0268021601623672 0.041771496306691344
0 0.5023661394032922 0.2832712798922569 0.060559594591971425 0.04329274021548613
0 0.46575637933681546 0.3415038892496847 0.05860994132636912 0.03830412150063049
0 0.4518717233911216 0.503017009478549 0.05436004678224323 0.04209991895709805
0 0.5485990248338081 0.3583335517759563 0.031196150332383637 0.04726819644808746
0 0.578858000617284 0.3845050170870114 0.0618154960747072 0.04435692673392175
0 0.5497230204020259 0.5965582627469525 0.0599398408040518 0.0416459797604035
0 0.5511371442982457 0.31307174911561686 0.0400259063352826 0.043399211000862775
0 0.5922406281972143 0.5219365791088693 0.03663302027540356 0.06898938907103826
0 0.3630910784998835 0.7324208681307351 0.05376970261666283 0.058511186720280425
0 0.569167445402026 0.767265687347625 0.02738210824628034 0.07643962152164772
0 0.5844274676178125 0.19527963248867763 0.049380161079886666 0.057868367860560044
0 0.49204653371320034 0.5924232870954181 0.029281418170307005 0.07723833543505669
0 0.44723409306742634 0.2997583018074821 0.048868312757201625 0.046763345943673804
0 0.40548828743273185 0.2569356872635561 0.056386514719848034 0.03415300546448084
0 0.6962060995546536 0.5397110562167827 0.02536783358701165 0.067370312149113
0 0.4718386161285217 0.2139394575872215 0.05296814710351384 0.04799240823875581
0 0.5592118379154796 0.49430442545187053 0.03342842416904083 0.06385054909625892
0 0.4166666666666667 0.11454392601933584 0.0328426717315606 0.05096679277007145
0 0.5291787331908833 0.6829552550861707 0.02559393361823368 0.08491008982765877
0 0.5297841799382716 0.41749694126733916 0.05648194012345682 0.04369501746532157
0 0.522712883823995 0.5272698612862546 0.05579297245963911 0.051492223623371164
0 0.38696715583508035 0.7029075162387874 0.057263762714496444 0.032993092071347506
0 0.5847380500158278 0.7060477091214796 0.044911364355808746 0.062263556116015126
0 0.5487101887880099 0.16329654908464633 0.029543161838881674 0.06314983734132806
0 0.5392371571383349 0.7894911751471206 0.041737778157644845 0.06036191200084066
0 0.5379196069009179 0.7469050635035728 0.04624123975941755 0.0530787272593526
0 0.670062 0.0159836 0.025308600000000105 0.025409800000000003
0 0.42695473251028804 0.7612898236931642 0.03164065533038273 0.0719146303742654
0 0.5697266657059135 0.11402053964406456 0.054282557525099646 0.04241883013331632
0 0.5755381449825895 0.9019020596889449 0.026907249129471317 0.05044136191677185
0 0.5095439212725545 0.3480611691677175 0.037813075466919845 0.07153213833543506
0 0.6253408833820663 0.3116263713330457 0.03820613323586754 0.07018975733390853
0 0.6309218714089339 0.8483836883230551 0.0336069590255283 0.05111794411143178
0 0.49036483064260844 0.7675231189575451 0.03304051915163024 0.07119588062211013
0 0.5645576131687242 0.9582545187053383 0.05559512503956947 0.04229718369062639
0 0.08425930000000001 0.43606600000000006 0.020370399999999997 0.06229509999999996
0 0.39965178854067746 0.029161412358133666 0.05737575182019623 0.03572929802437999
0 0.28432228039557883 0.8787872285640717 0.03280330941762005 0.07359883271822165
0 0.5108101413659386 0.9304226832912986 0.046628196628679994 0.06754986427070185
0 0.2553971947514705 0.9396189168311732 0.041529312908021455 0.06351386147111841
