0 0.5729200660270647 0.8631675523751698 0.03472903205412938 0.04600710475033972
0 0.5178403365996789 0.5641218848783356 0.05716104744505339 0.03436741895170179
0 0.43259987488405516 0.6537319676663197 0.04668214976811016 0.03697183533263938
0 0.5556669060918842 0.9072470414382333 0.06015643945220255 0.03312752421840003
0 0.46972284484292165 0.7293192233193178 0.04500658199025156 0.0333065621013842
0 0.5073786174096937 0.6530853839253187 0.03339006518061274 0.04137113214936249
0 0.47538393124791456 0.00852902582410279 0.0448944664998331 0.01838722969871511
0 0.5868701418084752 0.24504882496677002 0.05715728061394717 0.038923174169251264
0 0.6884913244813857 0.566734418323943 0.060703763239441155 0.036631930384750315
0 0.5557055646564113 0.4223153128892358 0.031380692491344925 0.034890581611588055
0 0.3872365631624891 0.5470414527791576 0.03693311718003072 0.035795109565601314
0 0.6183015065732399 0.17773592732609658 0.05635661314647979 0.047275154652193174
0 0.4512192428000405 0.8490797304756785 0.051821785600080925 0.047339060951357016
0 0.5342051608253314 0.637169735837887 0.033841621650663 0.038274371675774015
0 0.5488674534848261 0.748909285827183 0.0269562930303478 0.07923062834563394
0 0.6632808587541098 0.7145748402579003 0.026237289611775214 0.07054673721340386
0 0.5188440867450784 0.15865084061807708 0.057374526509843135 0.04880367503322996
0 0.5113622029784793 0.9826213091865986 0.03776859404304119 0.03475798162680281
0 0.5304035456043344 0.12091986190370699 0.044057694211672056 0.03138431990843302
0 0.6836662210052931 0.6312906450771794 0.032715460094929184 0.07693933898375667
0 0.472333522333268 0.566035439806141 0.031229486785550875 0.07662024711163141
0 0.5925584950274349 0.8663209406381011 0.037257647957628454 0.07121505919276033
0 0.6468417270886406 0.7845433255269321 0.04909965815315605 0.04423627374447047
0 0.5401899630296964 0.2309592239920248 0.03840552605939265 0.06843157416925122
0 0.46785401065911086 0.9354564185254861 0.03676718612966332 0.07211323121024817
0 0.471100647289685 0.7999329899892502 0.04713959457936986 0.05560297997850046
0 0.5467094738699458 0.3822079662243039 0.04773984773989158 0.057858332448607844
0 0.5314376307090333 0.8558407238197616 0.05127167240099843 0.03919197348383063
0 0.5398731170337003 0.1832300824102791 0.057390903069736335 0.04603429685423129
0 0.5390392745328662 0.038934460245901636 0.05805758707040374 0.05505088455914932
0 0.5648163580263245 0.831704172414491 0.031803552379863625 0.037074751282273714
0 0.5911114206767905 0.7088900911365617 0.0520285040088755 0.05510758569661193
0 0.6009083947351231 0.8147066220834418 0.044444399999999974 0.055737700000000015
0 0.566489508940929 0.553921928986253 0.05508498034656479 0.04594574726163342
0 0.6398149999999999 0.836066 0.04629630000000006 0.05081969999999993
0 0.45558660126559536 0.30891895154176424 0.05067930253119076 0.04570620308352849
0 0.6122789456122789 0.12339388568896764 0.05505505505505504 0.052281789986708016
0 0.5906327437193808 0.7536023247773731 0.0461170979685153 0.06390588330442065
0 0.686871284865112 0.41448466909532483 0.034579332418838565 0.07039313904068002
0 0.4098176929535182 0.8865984628885605 0.0391651268096876 0.058299983655827226
0 0.4200143706316546 0.6013097406540029 0.04213207916911617 0.06678809957498485
0 0.5135258677446899 0.710045160432513 0.03816333548937981 0.07090982086502565
0 0.34768429172859117 0.8223716240579833 0.03457812098861149 0.07029751153645661
0 0.6846792147338595 0.8899489384574039 0.03885853066180943 0.06208008599838746
0 0.530556 0.791393 0.04259259999999998 0.0598361000000001
0 0.5954698778924643 0.9766124697661919 0.04609728125210825 0.04513571620532126
0 0.8238729255290866 0.5196432821298336 0.0556740439326028 0.03778145910569913
0 0.4530321216278006 0.26010495272790357 0.049582761774119764 0.051825830514355097
0 0.263272 0.222131 0.04382719999999997 0.05081970000000002
0 0.5061390541304054 0.8807554224782764 0.037104391739189134 0.08275065504344713
0 0.16142 0.19876999999999997 0.04135799999999999 0.07459019999999998
