0 0.5044849315570673 0.5509784225828035 0.025598736885865492 0.03738675483439284
0 0.39156491038701113 0.3439188987428708 0.05363286784051811 0.03389172564125534
0 0.44845699999999994 0.42172100000000007 0.05617279999999996 0.03852459999999998
0 0.5950628121410063 0.16857756106412813 0.03921659271452525 0.058080081850117114
0 0.47015659150883304 0.5528813553334662 0.02673378301766609 0.0746149106669319
0 0.5139814814814815 0.01901639344262295 0.048086419753086404 0.02852459016393443
0 0.6114964781427413 0.8822366628305611 0.034328842398846544 0.051967981027880646
0 0.6744492577082803 0.7027884363366095 0.05658782523377702 0.037946404514761646
0 0.6203915586066615 0.6963461754886145 0.025990903183885607 0.07296394943166899
0 0.44413533412015965 0.608410656981517 0.04898930290938386 0.038931316699420335
0 0.6054102279410803 0.10089862617168302 0.0244006558821609 0.08212445234336599
0 0.6542927366725994 0.7800015005439471 0.05960957143260733 0.03432494279176201
0 0.4008240404854673 0.43089777390132217 0.023885231462821118 0.06234265664955299
0 0.47583255524431994 0.9850220416035267 0.033520074696545346 0.028316572530651625
0 0.777678899341752 0.7595565892636081 0.04110517840494951 0.06883745357692159
0 0.555123689197531 0.026352450819672132 0.04543163395061721 0.05352460655737704
0 0.6412266576263524 0.6562066249015268 0.04534282566319178 0.057208237986270005
0 0.6462960000000001 0.592213 0.03580250000000006 0.08114749999999991
0 0.6217333513562223 0.841136173267919 0.049900874110119835 0.05130429579992818
0 0.681481 0.603689 0.027160500000000126 0.06803279999999996
0 0.5039995010881398 0.16806903213996588 0.029734792759161254 0.07586644608523434
0 0.5939902166317261 0.4571605320136097 0.03633822501747027 0.061243427157438926
0 0.580864 0.904098 0.03950619999999993 0.05245900000000004
0 0.5150605553602923 0.5731933834978253 0.04420491598639449 0.06605886699565074
0 0.5194133533950618 0.06356559836065574 0.031790577160493806 0.04155732786885246
0 0.5537414620307382 0.6177484428069588 0.03587812406147646 0.08467708561391761
0 0.5624961095549331 0.9803152408504384 0.05278555866791163 0.03773017403682798
0 0.5723132631567488 0.10600343701390698 0.04382720000000004 0.05
0 0.8504296780440571 0.22587860280724312 0.03298232873396276 0.03790313939783563
0 0.5130891231864467 0.8448007658250569 0.02928719473731639 0.079274859399306
0 0.46279907545323096 0.37138884761852015 0.05399255090646201 0.05917179523704026
0 0.3902116402116402 0.10914232689673457 0.05432431533060465 0.03336131854535814
0 0.3814622223302902 0.9617256238761078 0.027198055339419727 0.07654855224778456
0 0.5445956160241874 0.708430913348946 0.054925673973293024 0.056540649046503855
0 0.29307084862640415 0.19428444838280903 0.036258480702925144 0.043568158322256696
0 0.4675 0.10565573770491804 0.05660493827160497 0.05573770491803279
0 0.270679 0.27541 0.035185200000000035 0.07377049999999997
0 0.398765 0.253279 0.05432099999999997 0.049180299999999975
