0 0.7156766615581097 0.3903148578245713 0.04331674925500229 0.04921765574712635
0 0.45880973321606566 0.3411696007612786 0.05244470503925211 0.03957783641160949
0 0.5266203319847552 0.038708406070764305 0.054287268536434306 0.04888622864743285
0 0.481204599498355 0.42302867771097363 0.03273722271083753 0.06574678835589774
0 0.49944472213101404 0.009493282864959552 0.05782250075246751 0.020807543011808458
0 0.4769737602975666 0.2231704303494961 0.02948744046223006 0.05142758590336952
0 0.5052281833284472 0.40205026168951946 0.026710967783966914 0.07656040486180195
0 0.6047998245795312 0.49185100247089564 0.050895050840937595 0.052364395058208495
0 0.5049881271197759 0.22508551117695405 0.029145541258672854 0.04336243497556124
0 0.45982104304781907 0.30566971724879965 0.057262699076517196 0.042235547119252564
0 0.5727385256848757 0.21594792162290755 0.02394214795270211 0.039145291751373316
0 0.3164786386876006 0.674186356456403 0.032993697754517756 0.05148473541221196
0 0.5359295091045311 0.181344348804014 0.03501742727776148 0.07028850728837756
0 0.5441044171989622 0.7856021484497505 0.026838580166398278 0.041530319398907056
0 0.3258581317348177 0.19556050412205062 0.05548419324912583 0.03577181844025397
0 0.514198 0.579918 0.05555560000000003 0.045081999999999914
0 0.45683921276100203 0.05537868301397119 0.024788625522004 0.06485576602794238
0 0.5162239683306494 0.7569793104537894 0.060180983718017535 0.035697751342361694
0 0.44832483313788724 0.2730072332648471 0.060140333724225496 0.034314133470305805
0 0.6187897984470178 0.23901015802045933 0.035260303105964376 0.03509458395908123
0 0.3922111480251015 0.5067806764337454 0.047783109798613686 0.06208812156200647
0 0.5252614091664223 0.09007742549418227 0.04136942571419267 0.04044292573208184
0 0.4646314645374843 0.6693632077096697 0.05719279130434782 0.049108929080541826
0 0.6605207550993022 0.6532844462105013 0.05426748980139564 0.042610707578997424
0 0.5439916609661553 0.3730697694536961 0.04267239975243489 0.06055625243306373
0 0.5049160787752729 0.7014138743288192 0.03328825755054564 0.07495794865763822
0 0.5125574122935601 0.28980492235823346 0.05374767907749434 0.05752843981141053
0 0.5525918836150197 0.5629731441942873 0.029384532769960652 0.059298711611425324
0 0.4634997316156736 0.7745307674031836 0.023081052066559263 0.066999287241625
0 0.597226910109143 0.5805655246495603 0.053712220218285985 0.052934049299120975
0 0.6335704240561818 0.8186445760750772 0.02792095188763654 0.03976004784984557
0 0.3181248881731974 0.6287716797339035 0.05045625335480409 0.04727963886909006
0 0.40802465771604934 0.629246663459254 0.04814821543209873 0.047280015918270184
0 0.6485954553587404 0.7570681872178664 0.060118089103596374 0.037776193870277974
0 0.681964573268921 0.6925635542884295 0.04813025585972453 0.05274411974340697
0 0.5443728752907497 0.8459253979567594 0.02916443013061366 0.07721549061534815
0 0.6433565179126356 0.2589167905478178 0.04785812284439227 0.055720638377525
0 0.5950975129719092 0.6667854597291518 0.050814099123277855 0.027797576621525308
0 0.5392735730899981 0.6844856260394393 0.039005188763642826 0.07222618199097172
0 0.3680938294462337 0.6201712423378475 0.052702241107532626 0.05146151532430505
0 0.5705820545775107 0.15533759127124874 0.04486800915502137 0.06477358254249753
0 0.6548577563070317 0.5424091233071988 0.052245482197173065 0.035162746495604615
0 0.5558792493624993 0.6070924728917603 0.05110742396625146 0.05075885835421296
0 0.4207474952155803 0.7778165329612836 0.05947690344853471 0.03537794608600337
0 0.3148645957785743 0.819506874669487 0.06073277578653922 0.03734796404019042
0 0.31586740883465353 0.1480621624182697 0.049775208734746314 0.05638207144887708
0 0.6797280372159599 0.8442622950819673 0.029343353014850616 0.07198859586600134
0 0.2664874027279968 0.7284241949629825 0.056431805455993654 0.050290689925965144
0 0.16547134803396846 0.1841893300483275 0.02979376293441802 0.07604472661802332
0 0.42419948532525487 0.029304900731000474 0.05260757679403233 0.05860980146200095
0 0.4670781893004115 0.9136374435732952 0.04240472356414383 0.06010928961748646
