0 0.4810906349517951 0.06881459168720938 0.08012899162413299 0.0916089002169059
0 0.8007122507122507 0.9808127788243148 0.03977667422883459 0.03837444235137026
0 0.7175304729166666 0.052981336666666656 0.04624233375000012 0.10596267333333331
0 0.7325854648235706 0.49561894181124505 0.04004889567463436 0.11473902690040337
0 0.7377516918140213 0.15639743948573392 0.03941081281221356 0.1124436422932366
0 0.5862650900752999 0.865491953993291 0.05707755997723491 0.109037708793551
0 0.7734227245862882 0.6677274821618501 0.06622258339900178 0.1596369069918656
0 0.8828354027614188 0.06654142557085266 0.054047790428826896 0.13308285114170532
0 0.6736158310349357 0.6702218088335984 0.06401516395236856 0.15322292412165678
0 0.829249556412371 0.2620452117686403 0.051238514231053266 0.17952553094468768
0 0.5519495189634078 0.9884465066159056 0.06681577410744062 0.02310698676818885
0 0.7820027635416668 0.13309265925925942 0.041795844687500035 0.17484523333333313
0 0.7094552886219553 0.9685304156615633 0.0661748554109663 0.06293916867687341
0 0.8371383635416668 0.12304497037037034 0.06313856000000015 0.1467092525925929
0 0.7771118416666667 0.04293303481481469 0.06402771374999988 0.08586606962962938
0 0.6421118578284852 0.020381902205745234 0.07420327361144968 0.04076380441149047
0 0.7968372051426033 0.4547619965351787 0.057235098514373445 0.1750729745518392
0 0.8826782870915674 0.25913385725411436 0.045563544256859836 0.09444948627014321
