0 0.514198 0.266393 0.03580250000000006 0.0606557
0 0.616049 0.23565599999999998 0.05679009999999999 0.04836069999999998
0 0.35792125878579273 0.38632097608574373 0.03265467071617866 0.03673063387262893
0 0.3891151186090104 0.7855548879924469 0.03813586710619868 0.06995107716075867
0 0.478704 0.657787 0.031481499999999954 0.03688519999999993
0 0.5697529787037038 0.012704950000000001 0.024691142592592575 0.025409900000000003
0 0.572839 0.255328 0.023456799999999976 0.0745902
0 0.5871535352934523 0.509662384930478 0.052854029413095555 0.05116753013904389
0 0.5997319253248012 0.32303433913183416 0.057326949350397526 0.0375372217363317
0 0.3236763715693879 0.4175093955282808 0.026836939376898763 0.043670408943438356
0 0.39043199999999995 0.9295079999999999 0.05864199999999994 0.040983600000000016
0 0.4322117068353694 0.49548521729250705 0.04308094933100632 0.04842532543558491
0 0.5959392092398681 0.37353240662604065 0.04392418152026382 0.057853586747918614
0 0.447531 0.353279 0.027160499999999983 0.07049180000000001
0 0.4145934196028052 0.36144131039610333 0.04276713920561055 0.057307920792206674
0 0.46574100000000007 0.197951 0.05123460000000006 0.041803299999999995
0 0.624074 0.295082 0.04197529999999995 0.0606557
0 0.5479911977150798 0.458467225763883 0.02623900456984038 0.07323004847223422
0 0.4841040043823928 0.09268519772980859 0.035495191235214336 0.052334604540382794
0 0.588272 0.420902 0.034567900000000006 0.058196700000000004
0 0.485494 0.178689 0.05246909999999995 0.04754100000000001
0 0.441975 0.473361 0.04691359999999995 0.05819670000000005
0 0.7037780536099799 0.480999454694876 0.056641492780040104 0.04619769061024816
0 0.523457 0.0459016 0.05679010000000006 0.0409836
0 0.6496039109527503 0.4920693842867564 0.05106042190550053 0.06212335484936917
0 0.4813409646968521 0.592783899654536 0.028676370606295708 0.07836670069092788
0 0.41142 0.27623 0.05617279999999996 0.03770490000000005
0 0.44515059880098246 0.6732080697751265 0.031921002398035025 0.06669766044974672
0 0.640432 0.369672 0.03271610000000001 0.06393439999999997
0 0.667593 0.319262 0.030246899999999893 0.07295079999999995
0 0.4952427458131342 0.2454210008733156 0.0416134083737315 0.06083599367865422
0 0.544136 0.0741803 0.06111110000000003 0.0368852
0 0.7734569999999998 0.74918 0.027160500000000126 0.03442620000000007
0 0.46821 0.027459000000000008 0.040123500000000034 0.05327869999999999
0 0.523765 0.281557 0.04259259999999998 0.06967209999999999
0 0.437346 0.311885 0.04135800000000006 0.06639340000000002
0 0.674691 0.029918 0.04814809999999998 0.0418033
0 0.5511556094127723 0.5615910821774954 0.05921680134121903 0.03894984148141805
0 0.593518 0.188525 0.05246909999999995 0.05245900000000002
0 0.5415860326837308 0.6720969050682345 0.034112534632538355 0.0721999898635311
0 0.660185 0.07950819999999999 0.04135800000000006 0.054098399999999984
0 0.287654 0.239344 0.05308639999999998 0.04262290000000003
0 0.530864 0.136885 0.06419750000000007 0.049180299999999975
0 0.588272 0.966803 0.05802469999999998 0.03360659999999989
0 0.3076806252326934 0.29498733668354643 0.05363235046538683 0.03915587336709295
0 0.65 0.22622999999999996 0.04814809999999998 0.06229509999999998
0 0.21790099999999998 0.828279 0.024691399999999964 0.07131150000000003
0 0.251543 0.9077870000000001 0.05123459999999999 0.04672129999999984
0 0.205556 0.0381148 0.028395099999999975 0.0713115
0 0.7734569999999998 0.693443 0.04074069999999996 0.07213109999999993
0 0.49180579406793357 0.8491392961312333 0.05219151186413287 0.04434330773753328
0 0.6413579999999999 0.917213 0.04197529999999995 0.06229510000000014
