0 0.2631137260416667 0.5083885416666667 0.09303047197916664 0.0791400995370368
0 0.4384822729166667 0.40808335648148153 0.04384187687499998 0.16564209490740756
0 0.34491600312500004 0.6657485879629631 0.09409981562499989 0.09202336111111098
0 0.5250968562499999 0.4301688194444444 0.06736691739583318 0.10306609259259247
0 0.4089573267428126 0.2928748041145253 0.05589603942229016 0.17152283621539346
0 0.04734791312499998 0.9188130555555558 0.09469582624999996 0.09386389120370348
0 0.10699440416666661 0.8323101620370371 0.04384187687500021 0.06809736805555552
0 0.17115329062499995 0.326181226851852 0.08875327062499991 0.11226851851851852
0 0.4074707875000001 0.03379859490740734 0.08661458333333331 0.06759718981481468
0 0.36255939375 0.4678977777777778 0.06950560468750015 0.14539693750000002
0 0.12196486874999989 0.7467278703703703 0.09730767333333361 0.09570419675925913
0 0.23744982499999998 0.3951994212962963 0.052396452812500154 0.16564209490740736
0 0.32834143645833336 0.317900300925926 0.09730767333333326 0.09570419675925913
0 0.30321281354166657 0.5866082638888888 0.08340655239583335 0.07361873379629616
0 0.5208180958333334 0.9902342280092592 0.04598056416666682 0.019531543981481634
0 0.33582666875000006 0.0952044675925926 0.0908917846874998 0.12883261574074065
0 0.35293651354166666 0.8120659027777779 0.08875327062500003 0.09754472685185205
0 0.6826948894342357 0.4414141958050202 0.063909663972638 0.15787333755662597
0 0.38608564687499985 0.17526314814814808 0.07164411875000004 0.13435420601851814
0 0.38929385104166675 0.5507182638888889 0.054535140104166636 0.16748262499999986
0 0.23263751875000013 0.6519440509259259 0.08982261427083352 0.0901828310185187
0 0.15511226979166667 0.19550965277777782 0.08661458333333319 0.11226851851851852
0 0.1904007833333333 0.23968057870370377 0.09303047197916677 0.07545926388888886
0 0.5155135429081741 0.0632452239583333 0.05248061019134778 0.1264904479166666
