0 0.4227213913761801 0.31681552859209255 0.02964799429920111 0.07996585699132114
0 0.3543667123914037 0.4254705525197328 0.03475080018289895 0.03491196114146931
0 0.511196599005487 0.9948089242349729 0.02822310198902608 0.01193114537340635
0 0.49382131918421684 0.2521416713918354 0.059319356305979135 0.03051254278367088
0 0.43560853600462546 0.007787999925323672 0.02093293963761605 0.017343446925898103
0 0.506758032242232 0.7176517772096054 0.029259636802959923 0.0782072492104076
0 0.4310700116255144 0.796356860701275 0.02914962544581624 0.03397055200364302
0 0.5880243138143241 0.7946057051185642 0.05474383659908637 0.04762620945505587
0 0.5758230508230452 0.9918031286885245 0.02613169835390939 0.019125383060109427
0 0.5919649240297128 0.8234497251566651 0.04195454805942532 0.039569692916228034
0 0.5424685306221254 0.1676510768241723 0.02708182038247398 0.07332851173256186
0 0.4664794740732422 0.016703846474967966 0.025245437730857558 0.034198687678405726
0 0.5621373616542699 0.8734684180158164 0.025943818214349615 0.04208668499473922
0 0.5028805855967078 0.8374317443989071 0.048765577777777694 0.06375217604735867
0 0.4469650443415638 0.8242256906193077 0.056687195267489714 0.0391624621129326
0 0.49897119341563784 0.21667068466730957 0.055071411280561554 0.048416907746705234
0 0.5488683127572017 0.9737021857923496 0.025034293552812063 0.0443989071038252
0 0.5253520595008873 0.8114002105579786 0.026428059047834778 0.07469794956635076
0 0.654938 0.4274589999999999 0.027160500000000126 0.058196700000000004
0 0.7158228564956393 0.7467288314032186 0.02944840865330159 0.03759963904346522
0 0.5352437451995319 0.742570503538126 0.034960465201797145 0.06747342115857027
0 0.44435871056241427 0.8953779599271402 0.02760631001371739 0.0762750455373407
0 0.461728 0.757377 0.05308640000000005 0.04754099999999996
0 0.487997256515775 0.9131375227686703 0.029835390946502012 0.06625683060109283
0 0.5444180163853966 0.5637439213916879 0.04794804998678601 0.05213816614027173
0 0.6814128943758572 0.9808743169398906 0.030178326474622787 0.03597449908925321
0 0.489815 0.77541 0.04382720000000004 0.06557379999999993
0 0.4856572258533043 0.3170202507232401 0.051137739046235725 0.057055609128897476
0 0.5637671310454185 0.66413495763774 0.05644278325216144 0.049882187797663846
0 0.6737267338694454 0.7310623151351081 0.04417261297995245 0.07194064270316336
0 0.44358710562414266 0.9653916211293261 0.03978052126200275 0.06238615664845171
0 0.5784373947228274 0.032602029757312766 0.03865897961752601 0.05051435900032144
0 0.19900229687051393 0.7483082348455966 0.035888601780074664 0.04837018680899733
0 0.6133197417601087 0.6312979395397804 0.052478574394986155 0.053892815962300104
0 0.726582851965115 0.8333333333333334 0.052478574394986224 0.06542337193562946
0 0.55672005071167 0.5878565276971474 0.05014958408275749 0.046525877778613445
