0 0.8143212888535032 0.428370045465699 0.028194726688684286 0.04959801077059625
0 0.487037 0.208197 0.029629599999999933 0.04590160000000001
0 0.572222 0.011475399999999998 0.023456799999999976 0.0213115
0 0.625841825509161 0.729766579200167 0.0413580000000002 0.04672130000000003
0 0.460802 0.19918 0.026543200000000024 0.07868849999999997
0 0.579321 0.580738 0.024074099999999935 0.035245900000000004
0 0.421296 0.415164 0.031481499999999954 0.041803300000000036
0 0.46811937665723047 0.3140205131486895 0.028611447204529364 0.08199343125717867
0 0.4988892011991822 0.17315192207371827 0.04177495138004251 0.05256845406703559
0 0.6371648656601399 0.6781871463375796 0.028650531320279858 0.04907626595489196
0 0.526543 0.44057399999999997 0.04938270000000004 0.03360660000000008
0 0.40047391229849805 0.17762347331366815 0.05066812256035221 0.04466951990706903
0 0.6016336288983251 0.27244971355069436 0.05882285779665011 0.036702327101388675
0 0.426235 0.0352459 0.033950600000000046 0.0655738
0 0.3759259999999999 0.0352459 0.04938270000000004 0.0590164
0 0.548457 0.554508 0.025308599999999966 0.0647541
0 0.6025850074624518 0.6871308238174795 0.04591121492490361 0.040586425874490774
0 0.505864 0.49180299999999993 0.026543200000000024 0.08032789999999992
0 0.520988 0.671721 0.05802469999999998 0.03032789999999992
0 0.36358 0.27377 0.04814809999999998 0.05245900000000004
0 0.434877 0.279098 0.03271610000000001 0.035245900000000004
0 0.652778 0.737295 0.024074100000000074 0.05163929999999992
0 0.46942460825076665 0.503158766544847 0.03769328349846671 0.05925686691030601
0 0.458025 0.415164 0.034567900000000006 0.04344259999999996
0 0.4265254179503814 0.45423669574501413 0.05754128488244075 0.0323222647697608
0 0.556173 0.615984 0.05185190000000002 0.035245900000000004
0 0.612037 0.220902 0.035185199999999965 0.06967209999999999
0 0.3888753148187466 0.5639867469405868 0.029043425564205343 0.08743843052104004
0 0.561111 0.171311 0.05555560000000003 0.04590160000000001
0 0.638272 0.187295 0.028395100000000045 0.0877049
0 0.396296 0.0672131 0.05555560000000003 0.034426200000000004
0 0.4704332782889046 0.6210191082802548 0.04678776440984507 0.051686331836692044
0 0.478086 0.392213 0.04876539999999994 0.05491799999999999
0 0.552469 0.122131 0.028395100000000045 0.05081970000000001
0 0.530864 0.715164 0.05432099999999997 0.04672130000000003
0 0.5184005661712668 0.5735094497232953 0.04049697255642055 0.06003967839615749
0 0.6881691835829992 0.8724289129711809 0.025721867165998166 0.059465030902161244
0 0.381481 0.301639 0.05061729999999996 0.049180299999999975
0 0.425 0.343852 0.033950600000000046 0.07131150000000003
0 0.46018499999999996 0.140984 0.05617279999999996 0.040983600000000016
0 0.471605 0.05368850000000001 0.05679010000000006 0.04180330000000001
0 0.578395 0.658607 0.03827160000000001 0.05983609999999991
0 0.7839510000000001 0.570902 0.04814809999999998 0.03360660000000008
0 0.5068451317743965 0.8286388274146392 0.030754036451206956 0.07223014517072149
0 0.3329164442989698 0.9570873449305628 0.030462911402060155 0.07435011013887456
0 0.7940158842494298 0.16054087918972537 0.054651254226625756 0.033935470397828134
0 0.7186558616890776 0.7141248664560927 0.033160872359833095 0.07117597451185134
0 0.621914 0.0557377 0.031481499999999954 0.0606557
0 0.669772745144295 0.3004594340607706 0.046787764409844994 0.0589955100762243
0 0.773126486205473 0.27786866967213114 0.036462927589054096 0.06393406065573774
0 0.188889 0.181967 0.030864199999999994 0.05081970000000002
0 0.447222 0.9454920000000001 0.03271610000000001 0.07295080000000005
0 0.71142 0.075 0.040123500000000034 0.05655739999999999
