0 0.293008123150278 0.1633341555922441 0.10097519589921973 0.03417829260157346
0 0.3737157491135548 0.9865735096356684 0.040026985622942844 0.020100458926795337
0 0.7204810412709719 0.3117906474976147 0.043237257212951616 0.07387620348685921
0 0.468196066272638 0.4905755680184066 0.08786599169457361 0.03644784776148005
0 0.4097133541784226 0.8431363556461957 0.0422827548284688 0.06326537510458492
0 0.42232422605686504 0.2813492392044305 0.0404015073575259 0.07511039355301645
0 0.8809869927083334 0.9618540351851851 0.04611245927083327 0.06547362731481493
0 0.19291822972490186 0.7822879756040897 0.07735897741256798 0.036090172719765216
0 0.6373932427083334 0.9306760268518519 0.07819050822916675 0.05144357111111112
0 0.4054942530731875 0.7276514641255561 0.05898622027708313 0.06867157864733113
0 0.3762715992111094 0.5271811986706292 0.0553981887589341 0.0695822548173712
0 0.34214213061833637 0.7223431603003647 0.06121360438832717 0.07126814791554416
0 0.33997089045217027 0.7909372127968005 0.09204490746319785 0.038852327537503686
0 0.15438490608320077 0.16761258093022416 0.057169050238357146 0.06760356363505203
0 0.2968616447428696 0.8271249368210971 0.08798041504645569 0.04616547766399058
0 0.04499854738341599 0.5096672977982296 0.05316602730710945 0.037078979324449736
0 0.06570281115275307 0.25078924614016823 0.09487410898001135 0.041060179764073196
0 0.2269239468791764 0.9369243406603062 0.07316869946938725 0.06416030705736081
0 0.3780433361560515 0.6546364520109861 0.08323537386162745 0.04136418036074779
0 0.305235440031965 0.24086543005540378 0.06685922337356978 0.05923756733302978
0 0.2327053731002221 0.46192838283280196 0.08360927254955541 0.052403100758196576
0 0.17404416431007189 0.30265513644577446 0.08183019921097241 0.04821408235753316
0 0.3375131594566902 0.4893921963378391 0.08177827864414126 0.05680184066724202
0 0.2822164325819295 0.3777608011376346 0.08401044009596627 0.04149690026523511
0 0.40559408373735856 0.4149975633528265 0.051136789623631766 0.06611103122103991
0 0.2838709401418536 0.12257393999873577 0.08245420413954983 0.05253845512055759
0 0.2186108877451071 0.2438347491130699 0.07666374528188094 0.05498859571941766
0 0.4392561805910954 0.13864238126583933 0.04204568999329735 0.06214081644308071
0 0.12363150761816707 0.3915668040775892 0.044440305268156045 0.035027801744799095
0 0.6223570125 0.9743254287037038 0.08821504062499995 0.0296189652777777
0 0.2229637357516129 0.9846936467278105 0.03918634229270666 0.02235576189770646
0 0.3366902180475995 0.9881888535599147 0.03414043776186612 0.014809855994231898
0 0.5341752800954189 0.1964795298811692 0.05397772238050038 0.06980765894700322
0 0.44830953697455883 0.43803386540120787 0.0663560722497125 0.06611103122103985
0 0.4652595322458439 0.6385972800343697 0.04921743845731008 0.06274974299623645
0 0.3993231970062142 0.07106915937523295 0.059123668591738364 0.053249334768984406
0 0.6308779218749999 0.6130515527777778 0.07117354666666682 0.056899698796296305
0 0.1234285838498194 0.44418739814015906 0.06797946239649448 0.06011528137283093
0 0.18208147307081912 0.2711244987047337 0.08955112160215191 0.05003305581862407
0 0.6133517861382444 0.24391019385896437 0.043788050298467 0.07730234625726427
0 0.30053262202404546 0.8758632011552918 0.06824672751440855 0.036909371199471956
0 0.3451362745194423 0.26011535304401023 0.06525033616944924 0.0665597853472797
0 0.23441761815966095 0.34706028908983144 0.04624366947138926 0.04941140276693561
0 0.2826755949131965 0.9612463601852339 0.056430150731742755 0.06668912540973856
0 0.11051560017112814 0.08557766295755258 0.08972364829075492 0.04275385188792103
0 0.46296875 0.8168768194444445 0.08220038614583333 0.057679077685185015
