0 0.2054136015077338 0.057848157494818156 0.045395303015467584 0.050122414989636335
0 0.577469 0.793852 0.024074099999999935 0.06311480000000007
0 0.250926 0.77623 0.035185200000000035 0.06721310000000004
0 0.5977289941685062 0.7503093167571382 0.024662468755621007 0.04692196648572358
0 0.568827 0.832787 0.026543200000000024 0.04262289999999994
0 0.573148 0.247131 0.024074099999999935 0.03688520000000002
0 0.597531 0.842623 0.03209880000000005 0.07377050000000007
0 0.42376499999999995 0.0155738 0.033950600000000046 0.029508200000000002
0 0.566667 0.187705 0.027160499999999983 0.07377050000000003
0 0.665741 0.70041 0.03765429999999991 0.054918000000000085
0 0.6831003188619083 0.735262186516122 0.03188619082658825 0.06568233633698838
0 0.382099 0.657787 0.03580250000000006 0.035245900000000004
0 0.614506 0.679508 0.030246900000000035 0.07213109999999993
0 0.3597027606818505 0.31541819576031654 0.05397322136370081 0.03903359152063315
0 0.584568 0.588115 0.034567900000000006 0.03688519999999993
0 0.550926 0.784836 0.026543200000000024 0.06967210000000008
0 0.501852 0.168033 0.05061729999999996 0.05245899999999999
0 0.621605 0.57377 0.03209879999999998 0.07049180000000001
0 0.509568 0.10409799999999998 0.029012299999999974 0.045901599999999994
0 0.526543 0.188525 0.03950619999999993 0.0606557
0 0.556173 0.62541 0.05432099999999997 0.040983600000000016
0 0.385494 0.428689 0.030246900000000035 0.03770490000000005
0 0.345988 0.834426 0.025308599999999966 0.06557379999999993
0 0.62284 0.970902 0.03209880000000005 0.045081999999999914
0 0.514815 0.70123 0.025925900000000064 0.07622950000000002
0 0.563272 0.11926199999999999 0.04629629999999999 0.05491799999999999
0 0.566667 0.679918 0.03703699999999995 0.06147540000000003
0 0.713889 0.915574 0.05246909999999995 0.036065599999999934
0 0.708333 0.62541 0.030246899999999893 0.0393442999999999
0 0.511728 0.576639 0.027160499999999983 0.07295080000000005
0 0.607716 0.803689 0.03765430000000005 0.06311480000000007
0 0.720062 0.536885 0.05246909999999995 0.040983600000000016
0 0.726852 0.41803300000000004 0.038888900000000115 0.08852460000000002
0 0.533951 0.47623 0.04938270000000004 0.04754099999999996
