0 0.58179 0.00614754 0.022839500000000016 0.012295100000000002
0 0.44624460578178526 0.6805723006716161 0.03634538219248919 0.03186887389494473
0 0.431173 0.00901639 0.020370400000000066 0.016393400000000002
0 0.6255235216291771 0.10334735133894085 0.030059543258354297 0.03620290267788172
0 0.5318032113631956 0.6754873183095871 0.06108557727360869 0.03263286338082566
0 0.6864747057009889 0.2922753674019397 0.02644300020683855 0.042863221079735614
0 0.510494 0.181557 0.05555560000000003 0.033606599999999986
0 0.6744312663774157 0.09524288531027379 0.027680967245168383 0.06689122937945241
0 0.5681518365199405 0.6515708326774525 0.030363526960118924 0.07062943464509494
0 0.6631910527454592 0.28448428781005924 0.030408994509081574 0.0720155243798816
0 0.521914 0.0110656 0.030246900000000035 0.0204918
0 0.502778 0.213525 0.03641980000000002 0.035245900000000004
0 0.526852 0.281557 0.031481499999999954 0.04508200000000001
0 0.638272 0.766393 0.034567899999999936 0.03442620000000007
0 0.487654 0.290984 0.05185190000000002 0.0393443
0 0.508642 0.0627049 0.03209880000000005 0.06639340000000002
0 0.544136 0.022131099999999997 0.040123500000000034 0.0442623
0 0.490741 0.23196700000000003 0.04814809999999998 0.06229510000000003
0 0.466049 0.247951 0.028395100000000045 0.07131150000000003
0 0.636111 0.0807377 0.04382719999999997 0.05163929999999999
0 0.639506 0.017623 0.04197529999999995 0.0319672
0 0.4974580734277035 0.014657561436786542 0.05 0.03196720000000001
0 0.497222 0.11311499999999998 0.05493830000000007 0.03278690000000001
0 0.44165698499612177 0.1823579654021114 0.0611305300077565 0.03856366919577721
0 0.468827 0.143852 0.040123500000000034 0.03852460000000002
0 0.367284 0.816393 0.030864199999999994 0.07213109999999993
0 0.434877 0.636475 0.029012299999999974 0.048360700000000076
0 0.609568 0.138115 0.029012299999999974 0.040163899999999995
0 0.5997785871953978 0.7347932655566046 0.04405991564863297 0.054746144193631316
0 0.535494 0.337295 0.05987649999999997 0.031967200000000036
0 0.576677229004266 0.3825639563041799 0.05775624199146796 0.03815168739164019
0 0.438272 0.23237699999999997 0.027160499999999983 0.06803279999999999
0 0.68697248978896 0.36534191023517293 0.03320387957791983 0.06838922047034586
0 0.396296 0.815574 0.024691400000000033 0.07704919999999996
0 0.5667265482337922 0.8232082328898807 0.035269397934845834 0.03882913422023872
0 0.440432 0.06106559999999999 0.024074099999999935 0.0368852
0 0.3391231068838472 0.4731159661316625 0.0538521862323056 0.03901366773667498
0 0.584568 0.227049 0.04691359999999995 0.04754099999999998
0 0.669444 0.77418 0.033950600000000046 0.06639339999999992
0 0.5240128055927219 0.5908698336430349 0.03839468881455635 0.06252243271393018
0 0.408333 0.295082 0.024074099999999935 0.07049180000000001
0 0.48148100000000005 0.0659836 0.029629599999999933 0.07459019999999998
0 0.44036113534193 0.1305768278044803 0.036562229316139935 0.05687934439103939
0 0.558333 0.712295 0.04629629999999999 0.0540983999999999
0 0.591049 0.769262 0.04876539999999994 0.05819670000000005
0 0.512037 0.145902 0.05493830000000007 0.04754100000000001
0 0.662037 0.362705 0.033950600000000046 0.06803279999999996
0 0.471914 0.634016 0.04382720000000004 0.0598361000000001
0 0.37284 0.494262 0.06049380000000007 0.03114749999999992
0 0.6302257732014737 0.28979259665479357 0.02711874640294739 0.0795856933095871
0 0.37284 0.889754 0.05308640000000005 0.03032790000000011
0 0.597531 0.0409836 0.04814809999999998 0.0409836
0 0.4065720529991597 0.09551970689640374 0.030369564740482108 0.06988239549394902
0 0.277469 0.109426 0.05370370000000001 0.0319672
0 0.474074 0.390984 0.03209880000000005 0.04754099999999996
0 0.544444 0.2 0.04938270000000004 0.055737700000000015
0 0.687654 0.0319672 0.0506173000000001 0.045901599999999994
0 0.259877 0.145492 0.05802469999999998 0.03852459999999998
0 0.300309 0.34918 0.040123500000000034 0.04754099999999996
0 0.95 0.807377 0.03456789999999986 0.0393442999999999
0 0.452469 0.9786890000000001 0.05185190000000002 0.03934430000000009
0 0.537654 0.10737700000000001 0.04074069999999996 0.0622951
0 0.44273141906793356 0.8623768360162218 0.045957238135867086 0.04934297203244355
0 0.486728 0.797541 0.05246909999999995 0.06229509999999996
0 0.516667 0.85 0.03209880000000005 0.06721309999999994
0 0.0169753 0.620902 0.0339506 0.048360700000000076
