0 0.400926 0.9647540000000001 0.022839500000000016 0.06885250000000008
0 0.48179000000000005 0.853279 0.03271610000000001 0.0754098000000001
0 0.522222 0.810246 0.04691359999999995 0.03360660000000008
0 0.34072986612388256 0.5325842865272282 0.024514441159358552 0.06918228430374981
0 0.566358 0.866393 0.021604899999999955 0.03114749999999992
0 0.525309 0.41967200000000005 0.03333329999999994 0.03278690000000001
0 0.6710302256279268 0.769031467872621 0.0372498935717327 0.06924816280384398
0 0.562963 0.54959 0.022222200000000056 0.06311480000000007
0 0.441975 0.767213 0.027160499999999983 0.040983600000000016
0 0.443827 0.101639 0.019753099999999964 0.0836066
0 0.612654 0.166803 0.024074099999999935 0.07786879999999999
0 0.55463 0.72377 0.025308599999999966 0.07868850000000006
0 0.55463 0.190984 0.030246900000000035 0.05245900000000002
0 0.454012 0.8516390000000001 0.029012299999999974 0.07213109999999993
0 0.513272 0.25 0.021604899999999955 0.07868849999999997
0 0.453395 0.0159836 0.03765430000000005 0.0303279
0 0.442284 0.163525 0.030246900000000035 0.035245900000000004
0 0.48642 0.796311 0.039506200000000075 0.05
0 0.539815 0.461475 0.05740740000000002 0.04262289999999994
0 0.46975300000000003 0.12623 0.027160499999999983 0.0393443
0 0.514506 0.187295 0.029012299999999974 0.04508200000000001
0 0.507006757230027 0.7135058774543056 0.03253111446005387 0.035207954908611235
0 0.5 0.568033 0.05185190000000002 0.040983600000000016
0 0.590741 0.706557 0.04691359999999995 0.05081969999999993
0 0.550926 0.0356557 0.03271610000000001 0.0696721
0 0.598148 0.659426 0.04938270000000004 0.04344260000000006
0 0.469444 0.303689 0.05617279999999996 0.031967200000000036
0 0.413889 0.195082 0.03765430000000005 0.07049180000000001
0 0.4769937713317724 0.4353873662238553 0.052185357336455206 0.03414386755228944
0 0.602778 0.517213 0.029012299999999974 0.07377049999999997
0 0.571605 0.417213 0.05308640000000005 0.04262289999999999
0 0.49660499999999996 0.906148 0.05493830000000007 0.03852459999999998
0 0.458333 0.20204900000000003 0.03888889999999997 0.06967210000000001
0 0.466049 0.669262 0.029629599999999933 0.07459019999999991
0 0.604321 0.761475 0.04691359999999995 0.06393440000000007
0 0.567284 0.318443 0.03950619999999993 0.06967209999999999
0 0.538272 0.103689 0.04691359999999995 0.05327869999999999
0 0.555864 0.952869 0.025308599999999966 0.06475409999999981
0 0.597222 0.12459000000000002 0.04753090000000005 0.05901639999999998
0 0.158333 0.515574 0.025308599999999983 0.040983600000000016
0 0.240432 0.770902 0.04629629999999999 0.04672130000000003
0 0.5867745139775791 0.25791407574901076 0.032638001986661065 0.031562087808554753
0 0.49808429118773945 0.8300358017712455 0.036185610898254596 0.061239871867345023
