0 0.23193053333333336 0.6445762037037037 0.013519162604166694 0.06279601185185173
0 0.36293117604166664 0.49506195925925917 0.012707991822916634 0.026912534814814894
0 0.3232217431101764 0.60427803175101 0.014256652790063917 0.05129186427575763
0 0.28343871718749997 0.9334380333333333 0.01595263114583337 0.025716452962962807
0 0.22544125468749998 0.8852941518518519 0.010274567083333313 0.034687322222222226
0 0.2911443796875 0.3332877481481482 0.01243764536458336 0.031098930740740768
0 0.34495085885416665 0.8123311888888889 0.02433451020833329 0.03707955888888903
0 0.2739752770833333 0.3356802037037037 0.022982558906249975 0.025118375555555555
0 0.288263701673207 0.521113625857755 0.013190859855706212 0.048029505771528085
0 0.31534371666666666 0.2525500707407407 0.010544957343749968 0.026314530370370376
0 0.306015625 0.6397920222222223 0.02433451020833329 0.02571645296296302
0 0.2981746140625 0.6063005629629631 0.021089870885416674 0.040069800000000134
0 0.3154790651041666 0.4131282 0.010274567083333313 0.04605042814814813
0 0.29776900677083334 0.5740056962962963 0.025145637187499997 0.03408924481481487
0 0.37726146562499996 0.8048561333333333 0.014330333385416694 0.04246203666666683
0 0.31778039882306697 0.5018980632314921 0.022435438760116118 0.041947239833312035
0 0.2140851265625 0.7716638222222223 0.018926836406249977 0.04904066925925924
0 0.22652316614583332 0.2579326214814815 0.009193049843750007 0.03229508555555559
0 0.3362986333333333 0.8685491518518519 0.024334510208333406 0.026314530370370272
0 0.25761695104166665 0.2991987222222222 0.014600679843749968 0.051432905925925934
0 0.2597751041281622 0.7186619687950963 0.023545923357696806 0.027059677965362995
0 0.25261475312500004 0.3772450148148148 0.011085694062499988 0.059207620370370424
0 0.309026670558093 0.6799730069376019 0.014133492314102785 0.05344943461594451
0 0.3200756557291667 0.3365769185185185 0.014600679843749968 0.04246203666666667
0 0.32521276406249994 0.38741167407407406 0.02217143192708336 0.04126595481481485
0 0.27721969739583335 0.4304722259259259 0.024064119947916664 0.031697008148148124
0 0.3073673572916666 0.23221616851851853 0.021630651406250045 0.031098930740740768
0 0.30033756093749997 0.5162934518518518 0.013519162604166723 0.04664843259259254
0 0.249941479518315 0.7399242335298432 0.02330121080802554 0.029361360740820273
0 0.3322511601586226 0.44832803688832873 0.02161384614108807 0.04143751807519428
0 0.27005455260416666 0.2836490744444444 0.015141460364583281 0.0275106122222222
