0 0.632407 0.767623 0.045061699999999934 0.048360700000000076
0 0.7797068666666667 0.3961067495901639 0.03225293333333344 0.0725405991803279
0 0.630864 0.4 0.028395099999999975 0.07868850000000002
0 0.489506 0.162295 0.059259300000000036 0.031147500000000012
0 0.45 0.8893440000000001 0.05185190000000002 0.04426230000000017
0 0.578086 0.983607 0.026543200000000024 0.03114749999999992
0 0.296605 0.702459 0.026543200000000024 0.036065599999999934
0 0.631173 0.165984 0.033950600000000046 0.041803299999999995
0 0.46358 0.251229 0.030864199999999994 0.040163899999999995
0 0.606481 0.341393 0.03888889999999997 0.07131150000000003
0 0.582716 0.54918 0.04197530000000002 0.06229509999999996
0 0.44814800000000005 0.158607 0.028395100000000045 0.0745902
0 0.514815 0.0741803 0.03333329999999994 0.0385246
0 0.38642 0.813934 0.04567900000000003 0.040983600000000016
0 0.325617 0.694672 0.03395060000000001 0.07459019999999991
0 0.6 0.144262 0.028395100000000045 0.06721309999999998
0 0.538889 0.772541 0.05061729999999996 0.035245900000000004
0 0.520679 0.134016 0.04259259999999998 0.05655739999999999
0 0.553704 0.353279 0.03209880000000005 0.06721310000000004
0 0.570679 0.258607 0.040123500000000034 0.07295079999999995
0 0.562654 0.8479509999999999 0.05617279999999996 0.03688520000000002
0 0.501852 0.507787 0.044444399999999974 0.056557399999999945
0 0.266667 0.39918 0.028395099999999975 0.032786899999999966
0 0.483025 0.292213 0.05864199999999994 0.03688520000000002
0 0.468827 0.9295079999999999 0.04259259999999998 0.05573769999999983
0 0.415741 0.360656 0.027777799999999943 0.06721310000000004
0 0.337346 0.4909839999999999 0.04506170000000004 0.036065599999999934
0 0.492593 0.609426 0.03827160000000001 0.06803279999999996
0 0.625617 0.621311 0.030246900000000035 0.07213109999999993
0 0.419444 0.0877049 0.05493830000000007 0.0377049
0 0.258025 0.12049199999999999 0.05061729999999996 0.031147500000000012
0 0.52716 0.922131 0.04691359999999995 0.0459016000000001
