0 0.6267779942708332 0.5275765138888888 0.070352074375 0.2221242930555556
0 0.8779485682291667 0.01957093118055561 0.08392873786458341 0.03914186236111122
0 0.8976954244791667 0.12154358055555566 0.059243767916666454 0.20779378750000024
0 0.8093426957335998 0.47437482636201544 0.11457666802969939 0.10879159838708027
0 0.4786685744791666 0.9829262509722222 0.053072575416666726 0.03414749805555575
0 0.5755573364583334 0.5634027777777778 0.04690138291666652 0.16480197944444427
0 0.7002168645833334 0.2337982361111111 0.09133420885416683 0.16957871749999986
0 0.5033541442708335 0.889423236111111 0.06541516036458314 0.1098678891666665
0 0.9612588671875 0.8981376206944445 0.05800948942708324 0.2037247586111111
0 0.78537868125 0.5753438944444443 0.07899182385416677 0.1074793744444443
0 0.8742455328125002 0.7580592972222221 0.08392873786458341 0.15285969722222223
0 0.6076469776041667 0.3353064694444444 0.07405470989583307 0.10509115111111121
0 0.7002168645833334 0.5383229361111111 0.05677541088541697 0.1146449186111115
0 0.5644502296875 0.8930073194444444 0.054306853906250056 0.12658690944444465
0 0.6781046541532316 0.14837083449485622 0.10100043158937026 0.15635743565637905
0 0.7693348604166665 0.9240548055555554 0.10614515083333345 0.12181017138888874
0 0.9328722614583334 0.6386393888888889 0.06047804640625003 0.1910747672222219
0 0.7526712010416666 0.7532834333333335 0.10491087234374988 0.14808295916666656
0 0.7508196833333334 0.9781502413888886 0.10614515083333333 0.04369951722222254
