0 0.182716 0.344262 0.03209879999999998 0.04590160000000001
0 0.589506 0.42541000000000007 0.03827160000000001 0.05245900000000004
0 0.56358 0.64918 0.04814809999999998 0.03770490000000005
0 0.7230150442139397 0.43028132825793736 0.029981788427879245 0.07531615651587462
0 0.490741 0.603689 0.04814809999999998 0.04672130000000003
0 0.5 0.539344 0.03333329999999994 0.07377049999999997
0 0.557099 0.678689 0.06111110000000003 0.03114749999999992
0 0.4802342031893005 0.4193818490437159 0.02589990637860083 0.07482919808743176
0 0.6396524102688846 0.30882897904973605 0.03427447946223056 0.03971964190052791
0 0.47284000000000004 0.585656 0.04320989999999994 0.035245900000000004
0 0.610802 0.683607 0.05123459999999999 0.036065599999999934
0 0.6070989999999999 0.732377 0.05740739999999995 0.041803299999999946
0 0.559877 0.704098 0.06049380000000007 0.027868900000000068
0 0.579012 0.385656 0.05432099999999997 0.031967200000000036
0 0.505864 0.44508200000000003 0.021604899999999955 0.07704919999999996
0 0.674074 0.771311 0.024691399999999895 0.07213109999999993
0 0.477469 0.534016 0.03888889999999997 0.07295080000000005
0 0.698457 0.771311 0.025308600000000105 0.07213109999999993
0 0.43642000000000003 0.728279 0.04691359999999995 0.040163900000000086
0 0.620988 0.582787 0.05679009999999999 0.03442620000000007
0 0.43857999999999997 0.761475 0.05 0.04262289999999994
0 0.4669689063786008 0.6640370762295081 0.05495118724279824 0.047336447540983664
0 0.462346 0.369672 0.05185190000000002 0.02950819999999999
0 0.623148 0.39180299999999996 0.024074099999999935 0.07049179999999997
0 0.529012 0.536066 0.04074069999999996 0.07049180000000001
0 0.576235 0.025 0.022839500000000016 0.05
0 0.516049 0.163115 0.06543209999999999 0.02950819999999999
0 0.59784 0.641393 0.05617279999999996 0.04672130000000003
0 0.471914 0.74959 0.026543200000000024 0.07622950000000002
0 0.609877 0.019672099999999998 0.04197530000000002 0.0393443
0 0.589506 0.158197 0.03209880000000005 0.07377049999999997
0 0.541667 0.567213 0.05617279999999996 0.04426229999999999
0 0.44845699999999994 0.513115 0.03641980000000002 0.07049180000000001
0 0.528086 0.488525 0.06111110000000003 0.032786899999999966
0 0.580556 0.506148 0.031481499999999954 0.07131149999999994
0 0.416049 0.645902 0.020987700000000026 0.04918030000000007
0 0.387346 0.834016 0.035185199999999965 0.0647541
0 0.669136 0.567623 0.03703700000000009 0.06639339999999992
0 0.46327199999999996 0.138934 0.04259259999999998 0.04508200000000001
0 0.796296 0.477459 0.03456789999999986 0.03688519999999993
0 0.6466257477191881 0.5178243177966101 0.035143104561623735 0.06107236440677967
0 0.461111 0.0856557 0.03333329999999994 0.06147540000000001
0 0.6975310000000001 0.82541 0.06049380000000007 0.03770489999999995
0 0.485185 0.0385246 0.03333329999999994 0.0737705
0 0.430247 0.435246 0.05061729999999996 0.05245900000000004
0 0.595679 0.858197 0.027160499999999983 0.0754098000000001
0 0.546914 0.8577869999999999 0.03333329999999994 0.06803279999999996
0 0.579938 0.586475 0.031481499999999954 0.07786879999999995
0 0.51142 0.254918 0.03271610000000001 0.07049180000000001
0 0.523765 0.885246 0.03765430000000005 0.07049180000000001
0 0.41234599999999993 0.22541 0.03580250000000006 0.06721310000000001
0 0.452469 0.903689 0.04567900000000003 0.05163929999999992
0 0.7447529999999999 0.0434426 0.045061699999999934 0.0639344
0 0.548765 0.790574 0.04320989999999994 0.0598361000000001
