0 0.471914 0.558197 0.016666700000000055 0.02622950000000002
0 0.533025 0.992623 0.05864199999999994 0.014754100000000183
0 0.453704 0.555738 0.03827160000000001 0.055737700000000015
0 0.6261382789979344 0.09099635877240543 0.04089729030119611 0.07953691184856797
0 0.549074 0.57582 0.04382720000000004 0.05
0 0.592901 0.388934 0.05246909999999995 0.05163930000000002
0 0.4205587385622328 0.6105375960068892 0.02404080697026473 0.0636093777380877
0 0.34321 0.762295 0.05185190000000002 0.03114749999999992
0 0.525926 0.582377 0.03209880000000005 0.06803279999999996
0 0.5388201883076331 0.9643893071378452 0.05493830000000007 0.03360659999999989
0 0.418827 0.544672 0.033950600000000046 0.041803299999999946
0 0.460817839709132 0.5968010588234356 0.05496997941826392 0.041965911950628425
0 0.49382699999999996 0.520492 0.03209880000000005 0.06721310000000004
0 0.46505736056107994 0.13580090803406264 0.04766287887784022 0.04834481536646042
0 0.514198 0.509016 0.029629599999999933 0.07049180000000001
0 0.475944999015228 0.1702272645914397 0.051616751260988594 0.050564160617465076
0 0.40692546739456215 0.016582962190846207 0.036074134789124405 0.03316592438169241
0 0.410277419720661 0.33305182475282263 0.031296060558677986 0.07160215049435478
0 0.5259429594778307 0.9070549892549595 0.06663348104433874 0.03507062149008107
0 0.5801546157731662 0.5730287116715571 0.026701384776865105 0.07675306335714738
0 0.4410490000000001 0.697131 0.025308599999999966 0.06803279999999996
0 0.49898017347360335 0.21698334537539074 0.056946700177739396 0.048268430764814706
0 0.4064809999999999 0.80082 0.031481499999999954 0.0754097999999999
0 0.385185 0.365164 0.05432099999999997 0.040163899999999995
0 0.355864 0.114754 0.021604899999999955 0.02950819999999999
0 0.514815 0.745902 0.05802469999999998 0.027868900000000068
0 0.533355983321324 0.48418708213625056 0.03918638658788483 0.06769163572749885
0 0.683642 0.8872950000000001 0.030246899999999893 0.0401638999999999
0 0.5414192708579527 0.4177502905929068 0.02793149459095932 0.08089191881418632
0 0.6543210000000002 0.304508 0.022222200000000056 0.09098360000000001
0 0.5884483834678388 0.07539707934234867 0.029277033064322368 0.07998979560502649
0 0.380556 0.782377 0.03641980000000002 0.07295080000000005
0 0.48789418830763315 0.6473131228551381 0.05185190000000002 0.054918000000000085
0 0.3988326848249028 0.6452127320278115 0.052601239371667434 0.04975441729922813
0 0.5718197460044676 0.9202109086464247 0.03376359200893501 0.07767475730688267
0 0.5562475133136379 0.5262693615838491 0.041849979857808445 0.06119477176117866
0 0.6317900000000001 0.578689 0.05864200000000001 0.0393442999999999
0 0.6976774543738292 0.684466324698603 0.030883261978190878 0.0656530493972062
0 0.498765 0.697131 0.04074069999999996 0.07295080000000005
0 0.616667 0.370492 0.04197530000000002 0.06885249999999998
0 0.533642 0.339344 0.05493830000000007 0.040983600000000016
0 0.45679 0.353279 0.05308640000000005 0.05409839999999999
0 0.553356465241149 0.19981661810773746 0.025385169517701804 0.0806946637845251
0 0.6871320719123792 0.13991193524909104 0.05101327367055777 0.03847682478790585
0 0.6597951186914541 0.20781380813931238 0.05571936261709179 0.05650278372137527
0 0.493558037552241 0.4057694942670792 0.03896837510448198 0.07383448853415842
0 0.6574069999999999 0.8434429999999999 0.06172839999999999 0.03770489999999995
0 0.0929012 0.384016 0.02901230000000001 0.040163899999999995
0 0.30720795142071383 0.48780206437934553 0.048984202841427654 0.05265382875869106
0 0.34784000000000004 0.228279 0.05370370000000001 0.04344259999999999
0 0.414302012778018 0.9942638897748294 0.047122544074554504 0.00983287618804618
