0 0.37060653026110396 0.06719322488118416 0.03431358202071806 0.08177124552477859
0 0.5095801383371068 0.7798900906124798 0.03725463496945629 0.08667273831208257
0 0.17167234427083333 0.03179192555555555 0.07830252296875008 0.033802354074074066
0 0.347742799330007 0.47422333055673654 0.07955303039176644 0.05065503491484143
0 0.3503674730702842 0.5200627373589451 0.038061103206341804 0.07837737503826456
0 0.6607635337702784 0.8991032725678363 0.0642175382927764 0.036703226987525234
0 0.4257476088541666 0.24717333703703703 0.04159821119791663 0.07453855148148149
0 0.2624631889294946 0.6771723990142503 0.08202938931446724 0.03716895419076012
0 0.4553710937948575 0.836913283803237 0.06636550870230948 0.06306242266852427
0 0.35683341403488344 0.768151688319642 0.039394115543042695 0.05532099132367926
0 0.3732106308577834 0.8594482192696786 0.044435220883463106 0.04233328279861681
0 0.2683267588541666 0.007445347824074073 0.03996686734375009 0.014890695648148145
0 0.3821022793824818 0.5236448824785216 0.037764473571188735 0.08206773513800619
0 0.31629517878989405 0.04462842446880953 0.04516964663896204 0.05254161430798947
0 0.25551540105718745 0.23599585453175057 0.059514376685114216 0.06957728785880288
0 0.2280651499433959 0.782294748414108 0.03985416976130456 0.08480443313932877
0 0.43789771467468425 0.02110378326319536 0.04176694204980838 0.04220756652639072
0 0.4031991820302291 0.919315122725237 0.05686055161254148 0.05634908103100745
0 0.4326807541666666 0.3611481092592592 0.05057033812500009 0.06327113537037037
0 0.3106559478459806 0.1831402075881959 0.07298718547733087 0.03989890647718952
0 0.3990288637093151 0.9732003101493256 0.060867560139643 0.05359937970134878
0 0.6235313418895154 0.803732591290025 0.07577931431287108 0.036288585936892485
0 0.2959954144076084 0.5164775231001424 0.07108853420561646 0.03357705344843543
0 0.38049061853832095 0.9940050566322068 0.07008501260124653 0.011989886735586163
0 0.25349522617096326 0.7170905849501983 0.058212111355990005 0.054037648974470553
0 0.11947092656249995 0.44912123333333337 0.030994740416666625 0.032935597222222175
0 0.2844770011949261 0.7882178176052946 0.05595536697318562 0.06025786849311464
0 0.7691358442708333 0.9720114765277778 0.06280515276041664 0.0559770469444444
0 0.22880018482402928 0.3765314775066851 0.06670691848025546 0.04407645895187505
0 0.6495028247835959 0.03281954651089755 0.06086441925642123 0.0656390930217951
0 0.2667968170442213 0.5996274348507837 0.04055037735922736 0.07483130157874314
0 0.5250176493543353 0.07257291208676173 0.08055254008798088 0.04590666415426166
0 0.33559316336550554 0.6298888842804293 0.04627695736797304 0.0774627319639297
0 0.3171752438779175 0.42759767341921195 0.061444655769516035 0.060029505662068536
0 0.014466563242187529 0.7893114018518519 0.028933126484375057 0.04940344870370373
0 0.38943686374379166 0.16437133148880934 0.04407336917908348 0.05454398149613721
0 0.24064027592319287 0.981752458901182 0.04426491574327862 0.0364950821976362
0 0.291715178703899 0.7253604679429794 0.05540853089543276 0.05789146847410454
0 0.3629878839478842 0.6567788135290545 0.039157425465208104 0.07762719636300369
0 0.6192273026222108 0.7700681799560068 0.04939061454283973 0.03853787845364202
0 0.3071545294096779 0.22260641082009086 0.03903873102029228 0.03801645625274793
0 0.5211784494791666 0.6133662111111111 0.061173808906250036 0.05633729203703695
0 0.18199399097182928 0.7821565961520672 0.06626753524247644 0.054819288233764495
0 0.5334128677083334 0.9487895870370372 0.03507296791666672 0.07193838666666655
0 0.5951073595146872 0.01835416535812239 0.0454514332340004 0.03670833071624478
0 0.37095866423032786 0.8149113332388599 0.08326756877581781 0.04983271291947073
