0 0.45463 0.271311 0.026543200000000024 0.04754099999999996
0 0.489506 0.781967 0.04320989999999994 0.05081969999999993
0 0.5279775218591141 0.4370780664898747 0.02465497806826434 0.03905505313404045
0 0.5952071809368191 0.2979266264223723 0.0267243454611474 0.07627789469623905
0 0.456173 0.758197 0.04197530000000002 0.03934430000000009
0 0.280556 0.246721 0.020370399999999997 0.0393443
0 0.5090593704248366 0.42483132675988433 0.03416884084967315 0.06933445351976854
0 0.38164491381626725 0.7359690167550628 0.029012278395061757 0.07965309474445514
0 0.546169238362382 0.3053762225650916 0.054575223275235986 0.046625154869816776
0 0.651543 0.806557 0.040123500000000034 0.06721310000000004
0 0.55463 0.655738 0.05617279999999996 0.032786899999999966
0 0.624383 0.922951 0.031481499999999954 0.03442620000000007
0 0.6663580000000001 0.8799179999999999 0.05246909999999995 0.04180330000000013
0 0.770679 0.262295 0.020370399999999924 0.031147500000000012
0 0.529321 0.812295 0.05617279999999996 0.03770490000000005
0 0.505556 0.9295079999999999 0.025925900000000064 0.06721309999999985
0 0.540741 0.0192623 0.022222200000000056 0.0385246
0 0.36964378358750904 0.43032799999999993 0.03333329999999994 0.040983600000000016
0 0.566975 0.227869 0.05617279999999996 0.04590160000000001
0 0.5888526833151779 0.4641993945998072 0.03464073336964412 0.06340361080038583
0 0.564506 0.575 0.04135800000000006 0.06639339999999992
0 0.480864 0.9204920000000001 0.04814809999999998 0.05081970000000011
0 0.565123 0.715984 0.031481499999999954 0.06639339999999992
0 0.665123 0.8405739999999999 0.05370369999999987 0.05
0 0.54784 0.154098 0.05 0.040983600000000016
0 0.6435002708242555 0.672468831726133 0.04880155835148869 0.05178433654773378
0 0.475617 0.714754 0.05246909999999995 0.055737700000000015
0 0.254012 0.24508200000000002 0.029012299999999974 0.06557380000000002
0 0.744444 0.132377 0.023456799999999976 0.040163899999999995
0 0.504321 0.32418 0.04197530000000002 0.06311479999999997
0 0.428086 0.138525 0.027777799999999943 0.05409839999999999
0 0.38117300000000004 0.135246 0.05617279999999996 0.03442619999999998
0 0.572222 0.9409840000000002 0.04814809999999998 0.05737700000000012
