0 0.6195342558153814 0.1940167364403624 0.09900978251617983 0.06069095860075648
0 0.38459717563971446 0.7475693641241894 0.09289420799817875 0.08752674119606607
0 0.8498690335556459 0.9608638945931417 0.045456849142541715 0.07827221081371658
0 0.2917864616628763 0.47359876743562895 0.0765635231789671 0.05570254595510488
0 0.7130039677083334 0.2805701481481481 0.062475633124999895 0.11486038148148138
0 0.791193081904139 0.21339993019263453 0.06026434011036107 0.10257051461473105
0 0.49061224506435497 0.23034014506284833 0.05791538617337366 0.10481961512569656
0 0.8493984775114397 0.099302558481088 0.1020618596125369 0.06024769011032415
0 0.28348447656250014 0.9695922006944445 0.10933216333333344 0.060815598611111035
0 0.9468277776434729 0.5437968649640438 0.04897725393180406 0.12077547252068026
0 0.8049147041666667 0.9579841379629628 0.05406543677083313 0.08403172407407422
0 0.7977054083333336 0.5958260370370371 0.10452642026041671 0.07087130555555526
0 0.8499689104166668 0.7662832962962962 0.10572790468749993 0.07209326574074094
0 0.7160071921875002 0.6074344351851851 0.08290028447916657 0.07453703703703704
0 0.5568148848958334 0.7131294444444444 0.05766969541666664 0.09775353518518504
0 0.6667469145833333 0.940406287037037 0.09010899640624999 0.08797815185185182
0 0.7436395822916666 0.9147461666666667 0.06367711755208336 0.07331507685185157
0 0.8037138036458332 0.6581434722222222 0.10452642026041671 0.05132053888888924
0 0.9244597770833333 0.3636610555555557 0.08650454312499996 0.09286584351851843
0 0.6379116776041668 0.26224149074074066 0.09491473947916648 0.07087130555555547
0 0.5592166859375 0.9799790858796297 0.07208711927083324 0.0400418282407406
0 0.7280220364583335 0.9757018898148149 0.0949147394791666 0.048596220370370494
0 0.7051932484375001 0.5573351111111111 0.09972067718750009 0.07942472870370354
0 0.40182670260416686 0.9787569393518519 0.05766969541666664 0.042486121296296156
0 0.6126810885416667 0.5200665925925926 0.09251196526041668 0.05620823055555564
0 0.6240964557291666 0.7369574444444442 0.0768930569791665 0.09897534629629628
0 0.5201970876973051 0.9165446800950098 0.058923994509193514 0.10637760092109176
0 0.7205789702544668 0.1626516535188714 0.044920128918149636 0.07208549870440935
0 0.5197829719599021 0.8105646301154579 0.07799399954088908 0.0869034879814293
0 0.4934475786087686 0.7239401353182443 0.08348273028246306 0.09982429934019171
0 0.6120816114583332 0.3037869444444445 0.05766969541666652 0.06109592222222225
0 0.8878138208333333 0.49990581481481494 0.08049731562500012 0.10386303796296312
0 0.5753982856483563 0.454651451488399 0.10198535075203416 0.05779573999111489
