0 0.4721946698781059 0.23043697122328285 0.036434971886232174 0.05622567517119736
0 0.5503244138615409 0.337798416844781 0.027824948992030033 0.0841878276717161
0 0.6165342686948854 0.584280068911007 0.024955662610229416 0.07078496217798594
0 0.583025 0.8688520000000001 0.03765430000000005 0.032786900000000146
0 0.577469 0.542623 0.054938299999999926 0.02295080000000005
0 0.575617 0.332787 0.021604899999999955 0.07868849999999997
0 0.449383 0.544262 0.04691359999999995 0.03114749999999992
0 0.442593 0.991393 0.03703699999999995 0.01721309999999985
0 0.497531 0.24549199999999996 0.029629599999999933 0.041803300000000036
0 0.562037 0.395082 0.026543200000000024 0.07704919999999996
0 0.608642 0.0295082 0.03703699999999995 0.0557377
0 0.591667 0.809836 0.04753090000000005 0.0540983999999999
0 0.4531062006602594 0.4038079960002075 0.025964501320518814 0.03384489200041494
0 0.678086 0.925 0.027777799999999943 0.04344260000000006
0 0.57963 0.032376999999999996 0.03703699999999995 0.0614754
0 0.48487699999999995 0.428689 0.033950600000000046 0.07377049999999997
0 0.6574069999999999 0.57418 0.05432099999999997 0.040163900000000086
0 0.287654 0.0118852 0.04814809999999998 0.0237705
0 0.524383 0.8340160000000001 0.026543200000000024 0.07950820000000008
0 0.582716 0.09344259999999999 0.034567900000000006 0.06229509999999999
0 0.47963 0.931967 0.024691400000000033 0.03114749999999992
0 0.565741 0.844672 0.04876539999999994 0.06147540000000003
0 0.683951 0.660656 0.03703700000000009 0.0606557000000001
0 0.618483420046101 0.17214672732932146 0.025730456360368782 0.05724213363768414
0 0.455864 0.0303279 0.03888889999999997 0.02950819999999999
0 0.519753 0.710246 0.029629599999999933 0.07459019999999991
0 0.280864 0.734426 0.025925899999999995 0.06065569999999991
0 0.643827 0.7 0.03209879999999998 0.07377049999999997
0 0.550617 0.768443 0.05308640000000005 0.04344260000000006
0 0.4662444982692608 0.06887837587673792 0.055946696538521606 0.034478151753475815
0 0.648148 0.921721 0.029629600000000075 0.07295080000000005
0 0.447531 0.938525 0.06049379999999993 0.04262289999999994
0 0.7391980000000001 0.517623 0.040123500000000034 0.05163929999999992
0 0.714506 0.132377 0.036419799999999884 0.040163899999999995
0 0.554012 0.95 0.04876539999999994 0.05081970000000011
0 0.210185 0.368852 0.05123459999999999 0.055737700000000015
0 0.510494 0.9700819999999999 0.03703699999999995 0.0598361000000001
