0 0.48148100000000005 0.831967 0.029629599999999933 0.07377050000000007
0 0.5707396034557349 0.935806503019476 0.05358219308853006 0.033305593961048
0 0.6123460000000001 0.716803 0.04691360000000002 0.03032789999999992
0 0.5699273674580564 0.47227459932394567 0.025578065083887276 0.08004030135210871
0 0.500617 0.0106557 0.03333329999999994 0.0196721
0 0.450617 0.142623 0.04691359999999995 0.050819699999999975
0 0.383642 0.580328 0.05370370000000001 0.03770490000000005
0 0.664815 0.47377 0.022222200000000056 0.0754097999999999
0 0.4117283077160494 0.8164776193463641 0.038630542951355935 0.0652372791719212
0 0.48148100000000005 0.991393 0.05308640000000005 0.01721309999999985
0 0.561728 0.986885 0.023456799999999976 0.026229499999999833
0 0.554321 0.185246 0.05308640000000005 0.0377049
0 0.451543 0.020491799999999998 0.04753090000000005 0.0393443
0 0.54537 0.852869 0.04506170000000007 0.03524589999999991
0 0.56142 0.229508 0.04382720000000004 0.03442619999999998
0 0.43209900000000007 0.534426 0.06296300000000005 0.04262289999999994
0 0.602778 0.686885 0.05740740000000002 0.03770490000000005
0 0.623765 0.762295 0.026543199999999954 0.07049180000000001
0 0.428704 0.498771 0.04629629999999999 0.03852459999999998
0 0.606173 0.0139344 0.024691400000000033 0.026229500000000003
0 0.577469 0.872131 0.03765430000000005 0.07377050000000007
0 0.504938 0.8200820000000001 0.028395100000000045 0.06803280000000006
0 0.544136 0.48319699999999993 0.025308599999999966 0.07950819999999999
0 0.591049 0.753279 0.04259259999999998 0.0393442999999999
0 0.4003981920649995 0.862729306581897 0.06216601587000101 0.038475286836205484
0 0.564506 0.132787 0.05123460000000006 0.040983600000000016
0 0.41600174347103513 0.2740156100812666 0.02478601305792969 0.07164057983746673
0 0.529321 0.9479509999999999 0.027777799999999943 0.07295080000000005
0 0.486111 0.918033 0.05246909999999995 0.0540983999999999
0 0.389815 0.80123 0.030246900000000035 0.048360700000000076
0 0.501543 0.610656 0.03765430000000005 0.04918030000000007
0 0.473148 0.302869 0.025308599999999966 0.03852459999999998
0 0.441358 0.0627049 0.04938270000000004 0.043442600000000005
0 0.427778 0.59877 0.023456799999999976 0.05163929999999992
0 0.452161 0.820902 0.029012299999999974 0.07786880000000004
0 0.506173 0.0987705 0.05679010000000006 0.036885199999999986
0 0.607407 0.23524600000000004 0.03703699999999995 0.04262290000000003
0 0.471605 0.8811479999999999 0.05185190000000002 0.032786900000000146
0 0.46327199999999996 0.52459 0.040123500000000034 0.04590159999999991
0 0.60463 0.462295 0.04259259999999998 0.05245900000000004
0 0.678395 0.569672 0.06790120000000009 0.04262289999999994
0 0.616049 0.540164 0.044444400000000044 0.05901639999999998
0 0.405864 0.180738 0.04876539999999994 0.06311479999999997
0 0.35709899999999994 0.331967 0.05123460000000006 0.04262290000000003
0 0.403395 0.9295079999999999 0.03765430000000005 0.06721309999999985
0 0.520679 0.887705 0.05246909999999995 0.05081970000000011
0 0.40679 0.135246 0.03827160000000001 0.06393440000000002
0 0.324074 0.831967 0.05432099999999997 0.032786900000000056
0 0.477469 0.688934 0.035185199999999965 0.07131149999999994
0 0.33827199999999996 0.601229 0.04074069999999996 0.0598361000000001
0 0.319136 0.219262 0.05802469999999998 0.033606599999999986
0 0.566049 0.079918 0.039506200000000075 0.0614754
0 0.399691 0.352459 0.04629629999999999 0.06885249999999998
0 0.454938 0.94959 0.04197530000000002 0.06475409999999981
0 0.752469 0.0668033 0.03827160000000001 0.0647541
0 0.324074 0.033196699999999996 0.04197530000000002 0.0631148
