0 0.004379730029421464 0.5491725479754509 0.008759450058842927 0.031132995950901816
0 0.47424471209348135 0.7485282640620018 0.03243962418696257 0.037038005268865165
0 0.5353797377143681 0.29645340307456786 0.02594033722438393 0.08005358168016838
0 0.5117211894124994 0.5090259615997959 0.027621655377816207 0.07973464310773747
0 0.4669260700389105 0.7141034636728966 0.03843012922130951 0.03635899725712827
0 0.49952562747514057 0.7090132647126364 0.03039583156554745 0.03760911514958213
0 0.5173656146418794 0.3691713975888244 0.05284142767930056 0.04688397014734963
0 0.5195802588629486 0.41759753491420554 0.06207448227410295 0.03529713017158887
0 0.6268287670867293 0.5582784936176848 0.06184315169759744 0.03599310383931163
0 0.4172070903588414 0.4186068763156216 0.06052745352356243 0.04433246156790199
0 0.5505116010952588 0.45879313644192127 0.05332180429456694 0.051986987306244854
0 0.4580391026564827 0.4691586400459272 0.05908632367776335 0.04273776870574728
0 0.5616803574002018 0.6018370861772022 0.03722918768314362 0.04401352299547113
0 0.4947628408656387 0.6121405180710594 0.056153918268722694 0.04293256385788092
0 0.623653844535716 0.5015821865487657 0.04730728907143202 0.05890107309753146
0 0.4671625413243984 0.013577203962811762 0.045643212494595714 0.02897878082222364
0 0.6246492509967815 0.7533124176484659 0.05348287860882938 0.050433275310965135
0 0.48060706270836334 0.8258084920679977 0.029802831877792306 0.07830583272947633
0 0.4652566693255512 0.8024652291812848 0.029279138651102522 0.0809788355074314
0 0.42369217466493736 0.7798048095936724 0.04035163568237498 0.03699687440199018
0 0.528614952548398 0.6677953739602603 0.03130350509679591 0.07092835649996819
0 0.6067457639285198 0.7284526711121387 0.055303508449824124 0.044645343500031895
0 0.485176891866023 0.6638354302720546 0.04322691626795401 0.07232863945589077
0 0.7292117019743479 0.8053198953881482 0.03170485660758027 0.04720290871978054
0 0.6755296152183312 0.4460355935446833 0.04635634337320465 0.06410665305862089
0 0.4129487180225297 0.12305911165561013 0.057995536045059436 0.04284012331122027
0 0.40976125282221265 0.4927600944058175 0.02594033722438393 0.07271799451425653
0 0.4998318681846568 0.2903935701983798 0.04659653168083777 0.05964151304458762
0 0.5344128553934284 0.743385331220897 0.038922764017389665 0.06964957102124122
0 0.4340202718931643 0.20332333992473048 0.05332180429456694 0.05645212732027809
0 0.7013533472246242 0.3392485233463035 0.052848405550751654 0.055928953307392996
0 0.5218221630110006 0.0326449465155961 0.028556279252534098 0.06675067595522101
0 0.47037 0.562295 0.05802469999999998 0.040983600000000016
0 0.6020476772361532 0.41629451059992345 0.04158394552769377 0.06905007880015311
0 0.5606077307466196 0.9632367291178767 0.03251763668430336 0.06269516003122556
