0 0.6774689999999999 0.568033 0.029012299999999974 0.032786899999999966
0 0.37037037037037035 0.27841377415514235 0.03586454238223326 0.04945507830387398
0 0.6258076933652287 0.3884771258534448 0.05911628034864863 0.03833655847237942
0 0.3373064972916495 0.11555734053817227 0.025708707965575103 0.028113476213078255
0 0.5536995793120515 0.4682536784840629 0.03258269405262723 0.05403629194202059
0 0.3846713205351948 0.5450175950562183 0.02763234438627112 0.07252596343661485
0 0.5425244185253925 0.6216446498338749 0.034703762949215004 0.06982550033225021
0 0.6797477300915615 0.6353789450974844 0.03556573981687706 0.04727400980503124
0 0.52396867986472 0.38496837986326626 0.05932431917292195 0.0471796008561831
0 0.6019549616431576 0.4217021431961736 0.03340757238307353 0.05038519113512723
0 0.481563907586131 0.24436985132626235 0.05229740960708289 0.035193263136660685
0 0.4679691204592463 0.5696656988498842 0.03781911154741132 0.06528623168826704
0 0.5169532348542988 0.6933394281753065 0.04995516970859745 0.04405515635061276
0 0.6353020478973467 0.6703381237674739 0.030419149672996474 0.07528889793839427
0 0.58712078886483 0.4639061720015335 0.03563452227034012 0.07710585599693304
0 0.5483378701641508 0.29802110336266385 0.025708707965575034 0.07722078206579285
0 0.527778 0.793033 0.04320989999999994 0.040163900000000086
0 0.46265400000000007 0.204918 0.04382720000000004 0.0639344
0 0.5373092197255904 0.04180143387582605 0.0329181988946631 0.07923622823578809
0 0.534877 0.8295080000000001 0.05617279999999996 0.031147500000000012
0 0.56669141301658 0.576600094928621 0.052792213148560564 0.04253532440030674
0 0.4445710674551129 0.17757510605717622 0.044191765089774265 0.0645225878856475
0 0.4795488585613391 0.6714923964923941 0.04707458287732178 0.04553980701521206
0 0.5521329278210839 0.6436655249361057 0.04264744435783224 0.06676805012778853
0 0.5570153448300751 0.02491511477509219 0.033924986877560515 0.050940152720070096
0 0.48550963732849406 0.3495929022600313 0.05127993620940905 0.04089232903720469
0 0.4495187786899557 0.29491569376574533 0.03868945872446317 0.07247040319471326
0 0.6180911899172373 0.6422031869317975 0.030485220165525666 0.07297112613640509
0 0.4402591946221963 0.5718393270963866 0.04217568353694008 0.07166766801132947
0 0.5962679197434627 0.5275768365256124 0.053305398930407824 0.06317850410018624
0 0.5088075155338337 0.5295154800704662 0.04040916893233257 0.06228043985906758
0 0.5090123513686107 0.18108819174303553 0.042468597262778775 0.05913501651392897
0 0.7457421988918052 0.9784045436943334 0.056663750364537795 0.04155156834903839
0 0.5214605845637769 0.500200810544379 0.057191564244273935 0.06352915403994308
0 0.7412219197668343 0.735514257548651 0.02955814017432428 0.04709920040892331
0 0.36681789436058176 0.025010040527218953 0.03240122081992901 0.05002008105443791
0 0.2553665048009178 0.8848058260535576 0.02801690960183565 0.040104252107115095
0 0.6960598311749017 0.7725729307386177 0.028320822678654867 0.07813355726751621
0 0.3414421899101545 0.8042505982576602 0.03103197982030889 0.0625999965153205
0 0.42113084579634896 0.7207700147147404 0.031389737614286775 0.06783820126022513
0 0.48837348675536374 0.9399172369886997 0.030085101282512274 0.07814738182396934
0 0.6727888967004867 0.018482773994121727 0.04461715284445546 0.038612238714447404
0 0.31098506883847193 0.7017637970989614 0.03635834787667245 0.07274053729293616
0 0.6119909813302538 0.12094271422833984 0.0369820451483406 0.06188615867684107
0 0.6084852484258572 0.2947351126364599 0.052242294261596434 0.06444192924166639
0 0.5237953482650126 0.9369487884450102 0.052972649988013765 0.04397605035810911
0 0.8621544752966791 0.7797496292159105 0.03371654940664187 0.07328754156817896
0 0.3605940146079762 0.9435885331731183 0.05865813457436494 0.03669212943095008
