0 0.514506 0.261475 0.033950600000000046 0.03442619999999998
0 0.45134624756335284 0.007751833477135462 0.03602582846003896 0.015503666954270924
0 0.650073959950335 0.4385414340334345 0.042476756057339325 0.06596610776899216
0 0.599702266368933 0.4451961419174533 0.029773363106696454 0.06083637231178208
0 0.45376057331059133 0.11909801033218292 0.035461309519168274 0.0400610975409836
0 0.397256820402859 0.00938039544866264 0.04450520259909025 0.019256896764452115
0 0.1795045045045045 0.9866304829419583 0.032349015682349026 0.025099689853788253
0 0.40015852268935603 0.7342823695281347 0.04155828661995344 0.04455056094373077
0 0.4904063425669259 0.5097081351180941 0.05406834974718301 0.04598709024913934
0 0.4200536938921378 0.03415389685073339 0.05739098778427555 0.03388159370146678
0 0.5652818995412079 0.6872064331081081 0.03526870008341669 0.06067796231723532
0 0.661327994661328 0.837173238812583 0.027694361027694313 0.07532122286220655
0 0.44389384821488154 0.6356447844151528 0.029262504571237934 0.07456825735489594
0 0.43910582922922925 0.7355782511519716 0.038705258458458465 0.07115630230394328
0 0.4234235342258925 0.7823661008085955 0.058391503453453515 0.052901825852901964
0 0.46233131369395714 0.22481386747195858 0.05182372738791416 0.036513334943917196
0 0.6023109023106439 0.6758752943176782 0.037954104621288044 0.05542708083739471
0 0.571137690273607 0.98859100006646 0.04784761945278616 0.02281779986708033
0 0.5832499165832499 0.7549844926894107 0.05638972305638972 0.04164820558263183
0 0.6311423814165043 0.16993367126833478 0.051474171539960964 0.04057916307161345
0 0.739815 0.408607 0.05246909999999995 0.05655739999999999
0 0.6396396396396397 0.8502436863092601 0.03036369703036375 0.08373947718210016
0 0.47258932999666325 0.6588171596366857 0.04147465999332667 0.06694698334071772
0 0.5000834167500834 0.8729508196721312 0.040206873540206925 0.0431989366415596
0 0.5299466132799466 0.6835400974745237 0.02652652652652656 0.07731501993797071
0 0.49368239429942756 0.47083681427950647 0.05598625475218806 0.03716144863671996
0 0.4925926959876543 0.9743023460234825 0.034568108024691326 0.05139600795303515
0 0.32916249582916246 0.9773260965883918 0.03303303303303305 0.043708462560921625
0 0.5856023643059726 0.8185646574988924 0.05268582861194527 0.04917994508196706
0 0.7744924411591078 0.3720050441361917 0.0313133646466979 0.07975188303057155
0 0.48661874593892135 0.09720125107851596 0.05441845354126054 0.0439495254529767
0 0.6721270236029888 0.20469407023295963 0.058848616861598375 0.047632998446937386
0 0.5159740509096816 0.04622252325280414 0.025962879337231962 0.08011750742018982
0 0.37191399999999997 0.313934 0.03888889999999997 0.07213110000000003
0 0.617701034367701 0.9379707576428886 0.05121788455121785 0.043420469649977984
0 0.755864 0.891393 0.0561728000000001 0.03852459999999998
0 0.29678014616282944 0.8410277033229951 0.059426027327327276 0.0379268707133362
0 0.5220554664998331 0.8092269018498006 0.04477826700033368 0.05531689630039884
0 0.6156975997049883 0.04151218818219233 0.050001139457626666 0.03252112957117214
0 0.44685711352378016 0.5316792202038103 0.053130053130053125 0.04805562182611369
0 0.5769936603269936 0.8866858661940629 0.03353353353353357 0.07421355782011509
0 0.5075075075075075 0.925897208684094 0.046046046046046035 0.05073105892778022
0 0.07067900000000002 0.872131 0.02530860000000001 0.06557379999999993
0 0.6869403202811055 0.13962222447931064 0.05606062756675943 0.043319082263194204
0 0.40747847628330086 0.1362974547023296 0.04436728395061729 0.05743097497842969
0 0.42082927225471084 0.22311798964624677 0.04284437946718647 0.06174503882657462
0 0.727161 0.82582 0.04197529999999988 0.06311480000000007
0 0.214198 0.027049199999999995 0.04567900000000003 0.0393443
0 0.11563225081748414 0.23212226695835178 0.0396731026359693 0.05945949798404963
