0 0.3974313966415073 0.5590086240385362 0.033643438066818826 0.038847020433532733
0 0.557099 0.9885249999999999 0.022839500000000016 0.02295080000000005
0 0.39442264025573187 0.008284548325526933 0.05683373183421511 0.019145189063231847
0 0.6125570014458903 0.49992615566386056 0.03281058836614395 0.07310589277802382
0 0.4389331426366843 0.014461347248243559 0.02160461419753084 0.030796275058548005
0 0.5118396973334445 0.7029650013255058 0.02712728700367035 0.042025114155959255
0 0.38616815868000703 0.5887265946701888 0.033350886431455146 0.06953616657602357
0 0.5381770369424981 0.6943215680918624 0.026971473884996117 0.07716693618372454
0 0.48795028550207464 0.7679013064189502 0.04941853341100056 0.05005456971280816
0 0.637412404079079 0.5006131592194653 0.041491508158158066 0.058439905161719055
0 0.5018907796685574 0.8868704770344114 0.023356690023356674 0.04799881849062163
0 0.49897119341563784 0.48109584994830895 0.030864197530864196 0.0790134396691774
0 0.5191844576348279 0.014510942034669388 0.027258115269655634 0.029021884069338776
0 0.6085710910272314 0.040591418934818414 0.029239766081871333 0.042748450858890896
0 0.5773604940273607 0.5795377238000295 0.04527821194527871 0.057317952399941
0 0.4341466268796443 0.5391966436174346 0.04563805511672812 0.0660399347370057
0 0.44766811284886787 0.5893149048986093 0.027956735509917507 0.07535200979721857
0 0.3049233972928752 0.49525972743432745 0.024542614904060654 0.0696227533083152
0 0.5067679873234345 0.6425637151048589 0.05313112535313091 0.046019469790282104
0 0.327778 0.9848359999999999 0.033333299999999975 0.03032790000000011
0 0.5982426161439217 0.6270047823327426 0.047536567289511646 0.0463891947496677
0 0.6218924238247909 0.42701450559611637 0.0475064436417093 0.04908721979285056
0 0.5193188343936441 0.0693034542905326 0.028761468787288014 0.07631190858106518
0 0.5839172505839172 0.8124723083739477 0.03725948170392614 0.04246049328016535
0 0.513272 0.9729509999999999 0.04382720000000004 0.0540983999999999
0 0.5080598489261389 0.7523799153418491 0.049390256546565314 0.05852476538778284
0 0.5340062284506728 0.5948161276030128 0.052552552552552534 0.04504504504504502
0 0.6563507952396841 0.6378304534042238 0.029751974196418545 0.04836804017131894
0 0.37958574688432517 0.7462512625281642 0.031888128254636945 0.07691710045839488
0 0.2883259004901961 0.04186957979749277 0.06060310098039211 0.03619815959498553
0 0.5947614280947614 0.6959828681140156 0.055611166722277866 0.03692216806970908
0 0.65463 0.0668033 0.026543200000000024 0.07131149999999999
0 0.391660620572231 0.6603411313476032 0.036408441144462 0.0583869626952063
0 0.5739072405739072 0.41888199675084914 0.05060616171727285 0.05058337025550144
0 0.5392254398426204 0.932211042046965 0.04130262031475928 0.07000471590607003
0 0.44095930060842337 0.13648129265040396 0.04193986650127001 0.061965644364263855
0 0.5868312757201647 0.28128415300546444 0.033744855967078165 0.07404371584699453
0 0.346605 0.8516390000000001 0.04629629999999999 0.04426230000000008
0 0.087037 0.639344 0.0246914 0.03770490000000005
0 0.4720969452452452 0.8836362283082262 0.03678709049049042 0.07218995661645243
0 0.251235 0.755328 0.04938269999999997 0.06147540000000003
0 0.5594483372261149 0.875239994092453 0.03837170503837172 0.06830601092896169
0 0.22627547225940797 0.29046513924550654 0.033839059943477634 0.07036342089670154
