0 0.6362968753837225 0.6132755523372815 0.02320205212161177 0.010084554484359283
0 0.6385066766486801 0.6614229429001345 0.022688039711463284 0.010777344287304211
0 0.6045932576336334 0.589765246402279 0.01107222325416508 0.006361915160449409
0 0.6859632716564301 0.5659085492089945 0.023397831988366966 0.005937667074076629
0 0.6613724827159295 0.5544394437377524 0.015629809698784077 0.013796327115492267
0 0.5825336260314413 0.6773329693743826 0.015951571840176253 0.011355962827084698
0 0.6030824829931973 0.580115438707359 0.013525132275132279 0.01321217922505982
0 0.5991644883261947 0.5983775386292951 0.019536302175190912 0.011228826685501127
0 0.5821721617821712 0.6247454403391137 0.01689560642316484 0.010853530310211463
0 0.6165271085285966 0.5978130459834207 0.0204487118921642 0.0054008215307981625
0 0.6888469395469703 0.5778678074118826 0.021601304239392504 0.008094337231172706
0 0.6158884524963913 0.5849884148042283 0.011313818951116043 0.012949829373025173
0 0.6143588333830808 0.6058715235852602 0.013643288249322911 0.007286604763112863
0 0.6353995262020963 0.6891259775220097 0.009835721258359105 0.0032294899559805875
0 0.6312143003104791 0.5900780042713096 0.02241828566442005 0.010069394662094442
0 0.6687473661845166 0.6565474776273066 0.022627859234775016 0.006363765198217611
0 0.5777496955572353 0.6126576769141172 0.010412205005458948 0.015317584228591209
0 0.4734206508227414 0.6351775283649875 0.013596165302016298 0.007177568274621261
0 0.6646250035313728 0.6722516078745212 0.010411222467064007 0.011222123575351538
0 0.6443742731257828 0.6705580252008019 0.023951829721916104 0.00701382723459479
0 0.620734889456773 0.6248248214629335 0.013084952760862833 0.01344094850196082
0 0.6585318946251341 0.5100923247258831 0.014906375358785577 0.003517982785099447
0 0.6427414947640553 0.5531641795383392 0.01858963239101712 0.011245780475924663
0 0.5918652105904091 0.6136798662998897 0.019536302175190912 0.009672657769847446
0 0.5111472946250222 0.5430501721425477 0.013350607697018664 0.009295254236429455
0 0.7200512225612339 0.6440936575619772 0.015707104415628472 0.013753944138083427
0 0.5994708611968451 0.553840255490984 0.0167498744611013 0.013290157188153642
0 0.7190779190824877 0.524752663412068 0.013681799911697585 0.007657309695704839
0 0.621921060090703 0.5684746849559495 0.022971256403796166 0.008543672478098672
0 0.7103922560527728 0.6295527962219637 0.015406202032187366 0.008211309933184065
0 0.6657082521117609 0.640073537073856 0.023530566385098577 0.00961407538010298
0 0.6690443384143782 0.6140765368078014 0.022971256403796048 0.006072110082648776
0 0.7215681991847306 0.5710076283870602 0.009747400319408683 0.00721493271769673
0 0.6761102444367284 0.5426366363878695 0.016568091373456894 0.012729312872409188
0 0.6790461175589831 0.572860974104082 0.026476093736200093 0.006154496726682518
