0 0.5284348683342216 0.3397248059647364 0.023326201126506258 0.04100954431143615
0 0.6612487787547741 0.3466407202107167 0.030198063771205184 0.034791838660219336
0 0.48268354717348927 0.2029767802847282 0.04860301611435988 0.06471080526315791
0 0.5679455228835979 0.16016781467603433 0.055643345767195686 0.046565229352068686
0 0.5095125122271765 0.9795694498444223 0.0300316927278327 0.04313306774830235
0 0.5974241212236747 0.011107737777242043 0.04312379822076967 0.023891081822565087
0 0.5049457951370069 0.17662959211315474 0.025940990274013816 0.07456968422630951
0 0.42585563773277674 0.18908178943861306 0.05689517270924005 0.03776597256358845
0 0.5417633800921721 0.23975968195827935 0.026575167356275395 0.04444543708402198
0 0.5006781891005714 0.4189889349726777 0.05557585379104135 0.04223599175217191
0 0.4667702865477988 0.27884307163973737 0.029836873095597564 0.06424254327947473
0 0.5271352716752524 0.4500912457306286 0.059209043350504746 0.041359357027165214
0 0.5713697655055849 0.18811461352459016 0.0426808099647266 0.04000808754878998
0 0.6682144550561046 0.832272382257032 0.03766391011220908 0.03667496451406429
0 0.5316742727933103 0.9781010358691015 0.032307703576497676 0.042869796260801694
0 0.5493383071320721 0.38153084090104966 0.0370074310921633 0.0644730117545308
0 0.27037 0.784426 0.04320990000000001 0.057376999999999935
0 0.42321698196997964 0.26103707198175885 0.027533528732569482 0.07626685536816447
0 0.5815323638895584 0.874524376800256 0.053828231702418225 0.049962661356281746
0 0.5144410634827811 0.10819678647540984 0.03382092696556201 0.07049167295081968
0 0.34767776393683325 0.42983826690275345 0.04442632517679492 0.058356253079739
0 0.40987867661870503 0.16177800619373353 0.029278625108801852 0.033820587612532906
0 0.4861456355281207 0.08225266801834821 0.029080471056241453 0.07762003603669645
0 0.6950620000000001 0.111066 0.028395100000000045 0.036885200000000014
0 0.48313590377475807 0.3871681768368911 0.0410860302454333 0.06120194316939884
0 0.6058842384781633 0.38781805576976 0.06157751861189107 0.03930714192832366
0 0.42292092252124225 0.3321932617840154 0.03967196613079907 0.062114243031804066
0 0.533625730994152 0.8735149664830424 0.028115159694107064 0.07317315988584316
0 0.46872978750812216 0.1414367865401208 0.044996565334632886 0.06527137946505605
0 0.6284057343081332 0.8461796687644465 0.033727081502905494 0.059712068182141344
0 0.589198 0.746721 0.03765430000000005 0.04590159999999991
0 0.5583358419103667 0.9494167153719639 0.040769198855145836 0.061267561397176554
0 0.4408837141161145 0.12238661114714786 0.05428126901145749 0.048995418307976574
0 0.6212265106391098 0.801599251277515 0.05448269375619291 0.054889409706269356
0 0.46109754443087775 0.517924698252567 0.04205670872337533 0.06440281030444964
0 0.5436074305162435 0.027628929158336663 0.05634966103248687 0.04870055831667333
0 0.5111882187347687 0.9381358855481667 0.05400387112155537 0.050234290210163055
0 0.271296 0.517213 0.04135799999999999 0.06557379999999993
0 0.39186507936507936 0.9140807962529275 0.03294630609445426 0.06651704397606024
0 0.49265850896285673 0.6117287915220915 0.0502335828422785 0.06060404314146294
0 0.5948218633070751 0.5233593705111572 0.05558231477496065 0.03684064098028005
0 0.46128490950497414 0.6915486232691389 0.03775620280474648 0.056660830813305786
0 0.7063587663896802 0.19749370753467843 0.05271436722063956 0.062389684930643154
0 0.320062 0.822541 0.04135800000000003 0.0647540999999999
0 0.654012 0.0946721 0.04259259999999998 0.07131150000000001
0 0.1769695354827249 0.11449856508236034 0.035971223021582746 0.04697881039430752
0 0.6088501914785356 0.9690791579246826 0.04526258000589166 0.060202339888339756
