0 0.6426522419238272 0.7734365756504135 0.049033730335521275 0.035284683239775426
0 0.3090828924162257 0.35731013716962196 0.03313177122700933 0.04449648711943793
0 0.3808411727298643 0.10970212270331656 0.04462425717606296 0.04382261305069448
0 0.4244590110961239 0.02417173450023632 0.029847409906517512 0.04968931788477325
0 0.4044440927156976 0.49431367054317876 0.05970595476768312 0.035846060436224396
0 0.571074468846861 0.8737484182427357 0.03826770371582724 0.06651405670226171
0 0.42093915488990885 0.5588328813740601 0.029705524766979668 0.044353759927140274
0 0.5359259259259259 0.4455327868852459 0.02938271604938273 0.03909836065573765
0 0.4749192468326826 0.43410851074797996 0.02779155803876047 0.07382211726449019
0 0.4806373324891843 0.25033861099434873 0.04044880588090461 0.041333893792910165
0 0.4748323996424118 0.3638713531518423 0.03657697261674999 0.07317262550409569
0 0.6422799130188914 0.21337352232918913 0.027786273962217337 0.07489315534162173
0 0.3655039713684006 0.6138689003444492 0.032826380357708115 0.07202344825323444
0 0.3593931343929161 0.6939994386717108 0.043467074948119945 0.03939302054084349
0 0.5958903761372484 0.5496530074398168 0.027660911611611626 0.07511430708167185
0 0.3993000597938869 0.5292256316846481 0.06120080194154271 0.03748073420204568
0 0.43121730396594854 0.9552618499821421 0.034846115056887055 0.035260078027786745
0 0.7388748950461796 0.26954205723252256 0.05877413937867341 0.04191270595036544
0 0.4944724319117685 0.7224999975409836 0.05512921025053709 0.03532787377049181
0 0.4347102279202279 0.4366273235124468 0.04366737082761776 0.061078172553827394
0 0.17814469623525897 0.4608703853383069 0.02586682898562388 0.04582447053000595
0 0.5033631405741771 0.18573577089365403 0.04505928517859913 0.05453792019970919
0 0.4284004411092283 0.9144076574163365 0.045052314478603514 0.05089467480981463
0 0.5662026679923771 0.19419078006381338 0.05244842157593839 0.04797007371548024
0 0.5471140656325841 0.06176731586567651 0.03587633217262852 0.06024940451169959
0 0.5987768211015443 0.3154679087774484 0.05136440253291418 0.04325207186498096
0 0.4532098765432099 0.03344262295081967 0.04222222222222221 0.06688524590163934
0 0.29824781364700154 0.7962157079130688 0.03586701524675654 0.037527287715346344
0 0.5180864197530864 0.48102459016393445 0.056913580246913606 0.036967213114754024
0 0.48820215610337303 0.3041554008768857 0.04677461220674616 0.0492951017537714
0 0.46296296296296297 0.5288712540461522 0.027653272522345392 0.06613066026243435
0 0.41943512488213497 0.11130361354570073 0.039142161699888156 0.07294062836677052
0 0.6212755703413704 0.22627060497579488 0.028970940682740847 0.08261117204863021
0 0.6420865309754199 0.48264658100723673 0.035146257368479664 0.07709348692955251
0 0.6601832440406863 0.7190603842320513 0.05629319046509824 0.03694538955906104
0 0.5637053010507895 0.13081593081593573 0.055804902101579255 0.038681061631871426
0 0.6807151979565774 0.4486998304126626 0.028097062579821273 0.0782928208027134
0 0.38050178204512675 0.6696766569718836 0.05588645033062507 0.04941881253327719
0 0.5248765432098765 0.8510655737704917 0.05790123456790128 0.04180327868852459
0 0.49243827160493825 0.7661065573770491 0.05253086419753081 0.05877049180327872
0 0.5887554220887554 0.5002215330084182 0.057279501723946136 0.040762073548958756
0 0.3678824067349848 0.8933354762670096 0.053928292853492515 0.04732311868281009
0 0.511482599151542 0.058248980754033036 0.02543379830308389 0.0771536615080661
0 0.25608033456790125 0.8640161848360657 0.03067883703703705 0.03885287622950824
0 0.6400497719942164 0.6807388125830749 0.060963741519296975 0.036395657953034954
0 0.5561912026442919 0.3809505945905391 0.05410062999689242 0.0521439021645346
0 0.5577696299838816 0.2626008420161347 0.03418530917335324 0.07338241174118586
0 0.5641983776185879 0.7315692392453169 0.059260952768040116 0.03543356045784709
0 0.4035393948517642 0.1578699179010279 0.05733802497971621 0.05056479687418102
0 0.4655950732664128 0.8269495939941779 0.05747375100957654 0.03811092385475712
0 0.535185 0.970902 0.025925900000000064 0.058196699999999865
0 0.7090030281854182 0.2013609650479431 0.044374563242487744 0.06588308072997215
0 0.15913881361035837 0.3746501399440224 0.03026196928635955 0.0429828068772491
0 0.5832226983459956 0.050650345732333846 0.038401425438781576 0.05516094040680024
0 0.2769188483474198 0.21807232580066307 0.05955244050482145 0.03680160588825696
0 0.05048130371416614 0.2496248244929147 0.026888407428332282 0.0664630489858294
0 0.938889 0.731967 0.029629600000000075 0.04426229999999999
