0 0.5165211895833334 0.5689920462962963 0.02228523375000003 0.048451752222222116
0 0.5474333072916667 0.3509592351851852 0.023722970104166543 0.033916182222222244
0 0.6137499229166666 0.6083593074074075 0.021206946041666678 0.05450820277777782
0 0.552465471875 0.6159299629629629 0.030911768333333357 0.026042803888888796
0 0.46620012604166666 0.579288462962963 0.030911768333333357 0.023014541666666614
0 0.5936531465929353 0.7769306203233152 0.033959996251714725 0.027963359401378007
0 0.6311825708333334 0.8085250462962963 0.03163066562499992 0.019986353333333304
0 0.5125674291666666 0.6510574796296296 0.02228523374999997 0.049057345555555514
0 0.5274839947916666 0.3321840685185185 0.026957949687500003 0.029071066111111137
0 0.5017689865073088 0.3922371937737041 0.03160005853545099 0.0292588271770379
0 0.5269447927083334 0.40546780740740745 0.013658699166666703 0.038761372222222215
0 0.6647901166666667 0.31340890185185183 0.014018147812499986 0.05693079777777773
0 0.60045038125 0.09991877962962964 0.0319901142708332 0.028465398888888875
0 0.5580368385416666 0.5786825740740741 0.01833141510416662 0.054508202777777716
0 0.46386338958333334 0.1253559162962963 0.0341467479166667 0.024831543333333355
0 0.616938715097415 0.7416109144429442 0.029741396965663587 0.03756861462662913
0 0.63639408125 0.3627696351851852 0.026239052395833202 0.044212229444444466
0 0.5555207562500001 0.473300024074074 0.01976915145833331 0.05208560777777775
0 0.5950589427083334 0.5947319796296295 0.026957949687500003 0.027254064444444472
0 0.5548016260416666 0.7267632962962964 0.03199011427083332 0.043000894999999914
0 0.5696975848193158 0.41695131073500447 0.022243204846965032 0.03992576276630515
0 0.6097955802083334 0.31371184629629634 0.014018147812500104 0.05753639111111118
0 0.6719790895833334 0.3839668796296296 0.03846001520833321 0.03209925444444445
0 0.5104106208333333 0.22347060740740743 0.026598501041666604 0.05026868000000001
0 0.5109498229166667 0.6026055796296297 0.035584484270833334 0.026042803888889007
0 0.56127146875 0.7721864907407407 0.020488048749999994 0.05390253555555554
0 0.5410622634116727 0.5702762600401717 0.016336632447488005 0.05920800362336041
0 0.6346429966682742 0.4916735409170125 0.029440858515303484 0.023817459756745894
0 0.5201156760416666 0.16623701296296298 0.013658699166666644 0.05208560777777778
0 0.6311825708333333 0.13716602074074075 0.02228523374999997 0.03270492166666667
0 0.5578569104166667 0.7040513296296297 0.030192929270833464 0.027859731666666537
0 0.581040853125 0.620471912962963 0.029833480625000183 0.03876137222222227
0 0.5722342739583333 0.5705060296296297 0.015096435520833396 0.05026867999999996
0 0.6532881093749999 0.7252485740740741 0.014736986874999995 0.03997270666666671
0 0.5941604666666667 0.32097955740740747 0.015096435520833278 0.057536391111111126
0 0.6297448927083333 0.30493015185185185 0.02516076468749991 0.03876137222222232
0 0.5858930895833334 0.6649870129629629 0.016534230104166762 0.05390253555555565
0 0.57798556875 0.731002301851852 0.030911768333333357 0.026042803888888796
0 0.5427604166666666 0.6658958462962963 0.025160764687500028 0.047240417777777884
0 0.5745710104166667 0.7637077407407407 0.01833141510416662 0.028465398888888917
0 0.6045840697916667 0.7101080018518517 0.013658699166666585 0.05329686833333327
0 0.5607322666666666 0.6428809351851851 0.030192929270833346 0.039972706666666816
0 0.5050191822916666 0.5562735518518519 0.017971966458333336 0.03512751666666658
0 0.5289222552083334 0.3582269462962963 0.03630338156249995 0.03149358722222223
0 0.5531840197916668 0.1874349962962963 0.015096435520833396 0.02907106611111111
0 0.47464684895833337 0.40728473518518515 0.023363579687499993 0.04481782277777776
0 0.4854297260416666 0.20863224074074072 0.0312712169791667 0.03149358722222223
0 0.5337744916666668 0.08326350735185185 0.017253069166666652 0.00726776283333333
0 0.5138257614583334 0.10052444685185186 0.02839568604166664 0.03936703944444444
0 0.37130812916666667 0.7749122518518519 0.025160764687500028 0.044817822777777655
0 0.604763415625 0.13232090462962962 0.025520213333333312 0.02422587611111111
0 0.6414262458333333 0.5275358055421414 0.015455884166666678 0.05329686833333337
0 0.6099603606054955 0.6560970969916762 0.030880890585991003 0.026432766946315404
0 0.6293850364583334 0.7146499518518519 0.02516076468749991 0.027254064444444472
0 0.6288464166666667 0.47208898518518516 0.03270895333333333 0.02664847111111107
0 0.6601172260416667 0.7830880574074075 0.01976915145833331 0.028465398888888917
0 0.6221074094501244 0.5196318456291743 0.024620340162251373 0.03209914966757752
