0 0.4804783995744352 0.6349674779761634 0.038733699148870315 0.06665575595232666
0 0.6891571236975137 0.2542353532124755 0.027855153203342614 0.07740079455682906
0 0.6489219024037965 0.36519932417005346 0.05261528938409162 0.037672953102881435
0 0.4615873998418103 0.14041737065619436 0.02974655249492759 0.04520754372345769
0 0.5145811465986905 0.01227848941395102 0.04521167591343022 0.02455697882790204
0 0.5634278002699055 0.014601446870644455 0.050732243714699865 0.028871042676046985
0 0.58306681797861 0.32627060596374263 0.028542934763918955 0.07991232476368786
0 0.5534062381787545 0.11986848714553175 0.03387324185838578 0.07671583177314033
0 0.5543336379104813 0.050325221420986256 0.02718517582096273 0.03507664284197252
0 0.59435840261357 0.7396123984017534 0.0455072052271399 0.05463519680350707
0 0.6208948038103098 0.6323348098086671 0.043674129096598895 0.04908899949769394
0 0.4563430654424155 0.8646513539431024 0.05364696172495614 0.048404036714005165
0 0.4997592764537983 0.6484314352253527 0.03421713263867395 0.07260605507100774
0 0.4295455279316689 0.834485400736335 0.03192995586333792 0.08864370147267012
0 0.602066783589532 0.4446550070779488 0.03834382200213207 0.05730855290195898
0 0.5783682290200832 0.7005149378727339 0.034620841959833434 0.06946222425453216
0 0.5730939853502528 0.6029955705739989 0.03438907802881807 0.0739759806383853
0 0.8084959735788715 0.19175177451253486 0.025774310278895433 0.03797688387140968
0 0.5103271385888442 0.35644458237019955 0.047814377177688404 0.04239646474039913
0 0.45603159459489667 0.9007594019213206 0.05336791081020667 0.052580496157358846
0 0.5359193077418413 0.31549382087195765 0.03480191548368233 0.07361074174391531
0 0.5028542934763919 0.5065299785378328 0.03352935107809761 0.07466094342207408
0 0.49632036865091644 0.29624640394538565 0.04143883902472575 0.06507146445043153
0 0.6346504350218372 0.8268642403762729 0.028542934763918885 0.08105392940316922
0 0.6423018545746071 0.3008666430853007 0.05072419070979068 0.05628762802639395
0 0.6176278413975721 0.18733732133887396 0.02991849788507164 0.06141832960409153
0 0.7942157570755528 0.41063518882140737 0.028542934763918955 0.07146445043152656
0 0.6132432339488979 0.9169368464313441 0.04178272980501392 0.0584501575414403
0 0.4982117679425015 0.12534818941504178 0.043502183706454846 0.0707794876478378
0 0.5032084639430517 0.19722002507991235 0.05964449100725606 0.031150159438787132
0 0.48158144649372714 0.037748058671268334 0.04373469285749989 0.05591690449326341
0 0.5858464355806596 0.8504974859342893 0.04682612883868091 0.06621712813142153
0 0.4117232367000241 0.11861272204210238 0.04040716668386124 0.0605050458925065
0 0.5580487637126449 0.9615735878350611 0.046941091509336626 0.054112059911411416
0 0.7970528560129303 0.9212749440613726 0.03593658654011481 0.0703228457920452
