0 0.53858 0.343033 0.04259259999999998 0.04508200000000001
0 0.4920210071157888 0.11602670310964346 0.01900739809041661 0.040384381255651206
0 0.5216030847130879 0.7837125811386038 0.026175777422022265 0.04178785033706144
0 0.538889 0.358197 0.029629599999999933 0.03770489999999995
0 0.539506 0.40041 0.04938270000000004 0.035245900000000004
0 0.5747461228498683 0.2602338991891732 0.057838186250999284 0.03344972334198209
0 0.5717605722599698 0.17846360669202344 0.05492750396867687 0.03187649774541025
0 0.5761347400813276 0.9890219876441114 0.03309887533428587 0.02128958505618543
0 0.5373525320166089 0.3247632927664426 0.058629035966782164 0.03899861446711485
0 0.5781514302305032 0.6809648328807537 0.05377565704764073 0.03402728887994902
0 0.5344516083947657 0.28894124531587845 0.05578778321046868 0.03851070936824313
0 0.5168444739408473 0.1810520082340685 0.05314528843295731 0.03495538519086367
0 0.2824910296174664 0.7716223855285472 0.026556386709643432 0.08129424748983816
0 0.5836812031855997 0.13946220073121832 0.03523107439973943 0.04422691355112631
0 0.4635849115278166 0.8726307965478797 0.05053332089436204 0.05141016641202467
0 0.620376682067207 0.6260685909685206 0.035219268348102635 0.06503737973113408
0 0.477469 0.682787 0.03271610000000001 0.07049180000000001
0 0.5365812729848867 0.8020760144196226 0.04041695403022675 0.059782371160754876
0 0.358333 0.9840160000000001 0.024074099999999935 0.031967200000000036
0 0.45272830849912665 0.1532858137585014 0.02387399258815167 0.07279700872154736
0 0.5240237180418629 0.23108157849884026 0.055656163916274426 0.05095114300231946
0 0.5718120379104124 0.3610417852635924 0.043574313615774025 0.05473759549082047
0 0.396914 0.947541 0.039506200000000075 0.06393440000000007
0 0.47719800190070166 0.13180011931929866 0.031185901045089844 0.08117312299996073
0 0.414615365194779 0.557175902645077 0.04557045116008988 0.05330383184149651
0 0.5799187053447449 0.805005196285494 0.02903380544825672 0.07258037480304401
0 0.7191360000000001 0.156148 0.027160500000000126 0.07786879999999999
0 0.6052286096594209 0.6614368567501425 0.04052109369082781 0.06336115860404308
0 0.6052869158650858 0.3167836522005346 0.052389268269828516 0.043481995598930685
0 0.4645955779457039 0.8280340256844365 0.056908293684112314 0.036131643060659864
0 0.45440332779332093 0.3142823085505366 0.026253438900731275 0.0773989922239258
0 0.6104700003057866 0.8230384863501168 0.03284074469459583 0.0778867545977533
0 0.53179 0.707377 0.029012299999999974 0.0754097999999999
0 0.5098143707256417 0.09002633958407044 0.045889214554282444 0.050713527538624834
0 0.6185462899845995 0.7853934090985283 0.03231588780327704 0.07358610747929863
0 0.48229403018938327 0.8862122182867406 0.04576738322604725 0.05893370027253591
0 0.644444 0.0352459 0.024691399999999964 0.0688525
0 0.537559499448798 0.8518830538681504 0.05574530110240383 0.04377519226369915
0 0.5773077635115924 0.7355129166913967 0.03239582947969708 0.06601728465504529
0 0.743827 0.12131100000000002 0.029629600000000075 0.06885249999999998
0 0.4807619480421117 0.5410841798250026 0.05718397333939257 0.03453015521807633
0 0.5785932490090636 0.5642998424352141 0.06349567017597008 0.03436253310536725
0 0.48218760456301635 0.3570802058920077 0.050439690873967484 0.04977388821598456
0 0.5715427657873701 0.4562251837873963 0.043816798413121416 0.05110665565907924
0 0.5355050148836487 0.0755464587431694 0.04631832976729725 0.0674863174863388
0 0.49103188525729785 0.7688360444908329 0.04690743037383176 0.059198058033297606
0 0.4626460250318264 0.07874549783976098 0.04134205006365275 0.04929439567952196
0 0.5167615138228068 0.749267043812198 0.05768572939017952 0.042945038609241516
0 0.683333 0.032376999999999996 0.03580250000000006 0.0631148
0 0.5784261479705124 0.07587372724771003 0.028273677354412767 0.07390808664543776
0 0.516358 0.025 0.05246909999999995 0.0434426
0 0.6598247872958166 0.8709644976365283 0.026761594587088735 0.07777666029702636
0 0.49382799323504156 0.3929138053829067 0.05891416481629509 0.055466567006722416
0 0.31376783143567594 0.0706713780918728 0.040788727478951264 0.05503099113711405
0 0.7060264081395643 0.9220054309564517 0.05049357469262035 0.035368265781621964
0 0.6875962533767579 0.7793590130410004 0.03610290590522358 0.07492708438097158
0 0.2736245480308805 0.6735801721527748 0.04039219518551091 0.04779618495609671
0 0.37658761879385383 0.2587765852891457 0.04855374959291822 0.03872311986476395
