0 0.55679 0.622131 0.04691359999999995 0.03442620000000007
0 0.5 0.769672 0.029629599999999933 0.0393442999999999
0 0.471296 0.517623 0.030246900000000035 0.07459019999999991
0 0.6345869057110728 0.7167935304041174 0.024729911422145666 0.05326006080823496
0 0.5722196815006221 0.7387120743201168 0.052804392382046074 0.052630496168509316
0 0.373148 0.263934 0.05246909999999995 0.03770489999999995
0 0.533642 0.786885 0.05740740000000002 0.03114749999999992
0 0.5671594602545698 0.5574217439064684 0.03852027949086035 0.0753213121870632
0 0.602778 0.402459 0.04629629999999999 0.032786899999999966
0 0.559877 0.158197 0.023456799999999976 0.0770492
0 0.5946547745501961 0.7025033070212225 0.04278835089960761 0.037615585957555
0 0.551235 0.697131 0.022222200000000056 0.07295080000000005
0 0.593827 0.373771 0.05679010000000006 0.03770490000000005
0 0.505247 0.72418 0.05246909999999995 0.035245900000000004
0 0.574074 0.872131 0.059259300000000036 0.03442620000000007
0 0.614506 0.447951 0.026543200000000024 0.07131149999999999
0 0.439815 0.991393 0.04259259999999998 0.01721309999999985
0 0.581481 0.439754 0.04197530000000002 0.04016390000000004
0 0.399691 0.505738 0.03765430000000005 0.06393440000000007
0 0.50216 0.9803280000000001 0.03765430000000005 0.03770489999999986
0 0.476852 0.780328 0.035185199999999965 0.07377049999999997
0 0.655247 0.8922130000000001 0.024074100000000074 0.04180330000000013
0 0.519444 0.634836 0.027777799999999943 0.07295080000000005
0 0.5340919010288065 0.16892096666666667 0.02620920205761328 0.07882473333333334
0 0.420988 0.219262 0.06296300000000005 0.04344259999999999
0 0.452778 0.20983599999999997 0.04135800000000006 0.04590159999999998
0 0.49537 0.506148 0.025308599999999966 0.06803279999999996
0 0.441667 0.507787 0.029012299999999974 0.07786879999999995
0 0.535802 0.540574 0.044444399999999974 0.03688519999999993
0 0.379938 0.48729500000000003 0.030246900000000035 0.04672130000000003
0 0.417901 0.184426 0.04691359999999995 0.0377049
0 0.465432 0.718852 0.05555560000000003 0.057376999999999935
0 0.39043199999999995 0.55041 0.06111110000000003 0.03688519999999993
0 0.476235 0.604918 0.05246909999999995 0.055737700000000015
0 0.470679 0.688115 0.05246909999999995 0.03688519999999993
0 0.582713656500622 0.9744280607224552 0.03085941300124414 0.048856421444910196
0 0.667284 0.254918 0.06666670000000005 0.04262290000000003
0 0.46142 0.568443 0.05370370000000001 0.035245900000000004
0 0.39231528956598716 0.6146522946657771 0.04006172086802567 0.0690555106684458
0 0.41759300000000005 0.283197 0.022839500000000016 0.05163930000000002
0 0.48425900000000005 0.962295 0.03641980000000002 0.06229510000000014
0 0.432716 0.9545079999999999 0.05432099999999997 0.05
0 0.6543210000000002 0.158197 0.024691399999999895 0.0754098
0 0.491667 0.297951 0.040123500000000034 0.05327869999999997
0 0.5969927481337927 0.8322946715624603 0.05416350373241453 0.035411556875079554
0 0.462346 0.886885 0.059259300000000036 0.036065599999999934
0 0.275926 0.881967 0.05185190000000002 0.03934430000000009
0 0.510185 0.57541 0.05246909999999995 0.05081969999999993
0 0.534877 0.9463110000000001 0.026543200000000024 0.06967209999999989
0 0.444444 0.636885 0.04320989999999994 0.06557379999999993
0 0.6469139999999999 0.795082 0.034567899999999936 0.03770490000000005
0 0.313272 0.518852 0.05370370000000001 0.03114749999999992
0 0.466358 0.37459 0.035185199999999965 0.07213110000000003
0 0.346605 0.020082 0.05370370000000001 0.0368852
0 0.605864 0.22541 0.045061699999999934 0.0606557
0 0.594136 0.146721 0.04506170000000007 0.05245899999999999
0 0.328086 0.286475 0.040123500000000034 0.0598361
0 0.15 0.784836 0.04320990000000001 0.0598361000000001
0 0.717901 0.8963109999999999 0.0506173000000001 0.04180330000000013
0 0.388889 0.0364754 0.04691359999999995 0.0696721
