0 0.570679 0.00778689 0.024074099999999935 0.013934400000000001
0 0.541049 0.9938520000000001 0.022839500000000016 0.01229510000000014
0 0.326852 0.9938520000000001 0.04259259999999998 0.01229510000000014
0 0.729321 0.983197 0.030246899999999893 0.031967200000000036
0 0.594753 0.909836 0.05617279999999996 0.03114749999999992
0 0.2818530211829176 0.5039395179909669 0.035311342365835226 0.06689513598193374
0 0.539506 0.956557 0.018518500000000045 0.05901639999999998
0 0.5097375035826676 0.06536883237704919 0.02688180716533531 0.05368856475409836
0 0.425926 0.738115 0.044444399999999974 0.05327869999999997
0 0.562346 0.9635249999999999 0.023456799999999976 0.07295080000000005
0 0.212654 0.9877049999999999 0.025308600000000035 0.02459019999999991
0 0.703086 0.97541 0.027160500000000126 0.04754099999999996
0 0.604321 0.9864749999999999 0.04691359999999995 0.02704919999999995
0 0.530864 0.8983609999999999 0.030864199999999994 0.06557379999999993
0 0.596296 0.8745900000000001 0.05308640000000005 0.03442620000000007
0 0.466358 0.0840164 0.05370370000000001 0.0385246
0 0.523765 0.757787 0.03765430000000005 0.035245900000000004
0 0.534259 0.0659836 0.027777799999999943 0.07622949999999999
0 0.601543 0.947541 0.05370370000000001 0.036065599999999934
0 0.55679 0.022131099999999997 0.04691359999999995 0.0426229
0 0.55679 0.318443 0.03209880000000005 0.030327900000000015
0 0.507407 0.789754 0.05185190000000002 0.048360700000000076
0 0.461728 0.8717210000000001 0.028395100000000045 0.04344260000000006
0 0.325309 0.672131 0.04567900000000003 0.040983600000000016
0 0.39537 0.809836 0.024074099999999935 0.05245900000000004
0 0.461111 0.735656 0.03580250000000006 0.06639339999999992
0 0.569444 0.0918033 0.04259259999999998 0.0655738
0 0.18734599999999998 0.386066 0.025308600000000035 0.04262290000000003
0 0.680247 0.895902 0.032098799999999914 0.03770489999999986
0 0.4648388945594287 0.04034070514304082 0.053135089118857365 0.047894610286081635
0 0.266358 0.843852 0.025308599999999966 0.07622949999999992
0 0.5607331546926179 0.5133488145784543 0.05507679061476439 0.03723627084309136
0 0.6629629999999999 0.804508 0.055555599999999886 0.03360660000000008
0 0.674074 0.589344 0.03333329999999994 0.06885250000000008
0 0.549074 0.654098 0.03271610000000001 0.03934430000000009
0 0.6774689999999999 0.9610660000000001 0.036419799999999884 0.0598361000000001
0 0.644444 0.715984 0.03950619999999993 0.06147540000000003
0 0.358333 0.978279 0.05370370000000001 0.0401638999999999
0 0.619444 0.362705 0.04135800000000006 0.06803279999999996
0 0.244444 0.496721 0.04074069999999996 0.05901639999999998
0 0.968827 0.506967 0.03765429999999991 0.040163900000000086
0 0.427161 0.9516389999999999 0.03827160000000001 0.06885250000000008
0 0.20308599999999996 0.140574 0.03703700000000002 0.06803280000000002
