0 0.6344869459623558 0.5348024724536414 0.031167779801659645 0.03708680462241337
0 0.605247 0.391803 0.04506170000000007 0.06557380000000002
0 0.500309 0.544672 0.022839500000000016 0.02868850000000006
0 0.4871192093598123 0.01320563666271048 0.03967141871962457 0.024771873325420964
0 0.485802 0.162295 0.03209880000000005 0.031147500000000012
0 0.400617 0.170902 0.04691359999999995 0.04672129999999998
0 0.5113692069672131 0.5057108980448805 0.026441913934426138 0.07699529608976077
0 0.4999089321088849 0.6669915890956731 0.039688335782230307 0.06765692180865364
0 0.522531 0.378279 0.04876539999999994 0.04344259999999996
0 0.5788856385600082 0.511972801538565 0.033080777120016135 0.03705950307712975
0 0.519748162517709 0.5725343670317119 0.050627674964582106 0.02870216593657626
0 0.421605 0.0122951 0.029629599999999933 0.0229508
0 0.32345699999999994 0.0118852 0.03827160000000001 0.0237705
0 0.4104940000000001 0.419262 0.05061729999999996 0.040163899999999995
0 0.550309 0.920902 0.026543200000000024 0.031967200000000036
0 0.7102813195709371 0.31725342649825317 0.04715644606354996 0.04649287825853265
0 0.467593 0.354098 0.05493830000000007 0.0393443
0 0.514815 0.0987705 0.04567900000000003 0.041803299999999995
0 0.528086 0.271311 0.03888889999999997 0.0606557
0 0.41768359782938674 0.6387932797970977 0.04241030434122652 0.030609940405805003
0 0.6078271863387977 0.43490337968288095 0.05677965096134396 0.03347244063423817
0 0.447531 0.588934 0.020987700000000026 0.05819670000000005
0 0.4969889863862354 0.05795379377828055 0.02607677277247087 0.06582967229063126
0 0.39043199999999995 0.141393 0.04876539999999994 0.041803299999999995
0 0.497222 0.19918 0.05617279999999996 0.04590160000000001
0 0.660185 0.338934 0.05370369999999987 0.03688520000000002
0 0.6447530000000001 0.22418 0.04135800000000006 0.06147540000000003
0 0.530556 0.0254098 0.027777799999999943 0.0459016
0 0.589506 0.293443 0.05802469999999998 0.03442619999999998
0 0.548457 0.9758200000000001 0.03888889999999997 0.04672129999999984
0 0.36358 0.370492 0.023456799999999976 0.07868849999999997
0 0.556173 0.8717210000000001 0.059259300000000036 0.04180330000000013
0 0.555864 0.397131 0.03888889999999997 0.0647541
0 0.578395 0.983197 0.04691359999999995 0.031967200000000036
0 0.617284 0.9631150000000002 0.027160499999999983 0.07213109999999993
0 0.624383 0.0557377 0.03765430000000005 0.0639344
0 0.557716 0.0856557 0.040123500000000034 0.053278699999999984
0 0.483333 0.980738 0.04197530000000002 0.03852459999999998
0 0.661728 0.0565574 0.032098799999999914 0.0655738
0 0.626235 0.197541 0.03765430000000005 0.06721310000000001
0 0.519444 0.968852 0.033950600000000046 0.06065569999999991
0 0.531482 0.164344 0.05308640000000005 0.05327870000000002
0 0.582407 0.230738 0.04259259999999998 0.06803279999999999
0 0.603704 0.133197 0.044444399999999974 0.05655739999999999
0 0.576543 0.025409799999999996 0.030864199999999994 0.0508197
0 0.4436348917223234 0.6820747110991668 0.05181137421574586 0.048374092985756546
0 0.663889 0.715984 0.03765429999999991 0.06311480000000007
0 0.361111 0.815574 0.030864199999999994 0.06885250000000008
0 0.456481 0.45 0.05 0.040983600000000016
0 0.395062 0.9618850000000001 0.044444399999999974 0.035245899999999816
0 0.636111 0.893033 0.030246899999999965 0.07622949999999984
0 0.440741 0.387705 0.05185190000000002 0.05737700000000003
0 0.737037 0.39958999999999995 0.04814809999999998 0.06147539999999998
0 0.251543 0.023360699999999998 0.04382719999999997 0.045082
0 0.34475300000000003 0.721721 0.04382720000000004 0.05819670000000005
0 0.587654 0.731557 0.04814809999999998 0.05819670000000005
0 0.42962999999999996 0.784426 0.05432099999999997 0.04590159999999991
0 0.346914 0.554508 0.03827160000000001 0.0647541
0 0.34784000000000004 0.8754099999999999 0.05493830000000007 0.04754099999999996
