0 0.03480067422004153 0.948655134359286 0.06960134844008306 0.07180390905920549
0 0.23895233854166667 0.02153118888888891 0.10695118218750004 0.04306237777777782
0 0.11475219166666673 0.09393045925925923 0.07705081562500014 0.12587742518518535
0 0.39477912708333335 0.6051998814814815 0.07130078812500003 0.14484525925925953
0 0.7309959143589413 0.7575101270033577 0.09807458169878416 0.12183956363634484
0 0.4683814911458333 0.5413987555555555 0.05290066286458348 0.1551912740740742
0 0.15845120833333332 0.3224074074074075 0.09315104166666661 0.06207650962962943
0 0.01798810937499997 0.8905799111111112 0.03597621874999994 0.06724951703703717
0 0.022013072734375073 0.2370517333333335 0.044026145468750146 0.13967204148148127
0 0.9007854594270833 0.24567481481481504 0.04370050708333342 0.0810443437037036
0 0.1515524421875001 0.3887939851851852 0.10235119744791679 0.07069832888888894
0 0.3533790781250001 0.6750365333333335 0.07590077286458327 0.1362234399999998
0 0.027187939127604168 0.3586184592592593 0.054375878255208336 0.058627908148148396
0 0.19525332187499997 0.06720500740740741 0.08625097140624997 0.11035819259259243
0 0.3275035817708334 0.08444696296296296 0.09775102640624986 0.06897392296296284
0 0.0036129940494792124 0.5199845288953238 0.007225988098958425 0.13449903407407415
0 0.4862050114583333 0.022393497037037 0.07245083088541666 0.044786994074074
0 0.21135354791666666 0.9293785185185187 0.10235119744791679 0.07931993777777772
0 0.15787739791666672 0.2560208296296298 0.10350124020833344 0.07414693037037039
0 0.023162649739583388 0.02498036888888885 0.046325299479166776 0.0499607377777777
0 0.03581316667968745 0.15773158518518504 0.0716263333593749 0.14656945481481512
0 0.08887669531249998 0.7483211555555557 0.09660116994791679 0.10001217777777797
0 0.008212885638020851 0.4482846222222222 0.016425771276041702 0.0965633659259258
0 0.057825727083333334 0.6388254814814814 0.1081012249479168 0.06724951703703697
0 0.10152660677083342 0.2137742518518517 0.03680043682291654 0.12070420740740731
0 0.4505561078125001 0.0284285496296297 0.10695118218750004 0.0568570992592594
0 0.10449490103232381 0.8648546437708555 0.11303545205937186 0.10169227655566442
