0 0.579938 0.00860656 0.03765430000000005 0.017213099999999995
0 0.45136302057613165 0.10129785027322408 0.04074069999999996 0.06803280000000006
0 0.524691 0.00901639 0.03209880000000005 0.016393400000000002
0 0.421914 0.013114800000000001 0.027777799999999943 0.026229499999999996
0 0.679539407201646 0.13987357445355192 0.05295822263374501 0.0412911024590164
0 0.31637083847736625 0.2597508351092896 0.047556676954732535 0.04573057021857927
0 0.596296 0.9922130000000001 0.044444399999999974 0.015573799999999926
0 0.637654 0.154508 0.05308640000000005 0.05327870000000002
0 0.491358 0.00778689 0.030864199999999994 0.013934400000000001
0 0.469136 0.17541 0.03333329999999994 0.0393443
0 0.482716 0.227869 0.029629599999999933 0.0393443
0 0.4607769958847737 0.13637252459016394 0.05 0.05327869999999997
0 0.376852 0.014754099999999996 0.033950600000000046 0.027868899999999995
0 0.5130657143004116 0.276912562568306 0.044650464403292116 0.060382525136612054
0 0.47037 0.686066 0.025925900000000064 0.040983600000000016
0 0.413272 0.165984 0.03641980000000002 0.06803280000000002
0 0.6469139999999999 0.025409799999999996 0.03827160000000001 0.0491803
0 0.533333 0.597131 0.027160499999999983 0.06147540000000003
0 0.415123 0.271721 0.026543200000000024 0.0745902
0 0.5655350664609053 0.19672107459016394 0.02572033868312753 0.07868805081967216
0 0.446914 0.0446721 0.04567900000000003 0.04508199999999999
0 0.586728 0.49467199999999995 0.022839500000000016 0.07131149999999994
0 0.664506 0.577049 0.027777799999999943 0.036065599999999934
0 0.579012 0.253689 0.030864199999999994 0.04508200000000001
0 0.551852 0.547951 0.024691400000000033 0.05163929999999992
0 0.55 0.0905738 0.034567900000000006 0.05
0 0.47284000000000004 0.0385246 0.027160499999999983 0.04262289999999999
0 0.526543 0.0508197 0.06172839999999999 0.0393443
0 0.566049 0.321721 0.025925900000000064 0.0745902
0 0.654012 0.513525 0.05864199999999994 0.04672130000000003
0 0.560802 0.134426 0.05246909999999995 0.03442619999999998
0 0.445062 0.680328 0.04197530000000002 0.05901639999999998
0 0.565432 0.786475 0.020987700000000026 0.06803279999999996
0 0.426235 0.728689 0.05740740000000002 0.0393442999999999
0 0.426235 0.0922131 0.03641980000000002 0.06967210000000001
0 0.609568 0.587705 0.03271610000000001 0.07213109999999993
0 0.452778 0.3 0.04876539999999994 0.055737700000000015
0 0.530556 0.219262 0.04382720000000004 0.06639340000000002
0 0.37716 0.0651639 0.030864199999999994 0.0745902
0 0.489198 0.369262 0.026543200000000024 0.0647541
0 0.595679 0.101639 0.03703699999999995 0.0639344
0 0.596605 0.0266393 0.05370370000000001 0.05
0 0.507407 0.643852 0.03703699999999995 0.07131149999999994
0 0.5 0.720082 0.04074069999999996 0.07131149999999994
0 0.6271599999999999 0.0729508 0.05308639999999998 0.0508197
0 0.537037 0.755738 0.04938270000000004 0.05245900000000004
0 0.6231479999999999 0.49057399999999995 0.04135799999999999 0.07459019999999991
0 0.453086 0.918852 0.028395100000000045 0.0540983999999999
0 0.361728 0.711066 0.05061729999999996 0.054918000000000085
0 0.380556 0.43770499999999996 0.03888889999999997 0.07213109999999998
0 0.526543 0.361475 0.03950619999999993 0.04426229999999999
0 0.676235 0.42663900000000005 0.040123500000000034 0.05983609999999996
0 0.767901 0.912705 0.024691399999999895 0.0401638999999999
0 0.566667 0.587295 0.03703699999999995 0.06967210000000008
0 0.4064809999999999 0.9147539999999998 0.05617279999999996 0.03442620000000007
0 0.570679 0.934426 0.04876539999999994 0.04262289999999994
0 0.7277775651234568 0.3433057785519126 0.040741166049382695 0.057650737978142054
0 0.621605 0.24016399999999996 0.05308640000000005 0.05081970000000002
0 0.834568 0.157787 0.04074069999999996 0.0647541
