0 0.349074 0.992623 0.030246900000000035 0.014754100000000183
0 0.6566792186524575 0.5293456338462728 0.041754537304915 0.05869196769254565
0 0.562037 0.203689 0.05617279999999996 0.04836069999999998
0 0.473457 0.219672 0.028395100000000045 0.07868849999999997
0 0.4685190000000001 0.072541 0.044444399999999974 0.04672130000000001
0 0.492284 0.697541 0.026543200000000024 0.04262289999999994
0 0.42685199999999995 0.0688525 0.05617279999999996 0.0393443
0 0.4012343595679012 0.10721454614135478 0.03086378086419753 0.03966880771729045
0 0.427778 0.588115 0.027160499999999983 0.07295080000000005
0 0.487963 0.08196719999999999 0.04506170000000007 0.054098399999999984
0 0.449383 0.602869 0.028395100000000045 0.07459019999999991
0 0.46975300000000003 0.0381148 0.04938270000000004 0.028688500000000002
0 0.6558639999999999 0.9848359999999999 0.026543200000000024 0.03032790000000011
0 0.558951 0.606967 0.05 0.05
0 0.604012 0.0155738 0.04135800000000006 0.029508200000000002
0 0.39043199999999995 0.136066 0.05246909999999995 0.05901639999999998
0 0.6925929999999999 0.21844299999999997 0.05432099999999997 0.040163899999999995
0 0.591975 0.790164 0.027160499999999983 0.06721310000000004
0 0.519753 0.228689 0.04938270000000004 0.04426229999999999
0 0.492901 0.560246 0.025308599999999966 0.07950819999999999
0 0.520679 0.693443 0.03765430000000005 0.06885250000000008
0 0.527778 0.06106559999999999 0.03333329999999994 0.06639339999999999
0 0.35648100000000005 0.9635249999999999 0.04876539999999994 0.05163929999999992
0 0.566667 0.4995899999999999 0.03580250000000006 0.06639339999999992
0 0.51358 0.381148 0.027160499999999983 0.08688520000000002
0 0.539506 0.320902 0.05679010000000006 0.041803300000000036
0 0.624691 0.747541 0.044444399999999974 0.05245900000000004
0 0.508333 0.965984 0.05246909999999995 0.03360659999999989
0 0.420988 0.981967 0.030864199999999994 0.036065599999999934
0 0.557099 0.654098 0.05370370000000001 0.05245900000000004
0 0.545679 0.9139339999999999 0.04691359999999995 0.05737700000000012
0 0.542284 0.0295082 0.04629629999999999 0.057377
0 0.483333 0.48688499999999996 0.04074069999999996 0.06557379999999993
0 0.55 0.8614749999999999 0.04691359999999995 0.05573769999999992
0 0.394136 0.24098399999999998 0.04629629999999999 0.05081970000000002
0 0.609259 0.965984 0.025925900000000064 0.0663934000000001
0 0.6799379999999999 0.143443 0.035185199999999965 0.04754100000000001
0 0.717284 0.8790979999999999 0.04197529999999988 0.056557399999999945
0 0.818827 0.432787 0.038888900000000115 0.050819699999999975
0 0.672222 0.876639 0.04814809999999998 0.045081999999999914
0 0.445062 0.8266390000000001 0.04197530000000002 0.056557400000000035
