0 0.6163352578596037 0.41720676070657015 0.040896183247200686 0.05774911396337243
0 0.5148238151041666 0.1908999 0.03453121546874994 0.04112320537037035
0 0.3836723749272835 0.7429297119624131 0.026114383362420075 0.07618484504588707
0 0.49020372447916666 0.32455087222222223 0.04412327156249993 0.05852151796296299
0 0.3450217483517549 0.7009733928418161 0.04382127448128751 0.06266037885795847
0 0.36939755835131455 0.3181139080175772 0.052160416526262195 0.042641301085328744
0 0.4868984130939996 0.17536214637470704 0.03538616948908402 0.03535353645311777
0 0.4905238291666667 0.38781763888888887 0.0511573907812501 0.03637824611111116
0 0.5036038100577388 0.10444782406075785 0.05952874806160568 0.03271168201040462
0 0.42729894713261646 0.24476249361230856 0.054570401596611265 0.05496397074926949
0 0.5556601932601206 0.463829054941331 0.03732706180017224 0.06860006212846453
0 0.2798193213541667 0.9247920777777777 0.03900750140624988 0.03954158444444452
0 0.6669060194779751 0.6006840722709472 0.046885920128789255 0.052543850330938245
0 0.6347232213541667 0.9663109537037035 0.04284430312500002 0.02135241314814809
0 0.47709497135416673 0.8662702703703703 0.05243635921874989 0.03637824611111095
0 0.47102023385416664 0.2834275703703705 0.027497096249999943 0.07433820962962953
0 0.3522615960869296 0.2500111845421441 0.027257980533647815 0.06934695820853652
0 0.45034940758276837 0.7623548468019595 0.04965411863654658 0.05472459434465964
0 0.55405436147757 0.26425580436736157 0.048271821833834966 0.03213270982055934
0 0.20787864166666672 0.7516001 0.01918400859374986 0.030051569444444332
0 0.5045119177271185 0.7515437701345935 0.05227512712090381 0.058632923434516815
0 0.5157263434684591 0.41080376101952804 0.03835944834949358 0.08011866087279247
0 0.42167215071747144 0.7487263849550347 0.041180373763816176 0.06293530677703708
0 0.3304584025057619 0.4197228817356071 0.04017130066473283 0.061226607808926775
0 0.5045427367867477 0.5672678345137401 0.04230306616608791 0.05996737902748024
0 0.6024309776041666 0.9093704777777778 0.042204818906249976 0.06405733592592597
0 0.3313315198051009 0.1695302506550538 0.03411916835799715 0.07561864670237371
0 0.5924124166628087 0.19150069197187927 0.048173598757716124 0.035997244314128936
0 0.41922335885416667 0.9465399685185185 0.05819150999999998 0.04191406407407425
0 0.4465193511865444 0.3949990421125444 0.03557207877274434 0.04441543718805166
0 0.5082177398099401 0.24540971615750093 0.040504213005296566 0.06970951416647972
0 0.5510126805872771 0.10631041041332165 0.031215604658779008 0.07281510082664326
0 0.4550927956713973 0.36404649784354215 0.03308879978379373 0.036065234216475305
0 0.5148167737959327 0.6755475779354657 0.05242300175853221 0.054041652277216676
0 0.42596716050713945 0.3980702267363318 0.040866276225304074 0.06953851180599678
0 0.46478912123906524 0.43671107716450625 0.06229653489845776 0.03198231609642624
0 0.42881510416666674 0.2881725296296296 0.046681104843750036 0.061684856296296296
0 0.3265136544301535 0.10539619926710748 0.06312429290222686 0.03636300630396881
0 0.3761441783324588 0.36729506512058613 0.049707449793415986 0.050127479678061325
0 0.6423974463541667 0.9508893537037036 0.030054929531249996 0.030051569444444436
0 0.5528296179110203 0.33160851589472146 0.04982902860517733 0.055386021213483724
0 0.328840854226034 0.7530957831274493 0.05082247361771337 0.04526220697424111
0 0.42273328583498687 0.5118462174554747 0.04733495791335981 0.05667591157761575
0 0.509358861721299 0.521847448795543 0.042228043753169096 0.05834224174662687
0 0.4774076818708664 0.5491659814175845 0.028321757039792908 0.07125843462408075
0 0.6398397166666666 0.0876965537037037 0.03772863656250015 0.034005766481481486
0 0.42337954010416673 0.8809007222222224 0.03964698562499992 0.06722067425925912
0 0.4176249072916666 0.34827566851851854 0.046041620624999995 0.053776558703703695
0 0.7781420482418661 0.5615365725528739 0.04376802138085125 0.06273944343908111
0 0.18581731666666676 0.060017463888888886 0.05819151000000022 0.035587387407407405
0 0.4470916744062776 0.5626289120671061 0.03327616186370162 0.07214204375745899
0 0.6806383700741103 0.3549275745829558 0.034146746935112424 0.06549778509183768
0 0.6043491060503473 0.14072621213409903 0.042205156545138796 0.06256363186079064
0 0.42881510416666674 0.9702647648148149 0.032612866406250045 0.015025832962962964
0 0.573059660314384 0.3797801852557858 0.05517266903531422 0.0476338233009982
0 0.6991197646003465 0.7321971986590994 0.05198344572300589 0.05231114681076355
0 0.4534582904663925 0.09424289954799972 0.058736282578875296 0.047157008252940225
