0 0.620062 0.387705 0.04753090000000005 0.027868899999999974
0 0.5049405565327135 0.13426532641368552 0.03150440200429849 0.06663892306696753
0 0.7525597687634725 0.7446168358053604 0.02363805604546348 0.046025240697371815
0 0.5931159754933655 0.4822983524794571 0.0363289307595209 0.0746085605657987
0 0.617570999556664 0.48153077913719794 0.03483121599704451 0.07082912485384897
0 0.4834014281590414 0.5493941327145614 0.017447325236020245 0.03338386571841841
0 0.6018133678150304 0.5663096357466988 0.030941165604507236 0.07338211847430608
0 0.40108997911135863 0.3509141612463536 0.046277857291376685 0.06786636842721562
0 0.43852459016393436 0.7805025530771298 0.026614045739728805 0.07995162590701431
0 0.5726424679043133 0.4943583663791341 0.04494935500754288 0.06479702383385795
0 0.4350869939946406 0.37508570792032025 0.056613264379366424 0.034426372950819635
0 0.43090731663035586 0.4739482883317261 0.047771423384168475 0.037518081002892945
0 0.6166318901060686 0.22444777957361658 0.030284588187561565 0.0529131070576464
0 0.515123 0.9885249999999999 0.04629629999999999 0.021311500000000125
0 0.4413691687363835 0.4323832872468659 0.03842179324618732 0.07182937536161996
0 0.4788896188816267 0.5035591793153327 0.04848437879448075 0.04218250925747339
0 0.512346 0.427869 0.05679010000000006 0.034426200000000025
0 0.623022789262184 0.4357476015994849 0.05765852147563189 0.03506169680103025
0 0.4940932176284812 0.29369716190113104 0.04506170000000007 0.06557380000000002
0 0.417284 0.707787 0.04691359999999995 0.031967200000000036
0 0.6487694113666451 0.5184945053462654 0.05617565650072348 0.03328612114999405
0 0.5222509331036462 0.24202567035201422 0.04689443965929754 0.050705299275638605
0 0.5825798411870399 0.1805780035403679 0.034341853590679934 0.03598091279919958
0 0.6843170232774545 0.5538969217948981 0.02387234179520341 0.035250185681288584
0 0.4656933897673315 0.16429278070783832 0.06151570459589141 0.04176022739430542
0 0.5131689119341564 0.2772843632831363 0.04725773551536035 0.06329885508323799
0 0.512037 0.4668030000000001 0.05864199999999994 0.05
0 0.6275551507791944 0.7829212577264175 0.025804493017607805 0.07135178715399085
0 0.3603584988742022 0.7886366225578463 0.036072902251595665 0.0473163548843074
0 0.617593 0.361475 0.05740740000000002 0.03442619999999998
0 0.6049786169611878 0.3144755169827494 0.04666612872858337 0.05393049751776852
0 0.46084770241410666 0.22708402799911045 0.052560504828213186 0.03941435599822086
0 0.5873306221210282 0.8603266665210965 0.06334725606152587 0.03263879273044875
0 0.599271402550091 0.7790916420317118 0.02914389799635707 0.07094866971244289
0 0.5401112344909332 0.4995554163811782 0.05120821357101078 0.045000201128326804
0 0.514405204675167 0.8668839271768343 0.03312037389192465 0.03672394892501986
0 0.37388798111837324 0.5342182979749276 0.027913943355119843 0.07096793635486985
0 0.6926965331339862 0.46905689635951103 0.05483352774083316 0.04835446287150982
0 0.65 0.972541 0.029629600000000075 0.05163929999999992
0 0.504012 0.34918 0.04135800000000006 0.049180299999999975
0 0.5359896349929164 0.7986896109379198 0.06752673001416726 0.03838970292932008
0 0.5222879303376906 0.5520551921648987 0.043078039324618685 0.049987915670202596
0 0.6593908233049989 0.7386591597755979 0.03236184660999801 0.08059621955119578
0 0.469136 0.759426 0.028395100000000045 0.08114749999999991
0 0.466358 0.686475 0.024074099999999935 0.08114749999999991
0 0.6111997630841705 0.07245138586812237 0.02391426400509831 0.07245967599721245
0 0.5290245974340354 0.38214139082020787 0.051986040076387234 0.053960727056323494
0 0.4694229112833763 0.30499428135722456 0.03789836347975884 0.07116533231668572
0 0.530556 0.03565569999999999 0.035185199999999965 0.03688519999999999
0 0.48456800000000005 0.389754 0.04197530000000002 0.041803300000000036
0 0.3425927851851851 0.8461001981406643 0.056291493174287666 0.03611821663135924
0 0.4039327481663035 0.5206753817261331 0.03817662421931737 0.0673160639344262
0 0.539815 0.566803 0.05864199999999994 0.05819670000000005
0 0.6703699999999999 0.944672 0.029629600000000075 0.05327870000000016
0 0.382099 0.716803 0.04074069999999996 0.06639339999999992
0 0.47646346194082084 0.10770058060828301 0.0497221489428699 0.05738041441229176
0 0.3822125879792073 0.7592967846419327 0.04876520740740727 0.0482744203623812
0 0.269548609363476 0.4811385535037563 0.03352240151171581 0.035320143517138664
0 0.582716 0.0303279 0.04197530000000002 0.059016400000000004
0 0.6781931964248331 0.4432309239851191 0.049776374685200575 0.056569366060259085
0 0.4154943056751842 0.22474266107510485 0.0563690305292372 0.0496886516711145
0 0.560802 0.836475 0.04506170000000007 0.06311480000000007
0 0.678086 0.0831967 0.05740740000000002 0.0385246
0 0.49842116015482696 0.9079280304488041 0.04970696121230515 0.06992733066379991
0 0.3288349642827438 0.089950636655153 0.02680582856548751 0.05203237331030599
0 0.14911323861943954 0.31024919283112157 0.054017300930824984 0.035239319255789714
0 0.1454469560197814 0.1974859966314292 0.0410856397981451 0.03673093931206565
0 0.730864 0.193033 0.03333329999999994 0.06639340000000002
0 0.3590774236769069 0.26178675816495106 0.03560149296583403 0.0721819799212098
