0 0.5109542188769034 0.5745186571550204 0.01526897838922885 0.04467580106032935
0 0.5509654203967 0.4104231231853406 0.012265227312620652 0.054205621595490285
0 0.505864832532528 0.5291859600616732 0.014289126184943749 0.04312331358035732
0 0.532135877678781 0.12608626040566362 0.022327551295062045 0.029739299329845734
0 0.5138803875 0.8265025324074073 0.017170141875000055 0.014970398333333416
0 0.5224653375 0.5881733935185185 0.018414346875 0.03652777777777782
0 0.5108811791310118 0.22021705556368462 0.01667244375000004 0.05568988472222224
0 0.43294510106829803 0.1601974948256722 0.014794807517607941 0.043250961481981445
0 0.5011609873567091 0.3448769376223394 0.02021296997408175 0.032092091792358335
0 0.5713971483715663 0.5926263960772207 0.015745285493132262 0.051926683957518725
0 0.42952245 0.7998547879629629 0.01567708781250001 0.04551003138888895
0 0.525432519308408 0.5483494692345986 0.01993099438300856 0.030934098188002312
0 0.47132812500000004 0.8160227129629628 0.01866319593749998 0.037126614166666835
0 0.5670635312445147 0.3501158216720333 0.010260334386519195 0.05562461692521518
0 0.5578409355697488 0.5895244219858957 0.01186407229800229 0.04460462973191242
0 0.331976278125 0.6489534240740741 0.01667244374999998 0.03952188666666677
0 0.45851278125 0.5238004907407408 0.01393518468749999 0.04431235861111123
0 0.47406534375000003 0.5989520101851853 0.021151605937499932 0.03413250527777778
0 0.49272841874999995 0.18936238518518517 0.018165497812500025 0.03053963305555556
0 0.5904269569214473 0.4860613798846657 0.021842592094605706 0.033499901031485514
0 0.5301793572135416 0.3186923114158588 0.012442047760416604 0.05691618531643062
0 0.4957819600274541 0.2119752004416025 0.020736413453956003 0.03391684014385266
0 0.4945990967166793 0.40808162669616704 0.00944788625414142 0.05179302114470301
0 0.426287775 0.14654671574074074 0.009704871562500017 0.03233606916666666
0 0.5188569656249999 0.2546331407407408 0.01617478593750009 0.046108867777777784
0 0.475185225 0.7956635907407407 0.018912044999999957 0.03353366888888898
0 0.47680256249999997 0.171697040462963 0.011197925625 0.03592894138888888
0 0.5235667007015479 0.452104813260925 0.011161534528095925 0.05541436309592414
0 0.44112683347880466 0.24233451569866185 0.018716141713621206 0.033931209741958644
0 0.528935090625 0.6220068824074074 0.012939828750000023 0.05389344861111106
0 0.40973949375 0.1776851851851852 0.012442130624999947 0.029940796666666675
0 0.5520420960325474 0.4550958107996372 0.02332058237759457 0.02786363900668173
0 0.567256959375 0.24056117962962964 0.018414346875 0.041917086111111085
0 0.5037654681536746 0.278826931769426 0.011609620125861279 0.053464873098492294
