0 0.408951 0.009836069999999999 0.05493830000000007 0.0180328
0 0.586728 0.732377 0.035185199999999965 0.0647541
0 0.5947477348640547 0.7775254990618782 0.060772138921001924 0.031227785160617676
0 0.61358 0.9631150000000002 0.054321000000000036 0.036065599999999934
0 0.619444 0.496721 0.033950600000000046 0.04262289999999994
0 0.542901 0.289344 0.04382720000000004 0.0393443
0 0.528395 0.72418 0.029629599999999933 0.045081999999999914
0 0.5952402310747164 0.6926630860229318 0.04480106214943265 0.0427037720458638
0 0.54537 0.828689 0.025308599999999966 0.06229509999999996
0 0.7391980000000001 0.741803 0.024074100000000074 0.02950819999999999
0 0.558951 0.742213 0.031481499999999954 0.07622950000000002
0 0.662037 0.379098 0.027777799999999943 0.03688520000000002
0 0.630556 0.404508 0.04753090000000005 0.04344259999999996
0 0.5008279762113752 0.03592578095802142 0.028815752422750297 0.07407850536340377
0 0.615432 0.927459 0.055555599999999955 0.04180330000000013
0 0.572839 0.461475 0.06790119999999995 0.02950819999999999
0 0.569753 0.40041 0.06172839999999999 0.03688520000000002
0 0.6345201884678514 0.8136788043210462 0.025308599999999966 0.07540980000000018
0 0.568519 0.245902 0.05308640000000005 0.040983600000000016
0 0.47253100000000003 0.74959 0.026543200000000024 0.07950819999999999
0 0.338889 0.639344 0.03333329999999994 0.057376999999999935
0 0.508951 0.285246 0.035185199999999965 0.06885249999999998
0 0.52037 0.783607 0.03703699999999995 0.07213109999999993
0 0.501852 0.8893440000000001 0.03827160000000001 0.05573769999999983
0 0.543827 0.197951 0.04567900000000003 0.04672129999999998
0 0.47037 0.818033 0.034567900000000006 0.07213109999999993
0 0.46049399999999996 0.17418 0.03703699999999995 0.035245900000000004
0 0.473765 0.360246 0.029012299999999974 0.0745902
0 0.474383 0.122131 0.03888889999999997 0.07049180000000001
0 0.438889 0.571311 0.05555560000000003 0.04262289999999994
0 0.571605 0.92541 0.04691359999999995 0.06065569999999991
0 0.320062 0.0491803 0.043827200000000004 0.05409839999999999
0 0.8336419999999999 0.589344 0.03271610000000001 0.07377049999999997
0 0.730864 0.165984 0.03580250000000006 0.06803280000000002
0 0.42376499999999995 0.9545079999999999 0.035185199999999965 0.06147540000000003
