0 0.4977971002979991 0.5195777630912003 0.02398860059599834 0.04243482618240056
0 0.397531 0.603279 0.03333329999999994 0.03770490000000005
0 0.42263708197105143 0.2639251288910872 0.03003363605789694 0.04264204221782551
0 0.6843337590464028 0.9492180139438479 0.026252305945792562 0.06877708686640278
0 0.561728 0.193852 0.028395100000000045 0.02377049999999998
0 0.452778 0.154918 0.027777799999999943 0.040983600000000016
0 0.545679 0.47377 0.030864199999999994 0.04262289999999994
0 0.388889 0.584016 0.04938270000000004 0.0647541
0 0.653704 0.9581970000000001 0.04074069999999996 0.06229510000000014
0 0.688272 0.466393 0.028395100000000045 0.03442620000000007
0 0.5124095343116701 0.7908287965202598 0.05172333137665967 0.04129260695948041
0 0.616975 0.42950800000000006 0.020370400000000066 0.07049180000000001
0 0.39043199999999995 0.727869 0.025308599999999966 0.07704919999999996
0 0.654012 0.365984 0.027777799999999943 0.030327900000000015
0 0.423148 0.14959 0.05740740000000002 0.04836069999999998
0 0.618827 0.980738 0.029012299999999974 0.03688520000000012
0 0.523457 0.397541 0.034567900000000006 0.06393440000000002
0 0.598148 0.17459 0.04567900000000003 0.04426229999999999
0 0.413272 0.722541 0.025308599999999966 0.07459019999999991
0 0.639198 0.42459 0.029012299999999974 0.07540980000000004
0 0.547222 0.384836 0.025308599999999966 0.03852459999999998
0 0.491358 0.379098 0.022222200000000056 0.08278689999999997
0 0.495679 0.116803 0.027160499999999983 0.035245900000000004
0 0.646605 0.304918 0.03271610000000001 0.06229510000000005
0 0.468827 0.682787 0.05123460000000006 0.03114749999999992
0 0.566049 0.969262 0.05679010000000006 0.028688499999999877
0 0.35463 0.677459 0.05617279999999996 0.04672130000000003
0 0.127469 0.014754099999999996 0.027777800000000016 0.027868899999999995
0 0.592901 0.332377 0.04135800000000006 0.05819669999999996
0 0.5403929550056761 0.5664168619935934 0.03387281001135245 0.07217852398718679
0 0.607407 0.279918 0.05185190000000002 0.05327869999999997
0 0.58642 0.610246 0.05432099999999997 0.035245900000000004
0 0.62037 0.370082 0.03827160000000001 0.04508200000000001
0 0.605864 0.701639 0.035185199999999965 0.06393440000000007
0 0.560494 0.25082 0.03703699999999995 0.07049180000000001
0 0.553704 0.687705 0.05555560000000003 0.05081969999999993
0 0.642593 0.9323769999999999 0.04320990000000001 0.06311479999999989
0 0.592901 0.662295 0.04629629999999999 0.05245900000000004
0 0.475309 0.198361 0.027160499999999983 0.07377049999999997
0 0.620062 0.8536890000000001 0.036419799999999954 0.05163929999999992
0 0.578704 0.152869 0.04629629999999999 0.0598361
0 0.341049 0.944262 0.040123500000000034 0.06557379999999993
0 0.538889 0.925 0.03333329999999994 0.0663934000000001
0 0.473457 0.275 0.04814809999999998 0.06639340000000002
0 0.412654 0.0954918 0.05246909999999995 0.03196720000000001
0 0.552778 0.640164 0.040123500000000034 0.06885250000000008
0 0.462346 0.4381149999999999 0.04074069999999996 0.06147540000000003
0 0.37129600000000007 0.022131099999999997 0.025308599999999966 0.0426229
0 0.573457 0.9270490000000001 0.05061729999999996 0.05737700000000012
0 0.662037 0.629508 0.05 0.06065569999999991
0 0.47963 0.8950820000000002 0.04814809999999998 0.05573769999999983
0 0.341049 0.267213 0.05864199999999997 0.0393443
