0 0.457099 0.40082 0.05864199999999994 0.04262289999999999
0 0.489198 0.381148 0.04135800000000006 0.049180299999999975
0 0.500309 0.0110656 0.024074099999999935 0.022131099999999997
0 0.29722233364197526 0.5398799755359395 0.026543432716049347 0.07597684892812112
0 0.551694547233869 0.4262450519873183 0.0490683944677382 0.0344570039746365
0 0.649074 0.545082 0.05370369999999994 0.04262289999999994
0 0.438272 0.129918 0.03209880000000005 0.06639340000000002
0 0.6723269684078732 0.4568359058536963 0.024481563184253395 0.07157468829260756
0 0.606173 0.986066 0.030864199999999994 0.027868900000000068
0 0.642284 0.372951 0.05987649999999997 0.05245900000000004
0 0.466358 0.2 0.021604899999999955 0.06557380000000002
0 0.41450600000000004 0.252049 0.035185199999999965 0.05327869999999997
0 0.389815 0.22909799999999997 0.04135800000000006 0.04344259999999999
0 0.634877 0.977049 0.035185199999999965 0.0459016000000001
0 0.542593 0.726229 0.03580250000000006 0.06065569999999991
0 0.570988 0.8643439999999999 0.04938270000000004 0.0401638999999999
0 0.537654 0.25082 0.05308640000000005 0.04262290000000003
0 0.519753 0.531148 0.05061729999999996 0.04426229999999999
0 0.589198 0.79918 0.03641980000000002 0.0606557000000001
0 0.543519 0.827869 0.05617279999999996 0.03442620000000007
0 0.654012 0.622951 0.022839499999999874 0.08688519999999993
0 0.614815 0.82459 0.025925900000000064 0.08032790000000001
0 0.400309 0.590164 0.04753090000000005 0.04426229999999999
0 0.65679 0.77418 0.032098799999999914 0.054918000000000085
0 0.600926 0.515164 0.05123460000000006 0.05
0 0.517284 0.764344 0.030864199999999994 0.07459019999999991
0 0.738272 0.79959 0.03703700000000009 0.054918000000000085
0 0.403395 0.20041 0.05246909999999995 0.05
0 0.349383 0.258197 0.05185190000000002 0.03442619999999998
0 0.40463 0.127049 0.05123460000000006 0.057376999999999984
0 0.601235 0.572131 0.04814809999999998 0.05245900000000004
0 0.693827 0.187295 0.04074069999999996 0.03852460000000002
0 0.558025 0.9491800000000001 0.04074069999999996 0.03770489999999986
0 0.467593 0.816803 0.04629629999999999 0.056557399999999945
0 0.34753100000000003 0.0651639 0.05432099999999997 0.035245900000000004
0 0.471914 0.0295082 0.040123500000000034 0.057377
0 0.434568 0.943033 0.044444399999999974 0.058196699999999865
0 0.802161 0.815574 0.038888900000000115 0.06229510000000005
