0 0.4791753363850742 0.7273438939031129 0.03727978915244835 0.03637870694418869
0 0.4857643223748092 0.7633772333763124 0.03727978915244835 0.03983238165407996
0 0.5455688553569246 0.4779339351809771 0.05947898928615083 0.03921472963804578
0 0.5236215800659298 0.6253971985194403 0.024361639868140453 0.07707540296111921
0 0.23353494623655913 0.5332826546800635 0.028001792114695348 0.04792437863564254
0 0.4914341339540852 0.7979233521596979 0.05416803209182969 0.03202279568060409
0 0.5413578021604939 0.7124149368161724 0.059259704320987656 0.03630477363234479
0 0.5733618233618233 0.15995221344660515 0.04785824961263559 0.04679100019911065
0 0.49495830909443467 0.6280576774525791 0.029086678301338 0.08368380396532489
0 0.534259 0.744262 0.05617279999999996 0.036065599999999934
0 0.5776897397266314 0.3314739681833389 0.039631858415217804 0.043977456741385056
0 0.48734583950617283 0.34637019432084304 0.05201530007558572 0.04061524869521581
0 0.6570188539326363 0.15129456358981933 0.027936792134727353 0.04167247282036137
0 0.3906069410999427 0.4351517709627641 0.024424682199885257 0.05718854192552809
0 0.5585412451553614 0.8661723627693868 0.038764367783326224 0.04606750507459933
0 0.5291129144125398 0.8340624424387548 0.05531280344014424 0.03752993184748569
0 0.5889960292517007 0.2558048521746403 0.05481217430083143 0.04643646493810639
0 0.5191486919347206 0.5208671481902288 0.06133857687763076 0.04433127739003406
0 0.6000312109862672 0.770284582796095 0.06155500069357752 0.05456806041628285
0 0.6252600915522264 0.5350893350524958 0.06034124011652096 0.035457727021550964
0 0.5805618543713781 0.4374372699899632 0.05555555555555555 0.046503847440615594
0 0.34921274096066374 0.026957910219353554 0.026820681921327534 0.05227652043870711
0 0.3712568699492891 0.4491250465870375 0.03263793989857834 0.0769392931740751
0 0.6018518518518517 0.10196123979557974 0.03661218573499276 0.05293024490608615
0 0.4675610985134794 0.321763131482101 0.05631141345427063 0.048678487788558024
0 0.5588066788313619 0.6272401490108145 0.0330034423372762 0.07174920197837094
0 0.548457 0.266393 0.030246900000000035 0.08032790000000001
0 0.550309 0.792623 0.04753090000000005 0.06229509999999996
0 0.5126606198034769 0.2754265640682502 0.05328798185941046 0.0627300100368016
0 0.6044973544973544 0.31239544998327196 0.05328798185941039 0.05470056875209096
0 0.6314122648778029 0.3727836277601204 0.044305729755605844 0.07443943568082972
0 0.44453191383015944 0.03824583526913121 0.03261358524516421 0.04031990442689321
0 0.6413857677902621 0.653665500092098 0.06172839506172839 0.0336157671762756
0 0.531001649422702 0.030779186301188022 0.05210676263307836 0.040983606557377046
0 0.3361858190709046 0.3888933424185338 0.06142654471912824 0.05070343500741515
0 0.44609386714649873 0.17828698480122118 0.05248163142899988 0.05558505342802151
0 0.4328600165660869 0.9688720997224114 0.05279848538634478 0.06061645629288213
0 0.6571680524061475 0.32236533957845426 0.02328042328042332 0.025727668116426874
