0 0.7729186665613558 0.3385469405122174 0.09926489946858487 0.03661632459876948
0 0.2505643641429039 0.7185597573491087 0.06698509596125153 0.07578058255557157
0 0.7200283534195573 0.5267148571632659 0.0989950764256322 0.04588429178593098
0 0.6468415746782296 0.3410836201941015 0.08341574065291736 0.035422024796982254
0 0.6311405171609209 0.8380625899199178 0.07493161708531453 0.06309149853359854
0 0.9957251940987321 0.7132549304464747 0.008549611802535868 0.05529376193742042
0 0.7866228905577841 0.048525408383152946 0.09586851229903318 0.04664308360059278
0 0.5627190368387578 0.4258057264644398 0.05856691896945208 0.03732475103464663
0 0.050741218726100774 0.8564774516283291 0.08019342474234321 0.04078211389976921
0 0.4060296415090956 0.6921734307971317 0.091745059935268 0.05366858340178821
0 0.7767095167369714 0.20729610295946552 0.09440427681706774 0.0440677634730246
0 0.3596925795924223 0.5353662432388457 0.07989949523476542 0.05184312138131904
0 0.6751524507180541 0.3907524071005558 0.04591670745911157 0.07297185666900184
0 0.514373025 0.6629473481481482 0.08315578104166667 0.05697631555555568
0 0.5091235622196272 0.051252481990186914 0.03913838607125631 0.0728433351384171
0 0.36195072221523655 0.017754331205310038 0.07895424297213983 0.035508662410620076
0 0.5307564698261564 0.8393969427479553 0.04854358867461042 0.08963018520502715
0 0.8011451548880465 0.29054986637599256 0.07177292942548874 0.05508942529724776
0 0.4680256905654879 0.569136312112377 0.05415590434379981 0.06352803532261067
0 0.3409722490831741 0.9350413346194906 0.08287311378269079 0.06040315687544396
0 0.3505180735988954 0.6444375989618678 0.10521648645740882 0.04180308026873979
0 0.0852006139637164 0.18462664725797845 0.05850378980243273 0.07060688266410506
0 0.7754486739826244 0.9687136590142056 0.08964211124704917 0.04856222342561157
0 0.5538669342908631 0.5914079272672437 0.09244185785882734 0.055494045422257075
0 0.04509648387611751 0.4221888754868831 0.09019296775223502 0.03462063689969228
0 0.36830848591722926 0.9866472909746777 0.07251111458529458 0.026705418050644563
0 0.4498725026811871 0.8975076438599792 0.09488596755429247 0.043020375203241305
0 0.2827387355667426 0.015964669507960928 0.052725413520316525 0.031929339015921855
0 0.42811380966362217 0.5062592219964206 0.08566834344744029 0.05748385767666314
0 0.6045545090194718 0.9157238736427492 0.07886324677004335 0.06475866484826819
0 0.5759033807774804 0.8020810207302642 0.04964727636170612 0.0803498815024347
0 0.49266485000493115 0.7268572091860424 0.08013176120928472 0.059510061867288966
0 0.4038222242108952 0.4768840501320683 0.04970313746668135 0.041850809567246364
0 0.49173578610685253 0.49146388164656674 0.04529186503133502 0.07721704346583809
0 0.3859293803215917 0.9526861998171761 0.07805987622171351 0.062027031297705024
0 0.5416619502396673 0.18130795677299238 0.06281273668193528 0.05488359957678844
0 0.3239236195163937 0.44281531880106834 0.05992462142607392 0.07192320360647807
0 0.0484769337921992 0.7957491765666724 0.05000295895699054 0.0783016586875573
0 0.6197337400558098 0.7720838730916582 0.044866137059537674 0.08096092530479267
0 0.34926530477611817 0.34285860747763763 0.071865278461762 0.06526906886307252
0 0.3000319480171576 0.3038207672348197 0.05296156623294775 0.07305443026203691
0 0.5501823283158854 0.917006240602839 0.05568053465004598 0.07789290430412207
0 0.7963532349433513 0.1764186904579585 0.08982709975927013 0.04736535121590406
0 0.6716257833723337 0.8040742526518805 0.06782166455974246 0.07228829601057182
0 0.5257007985402286 0.2921992503669282 0.06526719605651128 0.07587166358303576
