0 0.5976079815583593 0.07227226571488621 0.025333035210057506 0.05782140864108569
0 0.620846180105594 0.23283047914189636 0.028601132304526763 0.07238023549510601
0 0.4983612141497132 0.1441123937774186 0.03297699272300466 0.07580271413068572
0 0.546296 0.736475 0.05555560000000003 0.03688519999999993
0 0.6269163808900523 0.7047851490451462 0.0550677617801047 0.035799198090292604
0 0.708025 0.992623 0.05308640000000005 0.014754100000000183
0 0.571296 0.0991803 0.05246909999999995 0.0377049
0 0.599383 0.773361 0.029629599999999933 0.07459019999999991
0 0.6368206723207938 0.7426550823899235 0.054003927157261954 0.04846376020513252
0 0.526852 0.805738 0.04135800000000006 0.06557379999999993
0 0.507407 0.251639 0.03333329999999994 0.06721310000000004
0 0.560802 0.8577869999999999 0.04876539999999994 0.031967200000000036
0 0.523639292992523 0.19634068136688987 0.05679010000000006 0.036065600000000024
0 0.6663580000000001 0.928279 0.0561728000000001 0.04344260000000006
0 0.583951 0.8237700000000001 0.05432099999999997 0.036065600000000024
0 0.6462960000000001 0.683607 0.05061730000000003 0.04918030000000007
0 0.513889 0.67582 0.04135800000000006 0.06147540000000003
0 0.524691 0.268852 0.03209880000000005 0.06393439999999997
0 0.536728 0.8938520000000001 0.05370370000000001 0.0401638999999999
0 0.512654 0.05286890000000001 0.029012299999999974 0.0385246
0 0.500617 0.729918 0.028395100000000045 0.07295080000000005
0 0.4861720870674666 0.20982457622373588 0.02729113988002083 0.07273158144770259
0 0.5537080223787167 0.24708497210805822 0.028908072787341418 0.07729161200646502
0 0.483333 0.778689 0.024691400000000033 0.07377049999999997
0 0.52963 0.0889344 0.025925900000000064 0.07786879999999999
0 0.602161 0.887705 0.05246909999999995 0.03934430000000009
0 0.516975 0.547951 0.04382720000000004 0.054918000000000085
0 0.511728 0.8422129999999999 0.03209880000000005 0.07459019999999991
0 0.50216 0.604098 0.05 0.04590159999999991
0 0.674691 0.967623 0.025925899999999925 0.03032790000000011
0 0.457099 0.546311 0.029012299999999974 0.07459019999999991
0 0.572531 0.377459 0.05 0.03852459999999998
0 0.5384462765512895 0.4969294661488284 0.04973145310257904 0.050686600274654395
0 0.289815 0.25082 0.026543200000000024 0.07868849999999997
0 0.26358 0.421311 0.03827160000000001 0.04426229999999999
0 0.439815 0.620492 0.027777799999999943 0.06721310000000004
0 0.4552119394887846 0.15913738305241285 0.03888889999999997 0.06803280000000002
0 0.542593 0.639754 0.05308640000000005 0.05819670000000005
0 0.616049 0.4995899999999999 0.05308640000000005 0.05983609999999991
0 0.691358 0.50082 0.04074069999999996 0.06557379999999993
0 0.43288231296781077 0.7883226858209595 0.04164207406437854 0.04630462835808089
0 0.277469 0.0155738 0.035185200000000035 0.026229499999999996
0 0.532716 0.958607 0.05308640000000005 0.04344260000000006
0 0.3431178381730335 0.7947645745451033 0.03598682365393324 0.06948795090979329
0 0.280864 0.10532799999999999 0.04938270000000004 0.0336066
0 0.40802499999999997 0.309016 0.04691359999999995 0.04754099999999996
