0 0.48573463275605844 0.8883098555555557 0.08460642374999996 0.07510312842592587
0 0.5331786341079641 0.026673708088780942 0.07091200677801979 0.053347416177561884
0 0.6669749891335333 0.15869557667014642 0.08241334175229961 0.07533026329760288
0 0.5953406189890463 0.08567376129486527 0.080605224137618 0.08732843210706435
0 0.6604280978509373 0.9479257319705863 0.04884687928669417 0.10414853605882736
0 0.5025509505528407 0.8190812607379954 0.07348467431098556 0.07201887833882392
0 0.8269565958333336 0.7980406981481482 0.06370374750000009 0.08521334453703718
0 0.3921939858902034 0.9969247163179127 0.06735385492283932 0.006150567364174667
0 0.5586679473001389 0.05794311602398494 0.0752317343031347 0.11588623204796988
0 0.6719485882487427 0.6277212074703725 0.07987540009144946 0.11723733574699972
0 0.6450764796659404 0.25701155993666436 0.0868509440813361 0.060414856086130175
0 0.1877488792634778 0.9515130363102121 0.04067669202249486 0.09697392737957565
0 0.4709851537494283 0.593842737824852 0.08181084247828067 0.08603348212612501
0 0.6435668259418875 0.04307539753403891 0.04953498161900865 0.08615079506807782
0 0.31727109053497937 0.4962638298590029 0.0663580246913579 0.09307663765769394
0 0.5999197859032066 0.6650947701384015 0.05255876476480346 0.05914519852562084
0 0.4092814071787837 0.8947370405975699 0.07311671239140374 0.10653887164841418
0 0.6138853166438042 0.7173208442960265 0.09339277549154103 0.0699857859782469
0 0.5307390008472523 0.18656689375811045 0.045214536431856564 0.13947335916758943
0 0.3791745256058528 0.711302958240572 0.04792524005486989 0.13016464653279036
0 0.3655035436671239 0.9468113086269836 0.07280949931412906 0.1063773827460329
0 0.6974472736625512 0.9459197699521014 0.04669638774577045 0.10816046009579736
0 0.5682207920714735 0.9545948861008419 0.06613757680812735 0.0908102277983163
0 0.6913448764511468 0.0356415382890659 0.04928721998562698 0.0712830765781318
0 0.5555393547600878 0.8866421192922691 0.0810552068035553 0.10489794076137307
