0 0.48792401045463457 0.7238225230028623 0.030325779090730906 0.039240153994275294
0 0.6900494385788503 0.984439210741043 0.03101223395341041 0.029482234255619057
0 0.45739026063100136 0.8195908144678637 0.027312365275328203 0.046675774134790536
0 0.2613168724279835 0.8128415300546448 0.048794826572604345 0.040983606557377046
0 0.5929620393460793 0.7049997955929848 0.0452572273021151 0.06213973263562407
0 0.7371533189836462 0.5380432997141824 0.033152725203493494 0.03630211242156438
0 0.49548054378306877 0.7525663367876658 0.03417118756613759 0.039558973575331724
0 0.5413193231982689 0.7237368520316614 0.026636676013852684 0.07181449143914546
0 0.5037975425940588 0.379268720065418 0.0516113896953168 0.05334683228846227
0 0.6054829339143065 0.5463244566426823 0.03309870956929779 0.04561976114531564
0 0.5404698131215172 0.6693307714320756 0.05757211908500355 0.03454478557704101
0 0.5806465573914233 0.17644098390419538 0.029547081827434308 0.07539944931850016
0 0.6501892674237364 0.35521863398929004 0.047255003834830146 0.0478005190709287
0 0.5605017125310285 0.08719627418687652 0.028410525062057167 0.03996644837375303
0 0.5501304947069001 0.36593201199330244 0.03167062549485352 0.07885206962345706
0 0.6127268581242402 0.7684352344023713 0.04995350339194575 0.05510110758371357
0 0.5149933807456667 0.5675360778381915 0.047258397216834454 0.05539430113241485
0 0.5542148483324953 0.9835119798234552 0.052064130495503035 0.031336696090794494
0 0.48417371611796983 0.8049116840098881 0.03228944803057019 0.07961196895654449
0 0.5551156857570159 0.15770413924691407 0.02727192750945726 0.0813831237101359
0 0.4068712364926173 0.28286903501405675 0.03588220737441228 0.06845814012924895
0 0.6767238180063831 0.4564046125036959 0.0377297805487518 0.07473964322086797
0 0.33499660318129637 0.5950788565029397 0.030219973293977114 0.0351510249790027
0 0.6323627171666387 0.9846246569245605 0.0402128372716608 0.029111341888584007
0 0.41610768729695163 0.22189764015593624 0.039782258478530216 0.04765084276395176
0 0.3039567081312812 0.5801474476623013 0.02764307634642864 0.07994525150091764
0 0.3927286866919413 0.34263263198657545 0.05322251385243515 0.04404930941009423
0 0.5324381486400078 0.8384494807654627 0.03147902218287349 0.06367970739990855
0 0.46220682449338724 0.1062470334805944 0.03327009266133244 0.0803242177516521
0 0.4175852439741328 0.7890970595888629 0.0442141877327063 0.05366900858704138
0 0.542701201572768 0.038062725911862424 0.03395749127003765 0.07064880061338494
0 0.6563837320279549 0.711234209558072 0.025245528154921346 0.07992314296226648
0 0.4806608857534784 0.6950949778818631 0.04813345091122869 0.06049960967993758
0 0.4576378291512002 0.2768338379212458 0.05670597440677492 0.048033737133520715
0 0.5922450543726608 0.4906626330205474 0.05131319125467847 0.05965773395890501
0 0.7109898809965609 0.6214067479220737 0.058017269106113434 0.044350997076119496
0 0.5796465626058311 0.6253832631535915 0.05341584310827871 0.06643227995584804
0 0.6653020294815932 0.9622171601439062 0.05581494103681355 0.03622127971218747
0 0.5115620445984217 0.1282449158421264 0.04234375429624136 0.06444192924166638
0 0.6975061233578267 0.42757646440421826 0.044409807268858674 0.0706330694175236
0 0.382407 0.908607 0.04506170000000007 0.045081999999999914
0 0.675239367624137 0.5605473241565098 0.04638907444518666 0.06159860705016589
0 0.694136 0.09344260000000001 0.06111109999999989 0.03934430000000001
0 0.5941853745708473 0.8304647853720711 0.05683997882765421 0.04059671529316681
