0 0.1880821191619716 0.333479938587048 0.09077133555001389 0.07383408509691157
0 0.47360843065452624 0.7512214679536825 0.053054483372921506 0.15399084493940587
0 0.40359531248200325 0.02941738574299714 0.04742406380656708 0.05883477148599428
0 0.40174909686505045 0.10478606160398503 0.03838304554073216 0.11664131894871077
0 0.28322361789243733 0.7302043447598527 0.06790100546904772 0.136207125313858
0 0.6658998885416667 0.27617875000000003 0.05055456531250009 0.12932001314814787
0 0.48344357135416677 0.9562839794444447 0.05698880437499992 0.08743204111111098
0 0.34130400431037927 0.7042702690181926 0.04432980563550875 0.07328945012318547
0 0.2531913260416667 0.9809566185648149 0.07261472843750015 0.03808676287037037
0 0.27065505104166654 0.024934129953703685 0.08180656234374979 0.04986825990740737
0 0.7247282807291666 0.3314793407407406 0.06526143999999998 0.13782778037037036
0 0.41214819580070966 0.4024180580253164 0.03798963006949947 0.1653077574283918
0 0.5868515166666667 0.4106032574074073 0.08915985078125009 0.0850789177777777
0 0.3564086746065708 0.04280094972222228 0.06580152947355854 0.08560189944444456
0 0.35134295456878095 0.35472535539316435 0.05130783371455377 0.10791484409139453
0 0.5359862466633302 0.06837021447677184 0.04223233650316966 0.13674042895354369
0 0.309646843872427 0.24378529211976846 0.07184126699472936 0.1155819842395374
0 0.3451684198016245 0.6303488373350163 0.08068673741795264 0.08361597282099342
0 0.41453138306014364 0.005895188485760364 0.06304965880463781 0.011790376971520728
0 0.4880182903360604 0.29672617888711494 0.046941209568634436 0.11559417756606376
0 0.28628127291666666 0.08219800370370375 0.06526143999999998 0.14973882055555532
0 0.434090482133955 0.5903596404316782 0.049561184056186036 0.10710649319932444
