0 0.520659499671933 0.779591395984753 0.024035399343865987 0.07557589196950588
0 0.6596328031511699 0.16261919417631548 0.026672406302339757 0.06797495568038521
0 0.49660499999999996 0.797541 0.021604899999999955 0.08196720000000003
0 0.438889 0.726639 0.04938270000000004 0.04344260000000006
0 0.5406415928019512 0.18358925695001718 0.056591285603902274 0.029474013900034436
0 0.38353621686955025 0.388627765676946 0.027195027195027158 0.053880545683824395
0 0.61358 0.959836 0.025925900000000064 0.06557379999999993
0 0.570679 0.341803 0.05740740000000002 0.032786899999999966
0 0.639198 0.961475 0.024074100000000005 0.07049180000000001
0 0.4873566777885695 0.3939585214175169 0.03022574442286111 0.06454205716496615
0 0.512963 0.139344 0.03209880000000005 0.06393440000000002
0 0.48858 0.55082 0.031481499999999954 0.04426229999999999
0 0.593518 0.196721 0.029012299999999974 0.03934429999999998
0 0.420679 0.291393 0.03641980000000002 0.033606599999999986
0 0.452469 0.783197 0.04567900000000003 0.07459019999999991
0 0.483951 0.771311 0.030864199999999994 0.07704919999999996
0 0.486111 0.0127049 0.05246909999999995 0.0237705
0 0.527778 0.713115 0.024691400000000033 0.06393440000000007
0 0.552161 0.733607 0.026543200000000024 0.0754098000000001
0 0.43857999999999997 0.361885 0.04753090000000005 0.05327869999999997
0 0.630864 0.173361 0.044444399999999974 0.06311480000000003
0 0.498765 0.9811479999999999 0.04567900000000003 0.03770489999999986
0 0.489815 0.715164 0.05246909999999995 0.040163900000000086
0 0.560802 0.548361 0.025308599999999966 0.07868850000000006
0 0.588272 0.970492 0.03333329999999994 0.05737700000000012
0 0.563272 0.381557 0.04629629999999999 0.0598361
0 0.448765 0.688115 0.05802469999999998 0.03688519999999993
0 0.547531 0.140984 0.05061729999999996 0.057376999999999984
0 0.617901 0.148361 0.044444400000000044 0.06393440000000002
0 0.509877 0.9389339999999999 0.039506200000000075 0.03688520000000012
0 0.555864 0.9606559999999998 0.035185199999999965 0.07704919999999996
0 0.6734570000000001 0.944262 0.04197529999999988 0.05573769999999983
0 0.504938 0.461475 0.03827160000000001 0.06393440000000007
0 0.668827 0.682377 0.05740740000000002 0.040163900000000086
0 0.571914 0.8963109999999999 0.04629629999999999 0.056557399999999945
0 0.528704 0.417213 0.04135800000000006 0.06229509999999996
0 0.59537 0.0680328 0.03641980000000002 0.05573769999999999
0 0.454012 0.109426 0.04753090000000005 0.05491799999999999
0 0.258951 0.55 0.0450617 0.07049180000000001
0 0.223148 0.939344 0.05370370000000001 0.04262289999999994
0 0.314198 0.158607 0.0395062 0.0647541
