0 0.55 0.35082 0.04197530000000002 0.02622950000000002
0 0.6197082434156379 0.08459700396174864 0.02478171316872423 0.07015029207650272
0 0.7032857510288066 0.6804986338797815 0.050475823045267584 0.052937158469945296
0 0.5037164579218107 0.28699620218579236 0.0493567841563786 0.05059759562841529
0 0.658333 0.768033 0.033950600000000046 0.04754099999999996
0 0.5132338919698938 0.32604265764308304 0.0548620839397877 0.03241281528616623
0 0.75 0.9004099999999999 0.06666670000000005 0.028688499999999877
0 0.42654300000000006 0.14959 0.04320989999999994 0.028688500000000016
0 0.37963 0.536066 0.03209880000000005 0.03934430000000009
0 0.7446309511316873 0.3293030987704918 0.0354295977366255 0.06434390245901637
0 0.563272 0.287705 0.03888889999999997 0.06393439999999997
0 0.454321 0.177049 0.05185190000000002 0.05245899999999999
0 0.540432 0.0405738 0.026543200000000024 0.0401639
0 0.399074 0.9856559999999999 0.033950600000000046 0.028688499999999877
0 0.481173 0.368033 0.040123500000000034 0.06393439999999997
0 0.686728 0.543443 0.05246909999999995 0.040983600000000016
0 0.440741 0.544672 0.05555560000000003 0.03032789999999992
0 0.551852 0.684016 0.039506200000000075 0.054918000000000085
0 0.539506 0.290164 0.04567900000000003 0.06557380000000002
0 0.630864 0.811885 0.027160499999999983 0.06311480000000007
0 0.477778 0.12049199999999999 0.04567900000000003 0.04426229999999999
0 0.598765 0.787295 0.029629599999999933 0.03360660000000008
0 0.525309 0.14918 0.06049379999999993 0.04590160000000001
0 0.604321 0.12459000000000002 0.03703699999999995 0.06885249999999998
0 0.4990740000000001 0.0631148 0.022839500000000016 0.07049180000000001
0 0.71821 0.47540999999999994 0.05987649999999997 0.04918030000000007
0 0.55679 0.727459 0.06172839999999999 0.035245900000000004
0 0.585802 0.575 0.04197530000000002 0.04672130000000003
0 0.516667 0.520492 0.05802469999999998 0.03442620000000007
0 0.399074 0.8553280000000001 0.021604899999999955 0.07131150000000003
0 0.645679 0.48729500000000003 0.03580250000000006 0.07295080000000005
0 0.458951 0.706148 0.045061699999999934 0.04672130000000003
0 0.454012 0.604918 0.04753090000000005 0.05409840000000009
0 0.362963 0.219262 0.05555560000000003 0.041803300000000015
0 0.628704 0.420082 0.06851850000000005 0.03852459999999998
0 0.670679 0.20983600000000002 0.0438271999999999 0.06065570000000003
0 0.443519 0.428689 0.04629629999999999 0.05245900000000004
0 0.52716 0.918852 0.03209880000000005 0.0540983999999999
0 0.8481479999999999 0.942213 0.04691359999999995 0.03852459999999998
0 0.449383 0.966393 0.03580250000000006 0.06721309999999985
0 0.48209899999999994 0.857377 0.04567900000000003 0.04426230000000008
0 0.8435180000000001 0.121721 0.0561728000000001 0.04508200000000001
0 0.275309 0.962705 0.044444399999999974 0.058196699999999865
0 0.6124614197530864 0.9503073770491803 0.028935185185185185 0.040983606557377046
