0 0.5471544582473857 0.40676696994611233 0.034878082571349486 0.049322277184997494
0 0.5175426711707334 0.49481663152761635 0.044866498169210206 0.036762139705214525
0 0.4548495942319544 0.5657414602515789 0.04056890469150976 0.04469257394128676
0 0.4887847171085168 0.533624934103225 0.0542019054187526 0.020550427248421165
0 0.695578893114712 0.7783771048092014 0.03751838293724248 0.028837242233449044
0 0.6494532169614842 0.7993399494969986 0.030053553264531983 0.045400637672669525
0 0.4924951857947594 0.5996146366172421 0.05263911312414192 0.024977352538779116
0 0.3368425260416667 0.4539238111111111 0.02849023281250004 0.015904652592592616
0 0.5628217177083333 0.7843307037037036 0.04273529677083327 0.040531269999999925
0 0.4682601418818645 0.3201830919028865 0.028437729805395644 0.048046819361328506
0 0.3407278677083333 0.8828370481481482 0.031080215833333293 0.03950518962962951
0 0.4736502248548889 0.7369604786259522 0.03986822065879571 0.041559617459824845
0 0.5297653538947068 0.6933308638463609 0.05963813721058629 0.03988407452950048
0 0.4912030747319541 0.3162104050841005 0.03120225060282511 0.05016833635537181
0 0.5459656887821157 0.31294814750041167 0.038139541928991015 0.04274384498642995
0 0.5623808368252471 0.6732968201899245 0.03325702155783894 0.03275002369422503
0 0.8874006321906492 0.8684099211551414 0.03414397671622531 0.04655264664610107
0 0.5669258706313907 0.39027748906651993 0.034573100696107535 0.043790200208295584
0 0.4496616535016384 0.4920189484218742 0.044978573763913114 0.04045830330933361
0 0.6380503165354138 0.6243261282562976 0.059336252241672466 0.023976983487404756
0 0.5718868156250001 0.568591562962963 0.04532538468749993 0.04617486851851846
0 0.3860787746593453 0.7215813375192888 0.028439502972975993 0.045975782368829925
0 0.6247341495757144 0.45676115507385484 0.03725534757221804 0.03817167892332846
0 0.6655762306109527 0.3389799635701275 0.04562420861031941 0.03788706739526412
0 0.6214217750000001 0.5655132592592592 0.051152872708333304 0.0379659751851852
0 0.3706179948777025 0.5556674747941199 0.03579517873703117 0.030891633956745983
0 0.5362484359841971 0.3529727138089332 0.03242774823993896 0.023872962752504
0 0.7134709362139919 0.8638104157358719 0.027854938271605078 0.047336495171323476
0 0.558937425 0.567821674074074 0.024605205833333345 0.04360957370370373
0 0.3096472322916667 0.8192185629629629 0.03626028677083332 0.04463571666666671
0 0.5400343001520691 0.29067117451769386 0.03525582522560124 0.016553693835708597
0 0.6928240740740741 0.7353533010275973 0.03420781893004102 0.023329438315519407
0 0.5322464280433183 0.6218580704557319 0.061345175733459927 0.029308781519680305
0 0.5524622052083333 0.7699650777777779 0.03626028677083338 0.04360957370370373
0 0.6891354562361507 0.3919034608378871 0.04592305713833499 0.02596842744383728
0 0.5167786526901257 0.7123438368642603 0.04158182826558221 0.03982303960481267
0 0.44502144938181754 0.738640786609503 0.04425089739788295 0.044024069169033085
0 0.5839048587488572 0.3201590308936381 0.05368946456910078 0.03501408738664066
0 0.6314582083333332 0.7827915518518519 0.031080215833333234 0.0446357166666666
0 0.6151949096758066 0.6451440183235763 0.035114692210886984 0.02954215224173635
0 0.5370241769547325 0.8767727606813025 0.04613801836024057 0.026379701530693626
0 0.48609251354166666 0.8007481148148147 0.04856288968749993 0.027191849629629575
0 0.5790092427083333 0.7409778222222223 0.053095438645833326 0.023600474444444436
0 0.3701889114583334 0.3869703925925926 0.03302278177083326 0.048227091851851846
0 0.7609953703703702 0.8409649906634133 0.031520061728394805 0.029524807826694584
0 0.4248752740489155 0.8320659104949318 0.03279938720865457 0.04155961745982505
0 0.5252669114583333 0.8143444777777777 0.051800394687499994 0.02667877814814814
0 0.607824128125 0.7109640481481482 0.05244791666666657 0.03642682333333335
0 0.5147142628739851 0.3047568059863142 0.03458027471916356 0.04284694530596172
0 0.469885190383595 0.5081136802193442 0.044677862708333356 0.040531269999999925
0 0.5440404791678785 0.898570310628655 0.060873516972885136 0.02035178918592014
0 0.5991657524452955 0.6708774360424272 0.03868329833857563 0.047850910137367676
