0 0.45463 0.0426229 0.04259259999999998 0.057377000000000004
0 0.419753 0.60041 0.03580250000000006 0.03032789999999992
0 0.683951 0.555738 0.03580250000000006 0.04262289999999994
0 0.588889 0.0295082 0.027160499999999983 0.0557377
0 0.48678350136684306 0.07722482968384076 0.05976629726631397 0.03735364063231851
0 0.686728 0.607377 0.035185199999999965 0.03770490000000005
0 0.4891417687153689 0.5492450230799019 0.053815762569262106 0.0490515538401962
0 0.517901 0.0348361 0.04074069999999996 0.0581967
0 0.209568 0.990984 0.025308600000000035 0.018032799999999967
0 0.5305869735199766 0.6857752670420809 0.02660674703995328 0.05351723408416146
0 0.574074 0.634426 0.05308640000000005 0.06229509999999996
0 0.487037 0.703689 0.05308640000000005 0.03852459999999998
0 0.55463 0.688115 0.027777799999999943 0.07459019999999991
0 0.655556 0.347131 0.030864199999999994 0.06967209999999999
0 0.585494 0.602459 0.035185199999999965 0.06229509999999996
0 0.596914 0.303279 0.029629599999999933 0.07377049999999997
0 0.170062 0.258607 0.02901229999999999 0.033606599999999986
0 0.589815 0.713525 0.04259259999999998 0.06639339999999992
0 0.49000613815402705 0.03057185003903201 0.03333329999999994 0.0606557
0 0.5451554857487922 0.5556960982478023 0.05166362850241556 0.04106670350439544
0 0.546914 0.0463115 0.05185190000000002 0.05
0 0.589815 0.529918 0.031481499999999954 0.08442620000000008
0 0.424691 0.337705 0.04691359999999995 0.05901639999999998
0 0.610494 0.24836100000000003 0.03950619999999993 0.05409839999999999
0 0.511111 0.46434400000000003 0.05061729999999996 0.035245900000000004
0 0.577469 0.937295 0.031481499999999954 0.031967200000000036
0 0.48425900000000005 0.661475 0.05123460000000006 0.04754099999999996
0 0.6373460000000001 0.417623 0.05246909999999995 0.06639340000000002
0 0.478086 0.372951 0.04876539999999994 0.040983600000000016
0 0.0611111 0.11352499999999999 0.02098770000000001 0.07950819999999999
0 0.266049 0.49467199999999995 0.030864199999999994 0.06639339999999992
0 0.363889 0.017623 0.045061699999999934 0.0336066
0 0.63858 0.9729509999999999 0.04135800000000006 0.05245900000000004
0 0.225 0.759836 0.03641980000000002 0.06721310000000004
