0 0.6335491479166667 0.6766224999999999 0.0649151331250001 0.02612701666666666
0 0.6218337679857309 0.19793309304096438 0.0416393671758172 0.049964261081928744
0 0.6708415604166666 0.1947235 0.04281635249999998 0.026127016666666683
0 0.6598186126690259 0.5358477101826917 0.051048817995281465 0.02202014213461662
0 0.5423922791666667 0.4969261249999999 0.046959866875000006 0.039480870833333334
0 0.7678685104166667 0.6682032499999999 0.03798223374999997 0.023224054166666657
0 0.5593111354166667 0.7172645416666666 0.028313996249999935 0.051673483333333346
0 0.49439678541666665 0.30010225000000007 0.02969520500000004 0.05109286250000001
0 0.6943207666666666 0.44873608333333337 0.03038580937500003 0.04296445416666678
0 0.5344502729166667 0.6931691666666667 0.03245751062500002 0.0185792291666666
0 0.6528856229166666 0.7779368333333334 0.04005404687500006 0.031352462500000206
0 0.6760202541666668 0.6232070833333334 0.054556291249999944 0.03657783749999992
0 0.7527437987551077 0.36721510621680903 0.055801673323117855 0.03182688756638191
0 0.5693250666666666 0.7584867083333334 0.049722172499999925 0.037739079166666696
0 0.5917694291666665 0.6580429166666667 0.05317519437500013 0.035416666666666666
0 0.5230558041666666 0.4075139166666667 0.05800931312499997 0.03599728749999995
0 0.49057343604397613 0.17627101567983722 0.03862468937961878 0.05076551885967444
0 0.551520441733367 0.10475063495728469 0.03344950950840075 0.02616793658123605
0 0.7095133916666666 0.689976 0.045578658125000025 0.024965845833333195
0 0.7105493541666666 0.6397544583333334 0.031076413749999907 0.029030049999999967
0 0.5976383916666668 0.11082651666666665 0.04834107562499999 0.034836045833333315
0 0.5206381854166667 0.12447064583333332 0.03936344249999995 0.02148226249999999
0 0.5361765041666667 0.20981879166666667 0.060771618749999944 0.02496584583333335
0 0.33245876587723877 0.51659705038362 0.02901395842114418 0.05211529660057326
0 0.48818101041666667 0.4652834583333334 0.04903167999999999 0.04586748750000009
0 0.5282344979166667 0.28181379166666665 0.028313996250000053 0.04586748750000003
0 0.6770562166666667 0.10269810833333334 0.06215282749999993 0.019740470833333336
0 0.37216216041666667 0.10763320833333333 0.04488816562500002 0.031933083333333334
0 0.49508705416666665 0.24465533333333336 0.028313996250000053 0.05747947916666668
0 0.39357056041666666 0.41796466666666665 0.031076413749999907 0.051092862499999954
0 0.6878481104816553 0.23119072959814901 0.04091936762997754 0.05377531752963138
0 0.6345851104166668 0.7227803333333334 0.06146222312499994 0.024385225000000017
0 0.7015725041666667 0.7094261250000001 0.06560573749999996 0.02438522500000012
0 0.33807559687540756 0.20475296026586434 0.03334280729248172 0.054314983031728596
0 0.5375581604166667 0.23072029166666666 0.06077161875000006 0.0249658458333333
0 0.5807195354166667 0.3889343333333333 0.03521992812499993 0.051092862499999954
0 0.4467458666666666 0.30677970833333335 0.049031680000000105 0.031933083333333334
0 0.4519256791666667 0.4879267500000001 0.03314811499999995 0.050512312499999934
0 0.6247705795143432 0.6285036781433281 0.04241855867964664 0.048046752046677084
0 0.6618635916666666 0.41157762500000006 0.05248459000000002 0.03367487500000003
