0 0.012726392033697092 0.4666177455204841 0.025452784067394183 0.15249614223164856
0 0.41567171666666664 0.1469616509259259 0.09862460739583329 0.10041666666666671
0 0.3266842916666667 0.3165172009259259 0.1020255445833334 0.09053968333333337
0 0.037043592708333385 0.41199537592592606 0.05554717156249964 0.1563865066666667
0 0.47691608213860104 0.5525386828110413 0.058174776528519344 0.06872986543689708
0 0.33161496460485346 0.8327652508882055 0.04613892743887386 0.1478090317421081
0 0.13566875104166662 0.8539933925925928 0.10089189885416681 0.1053551583333337
0 0.35729070625 0.40952512592592605 0.07255149020833317 0.12510932583333326
0 0.661667146875 0.21939219259259252 0.08275393447916682 0.10370892750000006
0 0.40773638020833336 0.04096806775462967 0.09182291666666664 0.08193613550925934
0 0.4547827697916667 0.4679656175925925 0.07481859802083322 0.11687837250000026
0 0.52336530625 0.44080290925925925 0.04647818937499994 0.1514480149999997
0 0.19404976145833336 0.8778624342592592 0.03854303656249982 0.07737023833333359
0 0.5437701947916666 0.9519398092592595 0.10315900666666664 0.08395496083333337
0 0.16502435324042525 0.5046370987322806 0.07845864331081577 0.10791300644604239
0 0.24373452382053593 0.1580648055988402 0.11070432920357157 0.08808653732083814
0 0.09882572395833324 0.078644175925926 0.09975825312500011 0.0856009908333331
0 0.5834468770833332 0.058890209259259266 0.10315900666666653 0.07572400749999986
0 0.07842083541666653 0.14037632592592603 0.06574979947916688 0.06749325500000014
0 0.2285786143721964 0.94600071035966 0.11314494859446285 0.07029211433186312
0 0.060283972916666664 0.992020705462963 0.05441352583333341 0.015958589074073905
0 0.20595368437499997 0.37577910092592587 0.09409020812500006 0.07078551583333319
0 0.6769703541666666 0.9656811125462963 0.0974909616666667 0.06863777490740741
0 0.2960760406250001 0.8745707759259259 0.040810144375000114 0.1728484133333333
0 0.46823737460426784 0.10454332171431649 0.09492776972936881 0.07331324342321918
0 0.5817463166666668 0.3214556925925925 0.09975825312499988 0.08066249916666696
0 0.4661173906249999 0.32886242592592596 0.0974909616666667 0.10206289749999992
0 0.44174575208333344 0.013806012129629626 0.09409020812500017 0.027612024259259252
