0 0.7589760739344971 0.4383025773467683 0.04747955213100582 0.049623845306463396
0 0.470988 0.683607 0.04938270000000004 0.02950819999999999
0 0.4915154710309035 0.8117914650151404 0.04413025793819304 0.06672796500991951
0 0.524691 0.335246 0.030864199999999994 0.0393443
0 0.4641974052469136 0.7116948265766941 0.05925951049382716 0.03322515315338827
0 0.549074 0.433607 0.026543200000000024 0.08196720000000003
0 0.5165209976606118 0.7814346548945389 0.056837693284579646 0.03888489298840965
0 0.585494 0.747131 0.031481499999999954 0.035245900000000004
0 0.4281474383423763 0.4886525507831262 0.02913407668475269 0.07730490156625253
0 0.5537467711075725 0.6127126095410881 0.05299955778485487 0.04342668091782405
0 0.4650426276244397 0.6414141739401692 0.050160744751120576 0.04340055211966173
0 0.7114492411732326 0.6998538164352094 0.02791538884957143 0.04646549023702622
0 0.5445602099315876 0.6610759039782814 0.03850401986317517 0.04257618619609475
0 0.500617 0.8709020000000001 0.05802469999999998 0.0401638999999999
0 0.6194248758433593 0.7266498605356584 0.03267655168671856 0.07431853099091561
0 0.638889 0.887705 0.025925899999999995 0.07049180000000001
0 0.6532533121215696 0.7516183625352407 0.04522727526146082 0.04839739835021393
0 0.602778 0.9368849999999999 0.029012299999999974 0.06721309999999985
0 0.569136 0.9106560000000001 0.039506200000000075 0.07049180000000001
0 0.589815 0.871311 0.026543200000000024 0.07213109999999993
0 0.591562328821656 0.6835283041792837 0.03662784235668795 0.07228789164143273
0 0.6600575324880081 0.8401924256943719 0.030502735023983516 0.07863064861125611
0 0.058642 0.741803 0.0246914 0.040983600000000016
0 0.311111 0.0860656 0.025925899999999995 0.07377050000000002
0 0.238272 0.9729509999999999 0.027160499999999983 0.05245900000000004
0 0.472222 0.92377 0.04320989999999994 0.06229510000000014
0 0.553704 0.9856559999999999 0.05802469999999998 0.028688499999999877
0 0.495679 0.365984 0.06543209999999999 0.040163899999999995
0 0.537346 0.9111387475201003 0.04753090000000005 0.054918000000000085
0 0.4993830000000001 0.9647540000000001 0.04074069999999996 0.06721309999999985
0 0.34127936726232605 0.6618067291792837 0.04325701242038216 0.030933078281298952
0 0.6919067509455847 0.616202895019317 0.047341644762915636 0.06653959995823323
0 0.5052132628843281 0.5330895059439281 0.04636267423134388 0.06168908811214379
0 0.140432 0.465164 0.022839500000000016 0.04344260000000006
0 0.346914 0.0758197 0.04197530000000002 0.05655739999999999
0 0.6370667232719981 0.3283360964707111 0.033274753456003774 0.07611460705857784
0 0.13179 0.0303279 0.027777800000000016 0.04590160000000001
0 0.6172840000000002 0.569262 0.04074070000000003 0.05819670000000005
0 0.43503007663167415 0.8171894062128015 0.05154085326334832 0.06552721242560307
0 0.24092762887080285 0.5527694695833768 0.030490942258394278 0.06659146083324637
0 0.182099 0.254098 0.03209879999999998 0.040983600000000016
0 0.40802499999999997 0.42459 0.05679010000000006 0.040983600000000016
0 0.31820021168711177 0.5154847961026418 0.06187747235590153 0.059142133804949315
0 0.208642 0.652869 0.04567900000000003 0.045081999999999914
0 0.734259 0.8360660000000001 0.05493830000000007 0.04262290000000003
0 0.7046300000000001 0.9745900000000001 0.04753090000000005 0.040983600000000016
0 0.494444 0.0786885 0.04814809999999998 0.055737700000000015
