0 0.459877 0.552869 0.05432099999999997 0.03688519999999993
0 0.516358 0.0163934 0.021604899999999955 0.031147500000000005
0 0.55463 0.579098 0.04753090000000005 0.031967200000000036
0 0.302778 0.695082 0.027777799999999978 0.07213109999999993
0 0.619753 0.969262 0.025925900000000064 0.06147540000000003
0 0.471296 0.354098 0.020370400000000066 0.06721310000000004
0 0.507099 0.144262 0.027777799999999943 0.06557380000000002
0 0.395062 0.383197 0.04197530000000002 0.04344259999999996
0 0.548457 0.980738 0.05740740000000002 0.03360659999999989
0 0.419444 0.406148 0.035185199999999965 0.05163930000000002
0 0.44321 0.284836 0.03209880000000005 0.06639340000000002
0 0.677161 0.613115 0.023456799999999976 0.07049180000000001
0 0.699383 0.342213 0.04197529999999988 0.03852459999999998
0 0.646605 0.531148 0.05987649999999997 0.04754099999999996
0 0.654938 0.697131 0.05308640000000005 0.03688519999999993
0 0.35216 0.218852 0.05370370000000001 0.036065600000000024
0 0.621914 0.0487705 0.03395059999999998 0.06639340000000002
0 0.35463 0.413115 0.05123460000000006 0.034426200000000025
0 0.525 0.685246 0.05246909999999995 0.04426229999999999
0 0.477778 0.17704899999999998 0.03950619999999993 0.07049179999999998
0 0.661728 0.927459 0.030864199999999994 0.05327870000000016
0 0.606173 0.72582 0.04814809999999998 0.05163929999999992
0 0.522222 0.9168029999999999 0.030864199999999994 0.07459019999999991
0 0.494753 0.536066 0.04135800000000006 0.05081969999999993
0 0.409568 0.281967 0.05123460000000006 0.05737700000000003
0 0.408951 0.355328 0.05246909999999995 0.05
0 0.40802499999999997 0.0229508 0.03209880000000005 0.0459016
0 0.605556 0.668033 0.05185190000000002 0.04918030000000007
0 0.658642 0.777049 0.023456799999999976 0.08688519999999993
0 0.539198 0.118443 0.04135800000000006 0.05491799999999999
0 0.593827 0.952869 0.03703699999999995 0.06311479999999989
0 0.583642 0.0315574 0.05370370000000001 0.03360660000000001
0 0.40524699999999997 0.744262 0.04753090000000005 0.04426229999999999
0 0.547531 0.878689 0.03580250000000006 0.06065569999999991
0 0.542284 0.404508 0.05493830000000007 0.040163899999999995
0 0.322531 0.0418033 0.03271610000000001 0.034426200000000004
0 0.471914 0.9700819999999999 0.04506170000000007 0.056557399999999945
0 0.466667 0.0426229 0.044444399999999974 0.06885250000000001
0 0.742593 0.952869 0.03580250000000006 0.056557399999999945
0 0.807099 0.968852 0.038888900000000115 0.06229510000000014
