0 0.360494 0.9938520000000001 0.034567900000000006 0.01229510000000014
0 0.549074 0.315984 0.030246900000000035 0.041803300000000036
0 0.470988 0.431148 0.04320989999999994 0.032786899999999966
0 0.350309 0.9643439999999999 0.05617279999999996 0.03852459999999998
0 0.525926 0.302869 0.04691359999999995 0.05327869999999997
0 0.495679 0.570902 0.06296300000000005 0.041803299999999946
0 0.6570243675686669 0.6259755053119838 0.03162936486266635 0.07263978937603255
0 0.30956799999999995 0.706967 0.05740739999999998 0.03360660000000008
0 0.4990740000000001 0.545492 0.05617279999999996 0.02868850000000006
0 0.5377714364077901 0.3489485629209556 0.062365060957986496 0.0290059113928072
0 0.466358 0.305328 0.05123460000000006 0.033606599999999986
0 0.686728 0.0385246 0.05370369999999987 0.05245899999999999
0 0.417284 0.489344 0.05185190000000002 0.0393442999999999
0 0.238889 0.740984 0.028395099999999975 0.04262289999999994
0 0.541667 0.590574 0.05123460000000006 0.035245900000000004
0 0.4672839999999999 0.689754 0.024691400000000033 0.06311480000000007
0 0.5633314677313618 0.6995013748919812 0.04617676453727629 0.03542415021603766
0 0.4963872745812996 0.37139392024081846 0.03191705083740073 0.07688365951836323
0 0.42971092434922004 0.45278013021985003 0.05168905130156005 0.033784939560299994
0 0.52716 0.760656 0.05679010000000006 0.03114749999999992
0 0.453086 0.515574 0.04320989999999994 0.06721310000000004
0 0.606481 0.422951 0.05864200000000001 0.03606559999999998
0 0.594136 0.74959 0.03641980000000002 0.0647541
0 0.5 0.49754100000000007 0.03950619999999993 0.0606557000000001
0 0.458333 0.252049 0.05 0.040163899999999995
0 0.471296 0.492623 0.035185199999999965 0.08032789999999992
0 0.49382699999999996 0.602869 0.05432099999999997 0.048360700000000076
0 0.575926 0.382787 0.05185190000000002 0.04590160000000001
0 0.604938 0.695082 0.027160499999999983 0.0606557000000001
0 0.615741 0.359016 0.026543200000000024 0.07704920000000004
0 0.555556 0.398361 0.05432099999999997 0.040983600000000016
0 0.55463 0.545082 0.04629629999999999 0.055737700000000015
0 0.568827 0.518443 0.04629629999999999 0.06147540000000003
0 0.583642 0.485656 0.03888889999999997 0.07295080000000005
0 0.571914 0.628689 0.040123500000000034 0.0606557000000001
0 0.68642 0.8754099999999999 0.025925899999999925 0.07377050000000007
0 0.473457 0.962705 0.024691400000000033 0.07295080000000005
0 0.51821 0.702459 0.04629629999999999 0.07049180000000001
0 0.750617 0.0397541 0.03456789999999986 0.0729508
0 0.861111 0.771311 0.04074069999999996 0.036065599999999934
0 0.745988 0.55123 0.035185199999999965 0.0647541
0 0.521914 0.9643439999999999 0.033950600000000046 0.06967209999999989
0 0.616358 0.0422131 0.04135799999999999 0.07295079999999998
0 0.551235 0.886885 0.05308640000000005 0.049180299999999885
0 0.520062 0.111066 0.04135800000000006 0.0598361
0 0.185185 0.17582 0.03827160000000001 0.06639340000000002
0 0.7050913963058666 0.3602744948532215 0.036845631160876684 0.040665904180963254
