0 0.5932135625 0.8236152314814815 0.0435905533333333 0.0458788958333333
0 0.5054593458333333 0.8088150925925925 0.027530836666666638 0.06955830555555556
0 0.43720554999999994 0.9002032870370371 0.03556069499999997 0.03477915277777794
0 0.45039692916666674 0.7607168981481482 0.04129625500000002 0.062158506944444455
0 0.5261072874999999 0.023694600231481483 0.036707844166666705 0.017759534722222223
0 0.4819430666666666 0.03146438425925926 0.024089482083333398 0.031819215277777785
0 0.5197982458333333 0.8743034953703704 0.04244340416666663 0.046618812499999794
0 0.5140625 0.37962550925925925 0.029825135000000103 0.05771855555555553
0 0.6798211875 0.028134488425925922 0.03211934041666673 0.025159423611111106
0 0.4434363795355954 0.5072373581260468 0.028104411250000065 0.056238631944444464
0 0.45555937916666667 0.025544509259259256 0.0263837804166668 0.02145947916666666
0 0.3797930794854248 0.4840952555785659 0.030858636054182872 0.06189456291694213
0 0.48481047499999996 0.7588662037037037 0.024089482083333398 0.05993848611111111
0 0.42688157916666664 0.8380443287037035 0.0378549004166666 0.05845856249999989
0 0.4222933541666667 0.3470668287037037 0.035560695000000093 0.03107920833333332
0 0.30127218333333333 0.2031405787037037 0.032119340416666496 0.06585836111111108
0 0.5882527918366982 0.17621095494528508 0.05580732215993673 0.02975955109427391
0 0.5897719291666667 0.5335418981481482 0.025236631249999895 0.039959020833333414
0 0.5415937083333333 0.5790509259259259 0.025236631250000013 0.06881829861111105
0 0.4176513429272087 0.5892151183648783 0.03170620411081941 0.06627776353321906
0 0.3440017708333333 0.8831832175925926 0.024663056666666704 0.06881829861111094
0 0.5717052125 0.6696988425925926 0.038428475000000024 0.059198569444444404
0 0.7454937583333333 0.687458287037037 0.040722773333333254 0.03847900694444438
0 0.45395190547873915 0.19026135808761538 0.056435508457478176 0.0398179412321766
0 0.5286885124999999 0.722237800925926 0.03498712041666666 0.03995902083333331
0 0.64626805 0.855434537037037 0.05448819166666669 0.03107920833333348
0 0.5788746625000001 0.599030300925926 0.047031907916666664 0.04217895138888895
0 0.5291539205609944 0.39747267772657235 0.0340552822113444 0.062332691101293004
0 0.45003379450880215 0.6334017619128245 0.03139251360093785 0.07111342524842491
0 0.5427403 0.850994675925926 0.05276746791666671 0.028119270833333113
0 0.38673228750000005 0.6663684953703702 0.032119340416666614 0.028859277777777737
0 0.5857579291666667 0.8820737037037034 0.04932611333333341 0.029599284722222362
0 0.47964895416666664 0.8857732870370371 0.03900204958333339 0.05327869444444452
0 0.43720555000000005 0.5476017592592594 0.05276746791666677 0.02959928472222215
0 0.5152100208333333 0.050333974537037036 0.04817905708333339 0.03551915972222222
0 0.3006979583333333 0.06217363425925926 0.05391461708333338 0.029599284722222223
0 0.6445472333333332 0.03960418981481482 0.022368851249999957 0.04809882638888888
0 0.5183645416666667 0.6449094675925926 0.041869829583333205 0.0525386875
0 0.6646218791666667 0.8324949537037037 0.03613426958333328 0.06511835416666648
0 0.49181805642909104 0.23151167520334695 0.02892605785818194 0.06387415422293574
0 0.6514305 0.5535212731481481 0.043016978750000115 0.0458788958333333
0 0.6964542 0.0629136412037037 0.029825134999999867 0.029599284722222237
0 0.5651090583333332 0.5367355460371879 0.026383780416666624 0.06733837499999983
0 0.4524048583333332 0.7177979398148148 0.03957562416666658 0.05475861805555532
