0 0.6169991225546059 0.525126353814628 0.023836512725545947 0.03549760762925601
0 0.5399999911678065 0.21247988169202345 0.029877117664387068 0.03733543661595318
0 0.526543 0.561885 0.03333329999999994 0.045081999999999914
0 0.6614836811570294 0.24069882069443935 0.04000659902664348 0.04472598488444267
0 0.5308629122418231 0.00776939408670655 0.03826832448364635 0.015538828173413101
0 0.34936282013469805 0.11947966288430313 0.033321151648720015 0.045694778552349005
0 0.5705439198516941 0.40093227884565025 0.026426852837928477 0.07542031110878336
0 0.6726734186609686 0.6211536018915511 0.02929703732193721 0.03575080378310214
0 0.4693970502611586 0.5815259991488021 0.030341701946818664 0.03871344936948302
0 0.6612060778727445 0.5953656998738965 0.06315289648622986 0.02805800756620433
0 0.3763351958624226 0.008806892578431886 0.045262791724845264 0.018069449536479338
0 0.7091642924976258 0.5230138713745272 0.025166191832858606 0.06809583858764189
0 0.41153826153846157 0.6318726019546028 0.027825661158594407 0.07484243795712482
0 0.46026258770349215 0.19984711765245186 0.026129580771581434 0.04587892689589316
0 0.4779885490957677 0.41724324443775207 0.05849850627341935 0.03703710615932537
0 0.623803709181733 0.015171717764742448 0.02908791836346617 0.028704035529484882
0 0.578179959424551 0.015171692764742447 0.05070812866128379 0.0302579663468262
0 0.36821 0.14959 0.03765430000000005 0.0647541
0 0.583804251960096 0.04972808847991609 0.05708249607980802 0.034970123040167826
0 0.6010208926875594 0.7020807061790667 0.0273029439696106 0.04854981084489276
0 0.7203228869895536 0.614281210592686 0.04083570750237419 0.0753467843631778
0 0.6671415004748338 0.5509142496847415 0.044159544159544095 0.06462799495586387
0 0.5647309501558002 0.30266981967082174 0.03923608414783258 0.05615933934164357
0 0.6213268646708476 0.35025925731943647 0.024257484321382094 0.07672969150997747
0 0.4684010817158631 0.017682775344564687 0.03709872288046345 0.036085019411856115
0 0.4478778692702542 0.3369342745788239 0.029329745760725036 0.06784381103845499
0 0.6328284846946285 0.9866437229616764 0.03681223061074324 0.025073354076647455
0 0.5399040430636007 0.15888431357314894 0.04827101983500091 0.06914769637168831
0 0.45548433048433046 0.5334174022698612 0.03205128205128204 0.0744010088272383
0 0.5296771130104464 0.6440731399747793 0.03038936372269702 0.07503152585119799
0 0.4813584450548259 0.3765529145000786 0.0557030207490238 0.04142619844445608
0 0.5376089614641265 0.40158696904624736 0.03510432690411394 0.06363588749803595
0 0.517181289083146 0.33012096789661133 0.03724192183370804 0.06106946420677736
0 0.505556 0.505328 0.03950619999999993 0.06639339999999992
0 0.47954229209225213 0.13838109839996854 0.05225449270213465 0.03852655580453668
0 0.392593 0.157377 0.03209880000000005 0.0770492
0 0.555247 0.070082 0.05 0.05163929999999999
0 0.5872030563390314 0.7737388909520807 0.04904998732193735 0.05252191809583861
0 0.49602129775905457 0.09031932250796365 0.027792405359545955 0.06875922616735297
0 0.5605289333567375 0.1414031543780592 0.04914867474109181 0.06759381555434697
0 0.6934948802231719 0.8042876542875157 0.0327637395536562 0.07831049142496853
0 0.4093016722813868 0.08602762468967685 0.03218354456277363 0.0458256493793537
0 0.39088076361771784 0.3105850311632536 0.05482585887271729 0.041376420677735275
0 0.5869307497342818 0.9510368038215178 0.034134576077180914 0.07056779937031814
0 0.6690655900766486 0.06390334861316138 0.03393598970218237 0.0718669878020356
0 0.4216865797182056 0.412949271105274 0.046228837265465124 0.0565066184688625
0 0.694894121494563 0.9729372489414829 0.05465620145531841 0.052486157854738966
0 0.368519 0.904098 0.04938270000000004 0.04426230000000017
0 0.4013801537386443 0.8241184658212186 0.049208013044490975 0.07616764614908751
0 0.17857639515250545 0.17357781301832206 0.04110429030501087 0.07830242603664415
