0 0.5682627208333334 0.42530289629629636 0.07596354166666673 0.0655951044444444
0 0.6123619999669653 0.8953480422330493 0.06169611884203334 0.11077046249419459
0 0.5349694197916667 0.08452791037037034 0.07877707932291665 0.07519431185185184
0 0.35443902447916664 0.8348716814814816 0.08159046505208328 0.09439292185185195
0 0.1401458734375 0.6236871666666667 0.08815523432291664 0.06879477518518513
0 0.4364978807291667 0.9922294862037038 0.04876677062499996 0.01554102759259245
0 0.541064734375 0.5124960222222221 0.0740878498958331 0.07359437888888896
0 0.6349120813493351 0.12978337039335486 0.045629167281979 0.1399554699711812
0 0.6121506379925846 0.9825698814734244 0.04633065792108084 0.03486023705315128
0 0.3952344848958333 0.6116871814814816 0.08065261916666676 0.09279298888888873
0 0.790110598994212 0.452295421791265 0.061790262115742324 0.06920451715821083
0 0.5312183401041666 0.7980734185185185 0.058144925624999996 0.12959008074074063
0 0.545205490097127 0.22775497313800475 0.05378028518908593 0.094779535965147
0 0.5209024911458333 0.1725205148148148 0.0731500040104167 0.09119305592592587
0 0.584673884375 0.7708763148148147 0.04501538708333328 0.12959008074074052
0 0.3910139505208333 0.692482137037037 0.08346615682291691 0.06879477518518513
0 0.32489680312499997 0.4844967074074075 0.06377184901041666 0.13278994666666652
0 0.45431740833333323 0.04346385611111111 0.03376154031249996 0.08692771222222222
0 0.2958255557291667 0.30371033333333336 0.06939877239583343 0.11999087333333328
0 0.459005878125 0.6260859925925925 0.06564754078124994 0.09919252555555558
0 0.46791488229166667 0.5604920592592593 0.07971477328124989 0.1023921962962963
0 0.27855558923398793 0.541900026290347 0.03861007102005907 0.15800092406217534
0 0.6315646593750001 0.7780747444444444 0.06377184901041666 0.13438987962962987
0 0.7174824345403146 0.8099140788905076 0.07387460227353734 0.11871037073750354
0 0.46135011302083323 0.19491996666666667 0.049704616510416716 0.1551882274074074
0 0.4022671895833334 0.1085261240740741 0.04407754119791664 0.13598961740740742
