0 0.7823243580145053 0.09154568462310712 0.041441360571242335 0.04329714392204249
0 0.8466909814742927 0.9771564302174871 0.06248702709930273 0.033336610527333554
0 0.7680037563007598 0.9760038252972375 0.056274509003418655 0.035323716682247173
0 0.37363933067796834 0.46201880222633623 0.06324513758393788 0.04349921545596474
0 0.9671845378462106 0.9850977212554832 0.06563092430757855 0.016841028970515235
0 0.7888084551397035 0.8719009864586957 0.07217313803982357 0.051903872917391264
0 0.5730227761624979 0.9446117303774242 0.045265318731245806 0.0659808327918855
0 0.29161427031250003 0.6427505944444445 0.05210257135416671 0.044811794444444365
0 0.7995240681005008 0.05942087633047936 0.03524270029005514 0.018504577600482724
0 0.8623861263391972 0.7330393831345858 0.07699773910281044 0.0531858078298427
0 0.8996339933878947 0.9172117503393978 0.04995607342673504 0.06753886876377183
0 0.736680552276781 0.725707183289731 0.07404574910525892 0.035457205219895135
0 0.6282745769290733 0.3296377910692086 0.03974538688875076 0.06957981577347178
0 0.6679688411811665 0.31404028034748244 0.03890405486233313 0.06729498569496496
0 0.5495234688507336 0.7412035284563893 0.04226204507744372 0.050501423008193075
0 0.5787034855139933 0.6720247458364014 0.06921696956353299 0.03557497791822955
0 0.628767781292018 0.12512774501493867 0.03765833180540265 0.06823507487360758
0 0.4062099146821793 0.3911235297093944 0.060233016496207506 0.05851436658452092
0 0.7443960778428538 0.4717106363240258 0.07037176158405292 0.05034424087124623
0 0.408553359898846 0.7687032154245268 0.041597082829721604 0.06483498286776966
0 0.4211597762451459 0.3259964070866668 0.07673187144862534 0.04560724892415788
0 0.7018213723865032 0.689818872025384 0.07931232727259878 0.03982136350335639
0 0.7870679677522351 0.25584701198277604 0.06986941842864584 0.05195182463413101
0 0.5600481807673738 0.20821117619451038 0.07141982471183089 0.03642829887050228
0 0.7218085543437903 0.1135729362123002 0.08406109894799757 0.03412514538756334
0 0.5555021661770364 0.61331659760815 0.06986376327539384 0.040491252874571476
0 0.6594579499399029 0.10477577663131134 0.03369544496394366 0.07618305247811803
0 0.6854808743419069 0.26276230396225164 0.06376806147969193 0.038713284260753905
0 0.42047002812827805 0.28583554323368693 0.08066541785181164 0.03806274331226115
0 0.5692710561565416 0.09246364527163099 0.0827107652894919 0.028915760428501875
0 0.8945321898578698 0.6065612435102109 0.04485819288679511 0.062437749898588295
0 0.53866291432384 0.13713773016645928 0.07411297263985653 0.0484989209303444
0 0.6792322252247793 0.1559137467341461 0.04127860255944604 0.07520413319164157
0 0.655221816354781 0.8875752148583761 0.03772378823039541 0.05852944564267806
0 0.4965818854875622 0.5133210073300507 0.07821627633970761 0.04091665854899039
0 0.6278705355754579 0.5478723241555136 0.07261994537218447 0.03522510204799498
0 0.6887526692733061 0.6559648493960455 0.07757364634922119 0.036925871763464804
0 0.6480829656249999 0.24098935370370372 0.06686508380208332 0.055628421481481456
0 0.5623878807766898 0.33857030197712307 0.039925381959226056 0.07228852179860283
0 0.5324790607689436 0.6551474476601848 0.07350938408466441 0.041857217406538895
0 0.6730695171369514 0.40898498998873783 0.038684048440569656 0.0609390779404386
0 0.7816662578216302 0.9125891962473903 0.08567696902867704 0.03268404721514458
0 0.47056839653872795 0.07900022242661425 0.08374250040744814 0.038095366913740554
0 0.7254442758326266 0.9829533232849528 0.038925715261830265 0.019585292689353544
0 0.6892978637704791 0.8140673150725735 0.05149405732476993 0.06934809185041164
0 0.5039325651041666 0.973430927777778 0.03386674171874985 0.040176029814815
0 0.9380367482036059 0.6222191867699061 0.06148803526137859 0.06864911835462711
0 0.9379791825611503 0.8349150310745447 0.07630009652286512 0.041842846714830746
