0 0.4849349286458334 0.42417594444444445 0.04429687499999998 0.039171236296296236
0 0.37200536145833335 0.7642271333333333 0.05250003609375007 0.02668185259259259
0 0.5048959864583333 0.47612038888888886 0.02734375218749996 0.03746815111111124
0 0.5945829833333334 0.12726925703703704 0.047031232500000186 0.023275682222222236
0 0.22598957239583334 0.7647950592592593 0.03281246718750002 0.027817219629629568
0 0.39470042239583336 0.20788274074074078 0.03992184984374999 0.03008802296296296
0 0.4283332677083333 0.24478268888888888 0.02187503718750013 0.04598357703703705
0 0.40372369583333334 0.5726290111111111 0.044843764218749985 0.032926544444444414
0 0.3747393645833333 0.34696849259259255 0.0240625054687501 0.05166062000000003
0 0.6014188770833333 0.6688536703703704 0.027890641406249965 0.022140245925925964
0 0.4206769958333333 0.17921356296296295 0.026249973749999947 0.026114134444444423
0 0.4400914302083333 0.15395110962962963 0.04210940671874989 0.031223459259259265
0 0.6205595567708334 0.41622775185185185 0.028984419843749856 0.039171236296296236
0 0.5016144739583334 0.5993111407407408 0.04374998578125009 0.032926544444444414
0 0.45923210989583335 0.22377774074074072 0.046484343281249944 0.03122345925925924
0 0.35614619427083327 0.5547462703703704 0.020781258749999882 0.022140245925925964
0 0.39880231302083335 0.6311018333333333 0.02078125875 0.05336370518518507
0 0.4299740239583333 0.6597710111111111 0.044843764218749985 0.025546416296296254
0 0.47673203333333336 0.24251237037037038 0.04101562828125 0.03917123629629634
0 0.5803645723958334 0.46959201111111115 0.03718749234375001 0.04257740666666663
0 0.3474127597992369 0.20766912049468614 0.0525339765255571 0.024838012714331448
0 0.4370836723958334 0.6271284296296296 0.04265620734374996 0.038603518148148115
0 0.42313813020833335 0.10938679333333334 0.03992184984374999 0.04200968851851854
0 0.37419274114583334 0.6240055296296296 0.026249973750000065 0.050525183703703645
0 0.3897277469434351 0.2903681209062519 0.023617315592296486 0.031562605516207466
0 0.5371618302083333 0.3066623740740741 0.025156283906250052 0.04257740666666668
0 0.2262633270833333 0.668286437037037 0.050859368437499934 0.022140245925925964
0 0.43743929470324616 0.510290106086448 0.04883749586482556 0.031575773753029966
0 0.23282546614583327 0.4556833666666667 0.03117188812500006 0.04428049185185193
0 0.4255992645833333 0.5450956851851851 0.0415625175 0.024411049259259278
0 0.4819271708333333 0.09604586703703703 0.02078125875 0.018734075555555556
0 0.41083334427083334 0.19425805925925924 0.036093713906250005 0.04825438037037036
0 0.33126286770833335 0.5777382666666666 0.028984419843750095 0.05109290185185176
0 0.3583335739583334 0.43865182222222227 0.037187492343750135 0.04314512481481474
0 0.32880173333333335 0.2760061481481481 0.040468739062499995 0.026681852592592536
0 0.5863800880208333 0.42559506666666674 0.021875037187499894 0.05336370518518513
0 0.48438830520833326 0.3943716074074074 0.0442968750000001 0.03633271481481486
0 0.5527472427083334 0.6452944407407407 0.021328147968750006 0.047686731481481365
0 0.49970084895833333 0.7542925851851852 0.05304683671875002 0.022707964074074185
0 0.5904819786458333 0.6311018333333333 0.03882815999999991 0.04200968851851851
