0 0.3794251813511178 0.35413182482676314 0.031570667317078124 0.0362729835355358
0 0.33890657351266973 0.5920540969569236 0.032983892742468865 0.023424551834178554
0 0.36149902661245575 0.603035097177971 0.028165137237645393 0.026716638817528716
0 0.39241345583719794 0.5473594330770328 0.024875877044378096 0.02562276023457594
0 0.43543946015335216 0.7353121996509485 0.02099206596357194 0.04277038561755167
0 0.3494364373717925 0.37563696573698074 0.02705946155975892 0.03763027578638948
0 0.36574273703139004 0.5763002485937839 0.02254573159971495 0.035023916867405934
0 0.3357657307703167 0.44832469972432853 0.016751856440011537 0.05649910799926264
0 0.3639793837219152 0.48698926058189895 0.03262203622528569 0.027466124280228776
0 0.25208745227945006 0.6134647563763264 0.0245970461353919 0.044752301784095144
0 0.1648814979166667 0.3654447662962963 0.021662193541666614 0.03492714777777779
0 0.31200093520236877 0.6556005472450039 0.02643515874999996 0.040837898888888814
0 0.3343070953053202 0.7748296263623765 0.015476503533927636 0.05216782245746456
0 0.2828430434986772 0.878873577858227 0.02722176453997657 0.04160578035779334
0 0.3054171005292327 0.40511503322159276 0.015618123037631904 0.05123289059385151
0 0.14083288125 0.9656539296296296 0.02056069885416652 0.01128414333333349
0 0.3303937382668221 0.6826472894758573 0.015706314635134316 0.03652873720813135
0 0.3204925268739997 0.42470671825369893 0.015809812277736767 0.05202919091715167
0 0.40382787846703205 0.7782633052077292 0.03646856949749946 0.027469430762821986
0 0.50229729375 0.4602854962962963 0.026802323645833327 0.02364300444444451
0 0.3357090062131122 0.6300767538402403 0.024422534023598768 0.04395695091788599
0 0.4325998007581254 0.3713366193013291 0.022271584942082492 0.04886015823228775
0 0.25192426887269787 0.5326149382384265 0.03178000404776356 0.03171190540177383
0 0.3586922775774791 0.8852266926726523 0.02150945500564466 0.048503312539291014
0 0.2839495765150952 0.674079196101134 0.025974159735962607 0.047581822606922806
0 0.3100081770712012 0.5822911817421561 0.032873943840924964 0.04129135462262597
0 0.31004608143756973 0.4984866663727334 0.02791160026087667 0.04318195765727184
0 0.30093828742875117 0.4458814816153311 0.025314284412874363 0.04516394061551176
0 0.28724247118385215 0.42600570116297115 0.022609598255724943 0.04509883813412798
0 0.3292971394101298 0.49900262768763776 0.01955889969709202 0.050629509637466576
0 0.3059477444890414 0.8701612384990025 0.017833356409005675 0.02402655587561808
0 0.3426695010055973 0.8359974434059924 0.02075790059297198 0.03461191644161448
0 0.33080248701131415 0.6547415035264778 0.019546703511789568 0.02395150301316604
0 0.2707608263672354 0.9613510813637887 0.02988584234331289 0.020360464985805668
0 0.38326716834697766 0.6641528565861817 0.017300923732308484 0.05545263534008345
0 0.2932467077182641 0.7253183752229339 0.029171246969953303 0.035962914247216794
0 0.3630545462140284 0.953469797275565 0.023785952706683725 0.03498639115331312
0 0.4011183361273677 0.5116521937711219 0.028248494754278635 0.03845001850909337
0 0.2827228034996558 0.5954174841891828 0.021127491356510455 0.02296521512488004
0 0.2447117881906695 0.7534472628285789 0.03628443280745408 0.0230288836846214
0 0.27781934796301205 0.6470095450087534 0.032385391030190766 0.0306324136861969
0 0.30993983442211526 0.7605527511632783 0.02041581317241518 0.03493918825095753
0 0.3416666666666667 0.3353536518518519 0.02863808864583319 0.03600180000000003
0 0.3079934001126175 0.8469020751123254 0.03230942258487654 0.025255273479052674
0 0.3983921489342207 0.3259501990740741 0.0363484181809414 0.020418916666666682
0 0.38629957943438803 0.5218675183745799 0.026754950714557305 0.03937063591729237
0 0.36447028394616804 0.7413340088102512 0.01843768653816961 0.035425474972089956
0 0.45951859464097883 0.7522396339587402 0.027824777630146378 0.043131825496009746
0 0.2753079030168915 0.577867108032589 0.034133481919121425 0.02912515192131648
0 0.5033988479166667 0.42105967407407413 0.016522003958333305 0.05051003111111109
