0 0.216667 0.00901639 0.017284000000000015 0.016393400000000002
0 0.538272 0.390574 0.03333329999999994 0.0647541
0 0.561728 0.406557 0.024691400000000033 0.03934430000000005
0 0.663889 0.684426 0.0438271999999999 0.06721310000000004
0 0.556173 0.281967 0.025925900000000064 0.032786899999999966
0 0.514198 0.257377 0.03209880000000005 0.07704919999999996
0 0.4707430701141393 0.016238787503866377 0.06247379454926622 0.032477575007732754
0 0.6131414507309941 0.8640423794650561 0.03914839853801166 0.03093204106988785
0 0.602161 0.0127049 0.026543200000000024 0.0254098
0 0.487963 0.193852 0.05123460000000006 0.035245900000000004
0 0.534568 0.268443 0.034567900000000006 0.06967209999999999
0 0.480864 0.236885 0.04197530000000002 0.05901639999999998
0 0.642593 0.37459 0.04814809999999998 0.0393443
0 0.578086 0.058606599999999995 0.025308599999999966 0.07622949999999999
0 0.470988 0.0512295 0.05061729999999996 0.035245900000000004
0 0.565432 0.9893439999999999 0.034567900000000006 0.021311500000000125
0 0.556481 0.111885 0.04135800000000006 0.025409799999999996
0 0.433025 0.0557377 0.022839500000000016 0.0754098
0 0.6564749817836485 0.16058403681359623 0.052482036432703064 0.03456942637280752
0 0.42407399999999995 0.9643439999999999 0.05185190000000002 0.05
0 0.4354412971232239 0.29059701343179706 0.02767319424644763 0.07299712686359419
0 0.49691399999999997 0.0836066 0.05555560000000003 0.027868899999999995
0 0.510494 0.918443 0.04320989999999994 0.06311479999999989
0 0.558642 0.0213115 0.022222200000000056 0.0409836
0 0.489198 0.9643439999999999 0.027777799999999943 0.06803279999999996
0 0.497222 0.160246 0.05987649999999997 0.033606599999999986
0 0.527469 0.9729509999999999 0.040123500000000034 0.05245900000000004
0 0.45679 0.244262 0.04320989999999994 0.07049180000000001
0 0.757716 0.817623 0.03271610000000001 0.03852459999999998
0 0.401543 0.769672 0.031481499999999954 0.04262289999999994
0 0.5858722636093641 0.6082120917414167 0.05816462721872819 0.03937538348283328
0 0.590432 0.362705 0.029012299999999974 0.0745902
0 0.564198 0.15041 0.04691359999999995 0.058196700000000004
0 0.604012 0.2 0.05 0.04754099999999998
0 0.46574100000000007 0.359426 0.05864199999999994 0.04508200000000001
0 0.294753 0.10123 0.029012299999999974 0.06967210000000001
0 0.534877 0.206557 0.05987649999999997 0.0377049
0 0.7015429999999999 0.170082 0.036419799999999884 0.05327869999999997
0 0.559568 0.890574 0.029012299999999974 0.07459019999999991
0 0.493519 0.67623 0.031481499999999954 0.06393440000000007
0 0.7939086759084555 0.5517630482755954 0.029466548183088827 0.07352300344880917
0 0.541667 0.920082 0.031481499999999954 0.07622949999999984
0 0.493519 0.857377 0.05617279999999996 0.049180299999999975
0 0.57037 0.943443 0.03580250000000006 0.07213109999999993
0 0.464815 0.906967 0.04691359999999995 0.048360700000000076
0 0.557407 0.492623 0.04567900000000003 0.05081969999999993
0 0.459259 0.748361 0.05679010000000006 0.040983600000000016
0 0.403395 0.0303279 0.040123500000000034 0.0377049
0 0.549074 0.8176229999999999 0.04876539999999994 0.049999999999999906
0 0.396605 0.281967 0.035185199999999965 0.06229510000000005
0 0.63858 0.455738 0.03271610000000001 0.07213109999999993
0 0.433025 0.9323769999999999 0.06111110000000003 0.054918000000000085
0 0.781173 0.790164 0.0438271999999999 0.055737700000000015
0 0.777778 0.9811479999999999 0.058024700000000116 0.036065599999999934
