0 0.6260826528087107 0.17972543721932163 0.06186587478346941 0.03450290262514146
0 0.5256539430922986 0.2389473844392402 0.057774670429159306 0.03618256487119439
0 0.5300442233278054 0.01200452654758992 0.05885387875437623 0.02400905309517984
0 0.5430039192386832 0.39603810833333336 0.03857573980991573 0.04776245104085357
0 0.4800445734729187 0.592071959814649 0.03196387202721323 0.03582415014991623
0 0.5855173538170027 0.94391464743204 0.048218300648538784 0.04784200623573333
0 0.4757618067803253 0.3257546187874057 0.055482069370958204 0.034803538901899564
0 0.5086062305809893 0.1519770710869327 0.025708707965575103 0.0779510022271715
0 0.4692705271408975 0.29078844652615143 0.03637566137566139 0.04000780640124906
0 0.5183225553595925 0.2714350767629456 0.05633940819126008 0.03805620608899294
0 0.5643226365096109 0.9916995477225566 0.026910626980778268 0.016601004554887056
0 0.4379636960792939 0.6086211596121647 0.03841529573912787 0.07437405085471753
0 0.670679 0.909836 0.05246909999999995 0.03442620000000007
0 0.5979660715871746 0.5980952942563982 0.023314681588062866 0.08049298266304994
0 0.5210189092045632 0.9600539531023033 0.047507423034849165 0.03423946876945421
0 0.677161 0.877869 0.05308640000000005 0.0459016000000001
0 0.5134847148736037 0.36275370804059326 0.055727023319615945 0.03821883944834762
0 0.5712096989075406 0.6256634037032668 0.02975397459809934 0.07223729213350635
0 0.47884187082405344 0.15389389901055167 0.028870741565619067 0.08287998831647742
0 0.5011133558446632 0.8727848908642872 0.028637088310673534 0.06098791827142562
0 0.3634942959837475 0.7986096700560281 0.029067041725269544 0.08030711765926535
0 0.3751367401156431 0.8622120771944386 0.03578684169401465 0.03984229093172841
0 0.6476793248945147 0.7635401535588296 0.030160962650414142 0.04170989831915334
0 0.39281181196812415 0.6558671743808653 0.05687366353332755 0.04568942757096691
0 0.5037382581168233 0.04527160801932958 0.06056291623364658 0.04464151603865916
0 0.380340752470602 0.607063587866516 0.05483710155127415 0.05101047466998947
0 0.46345522737927797 0.972509856816767 0.028645100796999567 0.05334094210417106
0 0.5844601214971585 0.297944314337757 0.0607485792670978 0.05497007546187873
0 0.5355944866745053 0.3199909113843351 0.05143497334901037 0.06454588995576377
0 0.4166565987170464 0.49916864772010433 0.05063820256590712 0.060679104559791294
0 0.5266682615096109 0.8913881945787508 0.0490232206907329 0.053704208476862365
0 0.5435948197640847 0.15389389901055167 0.03354505210481454 0.07302201613786555
0 0.549383 0.919262 0.05308640000000005 0.04344260000000006
0 0.6097406486088078 0.06071079031074138 0.060000921319329305 0.03486665035478346
0 0.21724670072371224 0.06094544940644433 0.02740527884206047 0.0491096664782363
0 0.5125957057352711 0.8148006516600954 0.04247541147054235 0.05747070332019098
0 0.05265489254686785 0.8416818457802063 0.035579561042524 0.04515786278081352
0 0.1183842021033379 0.7680631451123253 0.05129743941472336 0.052747419550698234
0 0.46232494471735935 0.2545291376825154 0.037031295492437756 0.03623132897316951
