0 0.44810799204240476 0.2268118196127346 0.0323762989890857 0.06113136077453081
0 0.435185 0.990164 0.028395100000000045 0.019672099999999894
0 0.6039699830549504 0.5016250580377871 0.05809731299927379 0.03464409443194401
0 0.008613264427217916 0.09534883720930232 0.017226528854435832 0.06282882195958825
0 0.47972717288254124 0.4466704176202722 0.03984919231824416 0.0372388315975571
0 0.31083705832269054 0.5187429338609384 0.047759684972328666 0.035860655737704916
0 0.34787062973337485 0.2613135418101667 0.04448075526506896 0.05837580934012951
0 0.4931317616322386 0.11198003312261152 0.03070842326447735 0.048549666245223035
0 0.5289116457798558 0.6260754739246874 0.03281354990221249 0.041064439263106566
0 0.41277044371103777 0.4664421360168804 0.05790856863464126 0.0340853757506898
0 0.4926046601729618 0.6699520341462425 0.028419820345923438 0.07098702081642595
0 0.48429062230721054 0.24670919692325968 0.05857945538557888 0.03772820615348061
0 0.4622599060715994 0.3659584002389933 0.02741921876318234 0.07655252249897308
0 0.5551294282047662 0.4451241149648201 0.03124575640953232 0.04228507483124399
0 0.5776110169719466 0.5585913782635095 0.0462626751660884 0.05607343119397124
0 0.4291193008189708 0.49951306606070445 0.06188118811881186 0.042200941405616
0 0.5508485973264476 0.34644094431944 0.028241749374647 0.07893139040680025
0 0.6425271850216663 0.8519704700901097 0.029229008257705875 0.04071219194441434
0 0.626383691089728 0.552671602671524 0.03424948217945626 0.07255600534304806
0 0.5095524845831806 0.6373762884434345 0.037611813623028977 0.04767884658334679
0 0.5198204582661043 0.5755882813788347 0.045800960988876614 0.05439071528161004
0 0.4892606401321983 0.4761447702141148 0.05539571588934621 0.04560324145683778
0 0.483951 0.604918 0.030864199999999994 0.07213109999999993
0 0.44439900993100945 0.061460316104146574 0.061819080137981194 0.032816967791706855
0 0.5210136957778585 0.5025312420443587 0.04326269155571697 0.046046484088717476
0 0.4615873451721037 0.9813510880089023 0.03608450965579257 0.03565842398219517
0 0.4266852273685987 0.29930169162403375 0.026294327737000488 0.08290078046230258
0 0.4685839260894448 0.6754152643578331 0.03249938680402252 0.07898165237216376
0 0.5425433912363162 0.42362202550269656 0.03960411752736756 0.07078774899460688
0 0.5387948655056822 0.9469655846270764 0.04701169160330308 0.044511996525892994
0 0.5517740763490312 0.9194036138774291 0.05416585269806223 0.043724527754858494
0 0.5204550956184943 0.08884245865923783 0.026627935124667143 0.08053859066395228
0 0.5223718761666533 0.5335859553555484 0.05246909999999995 0.048360700000000076
0 0.4364626508831439 0.5473990591584158 0.03802690456545657 0.07100288801330959
0 0.5834572609443504 0.166211151867031 0.02567887811129938 0.07741319626593807
0 0.43502984309109344 0.4195557241904193 0.044108450208171765 0.06350369603758449
0 0.48106215479168346 0.5307908443872995 0.035185199999999965 0.07049180000000001
0 0.557265313892251 0.5809977659541412 0.03262233490949198 0.07304857680988606
0 0.4411764705882352 0.16182497589199613 0.05265068990559184 0.05605110896817743
0 0.32013622818220516 0.4275485208215563 0.025542784163473838 0.05389108724326358
0 0.4528907690227355 0.5962503734215225 0.038173968616306085 0.06257148169128382
0 0.4852208235832056 0.024286581663630843 0.05809596815406551 0.048573163327261686
0 0.44471916971677555 0.09935510966730955 0.056004652578068276 0.0444792695756991
0 0.5996664783883375 0.38813886210221793 0.052717932166007696 0.05232329726061646
0 0.5710365893192394 0.2770473970088218 0.03574225480513185 0.06771312769384623
0 0.5434405174964362 0.019911425408050288 0.05354770165953902 0.039822850816100576
0 0.7566772234002782 0.2518991019741399 0.0249176531994436 0.08472639605172015
0 0.4726718992723408 0.8181793507762458 0.05253045540021259 0.05509716643144064
0 0.5654688905240781 0.861334274237325 0.03699615730520812 0.06595375094995108
0 0.690741 0.972541 0.025925899999999925 0.054918000000000085
0 0.4566266045294743 0.8826403213549018 0.053552448695936505 0.036912387362935506
0 0.573457 0.690984 0.04814809999999998 0.057376999999999935
0 0.1918001276026026 0.030870613657509968 0.026810155205205185 0.06010192731501994
0 0.598148 0.984426 0.03827160000000001 0.03114749999999992
0 0.5700126415449582 0.1059859280688596 0.046397159686920035 0.045180185006607386
0 0.6082069030689368 0.42263847490446094 0.05634769901288351 0.059398217161327274
0 0.5282683345597253 0.7431332102920422 0.04803368489902707 0.04776897188144614
0 0.5595228489200893 0.22491874709811066 0.056617983270125634 0.0512518304225151
0 0.6975779892864048 0.4343719296410181 0.03117844408514241 0.06453724004293952
0 0.7723379896129147 0.7368872276095318 0.029459212071077937 0.07175386810507205
