0 0.5277658910373576 0.6154459474132424 0.0499676567580568 0.05609980200127744
0 0.600309 0.0180328 0.027777799999999943 0.0360656
0 0.5136463142414137 0.1009555974619163 0.03320217151717286 0.07216214667583323
0 0.38458373334936663 0.5856132130721737 0.030896666698733363 0.06466882614434746
0 0.564815 0.611475 0.025925900000000064 0.040983600000000016
0 0.42376499999999995 0.583607 0.025308599999999966 0.07377049999999997
0 0.478086 0.513934 0.026543200000000024 0.07213109999999993
0 0.44321 0.637295 0.03333329999999994 0.06147540000000003
0 0.641530231036556 0.6114648885139451 0.05891423792688791 0.03280842297210981
0 0.509568 0.702049 0.029012299999999974 0.07459019999999991
0 0.4573754839185506 0.5598520819831807 0.0457434321628988 0.03603373603363854
0 0.41142 0.790574 0.026543200000000024 0.07295080000000005
0 0.5648790503727753 0.9827549249680647 0.028266999254449247 0.034490050063870556
0 0.533642 0.989754 0.025308599999999966 0.020491800000000008
0 0.629938 0.641393 0.05864199999999994 0.031967200000000036
0 0.384568 0.8116404907387694 0.027160499999999983 0.0647541
0 0.551852 0.11311499999999998 0.044444399999999974 0.05901639999999998
0 0.5034471701138368 0.5612625079838195 0.0248516915183582 0.07824143070044713
0 0.542593 0.14918 0.05679010000000006 0.040983600000000016
0 0.44321 0.708607 0.05555560000000003 0.03688519999999993
0 0.472222 0.597131 0.06296300000000005 0.041803299999999946
0 0.39320999999999995 0.739754 0.03580250000000006 0.0598361000000001
0 0.4800707618606702 0.7428357178358527 0.0547694911896745 0.04509288197785823
0 0.362963 0.209016 0.05308640000000005 0.05245900000000002
0 0.543827 0.557377 0.025925900000000064 0.08196720000000003
0 0.502469 0.45082 0.05061729999999996 0.05409840000000009
0 0.528704 0.836475 0.026543200000000024 0.07131149999999994
0 0.367901 0.488115 0.044444399999999974 0.045081999999999914
0 0.576543 0.85 0.022222200000000056 0.09016389999999999
0 0.46049399999999996 0.443443 0.05432099999999997 0.049180300000000024
0 0.40925899999999993 0.709016 0.04320989999999994 0.0606557000000001
0 0.294444 0.46885199999999994 0.03703700000000002 0.06229509999999996
0 0.458025 0.365574 0.04074069999999996 0.06393439999999997
0 0.637963 0.8770489999999999 0.04753090000000005 0.049180299999999885
0 0.722531 0.566393 0.040123500000000034 0.06393440000000007
0 0.35432099999999994 0.0360656 0.04197530000000002 0.0622951
0 0.591975 0.713525 0.034567900000000006 0.06147540000000003
0 0.308951 0.22622999999999996 0.04753089999999998 0.05245900000000002
