0 0.49470609069397675 0.5108171571286636 0.02966750435839879 0.0454297692001987
0 0.4460344182566404 0.04384003974167908 0.04283576505798727 0.06433184302036761
0 0.5736064347175458 0.2742175856929955 0.03834642723531612 0.047690014903129664
0 0.567153011597456 0.40312965722801786 0.05462027684249907 0.050173869846000974
0 0.256481 0.315574 0.04382719999999997 0.06393439999999997
0 0.5380598621877691 0.7921511627906977 0.06657335630203842 0.04932329393823862
0 0.30929982676578294 0.6620708732492793 0.026314058285639087 0.03596074891535396
0 0.5166616005702029 0.5199290072311753 0.02966068670223896 0.06906112974437352
0 0.6542276566965955 0.3596497530923994 0.03722448660680893 0.039716793815201205
0 0.5554552795076084 0.771692476458254 0.05905785901521669 0.04830395291650782
0 0.5733703966767155 0.7027928502001525 0.03722417937123174 0.04027781465878765
0 0.51962473281893 0.4021417100312256 0.02813736563786016 0.07149722006245118
0 0.553704 0.672131 0.059259300000000036 0.03770490000000005
0 0.6020872848346934 0.5576133668796889 0.04713323531073458 0.04426201311475397
0 0.5954697635488596 0.5002083912197832 0.04572086210504288 0.06071130869686022
0 0.43811010623026136 0.6768252001524971 0.03642693080677577 0.07553373999237521
0 0.6144502820426487 0.37463977136115245 0.033725698540965146 0.06045716865375059
0 0.5954565051751364 0.8019634797845978 0.033964968403675 0.05972153452154018
0 0.5525213689893282 0.5492914686232286 0.05649733316593435 0.046735206682411747
0 0.6279608096468562 0.8131195196340069 0.02817255239735858 0.07886961494471975
0 0.5433668131408244 0.4790219505418171 0.04028039338773798 0.061683801055848794
0 0.6069023569023568 0.32973174366616986 0.05405910961466527 0.05538996522603079
0 0.6014032443296009 0.6550228745711018 0.0414513350559862 0.059092642012962236
0 0.5825509250861327 0.749494846254289 0.05331618026126907 0.05028594607319862
0 0.27826003086419754 0.7654008709016393 0.03134645061728395 0.07268186475409837
0 0.4956537131639392 0.6692001873808617 0.052820489778926186 0.056471285932138834
0 0.3770932648820437 0.4440228858951469 0.033308886444200006 0.06553319266352867
0 0.5148974416236003 0.7248142186999619 0.0307132993540052 0.06819466591688912
0 0.49676414059109614 0.46762272540983596 0.05376023030303034 0.04950277819175361
0 0.48487699999999995 0.97541 0.033950600000000046 0.0459016000000001
0 0.44612794612794615 0.21870342771982115 0.03666292555181443 0.05638350720317933
0 0.541358 0.981967 0.05432099999999997 0.032786900000000146
0 0.580556 0.0483607 0.05370370000000001 0.03442619999999999
0 0.1744617668893838 0.8601080725838841 0.03327009266133246 0.07904633246923953
0 0.511111 0.8770489999999999 0.04320989999999994 0.06393440000000007
0 0.3055391856237817 0.3511649566652287 0.04194307124756333 0.06298501333045722
0 0.2558693785712171 0.04373550340055824 0.04455694703496463 0.06781460077839367
0 0.4774597830153386 0.13872329855936413 0.04956977179199405 0.05986090412319921
