0 0.40059892081249826 0.259875454852384 0.03079357007656014 0.05533255805229392
0 0.5270179831908832 0.9944632898833544 0.021865975878442558 0.013043855933165477
0 0.49978240454430933 0.1686486815292436 0.05565862708719851 0.03953891541713557
0 0.5338166366384938 0.24265119124593212 0.051723560365560445 0.03874031953678637
0 0.650617 0.44836099999999995 0.029629600000000075 0.07049180000000001
0 0.6382878284364538 0.5883116953125747 0.050134921538350766 0.049778177027672926
0 0.5654043556665279 0.4422545588506171 0.06242197253433211 0.03426045312212195
0 0.6689342403628118 0.6811881661329637 0.027354857286830053 0.0384744061559049
0 0.6111301239166036 0.5248626610787172 0.04636131683223553 0.059905506643406825
0 0.5084528540438399 0.20450225192600138 0.05687060378387037 0.04265156841296878
0 0.4213244093055714 0.1860661791876569 0.049657177861520324 0.039899257549744736
0 0.38770115189404025 0.1674901360626253 0.051536951625366346 0.04308264268781696
0 0.2993661461211214 0.2896787032077934 0.02955275848505225 0.06745317628202717
0 0.633480905589749 0.5553696888591502 0.05506964690638152 0.05448549443196487
0 0.6230674087816945 0.2501596763891846 0.055086007466959935 0.055354481583989784
0 0.49607673757333626 0.7055632557472638 0.032213943778569634 0.06810686803995594
0 0.4855487168412338 0.5654064904650385 0.02519526329050141 0.07886058404626482
0 0.6012407673343411 0.6343162809121541 0.028382265331317727 0.04940013817569183
0 0.3681193778266315 0.5269820266606234 0.02573799271804316 0.08067247107773978
0 0.47503121098626716 0.4165592190090256 0.02732695242058544 0.0628108307238902
0 0.5709080287141073 0.39850359205194325 0.05169205742821476 0.057662184103886474
0 0.5376489220026635 0.7839458968599149 0.04985062808192059 0.05950389523490888
0 0.5331497678436453 0.5429431725851934 0.04157218442932731 0.06882378244037661
0 0.46935176186876865 0.7293409166945466 0.04175215059568798 0.06834583950676293
0 0.514163337292589 0.8223008172824164 0.0341935716085376 0.071691440042059
0 0.6457430131433799 0.11576280691416545 0.033206173713239966 0.0651954861716691
0 0.5717525105280207 0.6667303923911485 0.051830255911888556 0.044448692826076566
0 0.41662167512507653 0.4768675620130956 0.0334737069430947 0.07336424030970704
0 0.5569952848864413 0.5237059695072408 0.04139221826296657 0.06284949577020504
0 0.7040120000000001 0.533607 0.05740740000000002 0.03770490000000005
0 0.3025384935497295 0.5970712838460122 0.02691080593702318 0.07754650948609326
0 0.6771442301951538 0.13279918866733584 0.043429933108676565 0.07223104785727684
0 0.4576539610553216 0.7851407541939492 0.05362991757549578 0.03895234908951868
0 0.8853584578730778 0.020902666502321376 0.04972926142516787 0.04180533300464275
0 0.677778 0.360246 0.05432099999999997 0.041803300000000036
0 0.4045652366995292 0.12354051185281283 0.050182076560973475 0.04393206746078546
0 0.457099 0.05286890000000001 0.05 0.035245900000000004
0 0.716975 0.805328 0.03148150000000009 0.035245900000000004
0 0.3630480047452341 0.01984014548890691 0.056960309490467986 0.03968019097781381
0 0.45917913105413105 0.9395688839848675 0.030122269705603028 0.06600725094577556
0 0.6692041896123527 0.7359126320317354 0.04229204909477021 0.06284949577020504
0 0.51230116334283 0.956908102143758 0.052083333333333336 0.04393915510718794
0 0.6025267249757046 0.7546718921760741 0.051830255911888556 0.05448549443196487
0 0.4993757802746566 0.3376312396389759 0.03606602857539186 0.07257321790384971
0 0.8059122983043283 0.7720323943215486 0.0511374033913432 0.04445981135690319
0 0.21650832989122953 0.15433603510268756 0.03969893065308182 0.050277286854774825
0 0.3574608262108262 0.9124763556116015 0.0459995251661918 0.06186948297604021
