0 0.6975310000000001 0.41967200000000005 0.032098799999999914 0.05901640000000003
0 0.608284654906091 0.2973022383653174 0.0543209999999999 0.03688520000000002
0 0.4461895063074133 0.45784691984888515 0.024477812614826545 0.03372733969777017
0 0.4 0.443852 0.027160499999999983 0.03688519999999993
0 0.66821 0.457787 0.03271610000000001 0.05819670000000005
0 0.5066891684512316 0.4074351963503225 0.05205366309753663 0.044145507299355194
0 0.6647242222646422 0.24350090823556836 0.043391455470715656 0.04414578352886335
0 0.5272089728716869 0.31212396286419086 0.054937855555555554 0.043920825728381664
0 0.430864 0.42663900000000005 0.03580250000000006 0.06803279999999996
0 0.532407 0.779508 0.033950600000000046 0.04262289999999994
0 0.6191195516353637 0.3984676489783233 0.05740740000000002 0.035245900000000004
0 0.5774356849569949 0.9712902841387616 0.03401751897489911 0.05578008746018183
0 0.6492087993695512 0.120865654468912 0.028158397990170142 0.07002747862160923
0 0.6529709782151425 0.7564156432114831 0.03804025643028491 0.03716482887499039
0 0.488889 0.289344 0.027160499999999983 0.05081970000000002
0 0.503704 0.017623 0.027160499999999983 0.0352459
0 0.45 0.791803 0.027160499999999983 0.07868850000000006
0 0.58858 0.792213 0.025308599999999966 0.07295080000000005
0 0.526543 0.817623 0.04691359999999995 0.03852459999999998
0 0.558642 0.584016 0.04814809999999998 0.031967200000000036
0 0.399691 0.0172131 0.04629629999999999 0.031147500000000005
0 0.66358 0.280328 0.05679009999999992 0.032786899999999966
0 0.483642 0.797541 0.022839500000000016 0.0852459
0 0.6799379999999999 0.39098399999999994 0.026543200000000024 0.07049179999999997
0 0.5828595450544146 0.6686679520627767 0.047785093379556574 0.0518335465775777
0 0.673148 0.118033 0.030246899999999893 0.08032789999999998
0 0.42407399999999995 0.803279 0.029629599999999933 0.07213109999999993
0 0.7569773565034228 0.5353119415740814 0.02428178573518226 0.06837075596301771
0 0.402778 0.390164 0.025308599999999966 0.07704919999999996
0 0.53642 0.980738 0.025925900000000064 0.03852459999999998
0 0.550617 0.0405738 0.028395100000000045 0.0762295
0 0.521605 0.926639 0.03209880000000005 0.06967209999999989
0 0.5141129143467323 0.8453092321187167 0.05538542869346439 0.045843349141480826
0 0.43455638095927673 0.31191061490754407 0.02960586191855371 0.06454797226711217
0 0.589198 0.428689 0.03888889999999997 0.055737700000000015
0 0.553395 0.9295079999999999 0.025308599999999966 0.06885250000000008
0 0.425309 0.358607 0.04074069999999996 0.05819669999999996
0 0.51821 0.266393 0.04753090000000005 0.04590160000000001
0 0.515123 0.74877 0.05246909999999995 0.040163900000000086
0 0.35987699999999995 0.45041 0.05432099999999997 0.035245900000000004
0 0.5723815958881868 0.6301434955053997 0.05647110822362643 0.03971360898920048
0 0.469444 0.045082 0.04135800000000006 0.0606557
0 0.601543 0.764754 0.03888889999999997 0.06557379999999993
0 0.566667 0.758197 0.03209880000000005 0.06885250000000008
0 0.453395 0.0241803 0.03765430000000005 0.0467213
0 0.4093157937010955 0.05167972481528515 0.04208828740219091 0.03286774963057031
0 0.6394898519440056 0.7144801739977469 0.043241596111988724 0.06776075200450624
0 0.350926 0.340164 0.04876539999999994 0.040983600000000016
0 0.557099 0.539344 0.04876539999999994 0.06393440000000007
0 0.52037 0.358607 0.04814809999999998 0.0598361
0 0.485185 0.446311 0.044444399999999974 0.054918000000000036
0 0.5909543034345562 0.20724885401289722 0.026329647182727754 0.07109004739336496
0 0.424691 0.511475 0.04074069999999996 0.055737700000000015
0 0.49784 0.497131 0.04753090000000005 0.05
0 0.499691 0.912295 0.03271610000000001 0.07049180000000001
0 0.473765 0.251229 0.04259259999999998 0.06311479999999997
0 0.570679 0.380738 0.05246909999999995 0.05819669999999996
0 0.445062 0.706557 0.04691359999999995 0.055737700000000015
0 0.38616815868000703 0.7122601196488231 0.03920191913872795 0.03301996736850285
0 0.464815 0.879508 0.03703699999999995 0.06557379999999993
0 0.509568 0.561475 0.04382720000000004 0.06721310000000004
0 0.706173 0.933197 0.04320990000000008 0.056557399999999945
0 0.176235 0.826639 0.03395059999999998 0.06639339999999992
