0 0.5 0.00942623 0.044444399999999974 0.0139344
0 0.724691 0.993033 0.03333329999999994 0.013934400000000065
0 0.635224413646123 0.1497989583700512 0.03341102729224598 0.040582216740102345
0 0.44290099999999993 0.352869 0.035185199999999965 0.06967209999999999
0 0.551852 0.517623 0.06049379999999993 0.03032789999999992
0 0.554938 0.543852 0.06172839999999999 0.03032789999999992
0 0.600617 0.570902 0.05555560000000003 0.04344260000000006
0 0.495679 0.379098 0.03580250000000006 0.0745902
0 0.500617 0.284016 0.020987700000000026 0.07622950000000002
0 0.473148 0.372131 0.03765430000000005 0.07049180000000001
0 0.474383 0.259426 0.024074099999999935 0.0745902
0 0.464815 0.42418 0.03703699999999995 0.03688519999999998
0 0.605556 0.523361 0.05061729999999996 0.03688519999999993
0 0.583642 0.263115 0.03888889999999997 0.05081970000000002
0 0.4609738189947935 0.5050081927394856 0.05459466201041288 0.04735991452102868
0 0.6027780000000001 0.956967 0.05864200000000001 0.03688520000000012
0 0.615432 0.422131 0.05802470000000005 0.034426200000000025
0 0.7160489999999999 0.268033 0.027160500000000126 0.07213110000000003
0 0.457099 0.208197 0.05123460000000006 0.027868899999999974
0 0.483951 0.443852 0.05061729999999996 0.04672130000000003
0 0.4348957441787779 0.6028951193193609 0.05061729999999996 0.04262289999999994
0 0.573148 0.222951 0.054938299999999926 0.031147500000000012
0 0.69321 0.610656 0.023456799999999976 0.07049180000000001
0 0.558025 0.488525 0.04938270000000004 0.03770490000000005
0 0.522531 0.327869 0.05987649999999997 0.032786899999999966
0 0.430864 0.568443 0.04691359999999995 0.040163900000000086
0 0.669136 0.611066 0.024691399999999895 0.06967210000000008
0 0.524074 0.375 0.04074069999999996 0.07131150000000003
0 0.60679 0.986885 0.05185190000000002 0.026229499999999833
0 0.592593 0.480738 0.05432099999999997 0.04672130000000003
0 0.583333 0.0168033 0.029629599999999933 0.0336066
0 0.575 0.425 0.031481499999999954 0.07786879999999999
0 0.617593 0.230738 0.024074099999999935 0.07131150000000001
0 0.410802 0.485246 0.021604899999999955 0.04754099999999996
0 0.663889 0.407377 0.03765429999999991 0.06557380000000002
0 0.536111 0.406557 0.05617279999999996 0.04426229999999999
0 0.641975 0.358197 0.034567899999999936 0.05901639999999998
0 0.590123 0.697131 0.027160499999999983 0.07459019999999991
0 0.575309 0.344672 0.03209880000000005 0.07131150000000003
0 0.6925929999999999 0.664344 0.06049380000000007 0.035245900000000004
0 0.381481 0.67418 0.03580250000000006 0.0647541
0 0.466667 0.588115 0.025925900000000064 0.07622950000000002
0 0.541358 0.698361 0.03333329999999994 0.06721310000000004
0 0.518827 0.725 0.03641980000000002 0.06967210000000008
0 0.544136 0.631148 0.04259259999999998 0.05901639999999998
0 0.425 0.27377 0.05123460000000006 0.05081970000000002
0 0.447222 0.744262 0.045061699999999934 0.05081969999999993
0 0.791049 0.315984 0.033950600000000046 0.03688520000000002
0 0.6959880000000002 0.8856560000000001 0.04135800000000006 0.058196699999999865
0 0.176543 0.182787 0.03209879999999998 0.04590160000000001
0 0.505247 0.0934426 0.03271610000000001 0.06885250000000001
0 0.407407 0.0635246 0.03703699999999995 0.06803280000000002
