0 0.498148 0.543443 0.023456799999999976 0.040983600000000016
0 0.5863201814545846 0.4770010397299904 0.028037439075822346 0.041747768748883876
0 0.36606686570375746 0.12473659773563342 0.051104117916027834 0.038394228365298745
0 0.42654300000000006 0.42622999999999994 0.027160499999999983 0.04426229999999999
0 0.4156547257640154 0.5664919824419958 0.05717466099979763 0.03471289079996413
0 0.48209899999999994 0.52582 0.05432099999999997 0.045081999999999914
0 0.679321162345679 0.320051545051609 0.02773170365797897 0.041742690103217975
0 0.5115361262902247 0.5924706620084206 0.06139108142751129 0.041879423094150256
0 0.5891386962375074 0.9917517707855704 0.035915314440421967 0.018550174547023415
0 0.40944810692460804 0.08925765820654309 0.026782386150784075 0.042796183586913804
0 0.558642 0.668443 0.030864199999999994 0.04672130000000003
0 0.32827671535006325 0.14688024572306155 0.0473385513327416 0.05196614164791601
0 0.5949270157878104 0.5048849782697596 0.04901737432556009 0.058125325434837144
0 0.4756306826688254 0.6512831666151573 0.057380234662349074 0.03677756676968562
0 0.6483318636096416 0.28895882123341143 0.028292181069958802 0.04952185792349728
0 0.5852326685660019 0.18543956043956045 0.027811694478361144 0.07994055125202666
0 0.560185 0.622541 0.03765430000000005 0.04344260000000006
0 0.503179947624392 0.24093392945851957 0.029461279461279473 0.05464480874316941
0 0.532716 0.8700820000000001 0.04938270000000004 0.03032790000000011
0 0.588208780574543 0.6946475447216177 0.06186079006186988 0.046698819004314385
0 0.6013478173514133 0.8299942353892322 0.036257343776563464 0.06848953692555748
0 0.45689131754705525 0.6097151303413061 0.05059704513256422 0.04725432231478987
0 0.5585142150138519 0.47314189792492584 0.029855563624626786 0.062323654416229134
0 0.5792248312219264 0.423586556662738 0.0521799940826811 0.041787206685953086
0 0.528704 0.160246 0.05 0.05
0 0.42288657575513067 0.047501696489160326 0.06038354985341187 0.041072895460552164
0 0.5208333333333334 0.21531917536015896 0.03811260755705201 0.06178589170392449
0 0.5328982370167982 0.8351251725544206 0.055542139553396784 0.05195777142793132
0 0.52037 0.657377 0.03580250000000006 0.06885250000000008
0 0.6897576588934613 0.2806618093503339 0.05304069501600362 0.04766241651487554
0 0.5017892288423689 0.9010453789498692 0.029164430130613733 0.07626514611546681
0 0.513725126842499 0.129110610668157 0.05990442502805843 0.05081933360655737
0 0.5382845534293916 0.7260087327663682 0.054261250497809624 0.04428873611845582
0 0.5484240553684998 0.03353204172876304 0.03250093527871304 0.06271733730750123
0 0.5584596169472502 0.12554653210382513 0.03339884481855591 0.07660225447093888
0 0.5696385482409093 0.8034958982150856 0.03356300351818118 0.06349990356982894
0 0.6227652971733117 0.7624518498611484 0.052789583754975375 0.039639881752217096
0 0.7051863955458727 0.8487021857923498 0.0251149842653111 0.06810511089681777
0 0.408951 0.337705 0.05493830000000007 0.02950819999999999
0 0.5398555774938891 0.9743415916841283 0.026460745012221978 0.051316816631743326
0 0.47788282477810057 0.07633667455266259 0.05582691613948741 0.04554801594342655
0 0.5602074517802826 0.904846906129722 0.05940259509751281 0.041102101259206554
0 0.4616980368346488 0.811161874048195 0.05413883829184373 0.043447102033503486
0 0.09569788317586293 0.7444796820675811 0.02226006635172586 0.06273016413516223
0 0.6351204180804461 0.6202074846774193 0.03716636383910793 0.07106013064516135
0 0.6349585383211114 0.9798379144582768 0.027613787555308023 0.03868482682115133
0 0.4046639231824417 0.20804314439801425 0.05486968449931415 0.05500196435586988
0 0.12586478227820846 0.19999515290697675 0.05296466455641687 0.036056205813953496
0 0.807498856881573 0.17273831208257437 0.036122542295381775 0.06557377049180328
