0 0.49192833697916666 0.3470717185185185 0.017051849114583344 0.02824758499999994
0 0.4748759473958334 0.18022471296296297 0.01631044609375003 0.014899832129629607
0 0.33382801614583335 0.34862364629629633 0.015939744583333314 0.030730858796296234
0 0.32715562916666663 0.2595351148148148 0.02112944562500001 0.009622785370370408
0 0.5058291932291668 0.2281833712962963 0.031508787656249974 0.01583106453703704
0 0.292124846875 0.18239771481481482 0.03410363817708332 0.01676229694444447
0 0.40444446197916667 0.3703525287037037 0.02817259416666668 0.0176935293518519
0 0.5037904249999999 0.19915989814814813 0.02965534015624994 0.021728882407407415
0 0.47413490468749997 0.35498700462962957 0.019275998125000034 0.024833040925925857
0 0.5929413458333334 0.14002607222222224 0.030026041666666597 0.014589408703703713
0 0.4827985191983901 0.44106677830639496 0.02948700146637607 0.018449101890073885
0 0.4833447329615479 0.2100791321367407 0.01864905324357107 0.02720661554133354
0 0.45078125 0.1882952675925926 0.03113814619791668 0.016762296944444418
0 0.47394934375 0.3276394396521982 0.034474339687500036 0.013037329444444438
0 0.4283541989583334 0.1266782814814815 0.027801892656249962 0.02266015268518518
0 0.5024926994791666 0.2916628222222222 0.03150878765624991 0.014899832129629713
0 0.5183060215376384 0.2807683840456544 0.015451126560139864 0.021789141445728223
0 0.5225383385309538 0.20831514862293435 0.02563445966607425 0.012723182245868705
0 0.4513373322916666 0.33325812222222223 0.015939744583333314 0.02669550574074072
0 0.5744068708333334 0.4422130712962963 0.024094997656249954 0.02483304092592591
0 0.38738248910281037 0.21487686410805792 0.03482425320562085 0.011567476456856537
0 0.5322803642702938 0.3419148008885723 0.016945376509337546 0.027246679740107624
0 0.4986007239583333 0.12636812314814816 0.018534595104166662 0.02576427333333334
0 0.3278276686994893 0.2939629190715503 0.031263169963805855 0.014211673652716455
0 0.47413490468749997 0.4521464694444445 0.01779319208333329 0.004966623333333304
0 0.46394106354166664 0.3490890731481482 0.020388042604166757 0.02607469675925929
0 0.4665943117621495 0.2742580346945813 0.017304614236117524 0.014943649777504115
0 0.3180733520833333 0.4124136342592593 0.022982893124999983 0.01676229694444447
0 0.47765635885416674 0.2871619287037037 0.015939744583333314 0.02948920296296291
0 0.5289972869791666 0.4412818388888889 0.03187948916666669 0.021728882407407522
0 0.4328028572916666 0.44981819907407405 0.015939744583333314 0.009622785370370408
0 0.494152065625 0.1872087666666667 0.0237242961458333 0.014589408703703685
0 0.5032343427083333 0.3958063407407407 0.030026041666666656 0.014589408703703713
0 0.4333589395833333 0.314322937037037 0.022982893125000046 0.02545384990740745
0 0.45875408046044774 0.3086414835031687 0.020388042604166698 0.02886839398148148
