0 0.380556 0.0844262 0.025308599999999966 0.040983599999999995
0 0.590432 0.0127049 0.04382720000000004 0.0221311
0 0.727469 0.993443 0.025308600000000105 0.011475400000000024
0 0.580247 0.580328 0.06419749999999994 0.03114749999999992
0 0.5977371724531488 0.8730716987822856 0.05508076656008585 0.03944452553956826
0 0.491667 0.20696699999999998 0.020370400000000066 0.06639339999999999
0 0.410802 0.134426 0.03888889999999997 0.06557380000000002
0 0.4171438832067679 0.673968294421512 0.053002401452171576 0.054351416818020915
0 0.505247 0.267623 0.024074099999999935 0.07295079999999995
0 0.469136 0.211475 0.028395100000000045 0.07704919999999997
0 0.527778 0.853279 0.025925900000000064 0.08032790000000001
0 0.408642 0.43319700000000005 0.05185190000000002 0.041803299999999995
0 0.614815 0.9114750000000001 0.04567899999999996 0.032786900000000146
0 0.570679 0.655328 0.033950600000000046 0.040163900000000086
0 0.49712251882493996 0.457138381634037 0.060910837649879986 0.03394826326807412
0 0.428704 0.163934 0.03888889999999997 0.06393440000000002
0 0.48209899999999994 0.783197 0.05679010000000006 0.04344260000000006
0 0.579012 0.288934 0.04320989999999994 0.05163930000000002
0 0.455864 0.8397540000000001 0.025308599999999966 0.06147540000000003
0 0.558951 0.613525 0.05864199999999994 0.03688519999999993
0 0.559877 0.8553280000000001 0.03580250000000006 0.06803279999999996
0 0.477469 0.651639 0.022839500000000016 0.07377049999999997
0 0.714506 0.354508 0.05740740000000002 0.03688520000000002
0 0.56358 0.0467213 0.04938270000000004 0.0639344
0 0.324383 0.715574 0.051234600000000026 0.03442620000000007
0 0.595062 0.9786890000000001 0.039506200000000075 0.04262289999999994
0 0.53179 0.983197 0.05370370000000001 0.02704919999999995
0 0.598765 0.782787 0.05679010000000006 0.03442620000000007
0 0.658333 0.617213 0.035185199999999965 0.07213109999999993
0 0.529012 0.145082 0.05308640000000005 0.04426229999999999
0 0.637037 0.477459 0.04567900000000003 0.048360700000000076
0 0.632407 0.104098 0.027777799999999943 0.07704920000000001
0 0.636111 0.254098 0.03271610000000001 0.07213110000000003
0 0.40679 0.645082 0.05308640000000005 0.04754099999999996
0 0.38642 0.182377 0.04320989999999994 0.05327870000000002
0 0.554321 0.935656 0.04197530000000002 0.06311479999999989
0 0.573457 0.45245900000000006 0.04197530000000002 0.05901639999999998
0 0.775617 0.535246 0.05 0.04918030000000007
0 0.701235 0.9114750000000001 0.05185190000000002 0.049180299999999885
0 0.19537 0.44467200000000007 0.05987649999999997 0.04344260000000006
0 0.42259314748423477 0.574911460107324 0.04493760503153029 0.051816079785352055
