0 0.413272 0.00860656 0.021604899999999955 0.0155738
0 0.5483293922425863 0.7288154230944736 0.03863458448517245 0.03467944618894708
0 0.601235 0.0881148 0.04814809999999998 0.0368852
0 0.5921956042328043 0.6239408968916329 0.03254000846560846 0.038045393783265824
0 0.474691 0.992623 0.03827160000000001 0.013114799999999885
0 0.645062 0.00983607 0.023456799999999976 0.0196721
0 0.5587944952140451 0.6509578964498616 0.06406885789642462 0.03404332994464554
0 0.33827199999999996 0.8811479999999999 0.04320989999999994 0.07213109999999993
0 0.5730369457585592 0.0354782968480649 0.03249299151711847 0.0693171936961298
0 0.37423180421462204 0.2369142181124605 0.036823396789032604 0.06867621140056501
0 0.5804631721999491 0.7004393135034647 0.041542355600101874 0.05813737299307083
0 0.4542189883002419 0.9263182302644921 0.024488076600483584 0.044439760528984316
0 0.598765 0.119672 0.04197530000000002 0.05081970000000001
0 0.2959813778261922 0.4344262860655738 0.02653155565238441 0.0327867721311475
0 0.5480175230208731 0.5575247412878148 0.043470453958253885 0.057080917424370464
0 0.517284 0.702869 0.024691400000000033 0.06639339999999992
0 0.5216551582427457 0.4492136197315881 0.03656473929317871 0.03396889908798609
0 0.468827 0.180738 0.025308599999999966 0.06639340000000002
0 0.497531 0.20041 0.03209880000000005 0.07131150000000001
0 0.61142 0.735656 0.03271610000000001 0.07786879999999995
0 0.51142 0.643033 0.05246909999999995 0.048360700000000076
0 0.500309 0.137705 0.027777799999999943 0.0754098
0 0.564198 0.102459 0.027160499999999983 0.07868849999999998
0 0.38765399999999994 0.707787 0.03703699999999995 0.0598361000000001
0 0.47944945267489714 0.42021556753689226 0.050977094650205695 0.04759938653395782
0 0.523457 0.122131 0.020987700000000026 0.07213110000000002
0 0.309877 0.759016 0.04691360000000002 0.055737700000000015
0 0.519136 0.805738 0.03209880000000005 0.03934430000000009
0 0.352778 0.904098 0.03888889999999997 0.06393440000000007
0 0.573148 0.153279 0.03888889999999997 0.04590160000000001
0 0.487654 0.271311 0.023456799999999976 0.07213110000000003
0 0.38858 0.652459 0.05370370000000001 0.04754099999999996
0 0.59537 0.779918 0.03271610000000001 0.07950819999999999
0 0.328395 0.746311 0.04074069999999996 0.056557399999999945
0 0.516667 0.986885 0.034567900000000006 0.026229499999999833
0 0.4802469302469136 0.10651501566249787 0.027160460493827174 0.08188293132499577
0 0.5922362122915872 0.8989900292927158 0.043731724583174224 0.061915158585431944
0 0.507099 0.912705 0.025308599999999966 0.07786880000000013
0 0.49382699999999996 0.59959 0.05802469999999998 0.03688519999999993
0 0.436728 0.547951 0.04753090000000005 0.05163929999999992
0 0.392593 0.9168029999999999 0.04938270000000004 0.05
0 0.39211491325690767 0.26440267341920376 0.04102002651381546 0.05667474683840752
0 0.536728 0.852049 0.05 0.048360700000000076
0 0.651543 0.886885 0.03148150000000009 0.0754098000000001
0 0.517284 0.0668033 0.05432099999999997 0.035245900000000004
0 0.601235 0.852869 0.04814809999999998 0.05163929999999992
0 0.545988 0.9 0.05 0.04754099999999996
0 0.385494 0.486475 0.033950600000000046 0.06147540000000003
0 0.4339509999999999 0.607787 0.04567900000000003 0.056557399999999945
0 0.543519 0.9454920000000001 0.035185199999999965 0.07131150000000012
0 0.6703699999999999 0.932787 0.03950619999999993 0.0540983999999999
0 0.4433150701190021 0.08787394308771337 0.053296040238004314 0.038042886175426734
0 0.226543 0.47582 0.034567900000000006 0.07295080000000005
