0 0.425926 0.639754 0.029629599999999933 0.035245900000000004
0 0.4172086442573195 0.15878306717978244 0.030236644531160865 0.08060361807217963
0 0.5866669926089382 0.6663221529390736 0.04181158610630354 0.03832755459884576
0 0.4890349375870017 0.09416381321778128 0.0597886857899181 0.030453622617496432
0 0.5017999081926022 0.5608578486413653 0.02971660505907081 0.07715504796124598
0 0.5826123957525012 0.6380230368708095 0.05492058751888124 0.047430766052058586
0 0.5569319369569509 0.7167891780311334 0.026284581914720242 0.042852878297571714
0 0.7100654823962131 0.5906671447846767 0.03000656479242637 0.03543288956935373
0 0.47723356289185676 0.9817455071711045 0.04059833211525377 0.03869832707654827
0 0.5300447594754899 0.585419822350101 0.033143309441665963 0.06813247682300866
0 0.44211360830252944 0.6670735758990728 0.05704020868063106 0.038603160992589314
0 0.4988981774535977 0.8641885333195782 0.04093560399610144 0.06052246934763851
0 0.498765 0.680738 0.04567900000000003 0.06147540000000003
0 0.349074 0.268852 0.03271610000000001 0.031147500000000012
0 0.5439724252719157 0.8165904049996249 0.024012878907817132 0.04222909000075031
0 0.5373971443420675 0.02320112463681602 0.02679689858636684 0.04670126819331019
0 0.5205557514749583 0.6552517327949056 0.025062302949916564 0.07443766558981094
0 0.6496615486214296 0.26995591065208385 0.028983912094362813 0.06004433293547369
0 0.43923213831680646 0.7386427579997749 0.028392236630222906 0.07615260531942826
0 0.4830760310212365 0.7569535786468192 0.03044140030441398 0.06672869012864528
0 0.5158529840720965 0.8951607715900137 0.05591705947961693 0.0406873007671532
0 0.5587567345558213 0.506961598922075 0.056413229929211675 0.04924449007089923
0 0.565315331367065 0.8574980153721349 0.037829941271859104 0.061648002717860154
0 0.6099513046656979 0.990846268333835 0.0547920340928295 0.019405665105777466
0 0.493998311311928 0.059619405472561435 0.05488236233769198 0.04893791097239478
0 0.5392601225934559 0.4063968818067179 0.04769921436588102 0.05101455921128048
0 0.48406779363546837 0.6194431288695063 0.04378801724526048 0.06464930809163509
0 0.6210272056953979 0.8641257455827737 0.061163375427296066 0.04013955058708793
0 0.45679 0.60082 0.05308640000000005 0.04754099999999996
0 0.6762578749611549 0.8243613309824811 0.03008729553351983 0.03601305473234043
0 0.28720771810064094 0.9789409056193383 0.04348940722294362 0.04212056982539222
0 0.43880837359098224 0.809168323517275 0.03969262931886882 0.06264770979480051
0 0.5431138747485663 0.9262663343652701 0.05963206913156479 0.0415289285984919
0 0.6082844096542727 0.4746398896410125 0.05254765528738137 0.05389624971929042
0 0.6688575449369923 0.5736643166567571 0.04525682850380606 0.0728361505138877
0 0.36362163913184326 0.9055823734646082 0.046611237087427565 0.059025952301295384
0 0.1935828643720281 0.5917279731217053 0.035117567508615784 0.0469211608642762
0 0.7217180051338467 0.6758237299139751 0.05240801857963578 0.0633014121084239
0 0.48056758333504485 0.1596169262567801 0.05070846994249335 0.05620931587527649
0 0.5518740137926169 0.4308311811064581 0.049884404586011025 0.046553607759172985
