0 0.8070139005298809 0.6143768651711882 0.025477598940238204 0.06960676965762386
0 0.394444 0.431967 0.030864199999999994 0.03934430000000005
0 0.530864 0.954918 0.017284000000000015 0.03442620000000007
0 0.566667 0.533607 0.023456799999999976 0.06885250000000008
0 0.6822573680050256 0.6586136902110836 0.036118936010051374 0.06968688042216736
0 0.549383 0.145902 0.04938270000000004 0.040983600000000016
0 0.6598770000000002 0.357377 0.03456789999999986 0.07377049999999997
0 0.578086 0.305738 0.05617279999999996 0.031147500000000012
0 0.53642 0.913525 0.03333329999999994 0.0401638999999999
0 0.49660499999999996 0.669672 0.05 0.03442620000000007
0 0.48456800000000005 0.389344 0.06543209999999999 0.02950819999999999
0 0.433025 0.45655700000000005 0.05864199999999994 0.036065599999999934
0 0.436728 0.488934 0.05123460000000006 0.035245900000000004
0 0.607716 0.511885 0.030246900000000035 0.05163929999999992
0 0.6533950000000001 0.668443 0.025308600000000105 0.08114749999999991
0 0.504321 0.293852 0.029629599999999933 0.07786880000000004
0 0.49104899999999996 0.634836 0.05493830000000007 0.03852459999999998
0 0.660494 0.983197 0.055555599999999886 0.031967200000000036
0 0.662654 0.768852 0.035185199999999965 0.06721310000000004
0 0.523457 0.314344 0.03703699999999995 0.06803279999999996
0 0.567284 0.182787 0.05802469999999998 0.0393443
0 0.598765 0.227869 0.023456799999999976 0.04754099999999998
0 0.545988 0.217623 0.04876539999999994 0.05163930000000002
0 0.6790119999999998 0.753279 0.03333329999999994 0.06229509999999996
0 0.68642 0.8717210000000001 0.030864199999999994 0.06639340000000002
0 0.536728 0.253689 0.05123460000000006 0.05
0 0.373148 0.758607 0.05370370000000001 0.031967200000000036
0 0.376543 0.962295 0.024691400000000033 0.040983600000000016
0 0.589506 0.428689 0.03209880000000005 0.07868850000000002
0 0.7783950000000001 0.163115 0.04444440000000011 0.02950819999999999
0 0.37963 0.70123 0.04074069999999996 0.0598361000000001
0 0.545679 0.663525 0.05061729999999996 0.03360660000000008
0 0.534568 0.584836 0.04691359999999995 0.07295080000000005
0 0.460802 0.12008199999999998 0.022839500000000016 0.07131149999999999
0 0.59784 0.831967 0.05370370000000001 0.049180299999999975
0 0.516049 0.813934 0.05679010000000006 0.03114749999999992
0 0.507716 0.19795099999999996 0.04876539999999994 0.05983609999999998
0 0.418827 0.591803 0.04629629999999999 0.05901639999999998
0 0.175926 0.373361 0.04074070000000002 0.06311479999999997
0 0.4921004921004921 0.4356299438266651 0.06647673314339976 0.028659864725438515
