0 0.43970020647511776 0.3060801276829474 0.030475887049764505 0.0747257446341051
0 0.430247 0.370902 0.03209880000000005 0.06803279999999996
0 0.348148 0.4274589999999999 0.022222200000000056 0.033606600000000035
0 0.358642 0.515984 0.027160499999999983 0.045081999999999914
0 0.422531 0.589344 0.04506170000000007 0.032786899999999966
0 0.474383 0.668443 0.05617279999999996 0.02540980000000009
0 0.557099 0.48319699999999993 0.017901199999999947 0.07786879999999995
0 0.40463 0.768033 0.05370370000000001 0.032786899999999966
0 0.517901 0.009836069999999999 0.04814809999999998 0.0180328
0 0.469136 0.340984 0.023456799999999976 0.0754098
0 0.424691 0.622131 0.04691359999999995 0.03442620000000007
0 0.366358 0.709426 0.03765430000000005 0.031967200000000036
0 0.333951 0.69918 0.025925900000000064 0.04918030000000007
0 0.616049 0.331148 0.023456799999999976 0.08688520000000002
0 0.458642 0.637295 0.03580250000000006 0.05819670000000005
0 0.46821 0.571721 0.04135800000000006 0.0647541
0 0.44321 0.445902 0.029629599999999933 0.08196720000000003
0 0.561111 0.607377 0.05061729999999996 0.03442620000000007
0 0.37963 0.736066 0.04814809999999998 0.03934430000000009
0 0.42932100000000006 0.560246 0.05370370000000001 0.045081999999999914
0 0.526543 0.445902 0.028395100000000045 0.07868850000000002
0 0.454938 0.784426 0.05185190000000002 0.05081969999999993
0 0.540741 0.30041 0.025925900000000064 0.0745902
0 0.373765 0.793852 0.029012299999999974 0.07786879999999995
0 0.555864 0.404098 0.04135800000000006 0.0606557
0 0.661728 0.492623 0.022222200000000056 0.055737700000000015
0 0.485494 0.522541 0.05740740000000002 0.031967200000000036
0 0.400309 0.640164 0.04506170000000007 0.07049180000000001
0 0.7336420000000001 0.647951 0.05 0.040163900000000086
0 0.38117300000000004 0.9786890000000001 0.03765430000000005 0.040983600000000016
0 0.367593 0.414754 0.04753090000000005 0.05081970000000002
0 0.501235 0.115984 0.022222200000000056 0.027049199999999995
0 0.587037 0.543033 0.03827160000000001 0.07459019999999991
0 0.556173 0.538934 0.044444399999999974 0.05983609999999991
0 0.579321 0.270492 0.05123460000000006 0.05409839999999999
0 0.564815 0.121721 0.04567900000000003 0.04672129999999999
0 0.630247 0.40041 0.04938270000000004 0.04836069999999998
0 0.40524699999999997 0.52582 0.05 0.054918000000000085
0 0.6799379999999999 0.585246 0.0561728000000001 0.032786899999999966
0 0.555864 0.720492 0.054938299999999926 0.032786899999999966
0 0.604938 0.137295 0.029629599999999933 0.0729508
0 0.585494 0.756557 0.04753090000000005 0.0540983999999999
0 0.460802 0.8450819999999999 0.05370370000000001 0.04426230000000008
0 0.7086419999999999 0.693852 0.05432099999999997 0.03688519999999993
0 0.876543 0.056967199999999996 0.023456799999999976 0.07950820000000001
0 0.539198 0.057377 0.05987649999999997 0.0393443
0 0.294753 0.0905738 0.03641980000000002 0.036885199999999986
0 0.278395 0.912705 0.05061729999999996 0.05
0 0.228086 0.777869 0.04382719999999997 0.06229509999999996
