0 0.00864198 0.022541 0.017284000000000004 0.0418033
0 0.388272 0.42991799999999997 0.025925900000000064 0.03688519999999998
0 0.442303463523157 0.25871534629252346 0.0289728729536858 0.028470207414953073
0 0.5430491468475701 0.6107859098668625 0.06140759369514021 0.033047719733725
0 0.5349640759241419 0.015571390431630815 0.025483251848283775 0.029503480863261638
0 0.587346 0.585246 0.021604899999999955 0.07377049999999997
0 0.449074 0.992623 0.026543200000000024 0.014754100000000183
0 0.635494 0.9938520000000001 0.027777799999999943 0.01229510000000014
0 0.562654 0.570082 0.029012299999999974 0.07950819999999999
0 0.41172800000000004 0.771721 0.04938270000000004 0.041803299999999946
0 0.521914 0.582787 0.05740740000000002 0.03770490000000005
0 0.431173 0.011475399999999998 0.03765430000000005 0.0213115
0 0.507407 0.634426 0.04074069999999996 0.04590159999999991
0 0.370062 0.515164 0.017901199999999947 0.03032789999999992
0 0.505864 0.790574 0.03271610000000001 0.02868850000000006
0 0.3627791139745236 0.4097245215981237 0.02802772794904732 0.0637121431962475
0 0.528086 0.47090200000000004 0.029012299999999974 0.03852459999999998
0 0.44567899999999994 0.298361 0.034567900000000006 0.04754099999999996
0 0.4181080192071648 0.4358950483725007 0.03868583841432958 0.05211779674500143
0 0.5252642281881111 0.1203187810172463 0.03361558975237287 0.07575553796550745
0 0.541975 0.991393 0.04691359999999995 0.01721309999999985
0 0.62716 0.434836 0.06419750000000007 0.02704919999999995
0 0.551235 0.656148 0.025925900000000064 0.045081999999999914
0 0.4044031654178263 0.3921491838671468 0.05325033083565259 0.033478567734293536
0 0.5176282549186471 0.6880200279209704 0.025900986772996494 0.0662038558419407
0 0.535494 0.727459 0.04506170000000007 0.041803299999999946
0 0.421914 0.79877 0.04506170000000007 0.048360700000000076
0 0.412654 0.335246 0.04382720000000004 0.03770489999999995
0 0.594136 0.208607 0.031481499999999954 0.040163900000000016
0 0.582716 0.395492 0.030864199999999994 0.07295079999999995
0 0.47284000000000004 0.570492 0.025925900000000064 0.0754097999999999
0 0.545062 0.416393 0.029629599999999933 0.06721310000000004
0 0.383642 0.9786890000000001 0.022839500000000016 0.04262289999999994
0 0.597222 0.647541 0.030246900000000035 0.06557379999999993
0 0.548148 0.8991799999999999 0.03950619999999993 0.05901639999999998
0 0.5160207495218725 0.24266299667866958 0.0543779009562549 0.04090260664266082
0 0.589198 0.473361 0.05370370000000001 0.05327869999999997
0 0.384877 0.363525 0.05617279999999996 0.04508200000000001
0 0.42932100000000006 0.593852 0.03641980000000002 0.0598361000000001
0 0.578086 0.715984 0.04135800000000006 0.05163929999999992
0 0.623765 0.763115 0.04506170000000007 0.05409840000000009
0 0.5213016484692785 0.30560030323130866 0.03139941482908725 0.05590827252913862
0 0.2951474548294441 0.43449988309485454 0.056961209658888165 0.03785136618970907
0 0.51821 0.8274590000000001 0.05493830000000007 0.04508200000000001
0 0.645988 0.827049 0.036419799999999954 0.06721310000000004
0 0.6799379999999999 0.966393 0.05370369999999987 0.03770489999999986
0 0.6447530000000001 0.686475 0.03765429999999998 0.06311480000000007
0 0.453395 0.105738 0.05 0.031147500000000012
0 0.624074 0.172131 0.023456799999999976 0.0754098
0 0.6212640351102547 0.310255171060362 0.050063929779490354 0.04342325787927604
0 0.682099 0.687705 0.032098799999999914 0.06393440000000007
0 0.495679 0.10082 0.024691400000000033 0.0606557
0 0.729938 0.947131 0.04629630000000013 0.048360700000000076
0 0.507099 0.446311 0.04876539999999994 0.05327869999999997
0 0.446914 0.619672 0.03580250000000006 0.07049180000000001
0 0.273148 0.638525 0.04259259999999998 0.07049180000000001
0 0.552469 0.793443 0.05308640000000005 0.05081969999999993
0 0.791975 0.353689 0.0493826999999999 0.041803300000000036
0 0.348148 0.628689 0.04197530000000002 0.05245900000000004
0 0.664815 0.8536890000000001 0.04320990000000008 0.0598361000000001
0 0.586111 0.0741803 0.05 0.05163929999999999
0 0.609568 0.9213110000000001 0.05617280000000003 0.03442620000000007
0 0.603086 0.859426 0.04197530000000002 0.06803279999999996
0 0.48858 0.9803280000000001 0.054938299999999926 0.03770489999999986
0 0.401235 0.079918 0.04320989999999994 0.0631148
0 0.387037 0.170492 0.044444399999999974 0.0606557
