0 0.5706830734243015 0.4911966134598792 0.06396198830409355 0.03761324417601383
0 0.5960762742940962 0.2052426554130823 0.05072729495171737 0.041389384840123375
0 0.5184618241966474 0.9768035580178306 0.028509151606705092 0.04475348396433916
0 0.4989208360407191 0.5776547670405522 0.02961121940654103 0.052358714408973314
0 0.2995677088049969 0.57839080288223 0.038084752701762085 0.03599549884224358
0 0.3824765857811835 0.5871078292820803 0.029001702852277562 0.08002402487280948
0 0.5420708275359438 0.9664660253966393 0.030673159742927135 0.0654286049444265
0 0.5984037854192893 0.9867745388427812 0.0335751672960976 0.02657116044458764
0 0.43943842216199946 0.18922431027588965 0.0404245709123758 0.06077568972411034
0 0.48117368175561076 0.8067342872558005 0.05271988691279148 0.04132637651757183
0 0.5442409148121368 0.3378258241172078 0.05315872633298513 0.03129333949717293
0 0.5036246736750488 0.3417151165810248 0.028073755941190617 0.07578885577504353
0 0.5662006909295413 0.4174815973827389 0.030931148067807508 0.07218804452188751
0 0.486111 0.662295 0.03271610000000001 0.03770490000000005
0 0.5695323396585614 0.979888118336315 0.03130569105324757 0.03858441906507521
0 0.5764155000974659 0.5283459265099224 0.04498413950617273 0.052022555953408024
0 0.596605 0.589754 0.030246900000000035 0.07950819999999999
0 0.6779091134488447 0.27493076810176925 0.023719726897689742 0.03510843620353834
0 0.63060839679987 0.5906251118852459 0.05010549359974013 0.053380923770491806
0 0.4935593583460539 0.4716226307741545 0.028922631959508293 0.07378827210981116
0 0.4957809700992734 0.9823757189272414 0.025109500877890358 0.0344895533417403
0 0.4741104892156862 0.01487462731436837 0.03239812106027586 0.030822105062680804
0 0.47976335632080014 0.34624941974680845 0.02866321264160036 0.0777440394936169
0 0.5750794610929556 0.07311955848601734 0.04469401899055905 0.06711671716489875
0 0.437654 0.836475 0.03209880000000005 0.04344259999999996
0 0.564221874995583 0.9435303725622453 0.03698855000883406 0.05064325487550951
0 0.5483428697368421 0.5347956663071614 0.044054160526315715 0.05335966738567739
0 0.5143140247984789 0.44601898936737666 0.03508208135829249 0.07307705984851173
0 0.5357252416666666 0.059242415814850534 0.029783816666666723 0.03561356837029894
0 0.4240501277139208 0.6420470604861503 0.04988825031928481 0.060592142453363515
0 0.29673590504451036 0.6117137714647078 0.058431329450122735 0.03648392275137423
0 0.365123 0.747951 0.027777799999999943 0.06803279999999996
0 0.554321 0.597131 0.04197530000000002 0.054918000000000085
0 0.5335148988562091 0.02169720019286403 0.05486567280319536 0.03857279961427194
0 0.5254389522344496 0.8422682148784894 0.04268104319015502 0.06505766231865077
0 0.48717955700671434 0.6208469080601093 0.06288033991769544 0.04519108387978139
0 0.37332170490965577 0.42975886435602356 0.04841759018068845 0.0535972712879528
0 0.5047400980155861 0.29737562675580526 0.06172839506172839 0.048540236833683
0 0.5289695636230289 0.2539360493426392 0.04559344823371225 0.05794513877617269
0 0.466667 0.773361 0.04320989999999994 0.05327869999999997
0 0.5188448410454385 0.9010096945844027 0.030231274008993038 0.05965766524904431
0 0.463889 0.721311 0.04135800000000006 0.05081969999999993
0 0.7581257850075055 0.5968555505837367 0.027417823116747883 0.04820404344465685
0 0.2673828625856321 0.7001264775988714 0.049730739641718896 0.03648392275137423
0 0.44690677196804646 0.0818918756027001 0.03597040668119105 0.07548818707810992
0 0.8179551201814746 0.6963517084654662 0.035694359637050546 0.0745093830690674
0 0.8462898398969713 0.5464057495194009 0.054334720206057445 0.04817180096119834
0 0.8209880000000002 0.227049 0.04444440000000011 0.0606557
0 0.1863299996336594 0.7745536800116749 0.049547569329962994 0.0625091209806879
0 0.5857018362307885 0.7932670850702576 0.03418967598891401 0.061508653546336535
