0 0.695679 0.515574 0.020987700000000026 0.04262289999999994
0 0.7487103692111517 0.12439390441006697 0.056222106300353576 0.03482644500885094
0 0.6469610636277303 0.22837697500185444 0.06354393609295574 0.03430754395074549
0 0.6323850110524551 0.6719178836102664 0.027057250114518816 0.07519842905570799
0 0.609641266869411 0.009063270123551752 0.0266897337388219 0.018890910836978986
0 0.493519 0.509016 0.029012299999999974 0.03934430000000009
0 0.595988 0.648771 0.035185199999999965 0.07622950000000002
0 0.6568001602494273 0.6664472461964989 0.024313762513267428 0.06907865499962913
0 0.5889057119267079 0.5927251359747051 0.032344690151388196 0.04606892041762483
0 0.3997012503956948 0.5023775746111813 0.03096312124089898 0.04479298024379993
0 0.3806555205678012 0.01650959049578549 0.0539036337281951 0.03301918099157098
0 0.47963 0.544262 0.025925900000000064 0.06229509999999996
0 0.5230616663622144 0.6952898370206216 0.031934181280375375 0.034597180160967286
0 0.5810429584939388 0.2512795786662711 0.02807105748282218 0.07640382760922783
0 0.5541589855315345 0.6804020473258661 0.04161778671582593 0.03894369853868399
0 0.6024803083626613 0.5118314665084193 0.027093458466007435 0.07788739707736818
0 0.549691 0.742213 0.026543200000000024 0.07950819999999999
0 0.46455431754874654 0.9691321521530665 0.04530932975686921 0.06283620256632727
0 0.5298770430349377 0.0946605163602575 0.034612885490078446 0.07516426627729476
0 0.6589017373331099 0.8001075587864401 0.04161778671582593 0.047288776796973464
0 0.483642 0.484426 0.05370370000000001 0.05245900000000004
0 0.4962638076673164 0.1119997345191478 0.02761533463287847 0.07732129820136721
0 0.5415898553153455 0.3725613826867443 0.058655941008882204 0.04116905274089457
0 0.6561435868443104 0.2706735679975521 0.04741340169822914 0.05578957493138493
0 0.5812885251885369 0.7419348180198058 0.0440594503770739 0.07239473603961137
0 0.5300681526171722 0.46639715154662115 0.04455058376627004 0.06305170239596478
0 0.42566351776878086 0.11540120793787748 0.052856500224921256 0.06321762792858565
0 0.5426664898162114 0.8551016786069282 0.036392063661248024 0.06600018851717217
0 0.522531 0.527459 0.04382720000000004 0.05327869999999997
0 0.6352997039271548 0.6091907128551294 0.06368359309535775 0.042652622209034964
0 0.4768232738911751 0.74045613236187 0.030578417924096955 0.08063904068002423
0 0.5395982693005977 0.25052110500519253 0.037221538601195446 0.05677991001038498
0 0.5147377787721356 0.8455101995363845 0.03595564245572875 0.06799540092723068
0 0.6755907491201609 0.9034938060974705 0.023043405396346636 0.06453527186410507
0 0.4132537986704653 0.40845680958385877 0.04580167774612223 0.07132723833543511
0 0.5676668135816436 0.8013965777946741 0.04700255517289534 0.05472483269045323
0 0.3081473567584679 0.6659179277007146 0.03521684077239636 0.08104770912147967
0 0.44153296346278803 0.10055087276830159 0.05160693757184984 0.05575097896064247
0 0.4156349943258021 0.8952463582812 0.059063241514494984 0.037672953102881435
0 0.3900561886672998 0.6179723623371164 0.049857549857549824 0.05608974358974359
0 0.33213635644191203 0.5655606347204708 0.054111269389047166 0.042428541403951275
0 0.41875322397606524 0.9617688022284121 0.03039478661577081 0.07482305128088046
0 0.495679 0.254918 0.05802469999999998 0.03442619999999998
0 0.4976099590769971 0.9183638522306954 0.055882251796829346 0.040755285629480664
0 0.5880830837257696 0.84342023375306 0.040246323470755685 0.07378559880943535
0 0.784259 0.331148 0.05 0.049180299999999975
0 0.6117052106879963 0.13324482413607328 0.041297165710311196 0.06407296236435003
0 0.27329170255526847 0.16480810776464608 0.03552971576227389 0.05766298131910027
