0 0.47816113541666666 0.1431119851851852 0.08255303718750007 0.09341825629629623
0 0.6889821796875 0.8304044888888888 0.04438336260416662 0.14870667851851868
0 0.001407648020833226 0.5739804592592593 0.002815296041666452 0.09341825629629634
0 0.45064316875 0.04724756629629628 0.06124904614583334 0.09449513259259255
0 0.4151369963541667 0.04248209296296292 0.038169674583333445 0.08496418592592583
0 0.6521444 0.8380288740740739 0.03284367682291674 0.09151192740740705
0 0.24071082135416663 0.7903683259259262 0.07989011020833321 0.09913770814814808
0 0.3711982697916667 0.11832691851851851 0.058585975364583355 0.1696781570370369
0 0.269454925010503 0.6175137431815421 0.07524287533350614 0.10548893141469341
0 0.5700348484375 0.09735637037037037 0.07101335140625006 0.1239223096296296
0 0.27621699375000003 0.27275444444444435 0.0337313670833332 0.1620521437037036
0 0.3609897598958334 0.011024642592592584 0.054147667864583346 0.022049285185185168
0 0.4003975952345972 0.8930394018822099 0.04064556468794424 0.11494947771706145
0 0.20092626727251897 0.9317476488342441 0.038734349569545516 0.13650470233151177
0 0.4394319804104445 0.5846476348512445 0.040601043372972254 0.13690304140862164
0 0.2704476541666667 0.9638179922222222 0.07722703942708335 0.07236401555555563
0 0.5068954469846778 0.5765039957368444 0.08143582876102222 0.08074447223001449
0 0.33064753037649713 0.969998482088646 0.05915156908632812 0.060003035822708
0 0.3179382921874999 0.20411869629629625 0.07101335140625017 0.1277351999999999
