0 0.5277597117859554 0.9924478693716725 0.021022976428089476 0.015574142622950812
0 0.5522853245970784 0.8230719880883981 0.054176522414751335 0.048547921983553816
0 0.6589568650972158 0.36503617176611136 0.027365422102264173 0.03683546824185308
0 0.47502805836139167 0.249130650769995 0.024878413767302626 0.07898658718330846
0 0.5257395414790997 0.7850167378973171 0.0566793528958755 0.04085736488851398
0 0.5049601544906911 0.9907491630053766 0.024647791018617717 0.02113777569711657
0 0.44858938360743417 0.6248150559270877 0.03030708205196774 0.06598804521512691
0 0.6279137923427396 0.27153607338017177 0.05038934653145208 0.050702248243559685
0 0.597790130646858 0.9887722867244744 0.02413014021872888 0.023509467234199576
0 0.48539160811400894 0.7184650255653365 0.03632249612957006 0.07221548679563551
0 0.6004705245443857 0.2096801645979703 0.04720795091122867 0.05782637135050733
0 0.4853301344529415 0.3896761133603239 0.031488978857399874 0.06952279816818215
0 0.48279357279583984 0.8399097021401085 0.026036847104124468 0.06653028735438316
0 0.351852 0.977869 0.05432099999999997 0.03114749999999992
0 0.6229645836125809 0.23837824596018733 0.05514373106995886 0.052615092779078894
0 0.5033863147898235 0.5076491670538262 0.03411306042884985 0.07317315988584316
0 0.5272529614634878 0.46791000199110633 0.05035737491877842 0.0597331917435455
0 0.5953515144297566 0.9385377681724739 0.04505577388749953 0.06747140372146969
0 0.5907370664315109 0.3182328259172521 0.028475896531452105 0.05196135831381735
0 0.5500248126086699 0.8743254695693429 0.04202492521733951 0.03881413913868546
0 0.4646017104762979 0.09905917406728963 0.02589086747502586 0.06534769401998748
0 0.5022953157730535 0.6416819553766941 0.05125462405847487 0.04349884594898504
0 0.547128914412645 0.20655760901639345 0.04117052882528988 0.062294618032786894
0 0.3573972323972324 0.20975950279228966 0.02696377696377695 0.08129165916051159
0 0.5613035437596842 0.35051768766177743 0.051731893837156984 0.0436384150793124
0 0.346605 0.597951 0.04382720000000004 0.05983609999999991
0 0.7073774179037335 0.48923143293289967 0.03273854151047143 0.03899250016592553
0 0.6946281599059378 0.21699355971896953 0.05842151675485007 0.0431791569086651
0 0.5610208010797507 0.9641149649464973 0.03474852129728869 0.07013072584471039
0 0.45902684060578797 0.413901241122984 0.040860698755435604 0.06952279816818215
0 0.5244025366301457 0.7128827781152812 0.037694073260291325 0.07494605623056248
0 0.5225588046576879 0.22680095548931942 0.040179809315376035 0.06999471097863882
0 0.446781126605688 0.46915444348576346 0.054106062877992744 0.038328798035441654
0 0.554658243602138 0.12502520743877665 0.06217844006622893 0.035942118802044155
0 0.29142924976258305 0.28114303729057827 0.026624609957943298 0.07768870473788503
0 0.5917914315739491 0.4390288738650693 0.05148486314789812 0.05510744773013866
0 0.659081821362523 0.4203723368952014 0.04186034887789273 0.06321762792858565
0 0.342593 0.931967 0.04814809999999998 0.0540983999999999
0 0.45 0.812295 0.05061729999999996 0.06065569999999991
0 0.6400195575113067 0.12952442785262133 0.03520352035203517 0.07109235513715306
0 0.6670333700036671 0.04325596494075637 0.05524996944138862 0.04496023372829086
0 0.4891916169814204 0.027998726509495208 0.036407133962840794 0.055997353018990434
0 0.796296 0.45696699999999996 0.0493826999999999 0.04344260000000006
0 0.5602847321769214 0.08216149483800839 0.05077359587810631 0.055249787273809345
0 0.192593 0.9647540000000001 0.028395099999999975 0.06885250000000008
0 0.6162915326902465 0.7759211427969005 0.04763606049779689 0.03795266459332668
0 0.40615248948582283 0.15988110250405332 0.03323836657169996 0.07341019636101603
