0 0.5923317187529907 0.035995679657516835 0.04866956249401859 0.04276274068496633
0 0.673101035110482 0.3549781659079043 0.05114007022096409 0.04602153181580868
0 0.5569139737300464 0.2918294984702934 0.04682314949673668 0.02926780686018586
0 0.397531 0.251639 0.027160499999999983 0.07049180000000001
0 0.48979141138240145 0.2675001155502767 0.027730222764803036 0.07270573110055341
0 0.5345738068766218 0.3493446114284222 0.0679130137532437 0.02805192781664404
0 0.445354827649996 0.6605540698183147 0.03167770020838254 0.03422233963662935
0 0.551543 0.321311 0.05123460000000006 0.04262290000000003
0 0.446914 0.0954918 0.05061729999999996 0.03032789999999999
0 0.473457 0.21803300000000003 0.024691400000000033 0.07868849999999997
0 0.5723283364335142 0.4641355417458494 0.06028142713297161 0.04386051650830115
0 0.662346 0.45532800000000007 0.03580250000000006 0.03360660000000008
0 0.799383 0.365984 0.04074069999999996 0.0598361
0 0.599383 0.822541 0.020987700000000026 0.03852459999999998
0 0.543827 0.820902 0.022222200000000056 0.08606559999999994
0 0.420062 0.604918 0.025308599999999966 0.0754097999999999
0 0.502778 0.32459 0.05246909999999995 0.031147500000000012
0 0.379012 0.0504098 0.03580250000000006 0.0745902
0 0.434877 0.127049 0.05123460000000006 0.03442619999999998
0 0.7063318458539751 0.6177718603790331 0.030286689671306058 0.07593168907799934
0 0.5244751185362114 0.8000859709355749 0.025123862927577217 0.07359785812885039
0 0.478704 0.458607 0.05370370000000001 0.05
0 0.449691 0.0331967 0.05864199999999994 0.0401639
0 0.45740699999999995 0.618443 0.04074069999999996 0.05819670000000005
0 0.4645059999999999 0.376229 0.05123460000000006 0.04590160000000001
0 0.592901 0.572541 0.05123460000000006 0.035245900000000004
0 0.4500806128076591 0.4374858402265845 0.05169067438468193 0.036504519546830996
0 0.32662771214516 0.30527049943092827 0.03439877570967999 0.04355760113814347
0 0.413889 0.0733607 0.026543200000000024 0.07622950000000002
0 0.490432 0.138934 0.029012299999999974 0.03852459999999998
0 0.5805811288727688 0.8564687723321498 0.06161040876385938 0.03500022290383219
0 0.388272 0.545492 0.05432099999999997 0.040163900000000086
0 0.507407 0.209836 0.04320989999999994 0.057376999999999984
0 0.483025 0.40409800000000007 0.05 0.04426230000000003
0 0.52716 0.543033 0.05555560000000003 0.045081999999999914
0 0.651235 0.42459 0.05432099999999997 0.04262289999999999
0 0.510494 0.589344 0.03950619999999993 0.06229509999999996
0 0.45123500000000005 0.54918 0.05308640000000005 0.05081969999999993
0 0.684877 0.590574 0.030246899999999893 0.07786879999999995
0 0.6151881003341984 0.6367026586587657 0.04272280066839668 0.05373261731753149
0 0.387346 0.414754 0.05617279999999996 0.03770489999999995
0 0.672222 0.893443 0.029629600000000075 0.036065599999999934
0 0.453086 0.293033 0.04814809999999998 0.05163930000000002
0 0.604321 0.0987705 0.06172839999999999 0.030327900000000015
0 0.34475300000000003 0.49467199999999995 0.04506170000000007 0.05163929999999992
0 0.33642 0.866393 0.05308640000000001 0.03442620000000007
0 0.631173 0.810656 0.05493830000000007 0.05245900000000004
0 0.408951 0.859426 0.05617279999999996 0.041803300000000036
0 0.6703699999999999 0.22458999999999998 0.03333329999999994 0.06557380000000002
0 0.7346581989600534 0.7293334538555916 0.039687297920106994 0.06686300771118298
0 0.569444 0.933607 0.05123460000000006 0.04426230000000017
0 0.18275332935440747 0.16517710251383522 0.04575385870881494 0.054943905027670444
