0 0.55 0.642623 0.04320989999999994 0.040983600000000016
0 0.47954426057262933 0.07368329264039064 0.044982926188599934 0.05231949773282176
0 0.60463 0.517623 0.025308599999999966 0.07950819999999999
0 0.595062 0.693443 0.03333329999999994 0.05409840000000009
0 0.647531 0.46885199999999994 0.03209879999999998 0.05245900000000004
0 0.443827 0.0901639 0.05432099999999997 0.0360656
0 0.624074 0.682787 0.03333329999999994 0.06885250000000008
0 0.49382699999999996 0.920902 0.05679010000000006 0.035245899999999816
0 0.5615838228066719 0.5570717541594 0.05032854561334381 0.04037340831880015
0 0.6398149999999999 0.23565599999999998 0.05370369999999994 0.03852459999999998
0 0.578704 0.492213 0.03765430000000005 0.06147540000000003
0 0.533642 0.520902 0.05740740000000002 0.035245900000000004
0 0.644444 0.314754 0.022222200000000056 0.08688520000000002
0 0.425309 0.636475 0.044444399999999974 0.05819670000000005
0 0.7280860000000001 0.492213 0.036419799999999884 0.05327869999999997
0 0.590432 0.205738 0.05246909999999995 0.05081970000000002
0 0.507407 0.45614799999999994 0.03209880000000005 0.07459019999999995
0 0.6627330552067354 0.15074943334707538 0.025151989586529283 0.07063263330584922
0 0.490123 0.9606559999999998 0.05679010000000006 0.040983600000000016
0 0.286728 0.232787 0.027777800000000016 0.07377049999999997
0 0.532407 0.420082 0.035185199999999965 0.05983609999999996
0 0.541049 0.114754 0.04753090000000005 0.03442619999999999
0 0.39043199999999995 0.283607 0.04876539999999994 0.04590160000000001
0 0.591049 0.263934 0.04876539999999994 0.05409839999999999
0 0.509877 0.223361 0.05308640000000005 0.04672130000000001
0 0.45740699999999995 0.510246 0.04814809999999998 0.0598361000000001
0 0.7929010000000001 0.508197 0.038888900000000115 0.06229509999999996
0 0.630864 0.0655738 0.05802469999999998 0.044262300000000004
0 0.429938 0.9262300000000001 0.040123500000000034 0.06557379999999993
0 0.783333 0.834836 0.04444440000000011 0.05819669999999996
