0 0.5314533958333334 0.26363878425925924 0.05412360255208325 0.03208634999999999
0 0.6403596994791666 0.09746014333333333 0.05808386093750002 0.023466130462962947
0 0.5601643869791667 0.23418627500000003 0.05742380005208337 0.02202943694444441
0 0.5293832642530363 0.5777452363754914 0.03318123128559414 0.045503501912761354
0 0.44847754524944755 0.6416013911983395 0.026782122391899203 0.023246822946368886
0 0.5629337837543239 0.20965690403779214 0.0479478881306072 0.035698374776211024
0 0.6050480994791666 0.2032970722222222 0.03630238635416679 0.023466130462962975
0 0.5255125270833333 0.12068684435185185 0.0409227056250001 0.042143263055555574
0 0.4113138280746305 0.5402367610359874 0.05826305319885291 0.03245136447058346
0 0.7245438241078072 0.1698635068972348 0.052087916315635495 0.031307121201877085
0 0.5024109307291665 0.1824653083333333 0.03168206708333331 0.041185486851851826
0 0.5016671438622777 0.32180507931531904 0.06221221284836117 0.01719968566767515
0 0.305493986637124 0.28541670059587027 0.03344930584033558 0.03924540156211086
0 0.35291082916666655 0.07926192805555556 0.023101489427083285 0.01963496722222223
0 0.34951041071147587 0.378140690937992 0.06646249970420151 0.022418837753645414
0 0.4898705223958333 0.2253265675925926 0.03432231062500009 0.04070656953703704
0 0.4585184322916666 0.19276170925925923 0.0442229031250001 0.03304418462962965
0 0.5675931888567524 0.5383737775908238 0.035206321739451596 0.02684281971672933
0 0.62616940625 0.26268118333333335 0.05478366343750001 0.0263395759259259
0 0.41826083198658837 0.11207475638794342 0.05873244290182313 0.031623695831442374
0 0.48154673904639217 0.16771642985887286 0.04235489194627521 0.0398865145395583
0 0.31705618486007575 0.540252897752372 0.061607934081594116 0.023896276058344504
0 0.441261671760082 0.4237337435977908 0.03649231366733581 0.04711099653961241
0 0.32650946302083345 0.4975820342592592 0.036302386354166674 0.0431010976851851
0 0.6854724063126848 0.3304089420809471 0.056260310046737656 0.01827121481958724
0 0.6147191118568432 0.4750086963767199 0.06072392230709885 0.022159345765078605
0 0.6030678098958333 0.24232792777777776 0.024421611197916585 0.03639648898148143
0 0.5245223822916666 0.1896487759259259 0.0336622497395832 0.03926987601851853
0 0.4641288963541666 0.221016487037037 0.04488296401041663 0.029212962962962948
0 0.4758809911982544 0.4492862072231998 0.05742380005208325 0.020113826111111115
0 0.4736988703125 0.12954661018518518 0.02706174781249994 0.04645340203703701
0 0.6126377838541667 0.08500870212962963 0.031682067083333244 0.030170739166666682
0 0.4808813921504674 0.47286170985065296 0.060466358389307535 0.021923856036501852
0 0.617258103125 0.35319345925925927 0.03300218885416666 0.04358001499999994
0 0.32079264152629566 0.4041678565548043 0.033841224846550826 0.02536552077223104
0 0.5185815135416667 0.29237265462962964 0.042902888281250044 0.041664404166666696
0 0.4902227050973632 0.41589268054482087 0.07198912326764345 0.021623330484432407
0 0.5813027190688511 0.2917764059815677 0.02682640050779324 0.04032483409080972
0 0.48227976875000006 0.08285366185185186 0.05874392182291667 0.023945047777777777
0 0.95421089828125 0.10919323777777779 0.031022006197916716 0.023945047777777777
0 0.5641249661458333 0.09051610518518519 0.05742380005208337 0.031607491111111115
0 0.37684580290802694 0.22307845181965413 0.0643714696181373 0.023174182101432475
0 0.6456408281250001 0.34241796574074074 0.03960258385416668 0.042143263055555526
0 0.47534875520833325 0.5713324962962962 0.04620308578124994 0.028734045648147976
0 0.4327768062500001 0.21981933981481486 0.02706174781249994 0.043101097685185205
0 0.3921840776041666 0.10081244768518519 0.046203085781250056 0.04070656953703703
0 0.4968004666666666 0.6489145305555555 0.037622508124999975 0.009577995740740848
