0 0.6895060000000001 0.00696721 0.05432099999999997 0.0139344
0 0.4362223221872344 0.19546027742749053 0.026990553306342795 0.0461272980686268
0 0.4746914302469136 0.12875496201632705 0.033273209881541366 0.03982863042410566
0 0.5209663686675181 0.09813100621820238 0.02607492550021282 0.07507772752967778
0 0.613889 0.382377 0.04135800000000006 0.06803279999999996
0 0.30484870568498607 0.5542966503966156 0.0310434886300279 0.04222629920676889
0 0.46809121839981 0.09817978953009888 0.029249863200379946 0.03806662093980221
0 0.5730497020008514 0.07896410401356699 0.04483290762026392 0.060768795929903904
0 0.29881759693966264 0.8057030708843222 0.02243088158581116 0.038559224197644903
0 0.669444 0.37418 0.03148150000000009 0.05163930000000002
0 0.5503519521490964 0.9872769208417076 0.032629429035140545 0.0238068140542897
0 0.3820205181707529 0.7783421842530592 0.05494696574508784 0.03301777880397136
0 0.48348859429108587 0.7089312540131556 0.04403382242883913 0.06300044824648088
0 0.39851125635439355 0.8156541305046608 0.06253530218671825 0.03455480552876886
0 0.5728796250706639 0.9078141269341597 0.02863030435654754 0.033900767610238046
0 0.5447052172803034 0.9521272731675423 0.048689753268778405 0.02929994914884856
0 0.5930715197956578 0.14379592990390053 0.049755214985100056 0.05476257772752969
0 0.5543083164105063 0.016172750598991172 0.03948153282101261 0.03070620119798234
0 0.3754135399015573 0.8435122682952964 0.05144032921810702 0.04473374049073169
0 0.512282318115895 0.21343722154621497 0.03146984652683079 0.06316230083069055
0 0.645988 0.340574 0.05493830000000007 0.035245900000000004
0 0.6373460000000001 0.43770499999999996 0.03148150000000002 0.07213109999999998
0 0.6368372921329386 0.08604160674911324 0.024667292373595166 0.07973029111941969
0 0.46302544109561644 0.18044401672529367 0.0331134103063928 0.0798101811906816
0 0.5764812079435417 0.8558733079884737 0.03236865619928146 0.07143376032157293
0 0.5469847001112388 0.8825096253965179 0.02808322847712312 0.06877012858076863
0 0.5207552356675164 0.04297471294882857 0.05685510071474981 0.0341806597199177
0 0.2403586839266451 0.1890020690752825 0.048318950017979125 0.04018780837179691
0 0.4400580956135623 0.7167699143110322 0.036441391997125254 0.07458872868682048
0 0.5740981142613878 0.20676598020067835 0.056837828522775746 0.0397608604013567
0 0.362654 0.286066 0.04629629999999999 0.04426229999999999
0 0.5489614243323442 0.42892931848032295 0.033153826427812554 0.06931945322761102
0 0.5857258130805842 0.9553276786885248 0.0452451296788664 0.061642872518584906
0 0.45981286397135995 0.06928388425366695 0.04678602794272004 0.05987916850733389
0 0.5844593978518153 0.7128241760902729 0.03975418057151199 0.07131268615153641
0 0.7913580000000001 0.653689 0.030864199999999994 0.04672130000000003
0 0.40559790559790554 0.6525851197982345 0.03888503888503887 0.07106097270031687
0 0.4532549364399018 0.4569611324609622 0.04780745136828224 0.051685557231113476
0 0.5346283474374474 0.3697645570851778 0.051379272447521676 0.046577808045921085
0 0.5106497437861298 0.9111436666101654 0.052975180990936815 0.05533089570670993
0 0.396798620482831 0.16501294219154442 0.04435947418403556 0.05193469171036038
0 0.5319857030836843 0.793096350824515 0.054069332749785724 0.04661355546407733
