0 0.566667 0.562705 0.023456799999999976 0.03688519999999993
0 0.505247 0.9938520000000001 0.04135800000000006 0.01229510000000014
0 0.475309 0.208607 0.05061729999999996 0.03688519999999998
0 0.561111 0.270902 0.04074069999999996 0.030327900000000015
0 0.56142 0.438525 0.027777799999999943 0.03442620000000007
0 0.5 0.013524599999999998 0.016049399999999957 0.025409799999999996
0 0.647222 0.531967 0.048765400000000014 0.03934430000000009
0 0.663272 0.319672 0.048765400000000084 0.031147500000000012
0 0.5824150439678074 0.2148890188213322 0.027543720471948765 0.07447595696202527
0 0.538889 0.42541000000000007 0.03333329999999994 0.07049180000000001
0 0.48642 0.393443 0.04197530000000002 0.05901639999999998
0 0.51821 0.41516400000000003 0.03271610000000001 0.07950820000000004
0 0.50216 0.241393 0.05617279999999996 0.028688499999999967
0 0.608951 0.145082 0.031481499999999954 0.0770492
0 0.476235 0.172541 0.06111110000000003 0.035245900000000004
0 0.491358 0.35041 0.04814809999999998 0.03688520000000002
0 0.461728 0.40082 0.04197530000000002 0.06885250000000004
0 0.502778 0.318033 0.05864199999999994 0.036065600000000024
0 0.610185 0.092623 0.05370370000000001 0.03278690000000001
0 0.542593 0.546721 0.03333329999999994 0.06393440000000007
0 0.440123 0.4475410000000001 0.027160499999999983 0.07213109999999998
0 0.563272 0.163525 0.022839500000000016 0.07131149999999999
0 0.595062 0.518852 0.029629599999999933 0.07377049999999997
0 0.437963 0.21311499999999997 0.024074099999999935 0.0754098
0 0.539815 0.364344 0.05987649999999997 0.03688520000000002
0 0.34475300000000003 0.019672099999999998 0.025308599999999966 0.0360656
0 0.475926 0.09180329999999999 0.06172839999999999 0.031147499999999998
0 0.7064810000000001 0.327459 0.036419799999999884 0.05491799999999999
0 0.3 0.259016 0.027160499999999983 0.07049180000000001
0 0.569136 0.307377 0.04567900000000003 0.05737700000000003
0 0.408951 0.188115 0.03888889999999997 0.03688519999999998
0 0.762037 0.9737699999999999 0.033950600000000046 0.03934430000000009
0 0.470988 0.514754 0.05802469999999998 0.04262289999999994
0 0.222222 0.157787 0.018518499999999976 0.035245900000000004
0 0.401235 0.439344 0.034567900000000006 0.06393440000000002
0 0.554321 0.10123 0.04567900000000003 0.05327869999999999
0 0.644136 0.611885 0.033950600000000046 0.07131149999999994
0 0.799383 0.709016 0.025925899999999925 0.07377049999999997
0 0.609568 0.357377 0.05 0.04590160000000001
0 0.5909309017331434 0.7643125389029003 0.0584041034662867 0.04010127780580077
0 0.562654 0.648361 0.045061699999999934 0.05081969999999993
0 0.498457 0.831557 0.031481499999999954 0.06475410000000009
0 0.441358 0.0655738 0.030864199999999994 0.031147500000000012
0 0.4645059999999999 0.903689 0.05740740000000002 0.0401638999999999
0 0.630247 0.0446721 0.05555560000000003 0.04508199999999999
0 0.40679 0.92459 0.03209880000000005 0.04262289999999994
0 0.786111 0.945902 0.0438271999999999 0.05573769999999983
0 0.6685189999999999 0.8405739999999999 0.04197529999999988 0.06311479999999997
0 0.553395 0.9729509999999999 0.04876539999999994 0.05081970000000011
