0 0.4297224635416667 0.7442627185185183 0.07561343718749995 0.032720152962962996
0 0.2885497197916666 0.8087405185185186 0.04102432968749993 0.08853669111111091
0 0.4743662229166666 0.5445738518518519 0.05711232000000012 0.05870370370370368
0 0.30689477285557626 0.5853348812377182 0.031328176583126206 0.0746821212702732
0 0.36488203964782395 0.028169520522929325 0.06211068903768554 0.05633904104585865
0 0.35008719166666674 0.5209960962962963 0.04987267875000008 0.0654401885185185
0 0.4020219843519307 0.34492196178764484 0.050780663808028 0.08668715876047486
0 0.6497251479166667 0.910268574074074 0.03941549156250008 0.04715539370370363
0 0.48371420745350097 0.4863977319336302 0.05453575500220644 0.07184719499368007
0 0.20609969791666674 0.7635093148148148 0.06756950718750006 0.036569472222222156
0 0.2934969292401531 0.25954603128386955 0.04078267891552727 0.08406622854337213
0 0.3335961447916667 0.6870019518518518 0.03298026937499981 0.07987554666666662
0 0.6186496807114678 0.11250732288948899 0.07260929441039773 0.0663384534802813
0 0.3593574140376293 0.5692071690630707 0.07163275442942521 0.0492710892161081
0 0.3946412808050511 0.6285120738706621 0.06756950718750013 0.06447780000000013
0 0.2785830090791181 0.626046059454875 0.0685459900562042 0.05841537142168639
0 0.4610042245550511 0.9905273412272166 0.07159147218750021 0.018945317545566703
0 0.22258944166666664 0.01028531055555555 0.02815388531249994 0.0205706211111111
0 0.5040067731787384 0.9489142890404322 0.043998180836643405 0.09119591876400679
0 0.4090877052244561 0.12327303882962541 0.07420866866911678 0.056670713157208355
0 0.3738170979166666 0.5238831444444445 0.02171879343750014 0.030795375925925926
0 0.40237247604166665 0.47961468148148145 0.04182874875000012 0.07891315814814814
0 0.5148681503460738 0.5412966725921615 0.03479524203735238 0.09011378179339179
0 0.2547662041666667 0.7870870703703704 0.047459551875000075 0.08564964296296296
0 0.4289184354166668 0.4661410074074075 0.03861107249999994 0.0827625948148148
0 0.1591845283617844 0.4412342755861205 0.06383253932773539 0.06181949524631505
0 0.5624483510416666 0.30350357037037035 0.05469906281249995 0.08083793518518521
0 0.525675966373194 0.001998623620224504 0.03815163371194489 0.003997247240449008
0 0.6155376635416665 0.8587830777777777 0.08043982125000007 0.04426834555555535
0 0.6115162197916668 0.22603346666666665 0.028958304374999955 0.10682148592592595
0 0.6680150993975628 0.6721326849239154 0.040244750765330295 0.0770815431811644
0 0.2121331666666667 0.13653497407407408 0.06998263406250006 0.051004830370370326
0 0.40880730729166675 0.6870019518518518 0.0530902246874998 0.08564964296296307
0 0.3046381010416666 0.5080037925925925 0.044241875625000066 0.0490801707407407
0 0.46439115400343617 0.358988304140561 0.03639822888884391 0.09497310468184098
0 0.57479061148585 0.011023048627501019 0.05329428142374605 0.022046097255002037
0 0.35410863541666665 0.2832942333333333 0.06917821500000004 0.06351552888888887
0 0.5821555104166668 0.5479422703703704 0.07641785625000021 0.04619312259259242
0 0.4442014854166667 0.5522722555555556 0.041828748750000005 0.07987554666666662
0 0.44422358573621473 0.9334682651623043 0.08683175498590383 0.041175507453169335
0 0.4538836824322669 0.4369900186562646 0.05106476002233755 0.07947499453932283
0 0.37906999350838577 0.06837793657587549 0.0672630789869757 0.05936607005828302
0 0.4799468104340389 0.10311802940797324 0.033080049027755125 0.09474151266553509
0 0.6542731478774859 0.032785494348006886 0.0664766722519456 0.04517464243617095
0 0.5314782822916667 0.32515584444444445 0.06837379593749991 0.06062836333333332
0 0.45425639791666655 0.266933511111111 0.07159147218749998 0.04811778222222221
0 0.26079836979166665 0.29724810370370364 0.07078705312500003 0.047155393703703676
