0 0.13163594050221963 0.4887081515369735 0.03717472503809726 0.04901170122290974
0 0.36808000377365424 0.9913637030277352 0.0508793304984908 0.017272593944529423
0 0.5644707644585301 0.3393873376989414 0.0634936355538984 0.06832927198662352
0 0.5095076006124235 0.1461863971238568 0.03140766258384377 0.08709046273587394
0 0.5857347619003336 0.728887756680487 0.06289909050329191 0.047141340465636374
0 0.42058414529153626 0.4175388516693974 0.04564123646848894 0.07239369379083495
0 0.5505242508748905 0.18182157728917764 0.0596306321084865 0.06887337511772776
0 0.5218895791666667 0.888036812962963 0.029288165156250063 0.04261836055555553
0 0.6418487576642637 0.5216743988459798 0.062245603405418966 0.06378912102405683
0 0.4086950064402914 0.333908356891898 0.028344533577750398 0.10332332693194393
0 0.6780937291666668 0.06205183055555559 0.06833908968750002 0.04058896787037038
0 0.5263096019247595 0.03432708718787199 0.06083861913094211 0.05832664018090633
0 0.6501522608773823 0.6336470841365 0.05903676734987411 0.04098301707723943
0 0.7042437354166667 0.09756775000000001 0.056484375000000024 0.050736178888888935
0 0.6962240838541667 0.01884959011574073 0.05857644328124986 0.03769918023148146
0 0.7860744728229349 0.5491423121695063 0.0414970689369459 0.09239207208822496
0 0.3216355350861031 0.9547936977019541 0.03231254331737705 0.08480624049650108
0 0.4751348789734616 0.11374719724242116 0.036459244677748616 0.09028644301975912
0 0.6393061447473509 0.7411091918901865 0.02732453329189705 0.07629164622416613
0 0.5118053135734271 0.23245785541137792 0.05514502318852076 0.03463636732539239
0 0.445723359365841 0.34117726946381566 0.05003767905192843 0.0647907507945908
0 0.5110807291666667 0.916449300925926 0.05090563921874995 0.07914841925925939
0 0.7607177790848584 0.4497266016814595 0.040080951325736316 0.05513564301086905
0 0.7886212244791667 0.04530961944444443 0.020222761875000116 0.031456391296296245
0 0.36214491190219356 0.9381627230445468 0.04143406148867304 0.10147237401335768
0 0.5908749306230054 0.9600777008824665 0.055847532946837815 0.046214461652518864
0 0.5694977832180188 0.6674886474256286 0.059484072183164 0.07201786876911866
0 0.5618002179971234 0.8910716601529113 0.03154946512046024 0.09319695710353054
0 0.4221513764324863 0.7740879598999131 0.04221552690582951 0.07690058837783614
0 0.5057189140419946 0.288008022221266 0.037008329687955664 0.050496488485387445
0 0.4650319839581056 0.23761514586263682 0.050077091275791116 0.07681590058811888
0 0.4798431455604086 0.17766264812578283 0.03072103156992737 0.04107665623661374
0 0.651383831714701 0.3455165318585305 0.06009920498214048 0.03972634020220651
0 0.4671008175700907 0.9592395943981482 0.0398425916306523 0.08152081120370364
0 0.5234417075772639 0.4180454531254032 0.034476888101748315 0.09352710982886653
