0 0.465432 0.00819672 0.025925900000000064 0.014754100000000001
0 0.571914 0.0122951 0.04259259999999998 0.0196721
0 0.587963 0.189344 0.05370370000000001 0.031147500000000012
0 0.400309 0.539754 0.04259259999999998 0.04344260000000006
0 0.4429727065527065 0.0750516066089648 0.06146125528792178 0.0400493326722458
0 0.476235 0.509836 0.020370400000000066 0.06721310000000004
0 0.4636104636104636 0.7081852573655854 0.05352672019338686 0.03840421873208751
0 0.522839 0.154508 0.025925900000000064 0.06803280000000002
0 0.398457 0.0127049 0.026543200000000024 0.0237705
0 0.44845699999999994 0.44098400000000004 0.03271610000000001 0.06557379999999997
0 0.6265473293253042 0.20561149823455233 0.03579344134939128 0.07074380353089534
0 0.512037 0.30123 0.027777799999999943 0.0647541
0 0.682099 0.768852 0.023456799999999976 0.07049180000000001
0 0.425 0.561475 0.035185199999999965 0.05081969999999993
0 0.5 0.691393 0.04197530000000002 0.05
0 0.358951 0.376639 0.05493830000000007 0.03688520000000002
0 0.482716 0.333607 0.03827160000000001 0.07213110000000003
0 0.6598770000000002 0.8516390000000001 0.05308640000000005 0.036065599999999934
0 0.544753 0.27582 0.04135800000000006 0.05491799999999999
0 0.35987699999999995 0.568852 0.05185190000000002 0.03442620000000007
0 0.41358 0.511475 0.05185190000000002 0.04918030000000007
0 0.492901 0.111885 0.05123460000000006 0.03852460000000001
0 0.414198 0.43770499999999996 0.05308640000000005 0.057376999999999984
0 0.410802 0.8983609999999999 0.04876539999999994 0.04426230000000017
0 0.560494 0.734426 0.04691359999999995 0.032786899999999966
0 0.308333 0.8495900000000001 0.027777800000000016 0.07131150000000003
0 0.547222 0.560656 0.05493830000000007 0.03770490000000005
0 0.66358 0.9323769999999999 0.023456799999999976 0.08606559999999994
0 0.412654 0.160246 0.03271610000000001 0.08442620000000003
0 0.7026225155853405 0.497629996810157 0.042903668829318786 0.03916690637968585
0 0.471605 0.2 0.04567900000000003 0.06885249999999998
0 0.611111 0.8811479999999999 0.04938270000000004 0.05245900000000004
0 0.650617 0.684836 0.05802470000000005 0.048360700000000076
0 0.610185 0.822951 0.05123460000000006 0.04918030000000007
0 0.17963 0.056147499999999996 0.029629600000000006 0.0385246
0 0.529321 0.840164 0.05246909999999995 0.04590160000000001
0 0.560494 0.12541 0.03333329999999994 0.07049180000000001
0 0.328086 0.198361 0.03271610000000001 0.03442619999999998
