0 0.504321 0.00778689 0.019753099999999964 0.0155738
0 0.735802 0.757787 0.03333329999999994 0.035245900000000004
0 0.6 0.567213 0.03333329999999994 0.04262289999999994
0 0.562346 0.41024599999999994 0.05308640000000005 0.035245899999999955
0 0.534568 0.992623 0.029629599999999933 0.014754100000000183
0 0.5012669592721867 0.07530039233327611 0.039441681455626654 0.05103851533344779
0 0.47932099999999994 0.473361 0.045061699999999934 0.04672130000000003
0 0.4925100559546894 0.42859186922367176 0.04584358809062118 0.046094561552656454
0 0.538272 0.0110656 0.018518500000000045 0.0204918
0 0.553704 0.177869 0.05555560000000003 0.027868899999999974
0 0.458025 0.0393443 0.025925900000000064 0.0754098
0 0.561728 0.628279 0.05432099999999997 0.03360660000000008
0 0.545679 0.112705 0.059259300000000036 0.0319672
0 0.550617 0.144672 0.05308640000000005 0.03688520000000002
0 0.482716 0.013114800000000001 0.023456799999999976 0.024590200000000003
0 0.506173 0.17459 0.05061729999999996 0.036065600000000024
0 0.536728 0.447131 0.06358019999999998 0.02868850000000006
0 0.505864 0.640574 0.05246909999999995 0.048360700000000076
0 0.490432 0.145902 0.05617279999999996 0.0377049
0 0.558951 0.0172131 0.025308599999999966 0.0327869
0 0.453086 0.77541 0.03333329999999994 0.0754097999999999
0 0.470679 0.0868852 0.025308599999999966 0.05081969999999999
0 0.49027212203477477 0.5600377649987126 0.06269795100510633 0.031756930735559206
0 0.4660736157504363 0.6165863230280662 0.02464286849912737 0.06846575394386754
0 0.608951 0.771311 0.033950600000000046 0.03770490000000005
0 0.541667 0.586475 0.035185199999999965 0.06803279999999996
0 0.379938 0.190984 0.03271610000000001 0.040983600000000016
0 0.4404461853144593 0.7121982614367866 0.039506200000000075 0.06147540000000003
0 0.753487044851658 0.3759099427409664 0.05845751029668404 0.036859796219208665
0 0.5647179407019585 0.6622501349819758 0.055361481403917036 0.04190604709037843
0 0.51142 0.512295 0.04259259999999998 0.08360660000000007
0 0.4056687593045052 0.6880956547463737 0.03310728139098968 0.06643249050725265
0 0.578086 0.371311 0.05740740000000002 0.03770490000000005
0 0.522531 0.0364754 0.030246900000000035 0.0680328
0 0.585802 0.603689 0.05802469999999998 0.05
0 0.485802 0.737705 0.04938270000000004 0.040983600000000016
0 0.6389388205755931 0.029806468316024376 0.02973014115118594 0.05797353663204875
0 0.394136 0.0713115 0.035185199999999965 0.04754100000000001
0 0.401852 0.244262 0.05308640000000005 0.04590160000000001
0 0.5263784541933294 0.3697687897927216 0.03860139161334114 0.07521692041455669
0 0.294136 0.132787 0.027777800000000016 0.040983600000000016
0 0.760185 0.092623 0.024074100000000074 0.06885249999999998
0 0.37839500000000004 0.354098 0.03827160000000001 0.06885249999999998
0 0.659568 0.219672 0.05246909999999995 0.04426229999999999
0 0.5600010288152026 0.8357842775105142 0.057685228259323845 0.040730818423311235
0 0.358333 0.417213 0.05740740000000002 0.03934429999999995
0 0.468827 0.8377050000000001 0.05493830000000007 0.04754100000000005
0 0.7696044088294228 0.5009806680971591 0.043507182341154534 0.05869466380568202
0 0.637963 0.9602460000000002 0.048765400000000014 0.035245899999999816
0 0.36406825673841375 0.5804222813492403 0.028117122357960055 0.03218607844820181
