0 0.441259703680511 0.3005256631123851 0.02449550736102185 0.033839226224770216
0 0.527469 0.62377 0.033950600000000046 0.04262289999999994
0 0.662346 0.29918 0.032098799999999914 0.05901639999999998
0 0.6930727071897523 0.26286114011892353 0.03182361437950476 0.06178838023784709
0 0.4921357861771213 0.8771819891073629 0.03301202764575743 0.06858742178527433
0 0.5769300985370728 0.511894915732493 0.048594666267037685 0.05268131418080174
0 0.394136 0.287295 0.025308599999999966 0.03688520000000002
0 0.6126540000000001 0.242623 0.05864200000000001 0.03770489999999995
0 0.477778 0.643033 0.022222200000000056 0.08442620000000008
0 0.5017037111771213 0.2508975891168388 0.052147877645757526 0.04410542176632231
0 0.592901 0.897131 0.05 0.035245899999999816
0 0.516667 0.769672 0.03209880000000005 0.06885250000000008
0 0.675309 0.233197 0.027160500000000126 0.06967209999999999
0 0.553395 0.42622999999999994 0.04753090000000005 0.031147499999999963
0 0.505556 0.983607 0.027160499999999983 0.032786900000000146
0 0.5218651884678512 0.6609374021605231 0.04691359999999995 0.03688519999999993
0 0.658025 0.12377 0.05679009999999999 0.031147500000000012
0 0.548148 0.773771 0.025925900000000064 0.06885250000000008
0 0.6483034383251267 0.6008929462096086 0.03929549971455076 0.037672081616602036
0 0.483642 0.131557 0.025308599999999966 0.05
0 0.4339040771551417 0.9744836366365015 0.05356423794690646 0.03861002888752018
0 0.56142 0.601639 0.03271610000000001 0.06885250000000008
0 0.6598770000000002 0.0860656 0.04197529999999988 0.04262289999999999
0 0.5309108358078214 0.8411896578579551 0.02706822838435744 0.07335818428408983
0 0.521605 0.154508 0.05308640000000005 0.041803299999999995
0 0.5824431024495111 0.6338553628754856 0.025437066349104427 0.07408781494835595
0 0.509259 0.690164 0.05679010000000006 0.04426229999999999
0 0.494753 0.756557 0.03271610000000001 0.07049180000000001
0 0.425 0.269672 0.035185199999999965 0.07049180000000001
0 0.397531 0.23196700000000003 0.027160499999999983 0.07704920000000003
0 0.44577562306429747 0.6342984021605229 0.028395100000000045 0.07868850000000006
0 0.583642 0.271311 0.03888889999999997 0.05245900000000004
0 0.5721474890226933 0.8242349696626551 0.0331830780453864 0.07805332420164876
0 0.6024921155890959 0.14036279513645405 0.05456047730678654 0.03766728379133897
0 0.5112467399254265 0.5904268268430779 0.05339335853493187 0.04184105063489054
0 0.7519526329050138 0.37746738039478084 0.025447215923406367 0.06774841083974575
0 0.4200062772372083 0.35315092839003126 0.041468345525583324 0.05435454321993746
0 0.512654 0.107787 0.04753090000000005 0.04508200000000001
0 0.567901 0.472951 0.05432099999999997 0.0393442999999999
0 0.4195890423124955 0.6474106950511703 0.029301184624991147 0.07350989010234055
0 0.596605 0.607787 0.03888889999999997 0.0647541
0 0.420062 0.201639 0.04135800000000006 0.057376999999999984
0 0.514506 0.20123 0.04876539999999994 0.058196700000000004
0 0.3546530004656391 0.29416729513408507 0.056411547059873036 0.03992277730503175
0 0.44013050166274176 0.5503198155003316 0.04816260332548345 0.056377331000663285
0 0.49321 0.339754 0.04814809999999998 0.05
0 0.37992958526725185 0.5552474603311854 0.037672629465496314 0.032128579337629096
0 0.478395 0.972541 0.03209880000000005 0.054918000000000085
0 0.429012 0.155738 0.029629599999999933 0.06393440000000002
0 0.480247 0.288525 0.044444399999999974 0.055737700000000015
0 0.632407 0.9114750000000001 0.04382719999999997 0.04262289999999994
0 0.548457 0.8856560000000001 0.05617279999999996 0.04672129999999984
0 0.529938 0.932787 0.05246909999999995 0.04426230000000017
0 0.578086 0.952869 0.05 0.05
0 0.635185 0.558197 0.04320990000000001 0.06721310000000004
0 0.552469 0.382377 0.04814809999999998 0.0647541
0 0.585802 0.0491803 0.024691400000000033 0.06885249999999998
0 0.4410490000000001 0.927869 0.04135800000000006 0.04426230000000017
0 0.442284 0.875 0.03765430000000005 0.06803279999999996
0 0.459568 0.72377 0.03765430000000005 0.06557379999999993
0 0.4685190000000001 0.09344259999999999 0.04197530000000002 0.06229509999999999
0 0.34537 0.182787 0.04753090000000005 0.0393443
0 0.566049 0.223361 0.05432099999999997 0.056557400000000015
0 0.504938 0.403689 0.04320989999999994 0.06639339999999996
0 0.536728 0.969262 0.05123460000000006 0.058196699999999865
0 0.170679 0.670082 0.03395059999999999 0.0647541
0 0.319753 0.9553280000000001 0.03827160000000001 0.03688520000000012
0 0.7015429999999999 0.777459 0.0438271999999999 0.056557399999999945
