0 0.5398460702229682 0.6638976927803343 0.0270871534678604 0.077311187794395
0 0.41971762110636274 0.26066620697772175 0.030302016413421905 0.038776875662042874
0 0.5579257034504591 0.014102578036990332 0.02572820690091797 0.02959223778898697
0 0.5959164292497625 0.3325977301387137 0.05421019309908199 0.045187053383774704
0 0.45851533289806895 0.22476897968684317 0.032257003244697664 0.04285447891971421
0 0.5380343509971509 0.23564518728457332 0.029898376194998483 0.08356460651534256
0 0.56358 0.651639 0.022222200000000056 0.08360660000000007
0 0.5103473148227287 0.21910460107187893 0.033436424485596715 0.07356044897015555
0 0.5931076515383967 0.6709486933387658 0.03704174214256491 0.06800259095324827
0 0.5866030579970158 0.8177158089580736 0.04356445353885396 0.04881480265394818
0 0.6316006919482348 0.6724771543364332 0.03995362296224109 0.0681412718083916
0 0.5541116164897841 0.7263605279135908 0.05727624960893318 0.03834723420573297
0 0.6465838808268958 0.7427379925222893 0.04632637836016645 0.06503051800722205
0 0.5186147811229033 0.5716134598792062 0.05535099752123797 0.0359505320678746
0 0.5714990494067816 0.8831048477295242 0.04704834789305225 0.057840411593647105
0 0.6755228262700647 0.6789058255839965 0.039708324308714175 0.06359249672450702
0 0.6101244194161672 0.6113987153676541 0.05499001275479503 0.040743936343591164
0 0.5891873029624817 0.8583389256383218 0.045123095805356964 0.061355574729172725
0 0.5068389326348278 0.9568104306242612 0.052671134802541306 0.046881487519573
0 0.6029359927508705 0.28920218284993693 0.05441608034188026 0.05158722740647328
0 0.685185 0.596311 0.06666670000000005 0.03360660000000008
0 0.6077178543065482 0.7921899466334323 0.03862537000938558 0.0540056881730738
0 0.508025 0.640164 0.03580250000000006 0.07213109999999993
0 0.46788957637701806 0.25435080271122323 0.05424933727445395 0.04194992883564525
0 0.27258655189338166 0.48603800070186 0.06191716691207006 0.03308768235824936
0 0.4840856103197214 0.1727191382934006 0.027777799999999943 0.07049180000000001
0 0.578704 0.22049200000000002 0.04629629999999999 0.0606557
0 0.46028420580880025 0.1360026507566204 0.02629807290281734 0.06340925275325768
0 0.27414779602163325 0.4434414765967314 0.05199889204326653 0.036062853193462696
0 0.4975638763813684 0.9281886574161954 0.05079160374822512 0.05213994545265711
0 0.449685534591195 0.38586452211568206 0.05147915210808294 0.03742653881843489
0 0.707716 0.153279 0.05 0.040983600000000016
0 0.6668801925615343 0.886560470151562 0.04289929342340238 0.053356016084132506
0 0.786728 0.60041 0.033950600000000046 0.07131149999999994
0 0.732716 0.0836066 0.06172839999999999 0.0377049
0 0.3836261475150364 0.24353720050441363 0.03956948401392845 0.06462799495586383
0 0.4239633529117167 0.4244279613052892 0.04422330582343346 0.08000272261057845
0 0.6049184868629313 0.06935687263556116 0.041745805634694565 0.07513661202185794
