0 0.4971307838541667 0.9847535314814814 0.01882878828125 0.026789603333333144
0 0.5587514741930474 0.9014581576909835 0.02478132833265517 0.02758705091432929
0 0.4994480432291667 0.7575470148148149 0.01709074989583333 0.04448084500000012
0 0.44107919843750004 0.7527450314814814 0.019697784010416736 0.03993169499999999
0 0.5085730145833334 0.8558597148148148 0.02491189916666669 0.02375683666666667
0 0.602892418402473 0.9917627662819373 0.02629849652838724 0.011759834770673142
0 0.4671495395833334 0.4964743981481482 0.01911842223958331 0.02780056666666671
0 0.3882505364512161 0.8484912694196111 0.013265732177294254 0.025620850058529474
0 0.5510101145833333 0.721406648148148 0.011876587812500124 0.04397542499999992
0 0.44745189635416666 0.43960989981481485 0.02491189916666663 0.02325135499999999
0 0.47612950625 0.7259557981481481 0.02491189916666663 0.0318442349999999
0 0.5101661890625 0.8753204814814814 0.026360256666666616 0.020218588333333253
0 0.45698570725587323 0.6577957709573381 0.01181049068202012 0.044825646309209335
0 0.6063376151041667 0.8252792148148148 0.011297272968750131 0.04144807833333344
0 0.47575881506731427 0.7644235860771811 0.014900916176295334 0.0390260541913992
0 0.4859780932291667 0.7547670814814814 0.011007592083333328 0.04700819166666661
0 0.6820873130208334 0.7249444648148148 0.027808661093749975 0.02375683666666667
0 0.4281363978067632 0.9806365125370521 0.01835389824064014 0.03502308622219188
0 0.40330885041834885 0.4853292788554229 0.014826882569773521 0.033298371014943165
0 0.5216079505208333 0.9903133981481481 0.026649937552083416 0.014658475000000079
0 0.36518121561826444 0.5099761452183059 0.014476592226112217 0.04772670080698205
0 0.46946679895833326 0.4423899564814815 0.01564234546874997 0.04195356000000001
0 0.4645422708333333 0.7909074481481481 0.01390430708333324 0.051557403333333376
0 0.5120489036458333 0.7767549481481482 0.011586953854166696 0.025273220000000013
0 0.48529328777653447 0.8139626399183745 0.018171196113597788 0.032742598126214016
0 0.48757173697916667 0.8758255314814815 0.022884179895833277 0.019207625000000002
0 0.505386665625 0.3994254948148148 0.016221707239583338 0.027800566666666658
0 0.506400290625 0.8369052314814814 0.02693961843750004 0.021229489999999972
0 0.49378434598942866 0.4747552450870353 0.018388207851462824 0.037198361479229794
0 0.49524806927083337 0.7883936248554747 0.01390430708333336 0.04397542499999982
0 0.4607768416666667 0.47701424814814813 0.023173860781250017 0.02729508499999998
0 0.3332628250287539 0.48485487055423554 0.013788977036674411 0.040954773145508036
0 0.4797641946404968 0.8567665154967095 0.02633304280233985 0.02396503863621054
0 0.4690885871229636 0.39075221232997637 0.018940844141760494 0.01651965836365645
0 0.5492719354166666 0.781304098148148 0.013614626197916735 0.04549180833333337
0 0.4349272018309527 0.8099525714320811 0.017487435610226143 0.03229201583598785
0 0.3961793651041667 0.6549379981481481 0.01738038385416664 0.0434699433333334
0 0.47062542864583334 0.8197193481481482 0.011586953854166637 0.03032785166666677
0 0.43905100989583334 0.9170213314814815 0.02491189916666663 0.027800566666666606
0 0.42803747820109617 0.8837094661567528 0.016234055733224294 0.024669368982790624
