0 0.595679 0.341393 0.059259300000000036 0.07131150000000003
0 0.48359957325695 0.010451300016707946 0.04858082210379848 0.023127749457483193
0 0.4789634964872546 0.03876243636533396 0.03002338746188242 0.04473797273066792
0 0.5099628503883823 0.5988091085754148 0.06003977635183306 0.039613333997707924
0 0.538272 0.19918 0.059259300000000036 0.036065600000000024
0 0.5008432447123782 0.04665449403919488 0.031264927219705786 0.06905292566930062
0 0.524383 0.321311 0.06234569999999995 0.049180299999999975
0 0.41171785321057935 0.7241733287709584 0.04778972520908002 0.05070457585466763
0 0.612963 0.343852 0.024691400000000033 0.07950819999999999
0 0.4523482918544647 0.6169225431520513 0.03353147386069198 0.036574435481539325
0 0.42751903003783354 0.7711815192436309 0.058542639924332944 0.03304646151273836
0 0.557407 0.233197 0.03703699999999995 0.040163899999999995
0 0.5276847455946354 0.0182008548944451 0.04093864748497499 0.03868576121791092
0 0.6407537474477009 0.9897812670746884 0.030306895181203018 0.022303691955703583
0 0.4938890021304739 0.7147900233183018 0.05728935286314689 0.04533150849818125
0 0.5393409677755263 0.69724444374782 0.03774231305114636 0.050625217158303766
0 0.42121297755698456 0.7013413978613868 0.04522774488603095 0.04485780427722653
0 0.46872054452438044 0.5159867632150018 0.0341637109512391 0.06310927356999654
0 0.580864 0.332787 0.03209880000000005 0.05901639999999998
0 0.6772646199578293 0.5892875492371369 0.042220231237012774 0.06511949061840615
0 0.551089366902687 0.8698947387283416 0.03915235059971417 0.038603529666842905
0 0.6879630000000001 0.622951 0.04753090000000005 0.055737700000000015
0 0.5277958815647055 0.7657117101597213 0.05739559099269492 0.035171826080477794
0 0.4519182895840654 0.8100201821188602 0.0628311208318692 0.030778535762279534
0 0.5519378315991988 0.8295088776775437 0.05572796319839755 0.04191856840762733
0 0.6358019999999999 0.611885 0.03580250000000006 0.06639339999999992
0 0.540123 0.30082 0.05802469999999998 0.04754099999999996
0 0.5870272166481629 0.08603901344203327 0.047782911642537784 0.04492869560679326
0 0.5708545027956021 0.706557 0.03580250000000006 0.06885250000000008
0 0.4545726564243256 0.686212434299737 0.02687562399460008 0.07771876515020106
0 0.5256528592326138 0.5124248658863074 0.05610188153477225 0.03475656040806702
0 0.28882792257277856 0.5983461994390956 0.031571842271430756 0.03671899846763237
0 0.5108429653676763 0.8170519900107318 0.03156213073535262 0.07180948002146383
0 0.567593 0.279508 0.05123460000000006 0.05081970000000002
0 0.586728 0.184016 0.040123500000000034 0.056557400000000015
0 0.5370705140953903 0.0771897072374887 0.056510006536992674 0.04768843943861304
0 0.5868882798041558 0.9497775842224778 0.027525944666994654 0.05023796932839764
0 0.5797095789523937 0.028125382492039153 0.04583885790478727 0.058542646188622885
0 0.6463657172877032 0.7283621505804972 0.04765657247926756 0.05107379540584982
0 0.2930750983880533 0.19167442193428305 0.025742627634912932 0.03650941370176821
0 0.4993830000000001 0.254098 0.027160499999999983 0.06721310000000004
0 0.6556531201921273 0.8195475609148437 0.05534916882434609 0.03861677213613033
0 0.495679 0.407377 0.04320989999999994 0.06557380000000002
0 0.6035918505778829 0.7237594550724998 0.041268398360163605 0.06476371479894358
0 0.5224862390358891 0.8986914117265996 0.05114577807177828 0.050379020575792494
0 0.479938 0.197131 0.05246909999999995 0.05491799999999999
0 0.5960430442305528 0.639803716617669 0.04495111153889459 0.06629336676466197
0 0.26180656639171923 0.2959231154699692 0.030864197530864196 0.07319779511776077
0 0.1580153695414847 0.39152746021189777 0.03331423908296944 0.07813772042379552
0 0.422839 0.205738 0.034567900000000006 0.07377049999999997
