0 0.569136 0.34918 0.028395100000000045 0.040983600000000016
0 0.469444 0.513934 0.027777799999999943 0.0754098000000001
0 0.474074 0.270492 0.04814809999999998 0.05409839999999999
0 0.6356875742728604 0.275701675166713 0.0273910514542791 0.038760949666574035
0 0.492593 0.536885 0.029629599999999933 0.04426229999999999
0 0.454321 0.484836 0.03333329999999994 0.03852459999999998
0 0.662346 0.570082 0.04444440000000011 0.05
0 0.502469 0.481967 0.025925900000000064 0.07213109999999993
0 0.664385728855409 0.4629620576410115 0.029253233647206524 0.07018591528202282
0 0.6484569999999998 0.605328 0.033950600000000046 0.041803299999999946
0 0.542593 0.511475 0.05308640000000005 0.03770490000000005
0 0.5019877530759573 0.5932965105723814 0.030759794120108815 0.07625777074187269
0 0.512346 0.12254100000000001 0.023456799999999976 0.06803280000000002
0 0.375 0.502869 0.05617279999999996 0.03360660000000008
0 0.3190623814396318 0.07650735414003891 0.035656362879263444 0.0776049082800778
0 0.53642 0.120902 0.024691400000000033 0.06803280000000002
0 0.56821 0.44057399999999997 0.04382720000000004 0.05655739999999999
0 0.619136 0.9745900000000001 0.034567900000000006 0.049180299999999885
0 0.557099 0.9213110000000001 0.027777799999999943 0.06557379999999993
0 0.622531 0.929098 0.022839499999999947 0.0663934000000001
0 0.545062 0.418852 0.044444399999999974 0.0606557
0 0.6070989999999999 0.402459 0.05740739999999995 0.03770489999999995
0 0.552778 0.8643439999999999 0.05 0.04672129999999984
0 0.562654 0.741393 0.05864199999999994 0.03852459999999998
0 0.593518 0.4766389999999999 0.031481499999999954 0.07295080000000005
0 0.533025 0.902459 0.024074099999999935 0.08360659999999989
0 0.557099 0.815574 0.024074099999999935 0.06885250000000008
0 0.431481 0.013114800000000001 0.027160499999999983 0.024590200000000003
0 0.566358 0.670902 0.05123460000000006 0.05163929999999992
0 0.6502250069627536 0.0552722933523201 0.025141113925507604 0.07283968670464017
0 0.661728 0.743852 0.027160500000000126 0.05819670000000005
0 0.579012 0.545492 0.05308640000000005 0.05
0 0.509568 0.763115 0.04629629999999999 0.04918030000000007
0 0.275926 0.172951 0.022222199999999987 0.08032789999999997
0 0.608951 0.726639 0.03271610000000001 0.05983609999999991
0 0.466667 0.45 0.04074069999999996 0.06557379999999997
0 0.483333 0.10409799999999998 0.04938270000000004 0.04754099999999999
0 0.555556 0.0479508 0.029629599999999933 0.04672130000000001
0 0.498457 0.846311 0.05617279999999996 0.040163899999999995
0 0.545988 0.23565599999999998 0.04753090000000005 0.0647541
0 0.510185 0.959836 0.031481499999999954 0.07377050000000017
0 0.790741 0.0192623 0.058024700000000116 0.0368852
0 0.409877 0.167623 0.03703699999999995 0.0647541
0 0.0580247 0.9717209999999998 0.058024700000000005 0.04180330000000013
0 0.5021971123666039 0.707835509863851 0.033479807491106905 0.034731869963878885
