0 0.28886856770833336 0.3451922592592592 0.07224958723958336 0.03866115407407412
0 0.37473958452803324 0.9222933725119312 0.047538467233149834 0.05804294756873063
0 0.30510484374999997 0.27560255925925925 0.056013705729166814 0.05584397074074072
0 0.20380515080140432 0.9870523793668515 0.038503395352808785 0.025895241266297095
0 0.5068352473958334 0.059958969999999986 0.07793215234375002 0.03866115407407407
0 0.648899375 0.13599237037037037 0.03734251432291676 0.0756040788888889
0 0.2973930729166667 0.13814107407407408 0.0649433945312501 0.042097717407407406
0 0.39078837640073777 0.6569537503714149 0.06399259531663119 0.04953401233732224
0 0.3314884635416667 0.5286192333333334 0.05357826432291676 0.06701272296296303
0 0.2584265364583334 0.010863699722222222 0.06819064973958326 0.021727399444444444
0 0.4548807421875001 0.02546901527777778 0.0519547682291666 0.05093803055555556
0 0.1758356112940311 0.265393773329226 0.045885529879728895 0.07626059926747386
0 0.27628565104166675 0.2850526629629629 0.045460389322916586 0.07474501666666669
0 0.5065167836681999 0.2182790258382244 0.04775251149842644 0.07524475080459228
0 0.17572817690300688 0.6650228919287102 0.03268177177476398 0.081155980957394
0 0.4137636765206343 0.009409186292994176 0.04001968211498148 0.01881837258598835
0 0.46740194408647096 0.4101685886734434 0.03827617953539158 0.053488155124664684
0 0.3103810416666667 0.950026148148148 0.06331976692708316 0.043816051481481585
0 0.3204890957803485 0.19824921070851734 0.05771722771013614 0.06252074990257589
0 0.6344437535614131 0.3734239488273074 0.034409444622826274 0.0457739345676074
0 0.5274003534607018 0.9135957005017433 0.04654239073484637 0.06374226137385706
0 0.3810073958333334 0.5651325222222222 0.03571888671875006 0.0764632459259259
0 0.4187250376055426 0.4359613580571877 0.060823424169418536 0.04613519758932838
0 0.2939053030767921 0.6209805879094605 0.03869525536372613 0.08175676034392912
0 0.09793613998722464 0.860149109689122 0.0686791797140323 0.048306132103237726
0 0.17359442708333336 0.5092882370370372 0.059260829427083196 0.06099876333333338
0 0.585513678604116 0.5104844800287587 0.06156506944781519 0.04829658734989013
0 0.6115128599374126 0.3953413977533933 0.047171492364758434 0.06374265056329202
0 0.40990025495350846 0.7483363236336837 0.031511827332566494 0.07000577097107138
0 0.08673179687499998 0.15016857407407405 0.06575520833333333 0.05756220000000001
0 0.3175260775073185 0.8103698270453448 0.03539565241047017 0.08085155516856983
0 0.5462068359375 0.012581928981481479 0.07387308333333327 0.025163857962962957
0 0.6870531770833334 0.4173604037037037 0.04058963802083326 0.04381605148148148
0 0.35692412851374955 0.47757852420885816 0.05698251811741895 0.07948410771745323
0 0.4143729322124469 0.21590638622042058 0.053413687658439575 0.0743747501294094
0 0.4755812692097479 0.9984244587037038 0.06737910220550407 0.003151082592592679
0 0.22305684847780885 0.8142866469501406 0.0768147926899419 0.04064738103165763
0 0.3205283854166667 0.9894032048148149 0.05763733333333328 0.02119359037037043
0 0.35787076822916664 0.9765163543518518 0.049519326822916675 0.046967291296296364
0 0.4047978019941424 0.4686178184647551 0.07193485295947824 0.04652238515038742
0 0.22757813802083338 0.7537132407407408 0.03734251432291676 0.07560407888888887
0 0.3533503964357558 0.21225383693747996 0.042102210840261375 0.08116326871763276
0 0.49580458771616287 0.09543920589623239 0.0772641318593409 0.036791227202578686
0 0.1591172625171468 0.9868214283382625 0.05019148385990538 0.026357143323475107
0 0.24584361979166663 0.07155735814814813 0.03977782421874991 0.07904064222222221
