0 0.45997610513739545 0.2485457429931253 0.029687556569276945 0.0716311715782895
0 0.5070977356323088 0.007725581919138504 0.04767774114622933 0.017239572184029613
0 0.5536766337840773 0.30711509746406424 0.038876050704174374 0.041507509989904316
0 0.6541182301522934 0.2568206294124685 0.033117058664503964 0.03978700490606678
0 0.46733431706979084 0.5093928030110404 0.04089196046863188 0.07121104837738372
0 0.47364324246044676 0.3527474640642277 0.05159118062343864 0.04543050814864671
0 0.48034910132688896 0.03579036137204942 0.039265593008942376 0.05822072910917744
0 0.563869178355237 0.1257057305838662 0.03695517357445426 0.06972694563963266
0 0.5026214211795373 0.02899261331306187 0.0454070254950943 0.05547085721599923
0 0.7012750455373405 0.29064767535608704 0.02792956891317536 0.05885514646600376
0 0.5110035243181166 0.882291506423942 0.0329171835773758 0.0675757692337017
0 0.39948277217359385 0.6822454973736229 0.04750668999444242 0.0540698255943281
0 0.5746118575567503 0.16051138559083697 0.04732963197748079 0.04386353236142493
0 0.571615704852139 0.7372283644681662 0.05616566178581683 0.03764773160503242
0 0.4545454545454545 0.4240180760540358 0.026791209586908497 0.07355415605018986
0 0.5645277060005742 0.8703059473884864 0.05993396497272465 0.041698436904307974
0 0.6699040623204837 0.6606807059384409 0.027286861501637658 0.08044521241217799
0 0.4865915206020781 0.2554035679234172 0.028953014695340444 0.07618387420075957
0 0.6247165489669941 0.6604464401304784 0.03703702839506168 0.06763091973904323
0 0.4335465467061649 0.700745792906278 0.04116779341232978 0.07022840786199999
0 0.4689174705251876 0.6737915766169417 0.02679528403001071 0.07880449106531022
0 0.5659167291487224 0.9859132126953868 0.03328335780935978 0.029394095996949955
0 0.5961025401306346 0.7730130273732367 0.030878468403674992 0.04423319039268013
0 0.5358728416675718 0.12976425632421518 0.03412937690163288 0.08453692570549494
0 0.7043335852859661 0.5257611241217798 0.03502141597379697 0.04182000669120107
0 0.5179013052469137 0.9850125153926801 0.04922494755957504 0.03235823703774288
0 0.4623539530083187 0.8627033090898838 0.05971644081081008 0.037040164118305435
0 0.6399346305870496 0.61950461218635 0.034215444091710914 0.059350475627300114
0 0.4384354392731166 0.5293409093174974 0.030310031985386825 0.07708262157912339
0 0.5184461098439592 0.24518052016729966 0.04778972520908002 0.0658622181625883
0 0.6354255786319265 0.7308900266488754 0.032263973370657485 0.07844106755623333
0 0.47677000922146634 0.5784710330963533 0.054774418442932696 0.04948148683506178
0 0.43972509331036463 0.9304708349218452 0.029249210450760853 0.0729126953869615
0 0.5863292422432207 0.3747415989615883 0.053582419173817064 0.037978943320032675
0 0.6820701622667241 0.8366277848455966 0.029772968604651322 0.07331324464353799
0 0.39547854392441745 0.8108428654261768 0.04981937993727914 0.061936640134942746
0 0.5988410540267012 0.9253574155833016 0.054471208053402234 0.03596073116660296
0 0.7396069538926682 0.6515557042489127 0.03502141597379697 0.08062897290063568
0 0.171605 0.9389339999999999 0.029629600000000006 0.06967209999999989
0 0.3649039593635416 0.411846160718274 0.044572274363373396 0.06878992272300889
0 0.6181489393769739 0.9776258851410599 0.040489667441860715 0.047607851105604435
0 0.5365199998133793 0.9390203394776974 0.04094219962675861 0.06820407895539447
0 0.4186950637368307 0.052957789671169646 0.03368622747366127 0.03542377934233932
0 0.8090199042579994 0.6196052191368351 0.04686318972033259 0.06289729006356637
