0 0.5901662741739814 0.4095991661139013 0.02925854563619497 0.06775324552260019
0 0.3250675568272135 0.2233870400337719 0.0355004503788481 0.06402589178920706
0 0.4899835483419466 0.6619184767823103 0.028560263494114224 0.0743135071292412
0 0.6089371712363593 0.910196633085607 0.02882820052612086 0.04313482686507571
0 0.506498869784714 0.04536290506864392 0.0357306118679929 0.0477205780918728
0 0.4974350928816036 0.15350332261484098 0.03684468576320726 0.04635024522968197
0 0.5249073662478733 0.01339424540925679 0.0560614617196703 0.027083953136766495
0 0.6438664097623634 0.4806690040746708 0.03175622636123595 0.07249123471998482
0 0.48835414872236577 0.5207539077392299 0.041092449038185465 0.04026877621044603
0 0.5163657913659386 0.9103788763626173 0.05615671726812275 0.0398974472747652
0 0.446494786895258 0.04547297688698373 0.034026959822012856 0.0637200950008689
0 0.6012775274332472 0.7923320289649257 0.043497198937697414 0.05896918644681653
0 0.5699972745908699 0.7571864769348076 0.045033308871662334 0.05754870682424704
0 0.471581166507438 0.03360655 0.037085466985124105 0.0672131
0 0.4598943915231123 0.6393346689287076 0.03082811695377548 0.07870746214258485
0 0.5849663492822279 0.8694527742947008 0.05882158745334477 0.04380451923370185
0 0.5463176788400804 0.9415886992565764 0.024935701751363865 0.07593430564239445
0 0.5264892751220213 0.7825389835398399 0.04736598033304631 0.04662618846740375
0 0.5519666953775481 0.595572817384674 0.027993109388458247 0.08220548989706447
0 0.6486380560454634 0.27088212334113976 0.027434842249657 0.08274785323965653
0 0.46368073499856444 0.5543509340449867 0.055986218776916424 0.038362561951963435
0 0.5566461632421585 0.12063372530846317 0.058020328927278236 0.036783873023228865
0 0.5161966448105082 0.7267061392203584 0.042111447674418614 0.07155912834540608
0 0.497595463680735 0.864229889439573 0.04988515647430379 0.05575676706061752
0 0.4936837067039908 0.8077056649923752 0.043497186592018365 0.06327637001524969
0 0.6312014590295723 0.8460256490087685 0.030304518059144362 0.08549349801753708
0 0.6013135228251507 0.5423179565383149 0.05490956072351422 0.047178802897445665
0 0.5423604900689264 0.041464409375543076 0.04034990936177636 0.0781092395238371
0 0.7524985302763081 0.17798594847775176 0.03213795806388398 0.04631798074421025
0 0.4692071647755656 0.3915948071638397 0.03710839934346676 0.07817682175684644
0 0.309259 0.379918 0.056790100000000024 0.05163930000000002
0 0.4017621610214203 0.6503082527672691 0.030072807850585637 0.07180888328429305
0 0.601293385861258 0.2617094678571429 0.05275322435822081 0.05009134271402555
0 0.4528389610674868 0.12434381118287667 0.042714522134973565 0.06354084313850432
0 0.121914 0.213934 0.03148149999999999 0.031147500000000012
0 0.40941412555075685 0.20086311765046633 0.034026959822012856 0.08718067543300702
0 0.4979190433734677 0.11316122918235531 0.04613691325306455 0.06876004163528933
0 0.18766534391534392 0.7568549960967994 0.04096854791299234 0.06513466042154573
0 0.3501941281682154 0.08920813300121648 0.03642629673253933 0.07298847245554076
