0 0.8016472166666666 0.28240454259259257 0.008993046562500003 0.02258423481481481
0 0.6894840291666667 0.757831962037037 0.012989983125000038 0.024900575648148206
0 0.7368223494791667 0.2187056288888889 0.014239010625000029 0.037640414907407396
0 0.7681730854166666 0.6428838925925925 0.012490355937499942 0.05559196805555557
0 0.829622284670791 0.703618336856085 0.010998612116751497 0.05341410258412646
0 0.7300778276041666 0.5977157055555555 0.021233588906250014 0.03821951777777778
0 0.7479176520423962 0.8998583281198048 0.019639588122351035 0.009542673667797884
0 0.7030985260416667 0.5739729824074074 0.022732429999999935 0.0335868361111112
0 0.6117941463541666 0.5838178018518518 0.02398149796874994 0.02432147277777782
0 0.7731693572916666 0.8145822064814815 0.021983029687499923 0.029533257314814893
0 0.7657999979166666 0.25229239435185186 0.022232843281250088 0.028375051574074075
0 0.8145126369791666 0.7309044203703704 0.009742487343750028 0.054433832962962996
0 0.7260807291666667 0.7587009342592593 0.01274016953124999 0.04980115129629631
0 0.7230832088541667 0.8276118444444445 0.01274016953124999 0.052117492129629864
0 0.7840360260416667 0.8389035379629629 0.021233588906250014 0.027216916481481446
0 0.7509366354166667 0.7760733138888889 0.017986093125000005 0.04516846962962962
0 0.8765896760416666 0.858302812962963 0.011491142031249997 0.02547967851851838
0 0.7492670084310269 0.6041016608752631 0.02164182212247058 0.02898700295422977
0 0.6413962276041667 0.48334695092592594 0.009242860156250051 0.024900575648148102
0 0.6811154963541667 0.6509914740740741 0.021733216093749994 0.028954154444444404
0 0.8088901125085243 0.5312229351691831 0.009995980972534587 0.05770442836533778
0 0.7508380152719228 0.6285620740187399 0.016684289976987662 0.024011873906964933
0 0.7636766026041667 0.8829138018518519 0.0159876653125 0.04343123166666666
0 0.6748703588541666 0.5490723361111111 0.017236692812499992 0.034744971203703776
0 0.7991494854166667 0.7086099842592593 0.025979925781249948 0.02374244055555563
0 0.6416459197916666 0.6900789749999999 0.029227421562500074 0.01910975888888884
0 0.7981499072916667 0.6214577222222223 0.012490355937499942 0.04748481046296286
0 0.7027009399839839 0.24782286221460592 0.011536954302865728 0.02920695825597327
0 0.7404447072916667 0.2902224666666667 0.02048418859375 0.040535787962962935
0 0.6927316463541667 0.7954725888888889 0.021983029687499923 0.02953325731481479
0 0.8373697916666667 0.8276118444444445 0.016487252031249965 0.03127049527777785
0 0.7493126244791667 0.3765057564814815 0.024231271093749975 0.03358683611111104
0 0.8141464345778452 0.31408295584901486 0.01347180542764299 0.056513440709377645
0 0.7950273385416667 0.5757102203703703 0.024730898281249955 0.02547967851851859
0 0.7659250463541667 0.6895003666666667 0.019484934218749927 0.03069139240740747
0 0.6933560791666667 0.7343788962962964 0.018735533906250032 0.03937765287037036
0 0.7415689291666666 0.3964843462962963 0.018235906718750052 0.03995675574074074
0 0.7553080697916668 0.7505933527777777 0.013739383437500053 0.05211749212962965
0 0.7429428432291668 0.2609786548148148 0.019984561406250025 0.03416593898148148
0 0.7780563556182077 0.7869984125354463 0.021765049153082097 0.02532439062644848
0 0.8247544682291666 0.6492542361111111 0.01923516109375001 0.040535787962962935
