0 0.7601370864583334 0.733862586111111 0.020763236562500016 0.04210834277777798
0 0.5895823947916666 0.4987576111111111 0.028814294479166593 0.07920385749999996
0 0.4755759368393243 0.3372770419930518 0.026232098574482048 0.06329131203241489
0 0.5921243500000001 0.37995200833333337 0.021186987291666525 0.04812390768518503
0 0.6078030583333334 0.4185508944444444 0.02203448875000002 0.07719875074074088
0 0.5665099061015709 0.04886299336799122 0.037425190697993334 0.035052038598153486
0 0.6446679302083332 0.7448904898148148 0.0313567302083334 0.06015479287037027
0 0.5714732135655131 0.021040989421296293 0.03412261108935948 0.042081978842592585
0 0.636617146875 0.5002608601851852 0.016102115833333385 0.05614445703703689
0 0.5347076020833333 0.5358532481481483 0.022458239479166586 0.10326575018518525
0 0.6264739278437588 0.6513041214350273 0.023781852979184257 0.07688844018550121
0 0.7082291666666667 0.2711713277777777 0.016949617291666642 0.10527097925925911
0 0.6961523052083333 0.0962207787037037 0.019915735104166523 0.07018057129629637
0 0.6043565598562319 0.610708441150642 0.017458803581836452 0.08519782358873337
0 0.4780530276938837 0.12318756172622347 0.03400829447711882 0.049053292369270585
0 0.587039753125 0.8266004555555555 0.038984037395833344 0.04511606407407406
0 0.6186079125 0.5213149092592592 0.041950223854166545 0.03809800694444429
0 0.6463634822916667 0.04809723796296298 0.03813660458333328 0.04611867861111112
0 0.6571002361025852 0.7698433607237994 0.0385477770574448 0.06095520022680739
0 0.549538534375 0.8541714379629629 0.020763236562500016 0.08622191462962953
0 0.6234810802083334 0.30225152222222224 0.0262718587499999 0.08922963592592587
0 0.6061081927083334 0.002493140324074077 0.0262718587499999 0.004986280648148154
0 0.6978194188038233 0.5313238574855128 0.017429833121520133 0.08217718450806309
0 0.5555119937397478 0.6603423851471854 0.036947044771162514 0.05279634785377762
0 0.622594788905687 0.4684170216926861 0.020992103691301858 0.08374714589194557
0 0.5620389406249999 0.9133241055555553 0.01949205302083333 0.05213412120370372
0 0.5021062687880103 0.999415929860769 0.01827334393018744 0.0011681402784619068
0 0.6840761302083335 0.04759574722222217 0.02881429447916671 0.05514196481481482
0 0.6516601947916667 0.8386325638888891 0.029238045208333337 0.08521930009259243
0 0.6322714843410975 0.20381758067268227 0.02564066777613855 0.07884291949351278
0 0.6901047461982727 0.23355746955708262 0.020914191790741655 0.043459495871020694
0 0.6080144875 0.7844923574074073 0.04195022385416678 0.03910062148148149
0 0.6897963874999999 0.006002505254629621 0.025848108020833274 0.012005010509259242
0 0.6357693708333334 0.27167281851851854 0.029661795937499964 0.06216002194444446
0 0.5052578531249999 0.7519089138888889 0.038984037395833226 0.04210834277777798
0 0.5769862479909571 0.2793835716389012 0.021641641939984878 0.0851978235887332
0 0.5804717197916667 0.35388427499999997 0.028390543750000084 0.06416512870370375
0 0.4041823370548149 0.12944381145772904 0.017345942026296513 0.08394097782528255
0 0.6283542479166667 0.9867392963194443 0.02923804520833322 0.026521407361111138
