0 0.9080146528684597 0.9372902805692037 0.09582197629605081 0.08016829588731635
0 0.6415270061728396 0.5736791135397692 0.05037911522633773 0.06342622950819658
0 0.712602476117947 0.9971633232726167 0.09452362507540038 0.0056733534547664406
0 0.6834371268714186 0.0039994545195054555 0.04360836667382936 0.007998909039010911
0 0.8412601921291727 0.04532403767655493 0.0671124980812665 0.09064807535310986
0 0.6067805004661412 0.4689124460394671 0.09276003851550516 0.08458899684468932
0 0.86696356603121 0.6528125470293048 0.1023708349454233 0.05815027581876404
0 0.6721143261316871 0.6312547055251974 0.09758307613168722 0.05996903460837883
0 0.5387129592480095 0.7425852491060733 0.04742693803407564 0.12185209815471201
0 0.8685147459104127 0.10702601496537117 0.09831082199647163 0.08202733715144919
0 0.29355408620207124 0.28818304099201814 0.1007731598096837 0.06799172298614851
0 0.6973586152238589 0.15223062093118692 0.07725789937913964 0.08847262610175045
0 0.7461280413681296 0.5551463989170935 0.04765094222062463 0.11975587911795078
0 0.723353386514425 0.34433357623731825 0.08019897051281681 0.07996760951167359
0 0.495187928352192 0.21798712955332653 0.04967309204561611 0.13401367910111123
0 0.533763908819644 0.3626849779426756 0.08806854850955913 0.0701644721365247
0 0.45950580209839453 0.6338859351154433 0.06026118711303899 0.1250627676857187
0 0.5509464325436547 0.6623964128062487 0.09821047899751581 0.06612514153497744
0 0.4629979951015832 0.9552355552273584 0.10452741514662793 0.05904184512381242
0 0.8150697550451091 0.5592324729572286 0.07487134623151968 0.0990823688095422
0 0.7363239070029195 0.2570307837612027 0.06935284841663455 0.067052761041832
0 0.9442071883221459 0.9723975604440086 0.07452792225479747 0.05520487911198302
0 0.6040741552568032 0.27692284741876666 0.0586135613534785 0.11904257904681259
0 0.8386814073450104 0.7574770445994011 0.05093259767338374 0.07195165499291639
0 0.45917423246969247 0.19706519548216606 0.04764188223105184 0.12149334088751966
0 0.9074327392569203 0.03221607778176803 0.07651200761645795 0.06443215556353606
0 0.5896150088380702 0.16594652469611207 0.0899271894937442 0.07781811958289021
0 0.9337296490912631 0.8467576975958101 0.05628356465498723 0.11683803827746915
0 0.5938969525733337 0.06313843591622165 0.09568215506166595 0.06274927775836914
0 0.42847747948857323 0.9937174221855632 0.09651936615161626 0.012565155628873594
0 0.7666280864197532 0.7088726269341284 0.04741384017893786 0.107278626647949
0 0.34477189125708513 0.17757815811481137 0.07608388655951567 0.10687699762862159
0 0.39327373350361844 0.5788167619286896 0.04817475521498551 0.1270083537466239
0 0.8757834391450648 0.709447506214355 0.10493387499560368 0.060802079927762834
0 0.7462769481131147 0.44120612103891454 0.06271426763246915 0.11870225915108845
