0 0.4210912544245878 0.495815659750086 0.032375032375032364 0.06190530780694715
0 0.546296 0.340984 0.034567900000000006 0.0754098
0 0.575617 0.352459 0.03271610000000001 0.06393439999999997
0 0.549383 0.234016 0.029629599999999933 0.05163930000000002
0 0.52037 0.745082 0.03333329999999994 0.0393442999999999
0 0.526235 0.07786880000000002 0.04629629999999999 0.06229510000000001
0 0.592593 0.548361 0.024691400000000033 0.08196720000000003
0 0.367901 0.0459016 0.024691400000000033 0.0688525
0 0.504938 0.55 0.029629599999999933 0.03770490000000005
0 0.52037 0.8393439999999999 0.03827160000000001 0.06393439999999997
0 0.636728 0.9147539999999998 0.04629630000000006 0.04262289999999994
0 0.509877 0.786475 0.06172839999999999 0.03688519999999993
0 0.39537 0.677869 0.024074099999999935 0.06557379999999993
0 0.41172800000000004 0.607377 0.022222200000000056 0.04754099999999996
0 0.493519 0.353279 0.03765430000000005 0.07049180000000001
0 0.541358 0.502869 0.022222200000000056 0.07131149999999994
0 0.485494 0.571311 0.05370370000000001 0.04754099999999996
0 0.564198 0.413525 0.04691359999999995 0.04672130000000003
0 0.457099 0.617623 0.03765430000000005 0.056557399999999945
0 0.440432 0.0889344 0.05864199999999994 0.040163899999999995
0 0.398765 0.0184426 0.05061729999999996 0.0368852
0 0.566667 0.568852 0.027160499999999983 0.07377049999999997
0 0.509568 0.883197 0.030246900000000035 0.0663934000000001
0 0.446914 0.136885 0.04197530000000002 0.06393440000000002
0 0.558333 0.82623 0.029012299999999974 0.0754098000000001
0 0.495679 0.17377 0.027160499999999983 0.07868850000000002
0 0.346605 0.210246 0.024074099999999935 0.033606599999999986
0 0.32963 0.784426 0.033333299999999975 0.06229509999999996
0 0.428086 0.656557 0.030246900000000035 0.07213109999999993
0 0.501235 0.095082 0.03333329999999994 0.0721311
0 0.611111 0.8950820000000002 0.04938270000000004 0.05081970000000011
0 0.535802 0.961475 0.024691400000000033 0.07704919999999996
0 0.522222 0.686475 0.05185190000000002 0.040163900000000086
0 0.572531 0.972541 0.04876539999999994 0.04672129999999984
0 0.400617 0.313525 0.03580250000000006 0.06311479999999997
0 0.473457 0.944262 0.030864199999999994 0.03442620000000007
0 0.59537 0.863934 0.04876539999999994 0.04262289999999994
0 0.571914 0.734426 0.04259259999999998 0.06065569999999991
0 0.47932099999999994 0.020082 0.05740740000000002 0.040163899999999995
0 0.16358 0.284016 0.04814809999999998 0.035245900000000004
0 0.387346 0.772541 0.05246909999999995 0.04344260000000006
0 0.114506 0.328279 0.0253086 0.06639340000000002
0 0.27284 0.108197 0.024691400000000033 0.04262289999999999
0 0.69537 0.292213 0.040123500000000034 0.04836069999999998
0 0.33765400000000007 0.0348361 0.03580250000000006 0.0680328
0 0.393827 0.227459 0.04938270000000004 0.05327869999999997
0 0.80679 0.838525 0.059259300000000036 0.03770490000000005
0 0.7719139999999999 0.656967 0.05123459999999992 0.05163929999999992
