0 0.6961365484374998 0.0956956037037037 0.07610209338541682 0.13150568138888888
0 0.687744075 0.6097632175925924 0.09736592692708317 0.07173048768518529
0 0.696696771875 0.9871971072916665 0.11974893822916664 0.025605785416667005
0 0.23896521510416668 0.2526066722222222 0.07945962666666671 0.09564052870370385
0 0.5657567812500001 0.22720110277777777 0.0503617301041667 0.13748323722222228
0 0.6194747755208333 0.04485879604166667 0.059314970885416804 0.08971759208333334
0 0.49916633906249996 0.06879687592592584 0.08953186390624997 0.08069673027777777
0 0.5170735458333334 0.8174836018518519 0.05371908208333333 0.13449455046296296
0 0.6418583307291665 0.6889662425925925 0.07945962666666659 0.07173048768518486
0 0.49245272291666675 0.47975270000000003 0.0671488526041666 0.0627640627777779
0 0.5181921796875 0.38560715277777774 0.0716255636458334 0.12851699462962968
0 0.8572941572916667 0.8496129416666667 0.04924255234375039 0.06126981055555571
0 0.6418583307291665 0.5245839129629631 0.08169780088541691 0.08667428611111117
0 0.39732533281249993 0.1629424231481481 0.1007234602083334 0.0657529318518519
0 0.8002184484375001 0.8974322944444444 0.08505533416666657 0.07920229574074088
0 0.6894229322916666 0.8892135425925926 0.1096765196875 0.0687416186111115
0 0.9745325962890625 0.4663033361111111 0.05093480742187495 0.1225394387962963
0 0.5808646838541667 0.6814949814814815 0.06491067838541689 0.12552830787037061
