0 0.6431575176366844 0.6660181812048843 0.05986878633483563 0.05701010013396165
0 0.3164871783492121 0.7652823837080849 0.03691456668398014 0.10550462626368969
0 0.6031241896605292 0.2964954031296908 0.047915369511808 0.07748476777841529
0 0.5791855785524086 0.4209946783813707 0.05602532679738559 0.05036965605914519
0 0.49222574402264796 0.2555900105634233 0.06673194638334827 0.05173782226926415
0 0.4164943717388303 0.6852022290897466 0.05551004697260353 0.061590280907918994
0 0.4571694019175752 0.9746541126841618 0.03356441209824996 0.050691774631676435
0 0.3714817341375337 0.6552708825457474 0.039657386504234185 0.11293643620480119
0 0.43290029479265585 0.02567585976055921 0.041310953492666516 0.05135171952111842
0 0.43521654803896864 0.8742795674085403 0.05260823465188551 0.09465726181182875
0 0.6004094813508393 0.7949516195873209 0.034672210791037966 0.07173456308246849
0 0.3735973339235781 0.428815832107328 0.03620144082383672 0.056224141990877025
0 0.4576097513474357 0.8982831931727708 0.05370570186667116 0.10105692573069489
0 0.5382794638774577 0.6796099931573519 0.04436320138480632 0.08721412669500124
0 0.46285341458623896 0.6601827664341198 0.05013157482029615 0.06516740005512489
0 0.32697872948769013 0.135949225676883 0.039220857713241485 0.057250870444947616
0 0.31266367752189517 0.43682062520433423 0.048920865978157715 0.09281748186290546
0 0.5006678221986455 0.01805224728721997 0.06421930351937585 0.03610449457443994
0 0.5268283574707187 0.10605113901732753 0.04783373562308751 0.09186453030373792
0 0.8244761822916666 0.1474245314814815 0.05698307760416673 0.06303199462962959
0 0.5353897467276152 0.5828530891930023 0.0421261427851564 0.08390863501268336
0 0.4544902057220494 0.39831338033064984 0.045828768494958066 0.08170650314937647
0 0.40891243071302597 0.7444292210769293 0.061705899290933175 0.04854218554452751
0 0.5238198906105652 0.8687318890605943 0.05775039292612997 0.057903892756686275
0 0.486649003675331 0.6096001212346549 0.057772138713965644 0.059539882256094266
0 0.5058223366507096 0.8018130189884958 0.029666297736025745 0.10020494015977474
0 0.545221261889607 0.9598269574068994 0.028167369008310673 0.06502827968773288
0 0.6195011326663011 0.8967982329852923 0.03720286907962418 0.11110426582246802
0 0.44124869524529386 0.772167612816659 0.05517931378900774 0.0762805772842573
0 0.3245975550714112 0.9928472445444481 0.04325602154442017 0.014305510911104118
0 0.8535580840652703 0.9217634505070276 0.04758710306492233 0.11360320437883405
0 0.3980457337904062 0.48228950856750874 0.07482776324882986 0.0535631520645913
0 0.6464215877638856 0.8862825269065365 0.04320088886976781 0.09520529418807719
0 0.6661838142167364 0.8441256940461923 0.03652484774153256 0.06772682988447913
