0 0.400008953125 0.9163361037037037 0.034252847812499945 0.04515479888888889
0 0.476268595700182 0.8014953909354225 0.021680907766302642 0.05744777774804233
0 0.39878580416666665 0.9471508925925926 0.033763508958333334 0.04088340000000004
0 0.6079728135416665 0.3772235814814815 0.024466308541666728 0.023797804444444428
0 0.3929134208333334 0.7436488148148148 0.024955647395833343 0.043934431111111075
0 0.3867968833333333 0.776294937037037 0.04501798552083341 0.023797804444444532
0 0.4303474864583334 0.2728794937037037 0.040124755520833354 0.03600185444444445
0 0.5976969354166667 0.33756107037037036 0.03523144624999996 0.04454465222222226
0 0.45603678541666676 0.8571460703703705 0.03572078510416663 0.04271398888888893
0 0.37407470729166664 0.6124561148148149 0.030338216250000015 0.02562839333333342
0 0.42765624166666666 0.946235225925926 0.022019693541666642 0.04149362111111091
0 0.6500545281250001 0.8913175592592592 0.034252847812499945 0.03173038111111116
0 0.5181811552083333 0.30247391481481484 0.03865673895833328 0.03661200111111119
0 0.46508951458333336 0.9206069814814813 0.029359538541666553 0.032950823333333414
0 0.4031892989583333 0.32840738148148146 0.0239769696875 0.054307817777777774
0 0.5174471072916667 0.7647009592592592 0.02250903239583337 0.03234060222222234
0 0.45016519479166656 0.2432847748148148 0.03767814052083338 0.026848835555555544
0 0.2710717718750001 0.37691835925925926 0.045507324375000026 0.02318758333333335
0 0.5081502239583334 0.8196193703703705 0.041103433229166694 0.0347814122222222
0 0.5020336864583334 0.8772832925925927 0.03376350895833339 0.048816051111111
0 0.34447022187500004 0.8748422592592592 0.02691292354166658 0.02440802555555561
0 0.3706202279629437 0.8107111458067504 0.02734357207172072 0.05381763357168426
0 0.39805175625 0.8486035703703705 0.025444986250000075 0.05613840666666666
0 0.45236654583333336 0.639000025925926 0.025444986250000075 0.04576502000000007
0 0.3872867770833333 0.25457345592592595 0.02055167697916668 0.025018246666666685
0 0.5157348572916667 0.4705843592592593 0.049421955937499894 0.02257743666666672
0 0.5700496468750001 0.7814814814814814 0.036699462812500035 0.03661200111111119
0 0.33810953020833323 0.7250377037037037 0.024955647395833343 0.05064663999999989
0 0.46019612604166665 0.3323737814814815 0.03816740010416672 0.041493621111111115
0 0.4658235625 0.6530342925925926 0.02789160124999993 0.05064664
0 0.42549166156413226 0.3356988764274205 0.01964820583659789 0.05925212677478866
0 0.49640624999999994 0.7692778037037036 0.021530354687499968 0.05491803888888885
0 0.4540795885416667 0.36715571481481485 0.040614094374999965 0.029289645555555587
0 0.563933109375 0.3525102592592592 0.018594400833333205 0.05247722888888889
0 0.4332828854166666 0.5169595259259259 0.023487630833333148 0.0518670077777777
0 0.4017219958333334 0.4840089259259259 0.04844327822916673 0.029899792222222322
0 0.3645328770833334 0.2786764081481482 0.024955647395833225 0.05735884888888886
0 0.27156087291666664 0.49346709259259264 0.02789160124999993 0.0549180388888888
