0 0.512692692466998 0.6742850825988999 0.02612392108919875 0.06269459571567305
0 0.5364348526553525 0.501076635699673 0.02438580382640036 0.06332774229309535
0 0.36282141923098354 0.04140265926193622 0.03456288737136634 0.04803902815350206
0 0.6332699014676744 0.26516231399798673 0.042166220626339165 0.04838797152808365
0 0.695600873856082 0.8106531901613869 0.04010918030015264 0.04133389379291017
0 0.6671822840225619 0.6486994790273479 0.04980381629687199 0.03406914882324719
0 0.5012821616514347 0.6272559477052577 0.04001755936721653 0.03587282612174731
0 0.5756535147594175 0.38178272850404 0.046572270964632165 0.046344062737505416
0 0.5059182385186869 0.5284795167641021 0.026490119808782946 0.06768750997079838
0 0.5940974246794529 0.06979197060772012 0.03607237542648901 0.062326841312507195
0 0.598447236118956 0.13521719691047168 0.040034220707030006 0.045734437605575856
0 0.43850292904112353 0.6218950751737637 0.04410108923997799 0.04859863876257325
0 0.5931677080279487 0.5119463228096821 0.046333027270160795 0.045369128806993855
0 0.4602315637706986 0.4083709197097176 0.038023837846609725 0.037955011998727806
0 0.4652107007575757 0.8199220027088879 0.04467136194566746 0.04784711342088367
0 0.5740921612565054 0.46982455020648706 0.051215705185628006 0.027532134197647485
0 0.6267234658541357 0.026280244633419447 0.019124016442485115 0.01979540175043289
0 0.1612797125 0.8606498666666667 0.04077450171875015 0.040121398518518675
0 0.5515432378941517 0.2017116352039028 0.04666710934488124 0.03949082837614568
0 0.5799305600520879 0.5770540631196369 0.04524163465135681 0.036073216401085254
0 0.5671341412317084 0.029508212456886684 0.051554250348513145 0.027131598891309616
0 0.6901824548692362 0.2243447186605871 0.02333355467244059 0.04573443760557581
0 0.6359145876765802 0.45769240627798524 0.05235775527433037 0.034404922678636964
0 0.5410609049575477 0.07566877388478162 0.025702443471673022 0.04526616691336859
0 0.5093117899975538 0.7626808225168881 0.02414154454085017 0.05661490907392527
0 0.4686060879744252 0.3444934943779919 0.029791773563170545 0.03574965893148356
0 0.5247910128314979 0.6076735555122049 0.042606733366041045 0.052721697579324274
0 0.3844907404181545 0.13780950228330574 0.02400611388127499 0.06651077175189149
0 0.44695694658239254 0.14903924240547275 0.027799238242580772 0.06406580011898591
0 0.5268534197427174 0.32558099680763075 0.0510279190687682 0.03414397823659033
0 0.6566034561401148 0.19242426647512545 0.050694220303576405 0.037773835838052446
0 0.4408151359341319 0.46967466099979754 0.025726766883450835 0.03944762483013833
0 0.3574448156166442 0.18118940018958216 0.0328251053654108 0.05787587226432607
0 0.6754512382550577 0.7461472649997241 0.038208271281187936 0.05410982460162767
0 0.5180041925214244 0.48090901424233407 0.02136916254284884 0.07025200855236922
0 0.6437783791666668 0.11159722962962965 0.04349278421874996 0.049435357037037046
0 0.5366126920826814 0.6902289313277372 0.025137714376303973 0.06323802858140032
0 0.1716097848958333 0.6005769925925927 0.0483857631770834 0.03582270222222235
0 0.48670270371060825 0.31294600574811343 0.054657091047821224 0.033895018406337685
0 0.435035595761424 0.3358937121401105 0.023875900456318534 0.07501484246740102
0 0.39243716226876496 0.041502218187390756 0.04411809417688903 0.04783991030259297
0 0.2919019213320189 0.27795683509860797 0.02982579053783733 0.04229069688996827
0 0.4560863143608156 0.30299259495359526 0.023661837523714504 0.05066382638910572
0 0.5378177164477407 0.8816974950550057 0.04468677961423128 0.018086928408507043
0 0.608968613043439 0.03915768866911913 0.033597864484898446 0.0471111921291898
0 0.6661367840621312 0.6879040510188051 0.04771281637601087 0.04383897826520766
0 0.619469467646551 0.8585003035822708 0.04980381629687176 0.03732575863723405
0 0.45811772449751753 0.2203237242280063 0.03478328331830287 0.059012722926502455
0 0.6143780132937948 0.23792456873459772 0.05057577586361468 0.031061955916414967
0 0.495127317453846 0.2585041183004049 0.025631757563941922 0.0679941515473385
0 0.42981249349341066 0.4302270361696591 0.023137909838575273 0.037315320785266115
0 0.4783535630848275 0.49078447104403383 0.05323337298525388 0.033050712695521366
0 0.5781246964840714 0.6983001515788401 0.02566227175602182 0.06914033143541347
