0 0.579321 0.67582 0.05493830000000007 0.05
0 0.698148 0.23565599999999998 0.029629600000000075 0.06639340000000002
0 0.50679 0.994672 0.020987700000000026 0.010655699999999909
0 0.460802 0.00778689 0.04753090000000005 0.0155738
0 0.416667 0.577869 0.029629599999999933 0.040983600000000016
0 0.694136 0.615984 0.036419799999999884 0.048360700000000076
0 0.501852 0.0631148 0.024691400000000033 0.0786885
0 0.527778 0.284016 0.034567900000000006 0.03852459999999998
0 0.6725308882716049 0.9844260389344262 0.04135797654320986 0.029508577868852335
0 0.534877 0.0651639 0.035185199999999965 0.06967209999999999
0 0.48425900000000005 0.510656 0.04876539999999994 0.032786899999999966
0 0.569444 0.193033 0.040123500000000034 0.041803300000000015
0 0.56821 0.0868852 0.05246909999999995 0.0393443
0 0.570062 0.24508200000000002 0.05617279999999996 0.040983600000000016
0 0.483951 0.544672 0.04567900000000003 0.045081999999999914
0 0.623765 0.340984 0.05123460000000006 0.05409839999999999
0 0.40679 0.606148 0.05185190000000002 0.05819670000000005
0 0.50216 0.554508 0.04629629999999999 0.05327869999999997
0 0.590123 0.122131 0.04691359999999995 0.03442619999999999
0 0.50679 0.198361 0.05555560000000003 0.03442619999999998
0 0.61821 0.4811480000000001 0.03888889999999997 0.04262289999999994
0 0.44290099999999993 0.541393 0.05617279999999996 0.041803299999999946
0 0.542284 0.532787 0.035185199999999965 0.06721310000000004
0 0.557407 0.4995899999999999 0.04567900000000003 0.05983609999999991
0 0.383642 0.270902 0.024074099999999935 0.040163899999999995
0 0.42962999999999996 0.0512295 0.024691400000000033 0.0647541
0 0.529321 0.147131 0.04259259999999998 0.06147539999999998
0 0.477469 0.445902 0.03888889999999997 0.057376999999999984
0 0.534259 0.7 0.04876539999999994 0.04262289999999994
0 0.488889 0.691393 0.029629599999999933 0.07786879999999995
0 0.6493829999999999 0.288934 0.04938269999999997 0.05327869999999997
0 0.389506 0.337705 0.034567900000000006 0.06229509999999996
0 0.528704 0.8516390000000001 0.029012299999999974 0.0852459000000001
0 0.52963 0.409836 0.03703699999999995 0.06885250000000004
0 0.707407 0.688115 0.05432099999999997 0.03852459999999998
0 0.801852 0.280328 0.030864199999999994 0.03770490000000005
0 0.676543 0.12254100000000001 0.05185190000000002 0.04672129999999999
0 0.554938 0.790574 0.05555560000000003 0.040163900000000086
0 0.832716 0.901639 0.04074069999999996 0.0540983999999999
0 0.409568 0.710656 0.04629629999999999 0.04918030000000007
0 0.581173 0.966803 0.03641980000000002 0.06475409999999981
0 0.498148 0.9545079999999999 0.04074069999999996 0.0663934000000001
