0 0.505195595164609 0.5719033055100182 0.059224721879286756 0.0301460301457194
0 0.5560759295775107 0.24466449030451143 0.05629010963875041 0.04832403206453569
0 0.47713920506694024 0.3320505005028332 0.025558066624319965 0.04483969712141525
0 0.5395809179760569 0.010047192178340785 0.04279850823045259 0.022627920660705413
0 0.47868008729926054 0.20664821142782994 0.025082250236164047 0.07980448981357326
0 0.5331166155238573 0.1393776184758529 0.029529198048047954 0.04069536118741691
0 0.5666941454611474 0.9063492614995179 0.05079834669571528 0.04572722434908368
0 0.4452913775693019 0.3036463514857909 0.028991172350890933 0.06617933301613392
0 0.5679262737904571 0.1396765982831192 0.02664328158158153 0.0697828247009304
0 0.5889041366022948 0.35362062517731563 0.03895336022371064 0.05148090181014395
0 0.5083238252992892 0.022516145057128664 0.03049039653946867 0.04637357178340784
0 0.36608363521947873 0.7453096776867031 0.034636570438957466 0.03488155537340621
0 0.5313981360276943 0.10153982244129375 0.0479811720553887 0.053898644882587485
0 0.5011762607440774 0.12909826721311476 0.026042878511845228 0.07786866557377049
0 0.55289780521262 0.48781876138433516 0.02760631001371746 0.0735428051001822
0 0.5745621498002905 0.9786190390790744 0.05639554143064636 0.045172022227579614
0 0.5104595336076818 0.5373406193078324 0.053155006858710545 0.048269581056466324
0 0.43364197530864196 0.6358151183970856 0.030521262002743493 0.07900728597449912
0 0.5550039541031228 0.8810121560028928 0.04837029019607847 0.05005468809064604
0 0.496656378600823 0.636384335154827 0.05058299039780522 0.05783242258652094
0 0.6650931977729364 0.7464440694310511 0.02904865649963686 0.06006910961105751
0 0.36217323237258736 0.022989093320855074 0.055809240652395134 0.04399110268741308
0 0.4207514884247044 0.16433040049526365 0.034095576849408726 0.07620100099052726
0 0.6236950798838053 0.9495540019286401 0.0525372185911401 0.054845708775313286
0 0.49763917267989194 0.26157914924304687 0.04058601504283514 0.0564515462303733
