0 0.4341138525988834 0.7436147512973791 0.02683429480223325 0.07342559740524175
0 0.3471042683317606 0.06911613651717656 0.03395062037037029 0.036143836394486796
0 0.421605 0.0127049 0.03209880000000005 0.0237705
0 0.46882343584768416 0.3409233431084891 0.03270777169536842 0.03758528621697815
0 0.5860031094224267 0.053923469839198074 0.04595447708185907 0.057726860321603825
0 0.572222 0.8827869999999999 0.05185190000000002 0.03442620000000007
0 0.655556 0.0188525 0.028395100000000045 0.0360656
0 0.5896753375619249 0.011177834159966588 0.05836302080286233 0.022355668319933176
0 0.43857999999999997 0.0356557 0.026543200000000024 0.0680328
0 0.37998356074545886 0.6127307996998016 0.060194866399307975 0.04424707763913546
0 0.42337808732405435 0.1790042191135011 0.04181817464810883 0.04817303822700222
0 0.764198 0.432377 0.027160500000000126 0.033606600000000035
0 0.6387415080227256 0.1730421007935679 0.048301367063772735 0.06322977982666804
0 0.403086 0.0405738 0.04197530000000002 0.0565574
0 0.377778 0.468443 0.03580250000000006 0.06803279999999996
0 0.54784 0.854098 0.05370370000000001 0.03934430000000009
0 0.43209900000000007 0.155328 0.04691359999999995 0.058196700000000004
0 0.5377526726350554 0.14006189891667536 0.026515803711567112 0.07233430216664925
0 0.3138889999999999 0.10082 0.02283949999999998 0.0393443
0 0.533025 0.803689 0.029012299999999974 0.06147540000000003
0 0.578086 0.103689 0.035185199999999965 0.05819669999999998
0 0.76358 0.376639 0.03950619999999993 0.07131150000000003
0 0.466358 0.761066 0.03641980000000002 0.06639339999999992
0 0.435185 0.356557 0.030864199999999994 0.06557380000000002
0 0.6308640000000001 0.0508197 0.03333330000000002 0.06393440000000002
0 0.5780570548144217 0.19079813143468727 0.05365283731619093 0.05163907377049181
0 0.47037 0.943033 0.030864199999999994 0.07295080000000005
0 0.596296 0.979098 0.04197530000000002 0.04180330000000013
0 0.531482 0.355328 0.03333329999999994 0.07131150000000003
0 0.693519 0.164344 0.0561728000000001 0.04508200000000001
0 0.4715733475839427 0.27618503883000944 0.02956699516788547 0.07830758757961781
0 0.5775495328693874 0.649728683859768 0.05971493426122511 0.03496953228046358
0 0.207099 0.512295 0.024074100000000005 0.07049180000000001
0 0.49382699999999996 0.894262 0.04567900000000003 0.049180299999999885
0 0.631481 0.601229 0.04320990000000001 0.06147540000000003
0 0.5414504435362114 0.24432757855278273 0.059074512927577275 0.03757444289443462
0 0.55 0.955738 0.04567900000000003 0.049180299999999885
0 0.48238589608201615 0.5339692956223242 0.05119109216403238 0.04201233284431461
0 0.589198 0.844262 0.05617279999999996 0.04754099999999996
0 0.241358 0.592623 0.05061729999999996 0.04754099999999996
0 0.133642 0.929098 0.02654319999999999 0.06967209999999989
