0 0.9376608872584918 0.5869734905786587 0.0391481067343238 0.058757062146892525
0 0.9118498160508369 0.8951630118793993 0.0426707073681456 0.08183204927687347
0 0.7215810323488594 0.398924645415345 0.0901948392763804 0.06330731387719718
0 0.709593134647489 0.6831557209636112 0.04605885329998476 0.07087484314765546
0 0.8149906676105713 0.3719802991395039 0.054178193543933634 0.10982604375112641
0 0.6746210024684085 0.2618431949298542 0.04707324066803362 0.11446446156519725
0 0.8012784989421105 0.7924964224492117 0.0470732406680335 0.13354187182606353
0 0.6934164330948538 0.031016212151443564 0.04063876892204341 0.06203242430288713
0 0.9443608311884714 0.28292875363923264 0.03860683047594111 0.13454594605031955
0 0.6176300145801874 0.7696735979532834 0.04298260957965378 0.13414672034732397
0 0.8236922523740013 0.0051613008768485805 0.06523582563341902 0.010322601753697161
0 0.8569874780060783 0.20009263013810313 0.06231277901379985 0.10040742242561163
0 0.25217761295969116 0.022732599801330616 0.05886525678357977 0.04546519960266123
0 0.6339822335463654 0.39161978841495726 0.07010187639052473 0.0958890884164591
0 0.7834412110156398 0.2482276827658812 0.05971918079848386 0.10856103649269153
0 0.9884359231630533 0.09315872525482671 0.023128153673893457 0.08032593794048928
0 0.8651500554764328 0.36997446888344715 0.038375174563197945 0.12939651436071867
0 0.9785843018793225 0.7083651220527881 0.04283139624135508 0.04797871427345313
0 0.8911917751821316 0.9863638728515921 0.07653634813651482 0.0272722542968156
0 0.7989079040883247 0.6511729753851633 0.05655562008317704 0.07881982660410505
0 0.6872467382335237 0.6002533806986841 0.04723754197671066 0.1300415016994248
0 0.7649984991503115 0.5541670099679898 0.06477090220687316 0.1161961784544981
0 0.8187786943592555 0.044004255977953266 0.04797042904821514 0.06517448915329509
0 0.5865703364706482 0.21414966927768872 0.08500275832860732 0.07329741837069656
0 0.5834937949128667 0.00742046788142484 0.045775882814555045 0.01484093576284968
0 0.7261372086705624 0.32769793726625773 0.08424458104477613 0.07312165707544072
0 0.9901292052014715 0.631342509456105 0.01974158959705695 0.11145223889242899
