0 0.6356256223541206 0.01465952654476671 0.025572644708241065 0.03093035142216618
0 0.46943723355780026 0.7409930558494784 0.055794444219977465 0.03813311333830106
0 0.491667 0.40737700000000004 0.025308599999999966 0.07377050000000003
0 0.590123 0.659426 0.030864199999999994 0.04344260000000006
0 0.503086 0.334016 0.03333329999999994 0.06803279999999996
0 0.5587017217244126 0.4721904042173454 0.0564316819992036 0.031954463907985134
0 0.550926 0.0127049 0.035185199999999965 0.0254098
0 0.5751851484567901 0.11868862377049179 0.036790196913580285 0.06688504754098361
0 0.611728 0.798361 0.024691400000000033 0.07704919999999996
0 0.5453282876121136 0.06743378095838587 0.04391182477577289 0.03398483808322824
0 0.554131469023569 0.8519933726900148 0.047741551290684574 0.0601712277943369
0 0.68642 0.961475 0.024691399999999895 0.07377050000000017
0 0.338889 0.379098 0.03333329999999994 0.041803300000000036
0 0.555864 0.510246 0.05 0.035245900000000004
0 0.5083263341750841 0.7819393250745157 0.054952331649831626 0.027924849850968745
0 0.48642 0.837705 0.025925900000000064 0.03770490000000005
0 0.6598770000000002 0.9610660000000001 0.024691399999999895 0.07131150000000012
0 0.352469 0.9840160000000001 0.04074069999999996 0.031967200000000036
0 0.5188090845634281 0.46006791450463286 0.03028233087314376 0.06838957099073413
0 0.619136 0.868443 0.05061729999999996 0.045081999999999914
0 0.562654 0.778689 0.040123500000000034 0.0540983999999999
0 0.508025 0.130328 0.05802469999999998 0.03278690000000001
0 0.400617 0.703689 0.028395100000000045 0.06147540000000003
0 0.519753 0.831148 0.029629599999999933 0.07049180000000001
0 0.382716 0.972131 0.03703699999999995 0.0540983999999999
0 0.454938 0.337295 0.023456799999999976 0.08442619999999998
0 0.6785246879131819 0.5265533199101005 0.02690202417363581 0.07148316017979907
0 0.6197530000000001 0.717623 0.03333330000000002 0.03852459999999998
0 0.408333 0.9508199999999999 0.025308599999999966 0.07213109999999993
0 0.586728 0.0631148 0.027777799999999943 0.0622951
0 0.5292089338383839 0.7362796017511177 0.02516870942760949 0.06607634210134129
0 0.603086 0.89959 0.03827160000000001 0.06311479999999989
0 0.556481 0.921721 0.05 0.045081999999999914
0 0.408642 0.752459 0.05185190000000002 0.040983600000000016
0 0.35463 0.796311 0.027777799999999943 0.03852459999999998
0 0.4861531841470258 0.6436010006706407 0.050420904433221066 0.03824509254843512
0 0.6674073166666668 0.24508206352459017 0.02814796666666665 0.07704937295081965
0 0.499691 0.939344 0.024074099999999935 0.06721309999999985
0 0.535494 0.9590160000000001 0.05123460000000006 0.03934430000000009
0 0.330864 0.336066 0.056790100000000024 0.0393443
0 0.590432 0.95123 0.03271610000000001 0.06475410000000018
0 0.4990740000000001 0.0696721 0.04629629999999999 0.06885250000000001
0 0.447839 0.056967199999999996 0.024074099999999935 0.0647541
0 0.381481 0.593852 0.028395100000000045 0.06967210000000008
0 0.6589510000000001 0.697951 0.045061699999999934 0.05983609999999991
0 0.289815 0.075 0.054938299999999995 0.035245900000000004
0 0.777778 0.507377 0.03333329999999994 0.07049180000000001
0 0.900926 0.622541 0.0438271999999999 0.06147540000000003
0 0.84321 0.140574 0.04074069999999996 0.03688519999999998
0 0.218827 0.11024600000000001 0.029012299999999974 0.041803299999999995
0 0.21780967552583447 0.40296016566484516 0.03598514894833105 0.0809658686703097
0 0.5313578290123456 0.2539345668032787 0.053332941975308634 0.052787166393442594
