0 0.5288455249999999 0.8145467564814816 0.025576137499999933 0.0649627674074074
0 0.8153147841402925 0.6490779593833046 0.028865929947251227 0.040377269970313094
0 0.3502626707230488 0.5853111870164092 0.035648955040498066 0.06039706576137744
0 0.7260925123099979 0.6060232126374456 0.05207961654654009 0.035574402223696316
0 0.4660674333333333 0.6018790546296295 0.04301439166666666 0.055389308703703614
0 0.5387264333333335 0.7649700657407407 0.052314856666666645 0.039661519444444314
0 0.39340749166666666 0.18372345296296297 0.03371402083333338 0.06427900851851849
0 0.6313648890442803 0.18879081695732694 0.027168441421893993 0.06210499197020946
0 0.4689282342897369 0.3677458049994122 0.043596021965020645 0.04729036177679857
0 0.5219740152001713 0.5684724547346551 0.024863816931896623 0.03794602903860925
0 0.5367729434057512 0.6391608349811775 0.061853618917404006 0.029119757920492116
0 0.24169463333333333 0.6835955833333334 0.029063788333333326 0.027352774907407392
0 0.5613970583333334 0.499990137037037 0.053477344166666656 0.033507105462963115
0 0.5251527677410708 0.5289731657011149 0.05205316863231169 0.028515170875646038
0 0.5741948556279437 0.9204632886405394 0.042725235579194394 0.04940511705895469
0 0.6924742333333332 0.8316423972222223 0.03080766083333337 0.05675699333333328
0 0.5509332583333333 0.6863302851851852 0.03603908999999999 0.05060257935185199
0 0.534425940233221 0.20763725786814832 0.035575704633108586 0.05603380101407446
0 0.5808697833333334 0.6740216240740741 0.04708333333333338 0.036926233611111185
0 0.47993560043635075 0.6316369555866398 0.03703717587270153 0.03968487533994623
0 0.4378758166666667 0.6606876583333333 0.04243310083333327 0.0471835346296296
0 0.5820318 0.7683888601851853 0.050570984166666715 0.04513209111111099
0 0.4453700415276291 0.7203179233925275 0.05778464993077848 0.04730983129139159
0 0.5343674583333333 0.7205215666666668 0.028482497499999936 0.05744083564814812
0 0.6666075916666667 0.4329757592592592 0.039526740833333206 0.05675699333333334
0 0.6401138812727614 0.7944686329558691 0.05267814030659027 0.053954697405696674
0 0.49193407499999997 0.20765735 0.056383704166666604 0.03555854898148146
0 0.4577882836856401 0.8627914344390331 0.04097129012871979 0.07241385602934143
0 0.5584901333333334 0.8566017657407408 0.052314856666666645 0.035558548981481405
0 0.5416298704774138 0.44317150468008043 0.05745557696424755 0.03162169086550785
0 0.5000700978595918 0.26351881487403095 0.024991973219183332 0.06522365456287663
0 0.6227212166666668 0.5399928685185186 0.048245914999999924 0.028720376111111272
0 0.6161240778804502 0.5765852655555336 0.04919714955237981 0.03203646707451113
0 0.6546090630443755 0.577597155218406 0.03914366296427142 0.06001428392462984
0 0.57011595 0.5328132333333333 0.029063788333333326 0.03213950425925923
0 0.40038335833333333 0.7721497009259259 0.0325514391666666 0.05265410629629638
0 0.5953760646891427 0.44656486259093653 0.028532969788380904 0.06923955528108992
