0 0.45632727222222225 0.11772527254098362 0.026234344444444446 0.07807404508196719
0 0.500617 0.0110656 0.025925900000000064 0.022131099999999997
0 0.404012 0.49016400000000004 0.021604899999999955 0.06065569999999991
0 0.788272 0.597131 0.029629600000000075 0.04672130000000003
0 0.5585059793314501 0.37700757421505976 0.020025141337099737 0.0427064515698805
0 0.6533950000000001 0.9848359999999999 0.026543200000000024 0.03032790000000011
0 0.59784 0.608607 0.05370370000000001 0.035245900000000004
0 0.506173 0.8758200000000002 0.030864199999999994 0.06967209999999989
0 0.377778 0.503689 0.028395100000000045 0.06639339999999992
0 0.596914 0.565984 0.04691359999999995 0.05163929999999992
0 0.536728 0.877459 0.026543200000000024 0.07622949999999992
0 0.463889 0.43401599999999996 0.05864199999999994 0.035245900000000004
0 0.453704 0.0618852 0.05308640000000005 0.0385246
0 0.592284 0.648361 0.05123460000000006 0.04590159999999991
0 0.7302469999999999 0.318443 0.023456799999999976 0.041803300000000036
0 0.56358 0.540984 0.027160499999999983 0.06393440000000007
0 0.587963 0.146721 0.027777799999999943 0.04426229999999999
0 0.5279816888731952 0.45431392734787446 0.03003787774639049 0.06108595469574882
0 0.437037 0.513934 0.03209880000000005 0.07704919999999996
0 0.649979101663528 0.46140581003056397 0.02720239667294405 0.07882717993887185
0 0.364506 0.177869 0.03271610000000001 0.055737700000000015
0 0.451543 0.697131 0.05987649999999997 0.03360660000000008
0 0.421296 0.0442623 0.06111110000000003 0.04754100000000001
0 0.627778 0.9700819999999999 0.03703699999999995 0.058196699999999865
0 0.595988 0.378689 0.05 0.049180299999999975
0 0.632716 0.022541 0.05308640000000005 0.0434426
0 0.526235 0.541393 0.05246909999999995 0.056557399999999945
0 0.287963 0.0426229 0.05 0.0639344
0 0.470988 0.95123 0.03827160000000001 0.07131150000000012
0 0.5722979268576752 0.05354933498298794 0.05386675984160259 0.0367305907825549
