0 0.28311620729256387 0.34359512009149823 0.022878983634797578 0.03955394586351506
0 0.48537030524691355 0.9911474909836067 0.023086289506172804 0.017704818032786878
0 0.5296674225245653 0.4905486784877885 0.047996976568405104 0.02960856473737043
0 0.5576784172902495 0.44642876200234194 0.025988592479213864 0.03487750443292064
0 0.6206853111615016 0.5719304115088658 0.02443940539178633 0.08397457343593166
0 0.5347567724993701 0.5347271343760455 0.032023366061980245 0.039946868752090886
0 0.4681373228031953 0.24577316701221472 0.0436333669813604 0.06165199448730306
0 0.43107428156447763 0.009643201542912247 0.03498806930179484 0.019286403085824494
0 0.4244068865347374 0.25276446313082607 0.03668610589445654 0.07563468672452583
0 0.36668767532965063 0.31564077738941126 0.05491911664751178 0.03255167736042052
0 0.5704207608969514 0.4936433589829374 0.045855379188712554 0.061559049849447954
0 0.3829235382478633 0.35375559407313995 0.06214437649572648 0.03374038814627997
0 0.5311664684681279 0.420241055779525 0.026555663063744028 0.07099398844095024
0 0.5612244897959183 0.39352626296420207 0.03174603174603176 0.07243225158916024
0 0.4643048845947397 0.8893536406947518 0.05621945362601349 0.03845143864650932
0 0.30934824985168236 0.6645534006077203 0.036161256603666966 0.045016318415425624
0 0.41677260784812276 0.8986382563679334 0.024437099189196874 0.06152230183441499
0 0.610304950340136 0.6381983531281364 0.039657169110607196 0.05950158748745396
0 0.4832640577790376 0.5753177488541317 0.05445958444192497 0.05528588245232506
0 0.569701646090535 0.2494795732500651 0.03931510875955318 0.07285974499089251
0 0.4070966466084696 0.812544547398432 0.053111845636635874 0.034887646771954904
0 0.5875535399344922 0.5775342924054867 0.045855379188712485 0.05302776848444292
0 0.4063995968757873 0.5797089327534292 0.053917863441672986 0.033288725326196124
0 0.3599191638995317 0.381204223374788 0.05070232779906342 0.04437504674957599
0 0.5197909685122197 0.6386335389846103 0.030712847556059315 0.0736864181833388
0 0.28667683702008645 0.7442697978017031 0.03686753114670734 0.07540233334583789
0 0.28896136352276697 0.09001460144687062 0.032113760183935615 0.0419791597531028
0 0.7770136849877229 0.19032581682208896 0.03133638970449356 0.05095875418956201
0 0.49519381834215165 0.44814337367012375 0.05261993701184176 0.05520277276681168
0 0.5170068027210883 0.3297089327534292 0.053917863441672986 0.046838407494145216
0 0.41423001949317734 0.7222305585774844 0.05523066926575701 0.052706606144727455
0 0.4780772381840269 0.8392729864575907 0.053253100545243924 0.059083917920246004
0 0.3898145851851852 0.18805871725329473 0.03888842962962974 0.06978506549341047
0 0.8655652205627586 0.6953894956050075 0.03191275963309456 0.039349105261883455
0 0.6094565256963725 0.9264954666209808 0.037441342216550454 0.062256039864220396
