0 0.4897839935355221 0.4094366867771422 0.058582016020528024 0.038840302244177456
0 0.5749809353036955 0.26779605353184266 0.046682742843009946 0.0443361887298503
0 0.011482458712010162 0.25534173884899863 0.022964917424020324 0.06806127769799736
0 0.5826068138255117 0.7201209666383863 0.04565221871844026 0.05651495662169196
0 0.4339772340593375 0.6603313041537808 0.06178439706815892 0.04253835504666246
0 0.560185 0.606557 0.030246900000000035 0.03934430000000009
0 0.4535851934293782 0.388625851829552 0.032873719573775224 0.06075699937053559
0 0.4982068880232486 0.272995976901393 0.03246150992394729 0.05199923369550342
0 0.4950340119597477 0.6380482682127315 0.05591396251880699 0.04495767961766871
0 0.48527381025989813 0.6088699745477435 0.039778231208392585 0.038452064916938075
0 0.41802031195614087 0.6271484529167465 0.05758270021228796 0.03395699505323085
0 0.4727363778344566 0.1359350304202359 0.0458914521671922 0.07378800314595363
0 0.31615389640081 0.6800242865816636 0.04833757920177671 0.036429872495446276
0 0.5343978717857445 0.7875688127949506 0.032992543571489154 0.039072525589901326
0 0.450309 0.22377 0.06111110000000003 0.031147500000000012
0 0.35353535353535354 0.4231246895181321 0.04451926674148897 0.058370591157476386
0 0.6087821265895835 0.6623060291743069 0.05760629856344943 0.0347573825227839
0 0.46734269049238436 0.5269027614329894 0.027205836888641585 0.07485152850379044
0 0.555864 0.509016 0.026543200000000024 0.07704919999999996
0 0.5889445371916157 0.32807411259202496 0.026587522413899688 0.07621992939051427
0 0.525 0.738115 0.045061699999999934 0.05327869999999997
0 0.5972801883633216 0.0794534418333835 0.05793864427543841 0.04115332597224883
0 0.474181880574941 0.836076815324687 0.033075343859017135 0.07748061176350038
0 0.49877367629176206 0.05145187334081393 0.04843463385477852 0.06239908043460412
0 0.450309 0.261066 0.054938299999999926 0.04344259999999996
0 0.49752427368271074 0.8302930389834319 0.028484520408683645 0.0702913651062502
0 0.5257138111044126 0.663822687212978 0.043401207734083555 0.04622911584471376
0 0.4325109750819267 0.46087741864856724 0.026587522413899688 0.08292509373546077
0 0.5275185250345226 0.6946535118339309 0.053806907968012574 0.04696654703741201
0 0.4544288752648447 0.11803623288746275 0.033736663945052425 0.06748547653055649
0 0.548148 0.584836 0.03827160000000001 0.06967210000000008
0 0.4401368536037429 0.5810230165029147 0.04431253735649948 0.06239908043460414
0 0.514506 0.79877 0.03641980000000002 0.04672130000000003
0 0.5260659287500773 0.2516094095247544 0.02579637679981025 0.08136203975888778
0 0.4878697153445042 0.6919989104251623 0.036441364463406095 0.07334912351049563
0 0.5625183097044457 0.7413565212088453 0.032241972482944865 0.07261140543255137
0 0.60463 0.55 0.05123460000000006 0.05081969999999993
0 0.45811328001298457 0.7561871094453871 0.039069303450194846 0.06265520172829042
0 0.4423590168413405 0.7089529808341772 0.037394952982336874 0.0706405229097676
0 0.576852 0.44057399999999997 0.035185199999999965 0.06967210000000003
0 0.32577021465910355 0.5885393590311623 0.025803581359136907 0.05405405405405404
0 0.4477628244095096 0.02018393807917568 0.03318269224324491 0.04146249686773037
0 0.48884635207599086 0.7647389947213936 0.03304535722603504 0.07428784979747657
0 0.4468449931412894 0.324074074074074 0.05326931870141747 0.05555555555555555
0 0.6405160324692388 0.1012727833164564 0.03206177458830566 0.06730308822901557
0 0.49086335767946576 0.18295980230233447 0.0572477070322966 0.05281106673280605
0 0.5970745407757786 0.12081904248405813 0.05587668155155719 0.05202074532280577
0 0.5651394299140543 0.3873258709871644 0.05482388342711103 0.05186239360683108
0 0.5690554215874193 0.04714141054763403 0.03833549743399497 0.06499904211937929
0 0.6313527335585029 0.7141492278736419 0.03472440571631734 0.07174259627931785
0 0.613272 0.584426 0.054938299999999926 0.057376999999999935
0 0.5482903604773387 0.1778921152740907 0.05348420206517033 0.04652563014860833
0 0.1971732600785042 0.18594750535057747 0.028142811743053518 0.0749236233228081
0 0.47805322484956353 0.9757315151742507 0.05320507387631723 0.04952357729677014
0 0.762037 0.415164 0.024074100000000074 0.08606560000000003
0 0.7775376444331439 0.8976066324042464 0.031217334802384353 0.07333908541846432
0 0.3843339722582906 0.04105202660171324 0.03143098579937753 0.06513588220805167
0 0.5337599703209052 0.9041708859027342 0.049156000741977394 0.04748351076931497
0 0.5785487669217214 0.8506840160171324 0.04784136615655727 0.059286967965735425
0 0.7023679623456791 0.5956776811475409 0.031761387654320974 0.06366581311475407
