0 0.14569289139625366 0.586969830060285 0.044588118970518544 0.11124776460595698
0 0.6409282234375 0.2938261916666668 0.059661767552083474 0.09588574018518517
0 0.3351625721538318 0.9836276167714156 0.04299319451599644 0.03274476645716883
0 0.2849740170818208 0.5068420806134791 0.07246872687197457 0.09230618164341191
0 0.49971056733873903 0.23679058062179473 0.04570632816706137 0.10156396625641022
0 0.4737827900266878 0.9643272797225078 0.041228131493704724 0.07134544055498458
0 0.38561037447916674 0.9101357055555556 0.04562376312500026 0.06670316046296315
0 0.27891744474790564 0.7002532809817716 0.08205703955354231 0.0587351157325507
0 0.4366405428897623 0.04226715622037881 0.04560477775187266 0.08453431244075763
0 0.35426789933793723 0.4384446268122114 0.040239509781063984 0.13196655790122006
0 0.34723919781505 0.6044924347817731 0.04417153463741279 0.07180203097067116
0 0.4492202375 0.8733088703703705 0.04474636119791668 0.12367862481481484
0 0.5044576603315808 0.0291408023148148 0.07976549394441174 0.0582816046296296
0 0.4501512486765253 0.7484607740453484 0.05148072144044704 0.1202801004265546
0 0.34109143240962797 0.23412140506174287 0.0785853955724311 0.08822764193017169
0 0.3978745892402665 0.8259514294671557 0.06559450592228303 0.09126686757955925
0 0.5274377650977597 0.695329753427439 0.08996391552795882 0.07174750288885182
0 0.43900460769813765 0.9620437285945981 0.04010733782425883 0.07591254281080384
0 0.5493245248735813 0.6395819763563787 0.07986093099147441 0.05561654053338577
0 0.2469625399217664 0.7862314929477183 0.049076421732984106 0.12321877470701018
0 0.3449857027936735 0.8337098914886424 0.04660783255688242 0.12273803612262668
0 0.4796415876558014 0.470811424630787 0.03787247979394266 0.12721776131007778
0 0.27221684547932945 0.5669668094493994 0.07907077295972442 0.09986518904937822
0 0.39700037406143485 0.035768802990394546 0.03701973571057735 0.07153760598078909
0 0.41280940781250003 0.9309802842592593 0.050888032552083476 0.08337882342592592
0 0.5302171283806288 0.35908973640759523 0.03739907379651832 0.1427138343969632
0 0.5096239674926726 0.12939794339391877 0.07416693959647098 0.09472599516015605
0 0.3246138406614662 0.3227890925484586 0.05162668804348177 0.11234121708625451
0 0.307400705592933 0.13452164497909866 0.038030281793083986 0.12846744462353624
0 0.39526136927083333 0.7551890259259262 0.07720937968749991 0.07920990768518486
0 0.4485706460123799 0.2721819205607616 0.08461397591468499 0.06409343677200828
0 0.31629803854166655 0.7934043694444443 0.06317123312500002 0.08337882342592572
0 0.5159016468750001 0.7767287064814816 0.05176543447916669 0.11673048842592611
0 0.518066374446739 0.5615384331878759 0.06327860165571254 0.10572320831859108
0 0.44121974808861714 0.6573040307638125 0.07874909201907923 0.07865033721785952
0 0.4931154953063723 0.8593857489289296 0.05433661772638203 0.10414039715677956
0 0.39761232074914143 0.7012430579589876 0.06053916947916657 0.07643068703703677
0 0.32696815348647007 0.03501899300231933 0.06517222564540953 0.07003798600463866
0 0.4547877727910265 0.6082765891112244 0.05601970969520664 0.06273410233561746
0 0.6808483765625 0.5752305472222224 0.035972484062499886 0.08893743425925933
0 0.36630838489583334 0.5682812240740741 0.05439749812500002 0.11673048842592611
0 0.6943697719096188 0.729116198430412 0.06827925991298732 0.059094299991028054
0 0.06141938802083355 0.28201454629629613 0.034217822343750016 0.14452337305555568
