0 0.35401199999999994 0.65 0.04259259999999998 0.04754099999999996
0 0.40061743796296295 0.9872950389344262 0.050616975925925935 0.023770577868852522
0 0.271605 0.556967 0.024691400000000033 0.03360660000000008
0 0.3923539815667972 0.9443321269292283 0.035326163133594275 0.03456645385845671
0 0.5342542536984278 0.01185720366050161 0.05104409363722696 0.025325805653635982
0 0.575617 0.0118852 0.030246900000000035 0.0221311
0 0.537346 0.727459 0.05370370000000001 0.040163900000000086
0 0.6092594185185185 0.9831969389344261 0.055555237037037 0.03196677786885253
0 0.541358 0.763115 0.039506200000000075 0.03114749999999992
0 0.578086 0.23237699999999997 0.054938299999999926 0.040163899999999995
0 0.69716566185446 0.31948726957977375 0.03282897629107964 0.07905766084045251
0 0.271914 0.8487699999999999 0.07098770000000003 0.02704919999999995
0 0.4227396970179099 0.22244838970791964 0.027360805964180186 0.041987520584160665
0 0.408642 0.0118852 0.05185190000000002 0.0221311
0 0.506481 0.183607 0.035185199999999965 0.055737700000000015
0 0.588272 0.0717213 0.022222200000000056 0.06639340000000002
0 0.5516084529647017 0.05602632350496422 0.05136490592940355 0.05303624700992843
0 0.552161 0.932787 0.035185199999999965 0.07377050000000017
0 0.4282106502392573 0.04527575541682552 0.02883087676332666 0.061945629844961235
0 0.518827 0.43401599999999996 0.04506170000000007 0.054918000000000036
0 0.698148 0.9077870000000001 0.024691399999999895 0.07622949999999984
0 0.583642 0.782377 0.030246900000000035 0.07786879999999995
0 0.399383 0.9102459999999999 0.04691359999999995 0.056557399999999945
0 0.17284 0.028688499999999992 0.027160499999999983 0.05409839999999999
0 0.397222 0.0733607 0.05 0.03196720000000001
0 0.36882699999999996 0.793852 0.05493830000000007 0.040163900000000086
0 0.736111 0.868443 0.026543200000000024 0.07459019999999991
0 0.536728 0.405738 0.05864199999999994 0.04590159999999996
0 0.522222 0.242623 0.04938270000000004 0.049180299999999975
0 0.650617 0.687295 0.06172839999999999 0.03688519999999993
0 0.541667 0.969262 0.04382720000000004 0.06147540000000003
0 0.198457 0.698361 0.05987649999999997 0.03442620000000007
0 0.515741 0.284426 0.05 0.055737700000000015
0 0.61358 0.132787 0.05555560000000003 0.04426229999999999
0 0.685802 0.62623 0.023456799999999976 0.07868850000000006
0 0.6608020000000001 0.8745900000000001 0.06481480000000003 0.032786900000000146
0 0.658025 0.752049 0.032098799999999914 0.06803279999999996
0 0.489815 0.718033 0.05123460000000006 0.0540983999999999
0 0.105247 0.05327869999999999 0.024074100000000005 0.0770492
0 0.578395 0.847541 0.04691359999999995 0.04426230000000008
0 0.423457 0.685246 0.05679010000000006 0.04754099999999996
0 0.723457 0.791393 0.04814809999999998 0.056557399999999945
0 0.4848026883889759 0.04841834429115678 0.05108667677795163 0.05093518858231356
0 0.480247 0.945902 0.03209880000000005 0.07049180000000001
0 0.254321 0.0852459 0.04320990000000001 0.057376999999999984
0 0.6672752564771344 0.2736088663126299 0.025213006433663827 0.034634033710459484
