0 0.473148 0.00655738 0.020370400000000066 0.011475400000000002
0 0.593827 0.993443 0.03333329999999994 0.013114799999999885
0 0.591049 0.00901639 0.04506170000000007 0.016393400000000002
0 0.595988 0.564344 0.03271610000000001 0.03032789999999992
0 0.424691 0.010245899999999999 0.020987700000000026 0.0188525
0 0.476235 0.247951 0.026543200000000024 0.030327900000000015
0 0.5615384170940171 0.06259456525851198 0.05470076581196584 0.03218786948297605
0 0.623457 0.47459000000000007 0.024691399999999964 0.08032789999999992
0 0.473457 0.11024600000000001 0.027160499999999983 0.040163899999999995
0 0.535185 0.726639 0.03333329999999994 0.03360660000000008
0 0.480247 0.434836 0.027160499999999983 0.03852459999999998
0 0.454321 0.410246 0.019753099999999964 0.08442619999999998
0 0.565432 0.49918 0.029629599999999933 0.05245900000000004
0 0.452469 0.47254099999999993 0.029629599999999933 0.035245900000000004
0 0.480247 0.611475 0.05679010000000006 0.03114749999999992
0 0.429938 0.102869 0.05864199999999994 0.035245900000000004
0 0.524074 0.495492 0.028395100000000045 0.045081999999999914
0 0.33796300000000007 0.0122951 0.024074099999999935 0.0229508
0 0.468827 0.510656 0.03888889999999997 0.07049180000000001
0 0.5588020159781576 0.11220037367591423 0.05464193195631529 0.03095864735182852
0 0.501543 0.10041 0.05370370000000001 0.04672130000000001
0 0.560494 0.344262 0.03209880000000005 0.07049180000000001
0 0.549691 0.768443 0.05617279999999996 0.04344260000000006
0 0.521296 0.257377 0.035185199999999965 0.04590160000000001
0 0.551543 0.266803 0.04506170000000007 0.06311479999999997
0 0.523765 0.557787 0.021604899999999955 0.07786879999999995
0 0.4253679514482431 0.5039566508827238 0.03839040289648624 0.07184710176544755
0 0.48179000000000005 0.0504098 0.04629629999999999 0.043442600000000005
0 0.612963 0.23647500000000002 0.04567900000000003 0.04508200000000001
0 0.350309 0.841803 0.022839500000000016 0.06721309999999994
0 0.466049 0.305328 0.03950619999999993 0.06803279999999996
0 0.487963 0.742623 0.05 0.036065599999999934
0 0.548457 0.412705 0.04629629999999999 0.054918000000000036
0 0.626543 0.0438525 0.028395100000000045 0.0368852
0 0.612654 0.82377 0.029012299999999974 0.07377049999999997
0 0.607099 0.433607 0.04876539999999994 0.05901639999999998
0 0.573148 0.856557 0.021604899999999955 0.06229510000000005
0 0.58179 0.72377 0.05246909999999995 0.04262289999999994
0 0.475617 0.968852 0.031481499999999954 0.06229510000000014
0 0.169444 0.8221309999999998 0.025308599999999983 0.040983599999999926
0 0.775 0.05942619999999999 0.030246899999999893 0.054918000000000015
0 0.576852 0.62541 0.03888889999999997 0.07049180000000001
0 0.509568 0.8737700000000002 0.05246909999999995 0.04262289999999994
0 0.608025 0.9643439999999999 0.04938269999999997 0.04344260000000006
