0 0.28350055574749844 0.5124412996687182 0.024339466078330218 0.05059626785595507
0 0.42313366562499993 0.43144318518518515 0.021756692187500034 0.041697
0 0.5511411066642441 0.6772730706131878 0.027809640525678365 0.04915687914399461
0 0.503484553125 0.9420761666666667 0.044996753333333334 0.029872524074074102
0 0.4003880875 0.28550368518518515 0.04549123635416675 0.028627794444444462
0 0.41546929895833334 0.24722980555555557 0.032140595312500034 0.04543111296296292
0 0.6137516025655864 0.9554567360428052 0.04202997388117282 0.023027025789313725
0 0.48271674687500005 0.5717823888888889 0.03312948125000001 0.04729813148148141
0 0.46096045520833334 0.2780358388888889 0.032140595312500034 0.054766205555555586
0 0.445631721875 0.9003791666666667 0.034118447291666715 0.028627794444444302
0 0.5949619093749999 0.8356561111111113 0.038074231354166696 0.03858532777777797
0 0.5557396077725149 0.5515539960193017 0.02283369564995835 0.05561429399390521
0 0.46639952812499996 0.22793717962962962 0.030162663229166733 0.037962962962962934
0 0.531962035972512 0.868114031567639 0.02562185638830924 0.05208403686472212
0 0.5243083702635185 0.8234761901192522 0.04609686000620362 0.026673161719986006
0 0.49038111354166664 0.3060416481481481 0.03856863427083332 0.04107471111111109
0 0.4607129333333333 0.867395425925926 0.041535532395833324 0.04107471111111099
0 0.4446424354166666 0.5325742407407408 0.021262209166666678 0.03609594444444442
0 0.5024251626142172 0.6575087708769853 0.021120078561767622 0.030804238050267028
0 0.4369788697916667 0.252830937037037 0.019778840208333353 0.029250159259259202
0 0.38456431041666667 0.883576 0.023734544166666656 0.05725558888888882
0 0.3753444462728553 0.6520325592900043 0.028329468808455972 0.031180429568139642
0 0.5316692041666666 0.7619077407407407 0.03214059531249998 0.0504098037037036
0 0.5185657645833334 0.4432678888888889 0.041535532395833324 0.030494812962963004
0 0.48790909895833334 0.6489527407407407 0.027690328229166696 0.052276898148148086
0 0.47233284375 0.9187388148148149 0.0341184472916666 0.039207616666666605
0 0.6963281250000001 0.5238617407407408 0.01730642510416658 0.02364902777777763
0 0.3497045791666666 0.2718124185185185 0.04005208333333332 0.04107471111111109
0 0.5336477770833333 0.4986566111111111 0.04400786739583342 0.032984196296296286
0 0.6760545614583333 0.4270873148148149 0.020273243125000208 0.031739542592592644
0 0.5128799708333334 0.32906770370370364 0.017306425104166637 0.05227689814814814
0 0.30435826911549047 0.5133569162862704 0.018005858956519086 0.02972161742745927
0 0.6021312322916667 0.9355419814814815 0.0336239642708333 0.05040980370370392
0 0.51659912570094 0.5593174006567142 0.04250215234812007 0.03364240053842351
0 0.38505935416666665 0.42833174074074076 0.04549123635416669 0.02551612222222217
