0 0.6731609539557882 0.433357718097159 0.02656930791157633 0.07655123619431803
0 0.6320632378870145 0.48980553543043515 0.028614782063214935 0.06407616628615567
0 0.5463756961427833 0.963846411194318 0.029471707714433488 0.04115947761136407
0 0.5419817723482645 0.41777529825766024 0.04524594402430354 0.06823448631018798
0 0.5164339732402559 0.9862436700712385 0.06589748561825357 0.025873315595228007
0 0.246296 0.579098 0.027160499999999983 0.035245900000000004
0 0.507716 0.383197 0.025308599999999966 0.06803279999999996
0 0.33311821386464996 0.7173655667002833 0.027965627729300006 0.07844370137756403
0 0.2930856866168961 0.5828469380568191 0.034817226766207736 0.0344605055875033
0 0.601235 0.45696699999999996 0.04814809999999998 0.041803299999999946
0 0.631173 0.42459 0.03765429999999998 0.06885250000000004
0 0.36830383886464996 0.707078940700369 0.04369836352853728 0.05633451859926194
0 0.6633315432955206 0.08519869006308471 0.0229587865910413 0.06220068012616941
0 0.455864 0.386475 0.030246900000000035 0.07459019999999995
0 0.15370400000000004 0.661885 0.025925900000000012 0.045081999999999914
0 0.54784 0.589754 0.04753090000000005 0.03852459999999998
0 0.33796300000000007 0.370492 0.05 0.03442619999999998
0 0.6132720000000002 0.283607 0.05246910000000002 0.05081970000000002
0 0.609568 0.552869 0.05864199999999994 0.03852459999999998
0 0.482716 0.0389344 0.028395100000000045 0.0713115
0 0.690123 0.27459 0.04197529999999988 0.05901639999999998
0 0.489506 0.554918 0.03209880000000005 0.08360660000000007
0 0.307407 0.170082 0.027160499999999983 0.0729508
0 0.421296 0.304508 0.04876539999999994 0.04836069999999998
0 0.20463 0.884426 0.03271610000000001 0.04262289999999994
0 0.421605 0.156967 0.03333329999999994 0.0745902
0 0.657716 0.9606559999999998 0.03148150000000009 0.07377050000000017
0 0.5154805765626009 0.7117414814179039 0.04977053842673388 0.057076645781477954
