0 0.5329364838877094 0.5915969177404197 0.026365767775418665 0.040571435480839524
0 0.45123500000000005 0.058606599999999995 0.024691400000000033 0.0385246
0 0.571914 0.382377 0.05493830000000007 0.04344259999999996
0 0.405556 0.10163900000000001 0.05679010000000006 0.03770490000000001
0 0.7496910000000001 0.288115 0.025308600000000105 0.041803300000000036
0 0.775 0.415574 0.021604899999999955 0.031147499999999963
0 0.460802 0.427049 0.026543200000000024 0.04754099999999996
0 0.671913574074074 0.9840161889344263 0.05246914814814812 0.030328277868852452
0 0.285674822302823 0.4017383775477707 0.022478055394354032 0.03914554490445859
0 0.424383 0.0512295 0.040123500000000034 0.0598361
0 0.545988 0.159016 0.021604899999999955 0.06885249999999998
0 0.462037 0.9114750000000001 0.04259259999999998 0.03770489999999986
0 0.5506308981442164 0.4622716984259162 0.05305860371156724 0.04430950314816755
0 0.374292156595502 0.5843843463819568 0.035365786808995804 0.041066907236086546
0 0.514815 0.580328 0.034567900000000006 0.06885250000000008
0 0.5994928783636078 0.452046726464446 0.028505003672249757 0.07324809452855802
0 0.6574069999999999 0.957787 0.04197529999999988 0.0663934000000001
0 0.2596365845482425 0.4005324434661167 0.03038476909648499 0.0666389869322335
0 0.553086 0.309426 0.05185190000000002 0.040163899999999995
0 0.385802 0.8893440000000001 0.029629599999999933 0.0754098000000001
0 0.4339509999999999 0.293852 0.027160499999999983 0.05491799999999999
0 0.487963 0.0258197 0.03765430000000005 0.05
0 0.5698095637628239 0.8689794562110368 0.031985672474352245 0.06859848757792666
0 0.517901 0.128689 0.04814809999999998 0.05409839999999999
0 0.49537 0.935656 0.04259259999999998 0.05163929999999992
0 0.5937522267850122 0.6176279466612717 0.03471684642997563 0.06474320667745635
0 0.534259 0.966393 0.05617279999999996 0.03934430000000009
0 0.5602549225656408 0.8101881528399907 0.057546145131281555 0.03513050567998159
0 0.508333 0.47868900000000003 0.04135800000000006 0.06229509999999996
0 0.38642 0.289754 0.05679010000000006 0.033606599999999986
0 0.481173 0.0918033 0.040123500000000034 0.0721311
0 0.480864 0.868033 0.05185190000000002 0.0540983999999999
0 0.6484569999999998 0.82623 0.04753090000000005 0.05081970000000002
0 0.569444 0.729098 0.040123500000000034 0.06639339999999992
0 0.3422839999999999 0.0836066 0.05 0.05409839999999999
