0 0.7335200248971193 0.22827038920765025 0.04852064979423872 0.0549004784153006
0 0.698765 0.778279 0.030864199999999994 0.035245900000000004
0 0.5085391125514404 0.8307802244535519 0.022016425102880724 0.04352834890710386
0 0.557099 0.286885 0.03888889999999997 0.04590160000000001
0 0.46327199999999996 0.468443 0.027777799999999943 0.04344260000000006
0 0.621296 0.990574 0.024074099999999935 0.018852500000000084
0 0.43314179902328487 0.047878197873002695 0.02630860195343023 0.0698174042539946
0 0.572222 0.508197 0.028395100000000045 0.02459019999999991
0 0.5324139803497943 0.022131124999999998 0.03023433930041148 0.044262249999999996
0 0.607407 0.488525 0.04567900000000003 0.04426229999999999
0 0.3595100518518518 0.10005121926229509 0.03036269629629626 0.031045061475409842
0 0.45123500000000005 0.09672129999999998 0.03950619999999993 0.02459019999999999
0 0.410185 0.915574 0.031481499999999954 0.032786900000000146
0 0.434568 0.46352499999999996 0.059259300000000036 0.045081999999999914
0 0.627469 0.741803 0.021604899999999955 0.07049180000000001
0 0.504938 0.4282790000000001 0.029629599999999933 0.03688519999999998
0 0.526235 0.24098399999999998 0.04259259999999998 0.05737700000000003
0 0.664506 0.679098 0.027777799999999943 0.031967200000000036
0 0.425926 0.118033 0.04074069999999996 0.04754100000000001
0 0.627469 0.09016389999999999 0.026543200000000024 0.054098399999999984
0 0.492901 0.157787 0.04629629999999999 0.05491799999999999
0 0.630556 0.683607 0.03765429999999998 0.04426229999999999
0 0.558025 0.697541 0.025925900000000064 0.03934430000000009
0 0.38112137695473247 0.33154018702185795 0.026646046090534926 0.050033925956284135
0 0.48642 0.511885 0.027160499999999983 0.07295080000000005
0 0.649074 0.737295 0.029012299999999974 0.07459019999999991
0 0.416667 0.0618852 0.027160499999999983 0.05
0 0.554938 0.785246 0.03209880000000005 0.04426229999999999
0 0.534259 0.710656 0.033950600000000046 0.06557379999999993
0 0.559568 0.9864749999999999 0.04629629999999999 0.02540980000000009
0 0.424383 0.410656 0.05246909999999995 0.031147500000000012
0 0.43229806553497946 0.5769041132513663 0.026761768930041147 0.04127407349726778
0 0.364506 0.981967 0.05617279999999996 0.03442620000000007
0 0.50216 0.692213 0.022839500000000016 0.08114749999999991
0 0.514815 0.273361 0.04814809999999998 0.05819669999999996
0 0.47932099999999994 0.135246 0.05123460000000006 0.06557380000000002
0 0.399383 0.8938520000000001 0.04814809999999998 0.0663934000000001
0 0.590432 0.4668030000000001 0.04629629999999999 0.05983609999999991
0 0.549074 0.877869 0.03271610000000001 0.07377050000000017
0 0.657099 0.618852 0.03271610000000001 0.06229509999999996
0 0.47963 0.988115 0.04938270000000004 0.020491800000000008
0 0.46358 0.19959 0.03827160000000001 0.0598361
0 0.602469 0.645082 0.04320989999999994 0.057376999999999935
0 0.650926 0.08196719999999999 0.024074100000000074 0.04754099999999999
0 0.532099 0.132377 0.027160499999999983 0.0745902
0 0.571296 0.564754 0.03765430000000005 0.07049180000000001
0 0.596914 0.920902 0.05432099999999997 0.035245899999999816
0 0.617284 0.593852 0.05308639999999998 0.05163929999999992
0 0.570988 0.239344 0.04938270000000004 0.05901639999999998
0 0.603395 0.972541 0.04629629999999999 0.048360700000000076
0 0.351852 0.579918 0.059259300000000036 0.040163900000000086
0 0.169444 0.0840164 0.0314815 0.0647541
0 0.594444 0.0967213 0.034567900000000006 0.0737705
0 0.563272 0.95041 0.040123500000000034 0.06803279999999996
0 0.625 0.254508 0.05246909999999995 0.05491799999999999
0 0.47253100000000003 0.75041 0.040123500000000034 0.05983609999999991
0 0.296296 0.0258197 0.04074070000000003 0.05
0 0.483642 0.588934 0.04753090000000005 0.06639339999999992
0 0.140741 0.305738 0.029629600000000006 0.0754098
0 0.671914 0.940164 0.048765400000000084 0.06229510000000014
