0 0.416975 0.598361 0.029012299999999974 0.07868850000000006
0 0.5516458301094144 0.5795236564311242 0.041170337323737656 0.094157566323518
0 0.5884062768386871 0.6701401660224536 0.03059524632262582 0.07775216795509278
0 0.535802 0.538115 0.03580250000000006 0.06967210000000008
0 0.566358 0.728279 0.05123460000000006 0.035245900000000004
0 0.385802 0.0188525 0.025925900000000064 0.0377049
0 0.563272 0.696311 0.05493830000000007 0.05
0 0.6022570654964601 0.7165914280009323 0.021862324451465815 0.08185094090591262
0 0.461728 0.9885249999999999 0.034567900000000006 0.02295080000000005
0 0.49632577090427715 0.5468765487374718 0.029571558191445756 0.07673810252505636
0 0.358333 0.0282787 0.027777799999999943 0.054918
0 0.4447003910142765 0.7471059953383575 0.055043517971446895 0.046772009323284854
0 0.541358 0.21721300000000002 0.030864199999999994 0.07049180000000001
0 0.580556 0.766393 0.06111110000000003 0.036065599999999934
0 0.578395 0.246311 0.04567900000000003 0.0647541
0 0.558333 0.790574 0.05 0.03852459999999998
0 0.397216270572231 0.6552037075673997 0.026467347685916572 0.04535359799549375
0 0.6126540000000001 0.80082 0.05864200000000001 0.03442620000000007
0 0.5159499089871862 0.7997088846418304 0.059458182025627485 0.04320613071633906
0 0.33642 0.930738 0.028395100000000045 0.031967200000000036
0 0.5923482937671875 0.26979248723875376 0.045190487534374754 0.05788219979022612
0 0.462346 0.804918 0.029629599999999933 0.0754097999999999
0 0.322839 0.8909839999999999 0.022222200000000022 0.07213109999999993
0 0.511728 0.228689 0.030864199999999994 0.07704919999999997
0 0.423457 0.37459 0.027160499999999983 0.06885249999999998
0 0.393827 0.334426 0.05802469999999998 0.036065600000000024
0 0.552161 0.06024589999999999 0.022839500000000016 0.0909836
0 0.344444 0.442623 0.03580250000000006 0.06721310000000004
0 0.505247 0.64918 0.05 0.05409840000000009
0 0.253395 0.866393 0.029012299999999974 0.03442620000000007
0 0.285185 0.9114750000000001 0.027160499999999983 0.07868849999999987
0 0.536111 0.390984 0.04753090000000005 0.05737700000000003
0 0.528704 0.9758200000000001 0.029012299999999974 0.048360700000000076
0 0.620062 0.8364750000000001 0.06111109999999996 0.03852460000000007
0 0.366667 0.765984 0.05308640000000005 0.03688519999999993
0 0.480247 0.404098 0.04320989999999994 0.0606557
0 0.503704 0.0471311 0.027160499999999983 0.0729508
0 0.531482 0.32623 0.05185190000000002 0.049180299999999975
0 0.376543 0.397541 0.03209880000000005 0.057376999999999984
0 0.421296 0.8434429999999999 0.04629629999999999 0.05081970000000002
0 0.45679 0.905738 0.04074069999999996 0.05901639999999998
0 0.613889 0.08811479999999998 0.04753090000000005 0.04999999999999999
0 0.4828564741676907 0.6032942273327636 0.05119653618863731 0.039623960842203404
