0 0.49230582231157244 0.3780959241183459 0.029617843720784843 0.04784620956471082
0 0.5434428349468104 0.9939918429659377 0.032344096620059055 0.014156502107998415
0 0.394753 0.320082 0.021604899999999955 0.031967200000000036
0 0.7748140597274134 0.6117461272371785 0.034167704911843615 0.049380859277084244
0 0.36167541920029483 0.5145124785906533 0.05723696333149071 0.04388916075360908
0 0.6705456878294962 0.451373665307931 0.02727756184517855 0.07642920921577326
0 0.5991408074741408 0.4646654851572884 0.03211544878211549 0.07532122286220645
0 0.4095612398969713 0.5657359358414907 0.057065458744115796 0.035528953886071454
0 0.5133384221945826 0.15807726484585272 0.046429844389165295 0.0456634296917054
0 0.497336640898427 0.8665926152903325 0.026825891311872675 0.07392370154741838
0 0.30758807588075887 0.26649340263894444 0.030412526347485723 0.034786085565773686
0 0.6192513500850738 0.7854785325120643 0.027010834472674564 0.04243451765678299
0 0.5397903899102939 0.07009965797853521 0.036859401367794614 0.06796202382356409
0 0.43363716780123845 0.8782110208875951 0.05230568055074802 0.051452939073591865
0 0.41528468767274734 0.22716846097381943 0.04122903998525889 0.07447394176657696
0 0.5741250049488481 0.6881119850288545 0.033819910489981064 0.04122151280833455
0 0.5842082996807815 0.7607502170471376 0.042882966039767705 0.04277105357234054
0 0.7007235380540379 0.5015656738242407 0.03854482836470329 0.06580173485622151
0 0.387523314681588 0.5970633329402051 0.048294697575273056 0.054251680622715015
0 0.533333 0.8972648781982533 0.028395100000000045 0.07704919999999996
0 0.5883945431771854 0.6404628889191051 0.026448714830198793 0.05729062130892199
0 0.6064189838852352 0.8300776262703642 0.030383446790508067 0.04404780144017158
0 0.5864039055397278 0.5457542814102564 0.039537788920544534 0.06586753717948717
0 0.609701370264525 0.987551577143667 0.047808475755150216 0.02631494622761838
0 0.3941518422240649 0.2831937161120626 0.04641129454578957 0.05317480682652309
0 0.43225863815170085 0.37440129235464087 0.04009236931343811 0.07352316125132675
0 0.3154170430593195 0.23370651739304274 0.060523938572719 0.03718512594962016
0 0.48889567717892013 0.23840857168460972 0.04357355446839878 0.05811149130168828
0 0.5439017315560982 0.5900800671290458 0.028697959562248552 0.07885706574190826
0 0.387337214667179 0.2451404697179337 0.026706949659561195 0.06165239085529958
0 0.5255750964050981 0.12943135108208514 0.054853892810196266 0.042470002164170274
0 0.6653883674773776 0.19140572653772278 0.027584350926766817 0.07504355206146424
0 0.4630184741096011 0.32322502653614815 0.05806465938360424 0.04054133742186578
0 0.553483678197954 0.65093194643532 0.05950764330794968 0.03839420286502235
0 0.4549344255990154 0.8303329758439304 0.05759393869466561 0.031535672335427235
0 0.5188359152417215 0.8434041668262601 0.02405696951655712 0.08040416634747967
0 0.6617033700367033 0.34296078865751 0.04963296629963297 0.05732166592822332
0 0.4390042982494933 0.20786628026669926 0.04421460350101347 0.0695128394666014
0 0.3851258141687185 0.8163099682333572 0.05832329264672495 0.03965033505692488
0 0.4279354294342303 0.4497877108149545 0.046296296296296224 0.05189291189998814
0 0.4807998758970601 0.5254631554929826 0.05321534820587977 0.04579598901403469
0 0.41642711654228853 0.3344661122644972 0.03848352258153676 0.06234988949106919
0 0.4484647952467356 0.9515991874143713 0.05194435549863024 0.041337931686115235
0 0.5243368747949503 0.28163734506197524 0.059212743868732154 0.05147940823670528
0 0.3233830845771144 0.549608514803034 0.02648793071678646 0.053217518962564186
0 0.6123322179916157 0.678272304785251 0.026248990423445275 0.08745722894642764
0 0.5631514172531826 0.8536336244318471 0.0598053921003038 0.03779173688779945
0 0.511398522449034 0.9788738658064441 0.04652778812929173 0.04344716941701731
0 0.6941524478561896 0.34112756202924244 0.03937278196529863 0.058218956579530336
0 0.5088658696598208 0.6664329599216077 0.057576360680358527 0.03926498015678461
0 0.571849299622259 0.2123135660325422 0.0427220007554819 0.07045536793491558
0 0.4305444533262279 0.09353992216063214 0.05373478994582115 0.037003184337775684
0 0.4465829316524558 0.028682630537209576 0.05318816458388839 0.05497109934544167
0 0.37607103372028744 0.42168766821629555 0.05055739819421416 0.058264007829703944
0 0.453110622744027 0.7305254743395447 0.05256727924771288 0.05268887913079371
0 0.9108020000000001 0.979098 0.05493830000000007 0.04180330000000013
0 0.6170617487239395 0.06112672822388894 0.029037938283947486 0.04034090635206133
