0 0.14569983333333336 0.6753436166666668 0.06243830833333324 0.11374005861111097
0 0.2017661526798952 0.42198135365736744 0.07657944719348227 0.08948087431693995
0 0.032667889155462086 0.03161449845013261 0.06533577831092417 0.0502348768095101
0 0.5809304333333333 0.3677282037037036 0.04897127666666658 0.10857019212962964
0 0.37512318605154843 0.12109537276707251 0.055018243614734764 0.12140095228964944
0 0.26567959999999985 0.9824314600462963 0.05264401333333358 0.035137079907407394
0 0.01903724321487476 0.5197038874508676 0.03807448642974952 0.11956947240596945
0 0.6109263666666666 0.026178640717592593 0.04774696500000033 0.052357281435185185
0 0.18671318333333328 0.8898979638888889 0.0881480600000001 0.08789009546296311
0 0.24058051666666672 0.7186423916666667 0.08814806000000033 0.07367256842592596
0 0.0704263072222848 0.21821075445395138 0.06862885870649424 0.11973721668568049
0 0.28094781409839875 0.1944853881059662 0.10260158944369498 0.09078907423385421
0 0.016226791250000025 0.746992818133748 0.03245358250000005 0.11261440308435593
0 0.16437089984407555 0.23630049120498195 0.055707601354817386 0.12489686055811204
0 0.2959415246330451 0.29587088166682646 0.10384073907465705 0.06122375611159038
0 0.23310672514619893 0.03215974818649538 0.05850768897552498 0.06431949637299075
0 0.15671724999999992 0.8259187768518519 0.06733535666666697 0.10986257990740758
0 0.03336715458333342 0.28291723666596763 0.06673430916666684 0.06880638398287951
0 0.01745145000000002 0.186131637037037 0.03490290000000004 0.0943526650925926
