0 0.73013940745841 0.5627629140396468 0.10671484406249986 0.1238524727777778
0 0.9403338385099187 0.014673667407407378 0.10219464683432923 0.029347334814814757
0 0.8231912864583334 0.7208570444444443 0.06206889187499994 0.10779753814814808
0 0.6136896671654806 0.20968575648865773 0.05166936969592832 0.1843987880936464
0 0.3787034663044769 0.33196634804355124 0.04505660780771284 0.15622790520919355
0 0.4943347552083334 0.033021614490740744 0.05771324515624995 0.06604322898148149
0 0.55823378273184 0.9667579400274018 0.07800911901548666 0.06648411994519636
0 0.788835953968208 0.09990777297768111 0.0491494433013834 0.19981554595536222
0 0.9444528340806919 0.3219145984028394 0.08306692147403348 0.11210802837950634
0 0.4445436219378191 0.09030122195837578 0.0592923857539913 0.18060244391675156
