0 0.9500274104166666 0.2016308592592593 0.036384087760416746 0.12307836666666663
0 0.3682476785142491 0.48558202932937183 0.06866857751924188 0.06441543352773077
0 0.4375330396639034 0.09949712078025019 0.03577345056391644 0.11741547377206647
0 0.31029694715544986 0.06595410105610752 0.041065048894233 0.12334762063073362
0 0.4022157519933128 0.6723363027474194 0.05406333389596192 0.07460297131147556
0 0.7739708417727623 0.8773563202034002 0.06465305909207827 0.07570820051608983
0 0.35962385365702404 0.9272206090296042 0.032706777886964924 0.1312703987999494
0 0.5488949385611076 0.05035786656087319 0.05934004035041186 0.07745527685372611
0 0.5703973087263695 0.8983556750910747 0.0688332137747557 0.0613402208561019
0 0.4185183552557549 0.8345286885245903 0.06158761232478138 0.07405035670916821
0 0.5567042821201141 0.4726312016344478 0.06220743675681024 0.07586288462949277
0 0.8095948638573278 0.124980345769321 0.03382316925712795 0.08567067492023402
0 0.3276494874021522 0.8416468843699834 0.06641033322469057 0.04425976085349985
0 0.5115908897968108 0.8624246347449904 0.03147934582304532 0.13978931199149922
0 0.561321432377486 0.22389615793051232 0.05116109635531944 0.07270734910993558
0 0.6861600221669308 0.03688195800700974 0.03514832079219505 0.07376391601401948
0 0.3453238869172566 0.24280107574858836 0.036801423281270416 0.11293085498216116
0 0.5014247564621913 0.7112956322100789 0.07022659866898143 0.06299806466302374
0 0.5906249680704472 0.01211205583283467 0.049539236505478 0.02422411166566934
0 0.24516463262747556 0.38323057260473586 0.03208113614036776 0.07035864076502754
0 0.5733234170042439 0.8370154542349727 0.06799718283822015 0.061340220856102114
0 0.5167519902986754 0.9766704140103216 0.04012948495370369 0.046659171979356456
0 0.8144788708333334 0.5545965185185184 0.0634937956770834 0.08205224444444449
0 0.5680952885305594 0.28722128499527444 0.06944695511470442 0.06441789585705046
0 0.7558757126842424 0.18754248337554463 0.031549342752447036 0.13301499527088956
0 0.50554957817073 0.02641220554163679 0.053827917242352544 0.05282441108327358
0 0.515873595165831 0.4784716183026219 0.03439972740291104 0.13542076791171478
0 0.6656078168414808 0.012750404444444417 0.03449370116078836 0.025500808888888834
