0 0.4118342952105159 0.29993934329566974 0.05823589042103193 0.03430588659133957
0 0.5358115468409586 0.39861077627772423 0.03767247639796665 0.036915380906460966
0 0.47358963146120575 0.6972060167015676 0.031616498211228306 0.041653866596865013
0 0.4346895557357844 0.7335168122532009 0.030413625304136202 0.04008615531889438
0 0.40540821677487576 0.22770376334498074 0.045974566450248465 0.04459177331003855
0 0.512763759775712 0.2929266540395794 0.056563867984850746 0.033962510613284556
0 0.4784041984661429 0.2411079087307501 0.059278396932285767 0.0428711174615002
0 0.5716211861791748 0.47863250187648887 0.026893700454122243 0.04668378169634601
0 0.5235127275252526 0.2229507307377049 0.036924444949494976 0.05245883852459017
0 0.39631597068516056 0.25128992227810065 0.048448182578328634 0.04865782770557114
0 0.5365809946986202 0.3573137427193828 0.05587758939724037 0.04176113558341371
0 0.6213152234754957 0.1361276295702931 0.037617353049008644 0.06708884085941381
0 0.4371403275785746 0.338155574423617 0.06222025478333577 0.03037032199072559
0 0.5527710917252411 0.7088848906216345 0.028998683450482114 0.08217038867416525
0 0.6311260755705199 0.25496770988574263 0.047886270108492286 0.052906110283159474
0 0.43701736264817265 0.14385082620338316 0.032954601347695615 0.03559532362353862
0 0.28833061002178645 0.9569370781099324 0.061274509803921524 0.03284715525554497
0 0.5243558110367667 0.6921175009662558 0.03446401098044512 0.07382411018906296
0 0.6109759394430927 0.8051633361254038 0.05361809498062532 0.04696661481392837
0 0.4962373777049521 0.3439029645514827 0.0322167445900957 0.07120987089703446
0 0.5558362271324355 0.2332834517262792 0.03647604573512914 0.07113719654744166
0 0.4753088314814815 0.6106677504427426 0.026944598170676758 0.0642217040684456
0 0.43972259111701334 0.21291881653713013 0.02803600413162165 0.07968127490039839
0 0.6630190796857462 0.11500248385494286 0.042087542087541986 0.06557377049180327
0 0.289969362345679 0.9142897996142719 0.05277732469135801 0.0367771992285438
0 0.5885056153572764 0.24960248976651764 0.039973430714552845 0.06313977953303525
0 0.6409479450851695 0.3469236392975721 0.05514170982966093 0.038939621404855795
0 0.6177345228440119 0.76193610147182 0.05496981166080917 0.050855570180686795
0 0.4826595331012886 0.726690189176738 0.05297416620257724 0.041175084133062104
0 0.5069330973129993 0.4276910559305689 0.05094862018881625 0.0510788331726133
0 0.6727180557426112 0.147131 0.04753090000000005 0.05655739999999999
0 0.46510318103992065 0.8573650831638147 0.052942236640533435 0.03769295201627374
0 0.49964838020636204 0.6464160964969486 0.027863039587275873 0.07110190700610272
0 0.45337169839161867 0.04131016915942786 0.03418425065171412 0.06433283260401018
0 0.581659112832024 0.16619491947342274 0.043565425664047835 0.0635366389468455
0 0.6198747409209695 0.5443041761397631 0.041227358745606894 0.07389015196840969
0 0.5107963208892823 0.03804454313891972 0.055580148541635926 0.036901574031741886
0 0.4389699918896999 0.8964042120378124 0.04618365323961428 0.08166806270192645
0 0.7470487519149319 0.5589625463683139 0.06217896728845632 0.03978700490606682
0 0.722154636388213 0.6265705396673447 0.05113994773362167 0.04158190738303225
0 0.3990943498242768 0.7161660883092019 0.038974497611967196 0.06521478999641027
0 0.27321736864392976 0.12468099831307583 0.032411479201276926 0.03568493446948397
0 0.49468791500664006 0.12442035138135979 0.059269096453691376 0.039840637450199196
0 0.5930656934306568 0.6938793825535479 0.04753536991979813 0.06252243628096207
