0 0.551543 0.0155738 0.024074099999999935 0.031147499999999998
0 0.6122523506813417 0.6641353409990721 0.055741598637316626 0.04385991800185595
0 0.542901 0.529098 0.026543200000000024 0.031967200000000036
0 0.54321 0.0413934 0.025925900000000064 0.0434426
0 0.500617 0.677869 0.05308640000000005 0.03770490000000005
0 0.525617 0.014344299999999997 0.026543200000000024 0.027049199999999995
0 0.228086 0.010245899999999999 0.027777800000000016 0.0188525
0 0.435494 0.483607 0.05246909999999995 0.04754099999999996
0 0.537037 0.670492 0.027160499999999983 0.036065599999999934
0 0.583642 0.022131099999999997 0.03641980000000002 0.0426229
0 0.470988 0.451639 0.023456799999999976 0.07540979999999996
0 0.68179 0.834836 0.05246909999999995 0.03524589999999991
0 0.591049 0.9856559999999999 0.04259259999999998 0.02704919999999995
0 0.47963 0.733197 0.025925900000000064 0.07459019999999991
0 0.571914 0.0520492 0.03271610000000001 0.0729508
0 0.574383 0.9352459999999999 0.03765430000000005 0.06065569999999991
0 0.614506 0.8385249999999999 0.027777799999999943 0.07049179999999991
0 0.53858 0.583197 0.027777799999999943 0.07786879999999995
0 0.444136 0.552869 0.025308599999999966 0.07295080000000005
0 0.619444 0.9508199999999999 0.05 0.05737700000000012
0 0.538272 0.9131149999999999 0.05432099999999997 0.04262289999999994
0 0.394136 0.601229 0.031481499999999954 0.07459019999999991
0 0.587037 0.878689 0.05061729999999996 0.049180299999999885
0 0.598765 0.180328 0.03209880000000005 0.04426229999999999
0 0.317593 0.269262 0.025308599999999966 0.041803300000000036
0 0.690123 0.12417999999999998 0.05308640000000005 0.03688520000000002
0 0.319444 0.0426229 0.025308599999999966 0.06721310000000001
0 0.3759259999999999 0.918852 0.04691359999999995 0.07377050000000017
