0 0.7436340654912738 0.42810313393641636 0.011863637975785817 0.021487877034574707
0 0.7370644098283639 0.3898887844243321 0.0222839522421553 0.009597051673497222
0 0.6234065000000001 0.42689353703703703 0.015552331250000032 0.018169404166666653
0 0.7043704478980917 0.39837578213608077 0.013600479025350155 0.020423602698087486
0 0.7228717770833334 0.4290451620370371 0.015320200729166563 0.017691245833333317
0 0.7778153008945521 0.3337262788607828 0.0102416308009366 0.020867820414862855
0 0.7292724699079568 0.311349611897866 0.012337387836746908 0.010851866388324643
0 0.7509587052083333 0.3781230787037037 0.013927455208333227 0.020560108333333355
0 0.7278866612418438 0.3561169287719245 0.01643224616214572 0.018192624863558313
0 0.7414768964956063 0.28690555708078 0.02049781903287927 0.013125298420819286
0 0.7311876537333585 0.17862221104959575 0.020810441112550156 0.013634848025117444
0 0.6740190106762634 0.2852791252179039 0.013714560102526719 0.010350184695066916
0 0.6590375760416668 0.36509374537037037 0.012534709687500012 0.01984290000000002
0 0.786791101279582 0.24623216310462706 0.013169743496664192 0.02023473963518004
0 0.7230089712885956 0.17426410612617038 0.021052898104760586 0.00821051525860415
0 0.7488373416456312 0.1964225165125787 0.021522357665037836 0.011288479261935568
0 0.7523686328119832 0.4121703545567601 0.01694284830561171 0.016681162476060007
0 0.786017613826682 0.3849088282430353 0.014530273032507186 0.018671633413817886
0 0.6825696347211725 0.38400961705264985 0.015040719219786662 0.01744242779078841
0 0.7440384305926838 0.37713963827203867 0.013318441709658183 0.013092972856707335
0 0.627236484375 0.18985466620370373 0.016248722812499967 0.0150614625
0 0.7337232538516856 0.23644734482417623 0.017524980203371024 0.016443365574278345
0 0.7186933805870628 0.38234099340657257 0.013927399034207729 0.024077858094262307
0 0.7283763227513228 0.37487856709168194 0.019365814226925456 0.012021857923497237
0 0.723111243571643 0.28986316353710595 0.021370341414119427 0.009955357166804566
0 0.5889358885416667 0.18292160370370372 0.015320200729166681 0.021755475
0 0.7857439435050958 0.30946076951811463 0.0124534299648604 0.02289370124800251
0 0.7373561562099771 0.24848832178886274 0.01172613320245451 0.010313958011736419
0 0.7873446821067407 0.29027654226853616 0.022852565636265136 0.010748930401999457
0 0.7543246541666666 0.3633005787037037 0.016945076770833366 0.016734958333333338
0 0.6987469581344593 0.20090577422244457 0.018138600539752168 0.014691141037481733
0 0.7406491701832505 0.3680079133106632 0.011992865774524948 0.010728348157270667
0 0.7507844810555915 0.33202651007575174 0.01985503704729936 0.016275908589182847
0 0.7210145072916667 0.4156573703703703 0.014391716250000049 0.017213116666666677
0 0.7608062659220067 0.17702121880292718 0.021087840485988708 0.01330169686511361
0 0.7505274347752467 0.34531936911684435 0.01724326371716032 0.01854564749294804
0 0.6862972133970023 0.3007057401882841 0.015739884943285296 0.019187057879172346
0 0.7217109364583333 0.33234103703703705 0.014391716250000049 0.020799187499999996
0 0.7060586030411145 0.290125220723807 0.01160622427983545 0.021933122775354686
0 0.7191948376887753 0.31587915264761796 0.012460562226615816 0.012124318778838069
0 0.6978022072916665 0.372983037037037 0.019498474895833222 0.013627045833333302
0 0.838470768769883 0.2767354102001017 0.020893785768932933 0.01095437965946265
0 0.6637960072916668 0.4393252453703704 0.016480853333333437 0.015300541666666615
0 0.7312848286720128 0.1924341073167322 0.014042139638141767 0.01980455563464671
0 0.7324215431362422 0.423627655550382 0.010412130537752045 0.02097914812257305
0 0.7051375853599192 0.3384438531624228 0.016991835719838495 0.009575936417438256
0 0.6997491197165393 0.21513557773419129 0.018749764537245403 0.013505835560975123
0 0.6907936129698793 0.31587221865066606 0.017458102067987605 0.010547251687560209
0 0.7052491444108507 0.35833387544453116 0.018238352439741236 0.01683255269320838
0 0.7350683219933706 0.34398006198832004 0.010419552969428262 0.023251297984546893
0 0.7719147016496569 0.3545393400168206 0.019163765903480606 0.01260044762623375
0 0.7692056463841138 0.36922553104847966 0.017924042351560723 0.015196867189551816
0 0.718530219577989 0.4577406514854907 0.01843195761485544 0.008592625269759338
