0 0.6249799925723681 0.12953986191677175 0.04880631485526362 0.0573142761664565
0 0.4990740000000001 0.293443 0.03271610000000001 0.031147500000000012
0 0.237037 0.00778689 0.020987700000000026 0.0155738
0 0.602778 0.762705 0.024074099999999935 0.031967200000000036
0 0.379938 0.286885 0.022839500000000016 0.0393443
0 0.4898574887856774 0.4306573190659428 0.05954507562224608 0.041642506984344546
0 0.48209899999999994 0.46803300000000003 0.05555560000000003 0.03442620000000007
0 0.5793276433359188 0.9789479700218864 0.04011091332816244 0.04046395995622699
0 0.525926 0.45014643982921293 0.029629599999999933 0.07131149999999999
0 0.39312330840577986 0.4818999786318591 0.024863583188440362 0.07718354273628175
0 0.638889 0.371311 0.05679009999999999 0.032786899999999966
0 0.351235 0.492623 0.030864199999999994 0.03114749999999992
0 0.535494 0.796311 0.025308599999999966 0.03360660000000008
0 0.591667 0.59959 0.040123500000000034 0.03688519999999993
0 0.487654 0.32541 0.04074069999999996 0.05409839999999999
0 0.4019292604501608 0.5890569817089242 0.02858163629867812 0.04322386800906649
0 0.5714498506786891 0.8561947103467513 0.025001698642621813 0.05974157930649735
0 0.553704 0.580328 0.027160499999999983 0.07213109999999993
0 0.382716 0.222951 0.04567900000000003 0.0606557
0 0.48734600000000006 0.504508 0.05617279999999996 0.03688519999999993
0 0.344136 0.540164 0.04259259999999998 0.05081969999999993
0 0.470988 0.568033 0.03827160000000001 0.06393440000000007
0 0.393827 0.254098 0.05061729999999996 0.032786899999999966
0 0.601543 0.147951 0.04135800000000006 0.05491799999999999
0 0.574383 0.9323769999999999 0.030246900000000035 0.05163929999999992
0 0.7432099999999999 0.15123 0.029629600000000075 0.035245900000000004
0 0.504012 0.665574 0.026543200000000024 0.07049180000000001
0 0.694753 0.652049 0.05 0.03852459999999998
0 0.548765 0.9077870000000001 0.025925900000000064 0.06803279999999996
0 0.532716 0.508607 0.029629599999999933 0.05
0 0.365432 0.334426 0.03827160000000001 0.06721310000000004
0 0.641667 0.552869 0.035185199999999965 0.05163929999999992
0 0.47725273066968366 0.5892824297533077 0.04425973866063275 0.06897654049338464
0 0.531173 0.738934 0.04135800000000006 0.06311480000000007
0 0.700926 0.7 0.04753090000000005 0.055737700000000015
0 0.5394317220073039 0.8361322113380826 0.03935774401460806 0.06406722267616513
0 0.558025 0.411066 0.03580250000000006 0.06639340000000002
0 0.415741 0.538934 0.04629629999999999 0.04672130000000003
0 0.5280914166068773 0.9447644876598574 0.04752146678624523 0.04161892468028506
0 0.7040120000000001 0.515574 0.024074100000000074 0.08852459999999998
0 0.546296 0.247951 0.03580250000000006 0.08278689999999998
0 0.425 0.291803 0.05493830000000007 0.04590160000000001
0 0.423457 0.11065600000000002 0.04197530000000002 0.0606557
0 0.605556 0.262705 0.03827160000000001 0.06803279999999996
0 0.408642 0.921721 0.024691400000000033 0.06803279999999996
0 0.610494 0.851229 0.04938269999999997 0.045081999999999914
0 0.399074 0.0836066 0.04753090000000005 0.057376999999999984
0 0.5152343918572109 0.5941423157780296 0.03249331628557823 0.07237086844394065
0 0.438272 0.775 0.04814809999999998 0.05327869999999997
0 0.37137614051211704 0.026639313934426225 0.04645668102423413 0.04508202786885245
0 0.595988 0.0303279 0.033950600000000046 0.0426229
0 0.373148 0.8614749999999999 0.031481499999999954 0.06885250000000008
0 0.144753 0.627459 0.0401235 0.06639339999999992
