0 0.5456201240268412 0.15826250414521967 0.04317272142415067 0.06562082974881973
0 0.521226132651262 0.31455354443475414 0.04551342417965536 0.06991702062249745
0 0.5761882371582893 0.5207972829386764 0.027493592923280373 0.07054493017607787
0 0.45382368869732564 0.9932331373553456 0.05575274502706851 0.013533725289309156
0 0.4590259980342445 0.33361272389192476 0.027134199551734225 0.08684508449706538
0 0.464955988664756 0.5362957903258451 0.029649953152557394 0.05504642278890883
0 0.43551102347144144 0.5812680719803685 0.029700535699496555 0.07412584247925517
0 0.8541108822916667 0.6066055527777777 0.055547816562499956 0.0529728778703704
0 0.6052143316756097 0.24850359685990803 0.03882972342189059 0.05012701109845289
0 0.6333993472914426 0.8709710467420576 0.04062377846183895 0.05922457558557731
0 0.47751555425258163 0.15897319905224663 0.045243737581028634 0.07130638900503512
0 0.48692937094912014 0.5972797591034203 0.04592342811223175 0.0768405020319773
0 0.30987365596797095 0.5196948010383698 0.043875615944939855 0.06329706809330571
0 0.47372882916666664 0.43242413796296303 0.05554781656250014 0.0421987053703703
0 0.41878858024691357 0.953240983218593 0.0482253086419752 0.07085227085358035
0 0.4416964031599233 0.009068579154871814 0.03063803417743145 0.018137158309743627
0 0.46376662604166674 0.4750712879629629 0.04769865687499989 0.05387064342592606
0 0.4069464850939705 0.5758384570351395 0.029715005020392482 0.06360782080120415
0 0.5044892595348324 0.680859454057883 0.028212379666372675 0.08657786885245908
0 0.5276055540997024 0.41551973689991906 0.027364437123567124 0.09565236489678212
0 0.4284455541666667 0.4822536314814815 0.036226815624999985 0.075418988425926
0 0.502455300450608 0.5568500675393392 0.04342149235275213 0.08493192014243052
0 0.6282561455743141 0.3165557733195166 0.044376826767875126 0.03775388810579685
0 0.4647151954077105 0.6173049376686147 0.05037257555968922 0.05389194615639549
0 0.5960414020000651 0.9820360397812928 0.029631461936870926 0.035927920437414634
0 0.46210113002787734 0.9776325969015021 0.03262364346873762 0.037651546310985815
0 0.422353454023782 0.6630202233681188 0.0511847152198154 0.048504812320633334
0 0.505235308967719 0.08209969994216716 0.02740113684484822 0.054486609538731155
0 0.541079819375224 0.9322092578975448 0.04970438776507376 0.05282832142233529
0 0.3375077691604418 0.35847241614168485 0.02775082191365511 0.08480626545252237
0 0.4619032786084238 0.06314783575478242 0.038552762304961165 0.07912403298233134
0 0.42488350818874915 0.5279802149943078 0.05372906994892723 0.049231459305049706
0 0.4354857321979717 0.7238811728395064 0.05301052230305695 0.03954791540174053
