0 0.474998639798987 0.662193790574938 0.016751493748021554 0.06199091588435829
0 0.5264377299271115 0.18725630993465464 0.022849470791722955 0.07797665846402403
0 0.5689582656248128 0.19595589318907236 0.017995021096944796 0.08662649576113843
0 0.4310368295923849 0.5588618676004158 0.017974953106896882 0.0456484800156462
0 0.5187710212883824 0.5881267222455748 0.018645140867363116 0.09580414273037242
0 0.4834764581419902 0.753690676502703 0.030094210971480292 0.06706270838348313
0 0.603928364822046 0.16231181293900623 0.03363794882919843 0.05283155936536756
0 0.6028778364583334 0.007939030740740725 0.019693951250000077 0.01587806148148145
0 0.5974865515082693 0.8180179299698709 0.030191166336672143 0.09725480003665903
0 0.41826199536307473 0.7926969215393371 0.020101919371982763 0.09999089599539991
0 0.43790219979011424 0.07307747568299244 0.02454571544447196 0.05710845662559847
0 0.4651953300159762 0.4362492980651592 0.014624693745152703 0.045325186037726124
0 0.550484108940201 0.29849855007375936 0.03589127103650422 0.04729089758676831
0 0.7341859408908067 0.01868209578913533 0.025219194780886887 0.03736419157827066
0 0.5335703291666667 0.41096973333333336 0.02423869979166664 0.08477453574074079
0 0.5613597248360865 0.025103099693263613 0.016031586535897445 0.05020619938652723
0 0.5912541291185897 0.5725484426809234 0.017072202523345938 0.09556270550266233
0 0.5850277130687259 0.2930157822723823 0.02836331786391568 0.07215058043385308
0 0.5124963735786866 0.006379076419283107 0.02961628196126623 0.012758152838566215
0 0.4936975325076586 0.2776718634519923 0.01621397533493726 0.09630056390649294
0 0.5206939302083333 0.4831846435185184 0.02045136843749997 0.057563035185185116
0 0.564291384734093 0.44683573863901727 0.01966479700854696 0.09499906590070513
0 0.5139045017683641 0.278507805847014 0.021537967235961554 0.08125360079610326
0 0.5124375054189187 0.03704607116046327 0.018330856567004204 0.047671821382777244
0 0.4972640316231601 0.15220526048709554 0.024072972461534784 0.07170715643715421
0 0.4836435295901124 0.9675107661129809 0.02094298469735379 0.06497846777403846
0 0.4625400799050737 0.21296992207731752 0.014882977359681249 0.09797244869653599
0 0.4086481580405191 0.4335519709495119 0.015440507280785217 0.0869482976040353
0 0.4174035025413566 0.9872644724303067 0.03353385693456516 0.02547105513938656
0 0.5557553514543516 0.5082632896538871 0.018615898381954328 0.04943133951899725
0 0.548416537356987 0.24654302694037808 0.03417612418872403 0.05289511819898594
0 0.40180189537828426 0.5500868420438092 0.02505440804051915 0.09620668114520564
0 0.43443089189616974 0.4691766206622763 0.02709372032288696 0.08252037504086668
0 0.6176482385416667 0.9201399462962964 0.030298344062499892 0.05651639972222248
0 0.4380725209718265 0.5259345371537993 0.03874693336498905 0.0358259189201813
