0 0.5244661553491974 0.24582530065100755 0.03243760752131131 0.03287903954275585
0 0.4179655158464955 0.4692235216089884 0.052903795703407634 0.031719134236495576
0 0.4827678992686954 0.9583929862827221 0.019566574270661323 0.011451045908600683
0 0.6590804416666667 0.6578652824074074 0.041164134375000216 0.03146172166666664
0 0.24713154635416668 0.08930630851851852 0.02088932015625001 0.07191254583333333
0 0.5595491916666667 0.8998210212962963 0.028876304843749877 0.03146172166666674
0 0.46370457916666663 0.22039672407407407 0.03010511765625002 0.04045082416666666
0 0.6019425369791666 0.7507520351851853 0.03870660828125002 0.06891617833333338
0 0.6262102463541666 0.5241523712962964 0.049151218593749844 0.04569444444444447
0 0.27293601822916663 0.13237898851851856 0.04792240578124994 0.036705341944444435
0 0.5675365744791667 0.4481204712962963 0.02518996593750001 0.07490891333333333
0 0.5395812322916667 0.8653628407407408 0.04915121859375008 0.04194896222222229
0 0.6414567446639833 0.9372275697593819 0.05675092150536685 0.03305521918493965
0 0.5647715963541666 0.13013164435185187 0.04792240578124994 0.05618168500000002
0 0.6346927934392907 0.5525489877687041 0.053044526355671924 0.04542217497752143
0 0.5819745776041666 0.5481236768518518 0.03686338906249998 0.06666892555555556
0 0.7097677260416667 0.5709708990740742 0.03932101468749991 0.055432570277777676
0 0.14237789166666664 0.3102877490740741 0.020274913749999998 0.07191254583333327
0 0.3694616682415056 0.30591500264473087 0.050513293618428004 0.027210094641313697
0 0.27447178541666667 0.08593542935185186 0.023961252656250043 0.06666892555555556
0 0.5208424838541668 0.6084248074074075 0.03379145656250013 0.06741804027777779
0 0.5515618088541667 0.506923737962963 0.021503627031250024 0.07565802805555545
0 0.6025566447916668 0.42265130185185185 0.05222315109374994 0.04344719166666664
0 0.4346832598783677 0.2333029898378397 0.02670880763909788 0.0565867979169132
0 0.7048528729166667 0.39231293240740744 0.05160884421875001 0.030712698333333323
0 0.3402121760416667 0.1005426637962963 0.028876304843749936 0.07041440777777778
0 0.4827498838541667 0.696443274074074 0.0387066082812499 0.05318531749999996
0 0.5908826244791666 0.48257773796296294 0.04485047328125009 0.03745445666666669
0 0.5503335932291668 0.36159986851851855 0.05099443781250006 0.035207203888888865
0 0.5482437688204397 0.5885599475025719 0.03575547368254573 0.062145861301439814
0 0.43083438385416667 0.6867048740740741 0.04054972796874997 0.054683546944444626
0 0.5156200791666666 0.3009240435185185 0.025804372343750083 0.04269807694444452
0 0.3661372015977659 0.8293587907111125 0.05246624908094854 0.03286448827407679
0 0.5601632994791667 0.39193823796296295 0.05713830281250001 0.038952594722222234
0 0.5570917651041667 0.8046861018518519 0.04485047328124996 0.059927167222222084
0 0.35723243613706057 0.6446057071395564 0.035383721059212135 0.048991404146812974
0 0.49165892604166667 0.7649849407407407 0.024575659062500026 0.07191254583333333
0 0.590546659079084 0.9342430731268756 0.045069249664431627 0.04066579570595934
0 0.45325976979166666 0.4293930601851852 0.03010511765625008 0.06891617833333333
0 0.46364161561925904 0.7148695543876437 0.03199126353226115 0.05286137308905594
0 0.5094760151041666 0.49681064351851845 0.049151218593750025 0.05693079972222229
0 0.6689101479166666 0.29043716851851853 0.037477795468749756 0.06367255805555556
0 0.5540192354166665 0.9597483712962963 0.020274913750000085 0.011985469999999792
0 0.44834392135416673 0.6293994712962963 0.03010511765625008 0.04045082416666659
0 0.5051752697916666 0.19268030185185184 0.040549727968750025 0.05543257027777781
0 0.6176087557291666 0.27657895740740746 0.024575659062500085 0.04194896222222224
0 0.4468081541666667 0.5675995629629629 0.03563467578125004 0.07715616611111122
0 0.43051911256589365 0.3768514441530176 0.03559909837233146 0.06313308178655762
0 0.5125485447916667 0.4267711129629629 0.035634675781250104 0.06666892555555551
0 0.6016349854166667 0.3645965101851852 0.03686338906249986 0.038203571388888975
0 0.6388059260416667 0.09792080796296294 0.028876304843749877 0.06666892555555555
0 0.38419132022707364 0.27009451201503215 0.04782035178543609 0.05192102856252821
0 0.5171558463541666 0.951133140740741 0.05222315109374994 0.029214468888888918
0 0.5706081088541667 0.9163011796296296 0.03993542109375004 0.06292353472222234
0 0.3989425273926418 0.438584464078751 0.05149488807929957 0.0339185095233516
0 0.49227303385416665 0.31590542407407407 0.02949071124999989 0.029214468888888918
0 0.5736796432291666 0.6496247462962963 0.03256274328124995 0.03745445666666664
