0 0.4758532973958334 0.7743226601851853 0.027744005937500007 0.08578703703703702
0 0.40422272708333346 0.3819516259259259 0.02673518796875006 0.11953926046296286
0 0.3800102786458333 0.32358898888888893 0.02169077125000006 0.1265710523148147
0 0.4950220645833333 0.5886846592592593 0.02774400593750007 0.13360267259259245
0 0.42933010160808643 0.7929973814499637 0.027973342356743796 0.11188602438140896
0 0.29814859811174116 0.8710892319558433 0.0461897345056844 0.06555415437464965
0 0.5439519833333333 0.7068185564814814 0.020681871562500002 0.12516465962962978
0 0.3971605927083333 0.038036227500000006 0.040859375000000024 0.07607245500000001
0 0.5041295453665227 0.9655137380749496 0.020738518285128706 0.06897252385010078
0 0.5136858098958332 0.7433827074074073 0.025726288281249943 0.12235204583333309
0 0.42944521927083323 0.7089272018518519 0.030770623281250072 0.05625382009259251
0 0.5717381271342266 0.14151254627713028 0.025811054320536424 0.11944845040870251
0 0.625769426364089 0.11827445573231579 0.02682845295071831 0.1286239480197739
0 0.37118220208333336 0.8298731981481482 0.04338154250000012 0.0731298460185183
0 0.37446157552083326 0.06482097037037034 0.04287709265624997 0.07594263138888888
0 0.4027101130208334 0.5324306675925925 0.02774400593750007 0.11672664666666659
0 0.5786987578739283 0.8927420660342513 0.029642501737439868 0.10208930052408968
0 0.5431952677083333 0.525399562037037 0.030266173437499867 0.10828863370370369
0 0.3918155074745897 0.885302933323094 0.03016912281376231 0.10290415381677526
0 0.5752273833333332 0.9761127506712962 0.03783275765625002 0.04777449865740748
0 0.4057361583333333 0.9683774622222222 0.03177952296875001 0.06324507555555564
0 0.5529344132231954 0.1263178562288078 0.025345062338935756 0.12823026574178972
0 0.4448304083333333 0.46633347129629626 0.04338154250000012 0.0801616378703704
0 0.5820370067708335 0.04014568784722222 0.04439044218749994 0.08029137569444444
0 0.45827027262680364 0.9863372994467766 0.03495133468069055 0.027325401106446635
0 0.43701155833333327 0.6076710462962964 0.02673518796875006 0.12657105231481486
0 0.4720697192708333 0.41640713148148145 0.047417059531249944 0.07312984601851862
0 0.4665210161458333 0.04155203763888888 0.018159704062500025 0.08310407527777776
0 0.6329853786458333 0.04161694944444445 0.02522183843750009 0.04922202824074073
0 0.4345443088902632 0.05762512368811254 0.036073021863409355 0.11525024737622508
0 0.5663993067708333 0.7532276277777776 0.03934602546875006 0.0885996508333333
0 0.4962829848958333 0.0070966178703703595 0.02017750343750002 0.014193235740740719
