0 0.480864 0.567213 0.030864199999999994 0.04262289999999994
0 0.4993830000000001 0.540164 0.03827160000000001 0.057376999999999935
0 0.585185 0.529918 0.022222200000000056 0.04672130000000003
0 0.545062 0.8295079999999999 0.029629599999999933 0.03442619999999998
0 0.676543 0.253689 0.059259300000000036 0.030327900000000015
0 0.266975 0.659836 0.020370399999999997 0.07868850000000006
0 0.511728 0.905738 0.030864199999999994 0.02950819999999999
0 0.514506 0.012858904321046147 0.04259259999999998 0.026229499999999996
0 0.5640549966834367 0.01951578611058467 0.05650429336687367 0.029195472221169333
0 0.294136 0.656148 0.022839500000000016 0.07295080000000005
0 0.456173 0.817213 0.025925900000000064 0.06229509999999996
0 0.533951 0.0454918 0.05679010000000006 0.03360660000000001
0 0.6373460000000001 0.8627049999999999 0.024074100000000005 0.04672129999999984
0 0.48425900000000005 0.80123 0.030246900000000035 0.045081999999999914
0 0.409877 0.338115 0.027160499999999983 0.04508200000000001
0 0.585185 0.27377 0.05802469999999998 0.0393443
0 0.537654 0.8893440000000001 0.025925900000000064 0.04754099999999996
0 0.45740699999999995 0.175 0.04814809999999998 0.04508200000000001
0 0.38858 0.8946719999999999 0.05 0.02704919999999995
0 0.673148 0.20409799999999997 0.05 0.040983599999999995
0 0.5802469626543209 0.9826300946231467 0.056790025308642085 0.033100466491411504
0 0.360802 0.673361 0.027777799999999943 0.07622950000000002
0 0.622531 0.9590160000000001 0.036419799999999954 0.03934430000000009
0 0.49629600000000007 0.0901639 0.025925900000000064 0.0803279
0 0.4377931111738232 0.5143166229165306 0.03484612234764642 0.06469834583306107
0 0.293519 0.707377 0.04876539999999997 0.040983600000000016
0 0.58858 0.216803 0.05 0.041803300000000015
0 0.422531 0.170082 0.031481499999999954 0.06311479999999997
0 0.570679 0.954918 0.05246909999999995 0.03770489999999986
0 0.162037 0.8991799999999999 0.02160490000000001 0.07704919999999996
0 0.7783950000000001 0.359836 0.06172839999999999 0.03442619999999998
0 0.483642 0.0327869 0.04629629999999999 0.0557377
0 0.6598770000000002 0.670902 0.028395100000000045 0.07131149999999994
0 0.65216 0.0344262 0.026543200000000024 0.0672131
0 0.4049380000000001 0.856557 0.04814809999999998 0.0540983999999999
0 0.525926 0.772131 0.04074069999999996 0.06229509999999996
0 0.512963 0.254918 0.05802469999999998 0.031147500000000012
0 0.725926 0.985246 0.05185190000000002 0.026229499999999833
0 0.68858 0.8790979999999999 0.03765429999999991 0.07131150000000012
0 0.585494 0.704918 0.04753090000000005 0.06065569999999991
0 0.579321 0.384836 0.04753090000000005 0.0598361
0 0.451543 0.969262 0.033950600000000046 0.06147540000000003
