0 0.566049 0.455738 0.04320989999999994 0.07377049999999997
0 0.5115448782115449 0.034226849800620296 0.03296629963296631 0.06845369960124059
0 0.4495284879459512 0.33340305369175166 0.042879275882181406 0.0646375259971602
0 0.4891310345011678 0.052525499246787774 0.029745939005672326 0.08015059654408506
0 0.34197500000000003 0.272541 0.027160499999999983 0.025409799999999996
0 0.5356831461231245 0.011723178223534601 0.03361031997674007 0.026446729796694164
0 0.6291244328440886 0.5447813883384637 0.0565668343118227 0.03830642332307259
0 0.556986696476899 0.6230185884691102 0.03170480704620197 0.05232252306177962
0 0.6813417190775681 0.7221620785648005 0.03261122757978107 0.037271883699350486
0 0.547531 0.777459 0.034567900000000006 0.06967210000000008
0 0.4868255495771362 0.3998741550761585 0.05167212433168073 0.032832043532980505
0 0.6073357629481373 0.5780407393335242 0.03347577410372531 0.04719752133295157
0 0.3741740566857938 0.43509004848764726 0.034124500086941394 0.0493534980374048
0 0.38891323105558245 0.70015953331484 0.027112137888835017 0.07345243337032008
0 0.6164297751665202 0.2770740347333776 0.035516518043028064 0.060984339108276275
0 0.553704 0.454508 0.023456799999999976 0.06967210000000003
0 0.6399951224260424 0.8243892684271575 0.02865085514791521 0.07253356314568513
0 0.5413376973493853 0.04731360843261039 0.03635944414283156 0.06828898311441468
0 0.5282587596043551 0.540838337414483 0.05848199474093506 0.046824680534400594
0 0.6839679616585139 0.7908983331271265 0.03576727668297213 0.04607133374574691
0 0.5613195986158243 0.1708575269110082 0.032959460445147214 0.069960674888993
0 0.5328135152696556 0.9480984933961637 0.04398460538811418 0.04214508528572364
0 0.5920547391732708 0.6191533001861264 0.03687782165345835 0.07644819962774715
0 0.600309 0.683197 0.05 0.05819670000000005
0 0.521605 0.848361 0.04938270000000004 0.04262289999999994
0 0.5395023435959914 0.9829229814777328 0.058032349845054274 0.032514692782239285
0 0.5320739806800688 0.11125818182492284 0.03091423863986234 0.0381402363501543
0 0.4544742904296685 0.45118458146701945 0.03867542055992997 0.07140233706596108
0 0.4903628384935145 0.5053014904535823 0.0501822726903438 0.039904646067872064
0 0.5424709830362366 0.19720166796124444 0.03325020781379881 0.07879890437839829
0 0.5142412753961311 0.3378727249257777 0.04277243122387475 0.058732412546792324
0 0.47239743382392585 0.7247297587515211 0.038007439754164665 0.06639702197723522
0 0.4688081258870419 0.35911653052794634 0.04259259999999998 0.0647541
0 0.62284 0.797951 0.029629599999999933 0.07131149999999994
0 0.557407 0.80041 0.04074069999999996 0.0647541
0 0.5135129161693353 0.6854013961736702 0.03964106766132951 0.06362260765265937
0 0.48425900000000005 0.8266389999999999 0.04629629999999999 0.04344259999999996
0 0.613272 0.45082 0.04876539999999994 0.0606557000000001
0 0.4672589237404071 0.058872395347806826 0.027110447480814096 0.07676119069561363
0 0.572839 0.731148 0.05061729999999996 0.03770490000000005
0 0.7463312368972745 0.8908908134859266 0.030048916841369674 0.047169811320754776
0 0.5775061215480664 0.0588339546821437 0.051183600780870586 0.05593966623901164
0 0.44510485740471184 0.7274142744648866 0.04218556256401962 0.07033431169017108
0 0.42589897029489465 0.8766733481279977 0.03126853199633403 0.06639702197723532
0 0.6778252611585943 0.1734552332912989 0.04377967711301044 0.041488020176544765
0 0.5258934853415278 0.6550256404646002 0.056854629316944315 0.06372011907079957
0 0.7010249242953647 0.9273894215898546 0.026554856743535922 0.07562635323229207
0 0.345679 0.957787 0.029629599999999933 0.06311479999999989
0 0.31604899999999997 0.8561479999999999 0.03456789999999997 0.07131150000000003
0 0.373765 0.165574 0.031481499999999954 0.0770492
0 0.6553656220322887 0.08890290037831021 0.043494776828110086 0.06052963430012611
0 0.8668367496554352 0.9347377438573266 0.032550365091932786 0.07437405085471743
