0 0.6604192478723085 0.2954164102953988 0.02484040425538254 0.04359277940920248
0 0.531482 0.362705 0.05308640000000005 0.035245900000000004
0 0.45267734194554116 0.6843701574436215 0.026743416108917718 0.07224368511275701
0 0.552778 0.657377 0.027777799999999943 0.04262289999999994
0 0.550617 0.4368850000000001 0.05061729999999996 0.02950819999999999
0 0.47037 0.730738 0.04320989999999994 0.02704919999999995
0 0.545062 0.327459 0.03580250000000006 0.035245900000000004
0 0.487963 0.563934 0.026543200000000024 0.07049180000000001
0 0.646605 0.726639 0.025308600000000105 0.054918000000000085
0 0.401235 0.413115 0.023456799999999976 0.03606559999999998
0 0.47724117207009537 0.4015403765733044 0.02732094414019071 0.08340825314660873
0 0.575309 0.409016 0.027160499999999983 0.07868850000000002
0 0.437037 0.696311 0.027160499999999983 0.05
0 0.625 0.45327899999999993 0.036419799999999954 0.036065599999999934
0 0.514198 0.790164 0.04320989999999994 0.04754099999999996
0 0.504321 0.301639 0.034567900000000006 0.06229510000000005
0 0.403704 0.321311 0.05679010000000006 0.032786899999999966
0 0.623148 0.393033 0.03641980000000002 0.0647541
0 0.410802 0.259016 0.05 0.036065600000000024
0 0.483333 0.834016 0.03827160000000001 0.05983609999999991
0 0.472222 0.334836 0.04567900000000003 0.056557400000000035
0 0.327161 0.443443 0.02592590000000003 0.03442620000000007
0 0.466667 0.126639 0.05555560000000003 0.033606599999999986
0 0.57716 0.919262 0.03827160000000001 0.04672129999999984
0 0.530247 0.47377 0.03580250000000006 0.0606557000000001
0 0.46358 0.165984 0.05802469999999998 0.040163899999999995
0 0.6703699999999999 0.717623 0.024691399999999895 0.04672130000000003
0 0.428086 0.373361 0.06234569999999995 0.03688520000000002
0 0.191358 0.718443 0.030864199999999994 0.06311480000000007
0 0.551852 0.767213 0.027160499999999983 0.07377049999999997
0 0.380864 0.734016 0.028395100000000045 0.03360660000000008
0 0.42962999999999996 0.529508 0.05555560000000003 0.032786899999999966
0 0.350309 0.618443 0.027777799999999943 0.041803299999999946
0 0.317593 0.654918 0.03888889999999997 0.06229509999999996
0 0.445988 0.753279 0.04135800000000006 0.04918030000000007
0 0.403086 0.9643439999999999 0.025925900000000064 0.05
0 0.460802 0.49754100000000007 0.05246909999999995 0.04262289999999994
0 0.5 0.769672 0.04938270000000004 0.06557379999999993
0 0.534877 0.906967 0.04753090000000005 0.058196699999999865
0 0.614198 0.733607 0.034567900000000006 0.07377049999999997
0 0.534877 0.587705 0.054938299999999926 0.04918030000000007
0 0.557716 0.501639 0.03641980000000002 0.07213109999999993
0 0.6598770000000002 0.222951 0.0493826999999999 0.05081970000000002
0 0.212346 0.509426 0.028395099999999975 0.0598361000000001
0 0.546296 0.875 0.04320989999999994 0.056557399999999945
0 0.590741 0.8737700000000002 0.04938270000000004 0.05901639999999998
0 0.162654 0.937295 0.030246899999999983 0.07295080000000005
0 0.404012 0.132377 0.040123500000000034 0.0647541
0 0.813272 0.338934 0.038888900000000115 0.06639340000000002
0 0.644136 0.8872950000000001 0.05246909999999995 0.054918000000000085
0 0.752778 0.861885 0.04753090000000005 0.054918000000000085
0 0.757716 0.0381148 0.04629630000000013 0.0581967
