0 0.3482242691392703 0.27766605982685577 0.027007561721459256 0.07089668034628849
0 0.6927052275889486 0.6480395319510837 0.04483314560833939 0.04266987301680404
0 0.528704 0.995492 0.026543200000000024 0.009016389999999878
0 0.5503532737737878 0.474820468331669 0.03429891035595664 0.05063674815261713
0 0.4227857773957065 0.36671211592732345 0.03390882823506936 0.04661191616196848
0 0.36613515801872154 0.11638166043456898 0.030930678527592667 0.08214658497162076
0 0.358333 0.745902 0.026543200000000024 0.02295080000000005
0 0.389815 0.906148 0.03271610000000001 0.048360700000000076
0 0.5271458711955045 0.5046323264264514 0.03175200016711576 0.0797481345871127
0 0.5561098383541183 0.5223785380793875 0.03774585566000294 0.06727865100552005
0 0.5047873798631718 0.5264228516758281 0.02869774027365644 0.07994109664834365
0 0.471019417749003 0.19244840372340427 0.03463093549800612 0.04063510744680851
0 0.5928726918095504 0.5336037219861396 0.04991482408953376 0.05776811118067975
0 0.5549490538573508 0.0194179969933424 0.06321095476845112 0.034719736559524664
0 0.4830227433000215 0.10543423386102038 0.029970791660099815 0.049787832277959215
0 0.28055574660493826 0.14115935468384075 0.05864159320987656 0.03477730936768148
0 0.48256218632084114 0.5343070486938756 0.028208228010404048 0.0740623631852897
0 0.2827601651675485 0.10679163711943793 0.038183469664903005 0.03559732576112411
0 0.5026701771336554 0.8739250231943455 0.05102035426731068 0.033095546388690646
0 0.5613511378322282 0.05709428470005012 0.04339832275055256 0.05243037254277328
0 0.46559185470425296 0.33773563246028476 0.05288869310361294 0.041147310086564984
0 0.5577064913385827 0.6715792521750356 0.03273581732283466 0.07815269564992901
0 0.447859206724455 0.25065795731997337 0.04393819996656878 0.05802707930367505
0 0.53858 0.12582 0.04135800000000006 0.05491799999999999
0 0.580864 0.11926199999999999 0.030864199999999994 0.07950819999999999
0 0.6155855495660143 0.11870376540375116 0.049221374855787335 0.05359397252129716
0 0.5032833647754137 0.4325687791419602 0.03125832955082734 0.0602199582839205
0 0.464815 0.806967 0.04197530000000002 0.0598361000000001
0 0.389198 0.640984 0.031481499999999954 0.07704919999999996
0 0.4083387062110466 0.17241652661952628 0.05086324235260411 0.060405238291530584
0 0.5766987459900845 0.6448463921518006 0.033294449304948 0.07018846004905122
0 0.7430821626223925 0.12573016770303372 0.027529445153966263 0.04833239118145845
0 0.5470953186689227 0.585073923053452 0.03154310542917425 0.03952733627361237
0 0.47901199999999994 0.0180328 0.025925900000000064 0.034426200000000004
0 0.5291197163848631 0.8094977102637205 0.04052606723027382 0.0580545794725588
0 0.532716 0.0639344 0.04197530000000002 0.05409839999999999
0 0.483333 0.834016 0.04320989999999994 0.06311480000000007
0 0.631481 0.75041 0.03580250000000006 0.05983609999999991
0 0.8033961956444997 0.22570207584585972 0.035183508711000504 0.07482634830828049
0 0.450906686249612 0.3023839485992644 0.04525726771616875 0.05588880280147122
0 0.5680801574521381 0.9259919220717509 0.026122741098586498 0.07721549061534815
0 0.471678964586766 0.15148872752639758 0.06316116245194255 0.04550210863430256
0 0.5093072076784393 0.37390376542791004 0.043305015356878446 0.06583993085582016
0 0.505864 0.977869 0.04876539999999994 0.03770489999999986
0 0.25211909028991536 0.23161746656382393 0.04868178057983079 0.033725833127647785
0 0.670233441551271 0.5646060001759582 0.044281013273261276 0.06261180679785339
0 0.46975300000000003 0.922131 0.03827160000000001 0.06721309999999985
0 0.8314176245210726 0.07560768795929904 0.05420746416915002 0.04927454305634068
0 0.6280859999999999 0.9225410000000002 0.049999999999999926 0.06147540000000003
0 0.17008386258275185 0.3059694972915181 0.048810625165503656 0.05947939458303632
0 0.5707223362392816 0.323438816854352 0.03366338206211552 0.06371627186252979
