0 0.44142463806732385 0.29130793725675197 0.02486899369393371 0.03302276211817427
0 0.350617 0.554508 0.05185190000000002 0.02377049999999998
0 0.49321 0.0151639 0.017284000000000015 0.027049199999999995
0 0.396605 0.536885 0.031481499999999954 0.03442620000000007
0 0.453395 0.0102459 0.017901199999999947 0.0204918
0 0.352778 0.597541 0.030246900000000035 0.04754099999999996
0 0.470988 0.025 0.022222200000000056 0.05
0 0.593518 0.994672 0.05 0.010655699999999909
0 0.533642 0.295082 0.03888889999999997 0.06885249999999998
0 0.4927109944321805 0.5888204665182933 0.054558388864361096 0.03829653303658664
0 0.587963 0.17377 0.025308599999999966 0.0622951
0 0.510802 0.9856559999999999 0.04506170000000007 0.02704919999999995
0 0.487654 0.690984 0.029629599999999933 0.0393442999999999
0 0.481173 0.25082 0.05 0.032786899999999966
0 0.473148 0.197131 0.04506170000000007 0.03852459999999998
0 0.61358 0.17418 0.024691400000000033 0.0729508
0 0.5305270270889543 0.6543017367793942 0.05623024582209149 0.03729742644121149
0 0.512963 0.538934 0.030864199999999994 0.07295080000000005
0 0.51142 0.738115 0.029012299999999974 0.040163900000000086
0 0.368519 0.523771 0.05432099999999997 0.04426229999999999
0 0.5645840375188738 0.39133736940676966 0.02546377503774749 0.07119953881353931
0 0.55 0.742213 0.059259300000000036 0.03688519999999993
0 0.283642 0.528279 0.021604900000000028 0.06967210000000008
0 0.537963 0.506967 0.030246900000000035 0.07295080000000005
0 0.596914 0.24098399999999998 0.03209880000000005 0.07377049999999997
0 0.574691 0.695492 0.04938270000000004 0.05983609999999991
0 0.397222 0.588115 0.05617279999999996 0.02868850000000006
0 0.529938 0.17418 0.035185199999999965 0.07786879999999999
0 0.377469 0.8627049999999999 0.05617279999999996 0.031967200000000036
0 0.435185 0.0168033 0.028395100000000045 0.0336066
0 0.563272 0.189754 0.03271610000000001 0.06967209999999999
0 0.562037 0.48688499999999996 0.040123500000000034 0.06557379999999993
0 0.746296 0.634836 0.023456799999999976 0.041803299999999946
0 0.526235 0.69877 0.05370370000000001 0.041803299999999946
0 0.38642 0.8241799999999999 0.05185190000000002 0.05491799999999999
0 0.44924038930411225 0.7317165058232102 0.05897547860822445 0.03556451164642044
0 0.503086 0.9168029999999999 0.024691400000000033 0.07459019999999991
0 0.309259 0.52582 0.02962959999999997 0.08278689999999997
0 0.544753 0.826639 0.05 0.02868850000000006
0 0.622222 0.943852 0.04320989999999994 0.03688520000000012
0 0.803395 0.9864749999999999 0.029012299999999974 0.02704919999999995
0 0.483642 0.15123 0.040123500000000034 0.033606599999999986
0 0.599383 0.638934 0.05308640000000005 0.03360660000000008
0 0.656173 0.983197 0.030864199999999994 0.031967200000000036
0 0.71821 0.609016 0.025308600000000105 0.06393440000000007
0 0.369136 0.9299180000000001 0.024691400000000033 0.07131150000000012
0 0.63858 0.9004099999999999 0.05 0.03360659999999989
0 0.534877 0.9176229999999999 0.03641980000000002 0.06967209999999989
0 0.578086 0.285656 0.04753090000000005 0.05819669999999996
0 0.485185 0.631557 0.03703699999999995 0.0647541
0 0.6317900000000001 0.718443 0.029012300000000046 0.06311480000000007
0 0.42654300000000006 0.443443 0.05308640000000005 0.04426229999999999
0 0.54537 0.11024600000000001 0.04629629999999999 0.05491799999999999
0 0.565123 0.868443 0.04629629999999999 0.054918000000000085
0 0.6484569999999998 0.156967 0.04382719999999997 0.05655739999999999
0 0.570988 0.604508 0.04691359999999995 0.05819670000000005
0 0.19660499999999997 0.402049 0.030246900000000035 0.02704919999999995
0 0.453086 0.918443 0.022222200000000056 0.08606559999999994
0 0.330864 0.8983609999999999 0.03703699999999999 0.06557379999999993
0 0.19537 0.153279 0.05246910000000002 0.040983600000000016
