0 0.6036939432291667 0.7255405333333332 0.0433291233333333 0.022722354537037016
0 0.2206359158333333 0.5843373018518518 0.019045814270833333 0.02318609222222213
0 0.5903618578125001 0.681023525925926 0.03666315776041659 0.031069350000000193
0 0.5608413624999999 0.7109336731481483 0.030949428906250038 0.0380251889814814
0 0.6532133380208334 0.5762223166666666 0.024283386197916458 0.040343820833333384
0 0.361336778125 0.4779129824074074 0.0233310723437499 0.03663403250000001
0 0.6322625875 0.5525726564814816 0.028092564479166644 0.039416345462962944
0 0.33633873229166666 0.5340237148148148 0.03428237312500002 0.024577248703703675
0 0.7084461531249999 0.7447853361111112 0.03285397947916664 0.030605668888888875
0 0.6684498968750001 0.6678072564814815 0.019521894062500066 0.03988008314814806
0 0.4389481203125 0.5391244333333333 0.03190166562500003 0.018085147407407475
0 0.6196447760416668 0.7413071620370371 0.04666214468749992 0.021794935740740793
0 0.5335669947448587 0.5676860261120357 0.04401289438555071 0.0186335234277751
0 0.5391763380208333 0.5516448416666667 0.03713923755208336 0.017157728611111044
0 0.6029796692708334 0.5124605064814816 0.040948415833333245 0.023186092222222236
0 0.6679739713541667 0.35085326944444445 0.0233310723437499 0.04127123962962961
0 0.614883978125 0.6803276648148148 0.030473271979166702 0.039880083148148164
0 0.7420139437500001 0.638129062962963 0.04094841583333349 0.02318609222222213
0 0.5741734479166667 0.607755574074074 0.0414245727604167 0.01808514740740737
0 0.640833875 0.6949350907407408 0.02237875848958334 0.03848892666666672
0 0.5591744661458333 0.8092424416666667 0.03904386526041665 0.01762140972222215
0 0.51060769375 0.6269998111111111 0.037139237552083294 0.035242876018518415
0 0.4199026145833333 0.4572775888888889 0.04428143718749998 0.0315330876851852
0 0.5663172057291667 0.46678373055555555 0.033330136406249974 0.0347791383333333
0 0.6791632348958333 0.5903658351851852 0.03428237312500002 0.025040986388888894
0 0.6277393666666667 0.5873515685185186 0.02475954312500003 0.019940041574074134
0 0.5551271708333334 0.6267678574074075 0.033806293333333313 0.03570661370370374
0 0.2842013614583333 0.42806330277777777 0.017617343489583288 0.02411351101851851
0 0.7617271836175389 0.4117054173188715 0.036756854483672184 0.02993272249188666
0 0.5064300972504737 0.44130538717077356 0.02116468523011405 0.044105748230436
0 0.5810770677083333 0.3540994898148148 0.023807229270833355 0.02179493574074074
0 0.5739350994791667 0.7517411185185185 0.027616407552083427 0.02875077472222232
0 0.3163406041666667 0.30795914592592594 0.02475954312499997 0.023186092222222236
0 0.5994090708333333 0.4099782685185185 0.018569657343749903 0.045444765648148144
0 0.5401289604166666 0.6877473546296297 0.033330136406249974 0.034315400648148184
0 0.6089314380208334 0.7763180277777777 0.04904285218749997 0.029678193518518543
0 0.6308480453818992 0.6575499505477201 0.020447739027868294 0.040918504274930004
0 0.5748473319413653 0.8003730780402055 0.039915476382730596 0.02677828015448477
0 0.5582226151041667 0.3710253212962963 0.050471322968750044 0.023186092222222236
0 0.7244974351080065 0.5601520560307901 0.022653708533986718 0.027039576456938354
0 0.7196354166666665 0.7164982990740741 0.037139237552083294 0.02318609222222213
0 0.5620315619791666 0.6576052537037037 0.04475759411458332 0.022258673425926013
0 0.3594323046875 0.7206717685185184 0.02142652177083336 0.039880083148148164
0 0.5347067291857756 0.5274565064126195 0.0394123353784486 0.02565516458216829
0 0.4908479140625 0.4048769842592592 0.044281437187500036 0.023186092222222236
0 0.6858292776041668 0.640911375925926 0.021902678697916754 0.04358987148148138
0 0.6517847901041667 0.48718773611111116 0.031901665624999964 0.03292424416666675
0 0.5964983334807624 0.5389513607496398 0.03155282386177412 0.02317282420415478
0 0.6951140677083333 0.813415911111111 0.02523570005208325 0.011129308425925846
0 0.7096230029327871 0.5136232255482707 0.037166168301092505 0.03848262955160677
0 0.6570222848958333 0.8043736768518518 0.03952002218749998 0.028287037037036996
