0 0.3515015015015015 0.006313690739920248 0.019052385719052337 0.012627381479840495
0 0.3587326324623979 0.031189961366586156 0.05603792695349113 0.05170200713724855
0 0.4367617017497113 0.5225409836065574 0.03375077715605293 0.05469394975822623
0 0.4101481148264774 0.31807924603437976 0.036070708585328494 0.03661423419835843
0 0.5795363709032774 0.44448048118881933 0.05484501287858608 0.034791838660219336
0 0.5045479020037691 0.2135360808947449 0.05720933810238067 0.044813850160870236
0 0.5145974066309495 0.3404990205175791 0.028858348215441167 0.07612468639378628
0 0.6195192406891572 0.04138316818119549 0.06121255889129603 0.03755879263893329
0 0.5505376135869775 0.23571469064782183 0.0377271265816699 0.0663368206347991
0 0.3259241210020937 0.40180711341194514 0.029871489423146366 0.033793500143802155
0 0.3381000590567789 0.054940438403226405 0.0438707500210917 0.040423466148847974
0 0.580867587893935 0.7140755450851278 0.02840097578787012 0.04156950488221163
0 0.473477946385826 0.0840278823040504 0.05530591101686932 0.03800939202644642
0 0.508333 0.592623 0.031481499999999954 0.07377049999999997
0 0.5702527909318048 0.9756719539509064 0.03233391813639038 0.047015692098187206
0 0.6011277584281132 0.8036851930263327 0.029979342675220986 0.07379651726474748
0 0.5859756639133137 0.48133624248142465 0.052846611599609176 0.045111451822148894
0 0.36110581708065986 0.4037904563731968 0.02699955530144204 0.07760875066782892
0 0.5487831956656897 0.5212878877226087 0.02775557331912244 0.07400636867555141
0 0.506039612754241 0.5154646774383771 0.06017408295585755 0.03906710697016158
0 0.5633311117458504 0.6653778077457962 0.03411723634517126 0.07237978844451935
0 0.42736298909138415 0.9080362563969121 0.035926579136455625 0.06743863301240358
0 0.640195673853984 0.08008356545961004 0.0559682244919013 0.03755879263893329
0 0.40714916445910593 0.27720625649875 0.0452341680411856 0.050883830003760976
0 0.5196160578875172 0.9882251197827218 0.044719084224965754 0.023548860434556312
0 0.5276620726174616 0.4652935359682745 0.04657558852473576 0.060791105431065084
0 0.43627752851822527 0.8474163778669055 0.03944165860238703 0.04653245590125003
0 0.6222273805839266 0.13522306954655464 0.04823068193541728 0.037102150783140775
0 0.46701527666755477 0.4917295671659393 0.04851674216182608 0.050271258403113576
0 0.5756294352094876 0.7844326836194655 0.026538349372995044 0.08028914418484576
0 0.5435228351895018 0.09264301272497993 0.05967797634464303 0.03625472887767969
0 0.4781501077797374 0.9019646109810043 0.05682931608857534 0.04792262988984304
0 0.4830131461469782 0.7332079636973141 0.03409685662387244 0.08094517803851028
0 0.4716410643043383 0.12743503107662787 0.05253981717086043 0.05798189630000418
0 0.5319648409839598 0.7562037529128 0.042871217019180494 0.06459261681860923
0 0.23404017143222672 0.22668393782383423 0.030544361287021052 0.04013420538520345
0 0.41364556796655566 0.9674516436811518 0.05323665817492977 0.04488680718188919
0 0.2764184737414444 0.15692686655907587 0.03534190494466833 0.03694895098955237
0 0.7142947309954809 0.7219484394381307 0.06425307379635943 0.04157028395185894
0 0.3464620716082704 0.2562996393885091 0.05398110661268552 0.0460166810468795
0 0.44445405945925154 0.188958684438997 0.05528633514095607 0.0377917368877994
0 0.6693546279966032 0.9777322404371585 0.048945064994447764 0.0428961748633881
0 0.9203699999999999 0.092623 0.029629600000000075 0.04590160000000001
