0 0.623697290363957 0.2195550351288056 0.030463363796697163 0.03779007877368532
0 0.5004528236010902 0.19054194095167126 0.026832047202180565 0.07452608190334255
0 0.4 0.101639 0.05185190000000002 0.040983599999999995
0 0.490432 0.228689 0.024074099999999935 0.027868899999999974
0 0.5399230399230399 0.6065041515861188 0.02886002886002882 0.03353204172876311
0 0.537346 0.666803 0.040123500000000034 0.05819670000000005
0 0.568519 0.196311 0.03209880000000005 0.03688519999999998
0 0.699691 0.013114800000000001 0.04629630000000013 0.024590200000000003
0 0.498457 0.990574 0.04876539999999994 0.018852500000000084
0 0.35 0.50082 0.030864199999999994 0.06885250000000008
0 0.506481 0.709426 0.05987649999999997 0.03688519999999993
0 0.407407 0.32418 0.04074069999999996 0.030327900000000015
0 0.653704 0.40082 0.03827160000000001 0.06557379999999997
0 0.508951 0.256967 0.05 0.02704919999999995
0 0.597531 0.118852 0.05679010000000006 0.031147500000000012
0 0.6084656084656085 0.6506812859271874 0.028860028860028888 0.0793059399616777
0 0.38437168097643104 0.6489887866936342 0.04483763804713807 0.03972762661273155
0 0.5663862126823794 0.6795453631520119 0.05129042536475867 0.049255026304023876
0 0.489815 0.353689 0.040123500000000034 0.0647541
0 0.508951 0.658607 0.033950600000000046 0.06639339999999992
0 0.436728 0.27377 0.020370400000000066 0.05901639999999998
0 0.594753 0.0754098 0.04382720000000004 0.06393440000000002
0 0.544753 0.0819672 0.03765430000000005 0.06229510000000001
0 0.625309 0.579508 0.029629599999999933 0.07704919999999996
0 0.65 0.022131100000000004 0.05308640000000005 0.0377049
0 0.54537 0.559426 0.05987649999999997 0.041803299999999946
0 0.45679 0.0360656 0.05555560000000003 0.0393443
0 0.512346 0.0618852 0.04938270000000004 0.043442600000000005
0 0.47253100000000003 0.67582 0.04382720000000004 0.054918000000000085
0 0.617284 0.933607 0.03209880000000005 0.07213109999999993
0 0.19074099999999997 0.887705 0.030864199999999994 0.03442620000000007
0 0.337346 0.561475 0.05493829999999996 0.04754099999999996
0 0.351852 0.05368850000000001 0.023456799999999976 0.07950820000000001
0 0.432407 0.368033 0.05123460000000006 0.04754099999999996
0 0.0830247 0.744672 0.020370399999999997 0.07786879999999995
0 0.675 0.972131 0.03271610000000001 0.05573769999999983
0 0.418827 0.469672 0.05493830000000007 0.04590159999999991
0 0.57716 0.416803 0.04691359999999995 0.05655739999999999
0 0.430247 0.0717213 0.05061729999999996 0.05655739999999999
0 0.445988 0.134016 0.05 0.041803299999999995
0 0.630556 0.877459 0.040123500000000034 0.05163929999999992
0 0.726852 0.0836066 0.048765400000000084 0.0622951
0 0.333642 0.406557 0.04506170000000004 0.05901639999999998
0 0.336111 0.238934 0.03888889999999997 0.0647541
0 0.443519 0.968033 0.04753090000000005 0.05901639999999998
