0 0.5962650225875535 0.9918034786885245 0.025989354824892844 0.016393842622950742
0 0.411111 0.793224699899632 0.020987700000000026 0.031967200000000036
0 0.5186793084942491 0.30907375087688566 0.033655416988498485 0.039458401753771376
0 0.3782120298593167 0.9821006481128478 0.05839075509618144 0.03415935951200921
0 0.48165566992719216 0.35442186589720237 0.02856372609475565 0.07159622897342482
0 0.418060097800417 0.011547850001081363 0.02384266963907615 0.025349301944288246
0 0.41800516502897456 0.18118517898962866 0.06314562862181913 0.04077450652392105
0 0.54537 0.127049 0.030246900000000035 0.040983600000000016
0 0.5936301923956244 0.18390079865489703 0.05750765010024271 0.03292700014011488
0 0.43091773746535655 0.701530612244898 0.039525069286974045 0.07402141184342584
0 0.5290217939027463 0.6314821010371362 0.04708364827412442 0.04474740715958522
0 0.5117079700415039 0.21716285937602167 0.05463266882979853 0.047202467694175874
0 0.567690197319827 0.24204847975339777 0.04572473708276174 0.05674653215636822
0 0.324074 0.740164 0.027160499999999983 0.02950819999999999
0 0.45803876050789627 0.3593947036569987 0.03253490907811899 0.07846434075942273
0 0.4794660184429328 0.7968802402057545 0.05769683688586542 0.04014718101371703
0 0.425516580675233 0.2300268406239545 0.03785603864953387 0.06945481875209099
0 0.5462999493862334 0.2625328510578675 0.03209880000000005 0.07213110000000003
0 0.509558468200204 0.2590794053909205 0.04591770888115076 0.0558452058451263
0 0.40226272229980237 0.14829624715577613 0.05748588803623862 0.03354465222389748
0 0.46937493357250887 0.1300499575089907 0.03902773285498227 0.03638313392415116
0 0.5554768203577727 0.545646537303446 0.03732048374905518 0.0696303111408497
0 0.5098238644534135 0.18512319618887488 0.042924815147198404 0.04729599237774974
0 0.33179 0.708197 0.05740740000000002 0.03442620000000007
0 0.6159649678168196 0.2358600719256457 0.03499701030565228 0.07332679463827003
0 0.4995253004510921 0.3209380078230816 0.037142287142555575 0.04702221423567323
0 0.45445956160241874 0.6831298093007695 0.043776769967246096 0.06900301104048173
0 0.4098040151612497 0.7575190335145534 0.04705826967750064 0.052174232970893346
0 0.47890665112904923 0.15922904488463874 0.05516548849847 0.043972436595675124
0 0.676543 0.815574 0.04567900000000003 0.0540983999999999
0 0.5408320735701688 0.6037763466042155 0.054327286470143614 0.04412010705921707
0 0.49587266665948904 0.9872759698246283 0.052540624734424356 0.02640096747998478
0 0.5044037184754522 0.7119426290507054 0.043045163049095614 0.05808274189858946
0 0.44810087523935493 0.8478797457427234 0.04043216234567906 0.0736449916192708
0 0.5179988662131519 0.4268777183004349 0.04802847064751822 0.04913850786216131
0 0.7145188538044849 0.9703790753261959 0.03857411476442422 0.058439649481431946
0 0.47147904339277547 0.2142206929090187 0.03555128678555093 0.07270288581803742
0 0.4036816164902999 0.7189609549682169 0.0269399525573192 0.06371649006356644
0 0.6807445200302342 0.666610906657745 0.027084908037289007 0.07443961191033785
0 0.47284822871249693 0.28706602763999817 0.03210945865252715 0.07459990492737376
0 0.424280921202645 0.10197240365067693 0.044626860809798406 0.06250270340412648
0 0.5088784006281238 0.8523282073027458 0.029472598686330728 0.04858414963392901
0 0.4318151202632904 0.8077536419454666 0.038045244482237374 0.06231138456005339
0 0.4425071363344589 0.2787736582819579 0.03827368765607963 0.06269461515342586
0 0.5399908113717059 0.03317510801288983 0.027872053272093536 0.06860371796790518
0 0.46231100805618547 0.503730238039478 0.05192108388762904 0.05647352392104382
0 0.7627482555018787 0.4204086481349489 0.03005904455179815 0.07198859586600138
0 0.4516668939533861 0.04867857524330638 0.027083747188833565 0.07616246213504045
0 0.4459561602418745 0.5672883907661425 0.053539934492315484 0.03596520575443295
0 0.2996025929183361 0.20113326700981873 0.04869865467930554 0.03633375145983823
0 0.5399837196382429 0.755632842642013 0.060213439276485814 0.04897068528402596
0 0.709877 0.813934 0.03827160000000001 0.057376999999999935
0 0.5894842857698948 0.07011873883710368 0.052547515479331584 0.052863456306501154
0 0.5981606203198802 0.10500584685107488 0.05713978414932077 0.05816599564427526
0 0.5627328867409926 0.3741220323185012 0.04768867348198548 0.05971846463700234
0 0.3100256307420437 0.11111860680284615 0.026223861484087462 0.055023913605692275
0 0.4440610223417532 0.9223013452426339 0.04534048761623513 0.05303360383421388
0 0.685109733345931 0.9248578959936434 0.02731193330813806 0.07487470801271326
0 0.587037 0.687295 0.04197530000000002 0.06803279999999996
0 0.5318786876372193 0.10600587645983822 0.040271268235121664 0.07056964902244907
0 0.6146069538926682 0.937813650050184 0.0314940791131268 0.07485781197724986
0 0.6876445486823675 0.1164626497685886 0.030945633408254375 0.06682815000648816
0 0.3923374905517763 0.8929616928738708 0.05117787855883095 0.06001170960187359
0 0.6324221046443268 0.5353727556596409 0.029335684891240443 0.04307181889149092
