0 0.53642 0.189344 0.024691400000000033 0.06885249999999998
0 0.5614475770338715 0.3688683330075662 0.05746255406774292 0.03937556601513237
0 0.607407 0.231148 0.05432099999999997 0.049180299999999975
0 0.4886038636039886 0.1027218969840269 0.022791772792022783 0.04623824541824294
0 0.554321 0.00901639 0.03209880000000005 0.0180328
0 0.613272 0.57582 0.05740739999999995 0.03360660000000008
0 0.518519 0.596721 0.027160499999999983 0.07049180000000001
0 0.52037 0.537705 0.027160499999999983 0.04918030000000007
0 0.572839 0.741393 0.044444399999999974 0.05819670000000005
0 0.4596787352959797 0.32163217962379154 0.056742719088319016 0.05057835672551491
0 0.488272 0.581967 0.034567900000000006 0.07213109999999993
0 0.5091247449271922 0.07322927056536359 0.030595168866729992 0.06869477484237073
0 0.47932099999999994 0.9799179999999998 0.040123500000000034 0.0401638999999999
0 0.5345994228711618 0.7291613881778058 0.03326975425767653 0.0711853236443885
0 0.5159189358262108 0.116892704802438 0.06186266649256098 0.03470975643127362
0 0.478086 0.30041 0.04629629999999999 0.05
0 0.5631768455840456 0.7756513596679276 0.05677388084836968 0.04180362786885251
0 0.630247 0.540164 0.05061729999999996 0.04262289999999994
0 0.308642 0.292623 0.029629600000000006 0.03442619999999998
0 0.620679 0.628279 0.030246900000000035 0.07295080000000005
0 0.530864 0.334836 0.06049379999999993 0.033606599999999986
0 0.4673906650759734 0.3772961213535099 0.04258492499208602 0.07085962782681794
0 0.504012 0.22458999999999998 0.033950600000000046 0.06229510000000003
0 0.616975 0.390574 0.030246900000000035 0.06967210000000003
0 0.598148 0.439344 0.027160499999999983 0.04262289999999999
0 0.680556 0.305328 0.0561728000000001 0.035245900000000004
0 0.384259 0.8360659999999999 0.05246909999999995 0.05245899999999995
0 0.331173 0.8536890000000001 0.04876539999999997 0.05163929999999992
0 0.501235 0.519672 0.04567900000000003 0.0606557000000001
0 0.558642 0.0983607 0.04197530000000002 0.0639344
0 0.53179 0.032376999999999996 0.03271610000000001 0.0614754
0 0.3759259999999999 0.664754 0.04197530000000002 0.06229509999999996
0 0.6776274137385248 0.5443463640184951 0.037986704653371256 0.06830601092896169
0 0.639198 0.128689 0.03271610000000001 0.08360660000000002
0 0.399383 0.12541 0.024691400000000033 0.06721309999999998
