0 0.6050468684216256 0.9914176889582791 0.020987700000000026 0.014754100000000183
0 0.532407 0.994672 0.04382720000000004 0.009016389999999878
0 0.5232648615001556 0.7175575148092025 0.05783794999481275 0.03409560545529692
0 0.534019213957476 0.2741195286278081 0.04209286740152853 0.030518857567872294
0 0.4370238784547152 0.8057549909043946 0.04565345690943038 0.03609988180878906
0 0.5627178550472041 0.09091728495660559 0.03446806623093679 0.07190217068466732
0 0.5607388286801307 0.5756115705347524 0.03063952791263731 0.035627163213755315
0 0.5514798286801307 0.5347045180298751 0.04740325736026133 0.05629343605975013
0 0.4565545406079212 0.9878998530640125 0.05108891878415743 0.024199393871974846
0 0.5240642499902018 0.3130408122213549 0.05769803424129608 0.04710686514008161
0 0.5123273757625273 0.806484862873674 0.03336934847494555 0.041127874252651776
0 0.569807443778714 0.9818956220595888 0.031990050714176946 0.03456941161852728
0 0.47489004999292356 0.8819201338327983 0.045277273672349586 0.031921145582155114
0 0.5912436983424783 0.3984494054167751 0.05746949142007963 0.03881981177031828
0 0.46477850399419024 0.11097215525554484 0.027687000726216354 0.07850168756027
0 0.5398461602889304 0.7903912646921064 0.034012420577860886 0.03652012938421269
0 0.6685808378618113 0.8682462472964598 0.02656900173254503 0.0722965948133354
0 0.6514494700709823 0.937050075984474 0.04895245985803558 0.04393274803105203
0 0.4812205758533043 0.1561839386451302 0.046318833769063136 0.03328062801350048
0 0.4767920350444011 0.7182698190034512 0.03036552991119772 0.07329546199309761
0 0.6915032679738562 0.5676952748312439 0.03485838779956429 0.06962391513982637
0 0.392284 0.7 0.03641980000000002 0.03442620000000007
0 0.5438680778186034 0.33708686208691124 0.05587217932915292 0.047484702402636796
0 0.6456414527402181 0.9804066556798798 0.04822326735906979 0.03754734437794546
0 0.554012 0.9020490000000001 0.026543200000000024 0.07950819999999999
0 0.6884790953418405 0.7843711254993802 0.03242037555763043 0.07749001239840199
0 0.49372072554466234 0.11192161200578593 0.033800378976034884 0.07841087434908389
0 0.6177330328564896 0.2769103998612195 0.054461427918218105 0.05442796426402984
0 0.6934069924266003 0.7197961151673784 0.06250648407511158 0.03719520595123303
0 0.6056894637141551 0.9682105993581404 0.04779323709364863 0.058548009367681605
0 0.571116116872428 0.7071382133879781 0.055813033744855946 0.045423026775956415
0 0.4602709253183187 0.46253561806937615 0.05049328706516695 0.04557469352357079
0 0.5447416172725194 0.38523720572903114 0.037958139809915616 0.06849687833289964
0 0.6232199201335816 0.3315858061757308 0.055082140267163064 0.0467772123514615
0 0.4758094367147865 0.951079885506115 0.047140026563894856 0.05609043860409977
0 0.45791937273033584 0.41409408397224806 0.04917284546067176 0.05113986794449617
0 0.5955517832059573 0.9065951953927777 0.04542396641191459 0.06236979078555541
0 0.5442084241103848 0.19105593056894887 0.0569625998547567 0.053941658630665405
0 0.596914 0.862295 0.05185190000000002 0.05081970000000002
0 0.535596796090535 0.9437040610540086 0.04238700781893006 0.060131977891982664
0 0.352778 0.9700819999999999 0.033950600000000046 0.0598361000000001
0 0.425309 0.754508 0.04074069999999996 0.0647541
0 0.5187599040477279 0.8627540292841241 0.03875340809545588 0.07140985856824816
0 0.2690329218106996 0.37595628415300547 0.04588477366255143 0.05245901639344262
0 0.8290120000000001 0.672951 0.05432099999999997 0.036065599999999934
0 0.16748974681069959 0.35355181338797814 0.041152193621399207 0.0775958267759563
