0 0.8423899014057283 0.48503702588509556 0.0622129248947901 0.055626988748270136
0 0.3316093168783337 0.11776265032012947 0.03155997052083333 0.06700820416666675
0 0.860397638599108 0.675071853387597 0.04859469082261789 0.09011102933591689
0 0.629814303125 0.5352338472222222 0.05694512312500007 0.04963572361111096
0 0.49362620208333335 0.97422589375 0.04528159052083325 0.05154821249999991
0 0.5229525915586888 0.8510440528071423 0.02916643375762214 0.10546998605238148
0 0.7368432947916667 0.24982945833333328 0.058317218437500054 0.06700820416666665
0 0.4520707611980671 0.28627300242095466 0.05959492208363422 0.06970326616976247
0 0.6065359990006668 0.8032678750000001 0.03979298697916676 0.10175316527777804
0 0.45554763958333333 0.9537511520833332 0.03636258197916664 0.0924976958333334
0 0.42540578465386786 0.20489043257695908 0.03901506548393095 0.06257642790163757
0 0.402720025 0.5476431944444445 0.06380593312500006 0.0595628986111113
0 0.5272444822916666 0.04694261111111112 0.026071255833333258 0.08065803194444446
0 0.7135160072916665 0.0026865572916666683 0.030873867291666576 0.0053731145833333365
0 0.5495414479166666 0.7641792638888888 0.06792244135416675 0.04094948333333348
0 0.6198418168022551 0.18275415716091786 0.06444539110450999 0.051995614006690026
0 0.8490183385416666 0.058731263888888864 0.026071255833333376 0.10175316527777782
0 0.6157487979166667 0.13380652777777777 0.05900332166666675 0.05832196388888881
0 0.5622785379071016 0.03494998958333334 0.04244881710246347 0.06989997916666668
0 0.5733442855895533 0.6909371231970243 0.04672452778060645 0.12740208122464175
0 0.600998634375 0.5916958472222223 0.06929464781249983 0.04343120138888886
0 0.5664819189148036 0.1841766496574928 0.05514903064210728 0.0523460604260965
0 0.5893980461111401 0.4773547010152581 0.04309661413188645 0.1132782396361507
0 0.6713217145833333 0.7728659583333335 0.03567647875000001 0.06576726944444453
0 0.5677226833333333 0.8839248472222223 0.05900332166666675 0.06948992222222214
0 0.6332442635416666 0.918670111111111 0.06106163135416682 0.05956289861111141
0 0.6555919084924177 0.8295551109782366 0.06420386206283434 0.0749114483453628
0 0.5488556781249999 0.1375291805555555 0.062433726666666564 0.05832196388888881
0 0.611975396875 0.08975387500000001 0.06243372666666668 0.049635723611111064
0 0.41198180729166667 0.7945811805555557 0.030187764062500004 0.04715385416666659
0 0.5117201537563154 0.016956738888888913 0.03379162509153577 0.033913477777777826
0 0.5371920343750001 0.6307829444444443 0.05145640843749995 0.06948992222222182
0 0.6287850927083334 0.8671736666666665 0.06311982989583337 0.0508766583333334
0 0.42587699240827953 0.4531277371562713 0.04307946331922583 0.10346840914313546
0 0.6472591484275927 0.4789710679061422 0.06459249897814771 0.0579280641877154
0 0.5855615895833334 0.011993189236111116 0.03293206583333325 0.023986378472222233
0 0.551438190667895 0.5631409660644696 0.05021384755737633 0.06969172128909773
0 0.4421164935798937 0.03221248934856196 0.03945727141065725 0.06442497869712392
