0 0.6243830000000001 0.233607 0.05246910000000002 0.049180299999999975
0 0.5795666849827004 0.6551140606583481 0.04555326996540058 0.04301402131669638
0 0.436728 0.318443 0.029012299999999974 0.041803300000000036
0 0.5828065313674609 0.7702722914560927 0.02697973726507824 0.046339717087814605
0 0.528086 0.576639 0.04753090000000005 0.045081999999999914
0 0.537037 0.272541 0.034567900000000006 0.06639340000000002
0 0.6487649999999999 0.34918 0.03827160000000001 0.036065600000000024
0 0.563272 0.340164 0.03271610000000001 0.0393443
0 0.480556 0.467213 0.022839500000000016 0.07868850000000006
0 0.7567900000000001 0.988934 0.029629600000000075 0.022131099999999935
0 0.405864 0.140984 0.05123460000000006 0.03278690000000001
0 0.4529348460309035 0.4116373801059831 0.033817341043484994 0.06113580677143148
0 0.387346 0.108197 0.05123460000000006 0.03278690000000001
0 0.549383 0.613934 0.028395100000000045 0.03442620000000007
0 0.6318115094735394 0.6562882967395844 0.05736368105292134 0.03660290652083117
0 0.43642000000000003 0.25 0.03580250000000006 0.0852459
0 0.509568 0.294262 0.03271610000000001 0.07377049999999997
0 0.541049 0.18237699999999998 0.021604899999999955 0.08114749999999998
0 0.477469 0.963934 0.05 0.05573769999999983
0 0.541049 0.707787 0.025308599999999966 0.06639339999999992
0 0.6157409999999999 0.20122999999999996 0.049999999999999926 0.049999999999999975
0 0.549691 0.057377 0.05864199999999994 0.042622900000000005
0 0.580864 0.156557 0.044444399999999974 0.0393443
0 0.559877 0.634426 0.03950619999999993 0.06885250000000008
0 0.557716 0.118443 0.026543200000000024 0.08442620000000002
0 0.477469 0.9196719999999999 0.05 0.05245900000000004
0 0.59321 0.0905738 0.05308640000000005 0.04672129999999999
0 0.471914 0.39180300000000007 0.03888889999999997 0.05901640000000003
0 0.539815 0.0221311 0.05246909999999995 0.0409836
0 0.592284 0.0266393 0.03641980000000002 0.0418033
0 0.571605 0.228279 0.03703699999999995 0.07131150000000001
0 0.486111 0.703279 0.04629629999999999 0.055737700000000015
0 0.506173 0.677049 0.05185190000000002 0.04426229999999999
0 0.363272 0.9631150000000002 0.025308599999999966 0.07377050000000017
0 0.420062 0.379918 0.040123500000000034 0.05819669999999996
0 0.417901 0.796721 0.028395100000000045 0.06229509999999996
0 0.547222 0.510246 0.045061699999999934 0.06639339999999992
0 0.4993830000000001 0.171311 0.04938270000000004 0.06393440000000002
0 0.501235 0.095082 0.034567900000000006 0.0737705
0 0.5911966675945585 0.45026127486686857 0.039828264810883085 0.07980625026626297
0 0.3461369121707164 0.3344550863501096 0.03488607565856726 0.050762527299780716
0 0.325 0.9516389999999999 0.03395060000000001 0.05737700000000012
0 0.7 0.253279 0.04074069999999996 0.0606557
0 0.601235 0.8536890000000001 0.027160499999999983 0.07131150000000003
0 0.653086 0.752049 0.04567900000000003 0.03688519999999993
0 0.619136 0.977049 0.04320989999999994 0.0459016000000001
0 0.695679 0.0565574 0.0506173000000001 0.034426200000000004
0 0.441358 0.097541 0.030864199999999994 0.07377049999999999
0 0.35401199999999994 0.537295 0.05246909999999995 0.031967200000000036
0 0.419444 0.0401639 0.033950600000000046 0.0672131
