0 0.07520738333333335 0.8967136444444443 0.05944280380208333 0.04357918074074047
0 0.05084572083333321 0.6918908333333333 0.08477912223958306 0.058105613703703846
0 0.3212614374999999 0.9640939783333334 0.04092781401041693 0.07181204333333328
0 0.6393281199278021 0.030629764708460305 0.09277319712356219 0.041022804972476186
0 0.1766175230665634 0.7592087088171011 0.06977841447513941 0.06083151119517896
0 0.11028962968749993 0.6885023444444445 0.036055481510416716 0.06875832333333341
0 0.4888710015625 0.4299315777777777 0.08770261645833344 0.04745290407407402
0 0.17606548697916674 0.11519318148148149 0.04872364072916658 0.07456896740740744
0 0.14690333811522768 0.2785700052054431 0.04691754753253861 0.08676345329281723
0 0.25319945541218924 0.5670327894539117 0.04122758118896179 0.0908940218329175
0 0.14147262083333334 0.8996189074074074 0.05749396552083326 0.08037949333333358
0 0.25987105833333335 0.9591773888888888 0.08770261645833344 0.044547641111111286
0 0.14740200099613526 0.1937019658255855 0.062149266556466166 0.06920351489101254
0 0.5015396343749999 0.6468598481481481 0.08380462416666674 0.04164237814814818
0 0.3792435203124999 0.31226783703703703 0.045800146510416674 0.06585306037037042
0 0.32710874166666665 0.8657245666666668 0.054570471302083354 0.08231629592592597
0 0.2842327208333332 0.7814707592592592 0.054570471302083354 0.0377686548148149
0 0.23891927083333328 0.7228810925925925 0.045800146510416556 0.08715847962962965
0 0.31736376093749996 0.33357349259259256 0.07795779359375009 0.052295087777777804
0 0.26230690885416674 0.9218933777777777 0.08672811838541665 0.04551610148148147
0 0.37290999322916674 0.024427738703703707 0.08575362031249985 0.048855477407407415
0 0.037612007659976916 0.14313479974019977 0.07522401531995383 0.07291643977885977
0 0.019076547592913565 0.5324060907883787 0.03815309518582713 0.043533165557339625
0 0.33052019531250004 0.2774046814814815 0.05164713494791672 0.05810561370370364
0 0.4961801317708333 0.013775058611111115 0.03995331593749991 0.02755011722222223
0 0.5064113354166666 0.6047329444444445 0.09160045088541663 0.04648456185185187
0 0.2666923869791666 0.29677270740740735 0.07211096302083343 0.06972678370370365
0 0.06316068266039387 0.7375127725450769 0.09317953141210276 0.047311060025567314
0 0.08787601614583339 0.5209635444444446 0.049698138802083375 0.0668215207407407
0 0.628709028125 0.3359943481481482 0.05359597322916668 0.0861900192592592
0 0.050845720833333274 0.3287306 0.0477491426562499 0.0368001944444444
0 0.37875571874999997 0.07161352814814813 0.08575362031249997 0.041642378148148175
0 0.049871696354166536 0.9562721259259258 0.059442803802083215 0.08715847962962965
0 0.4142755437712015 0.32452923872071004 0.0361518228221802 0.08843882484882758
0 0.3285705677083333 0.7107756333333333 0.045800146510416556 0.05326354814814804
0 0.4932564796875 0.7461231962962964 0.06334079609375015 0.06391625777777782
0 0.4157860140625 0.15683567777777774 0.08380462416666674 0.057137271481481455
0 0.17801511458333336 0.33647875555555556 0.06041730187500001 0.04842136444444452
0 0.18261439947846353 0.6702781455605267 0.08910693817567683 0.05872015073079893
0 0.29836160104166665 0.010869766111111111 0.08283012609374994 0.021739532222222222
0 0.3066447557291667 0.030455321111111117 0.0682131285937499 0.0581056137037037
0 0.28471894375 0.3756992148148148 0.08283012609374983 0.04745290407407407
0 0.5414769327309398 0.9135645303045966 0.04485815719437033 0.09083998838697124
0 0.3699863411458333 0.5277428851851851 0.07990678973958332 0.051326627407407566
0 0.3500852409204649 0.4389134668178248 0.06544232850759653 0.0779096634013876
0 0.5030014604166666 0.6855970814814816 0.0438513082291666 0.04164237814814818
0 0.23063611614583338 0.1340768 0.06041730187499989 0.07747423037037038
0 0.1254442293754853 0.12365388641184459 0.06811194869694634 0.0798700343051707
