0 0.6686623654125986 0.08886388307796707 0.03551456917480307 0.04522303384406586
0 0.49629600000000007 0.00819672 0.05061729999999996 0.016393399999999995
0 0.27037 0.9803280000000001 0.024691399999999964 0.03770489999999986
0 0.5148330604350383 0.22061354469164712 0.02596292087007638 0.0510640893832943
0 0.471914 0.239344 0.05370370000000001 0.0393443
0 0.286111 0.658607 0.035185199999999965 0.06639339999999992
0 0.6722208773770139 0.14116575591985428 0.03671427418704104 0.03767991713989786
0 0.575 0.246721 0.04259259999999998 0.06557380000000002
0 0.540741 0.22254100000000002 0.027160499999999983 0.07622950000000002
0 0.430864 0.8922130000000001 0.044444399999999974 0.05327870000000016
0 0.52963 0.9114750000000001 0.03703699999999995 0.03442620000000007
0 0.562037 0.47418 0.030246900000000035 0.03032789999999992
0 0.570988 0.136475 0.03580250000000006 0.0647541
0 0.192593 0.541393 0.025925899999999995 0.041803299999999946
0 0.469444 0.196721 0.05123460000000006 0.04754100000000001
0 0.5307829759584145 0.09102674719585849 0.053118908382066295 0.03968938740293355
0 0.575309 0.0639344 0.030864199999999994 0.0819672
0 0.466667 0.889754 0.03580250000000006 0.0663934000000001
0 0.512037 0.9450819999999999 0.05123460000000006 0.049180299999999885
0 0.404012 0.135656 0.033950600000000046 0.03196719999999999
0 0.559568 0.168033 0.05370370000000001 0.06393440000000002
0 0.475309 0.0840164 0.05308640000000005 0.04672129999999999
0 0.401235 0.9635249999999999 0.023456799999999976 0.05327870000000016
0 0.55463 0.808607 0.033950600000000046 0.040163900000000086
0 0.249691 0.65123 0.04135799999999999 0.05983609999999991
0 0.66821 0.959836 0.05493830000000007 0.03442620000000007
0 0.649691 0.870492 0.03888890000000004 0.06229510000000014
0 0.6799379999999999 0.744262 0.035185199999999965 0.06885250000000008
0 0.329321 0.826639 0.04506169999999997 0.041803299999999946
0 0.624074 0.518443 0.04074069999999996 0.06639339999999992
0 0.566667 0.668443 0.05308640000000005 0.035245900000000004
0 0.20895099999999997 0.296311 0.03641980000000002 0.06803279999999996
0 0.25 0.0315574 0.03209879999999998 0.0614754
0 0.973457 0.661885 0.03950619999999993 0.040163900000000086
