0 0.40945093122125403 0.46308615374656237 0.06897448408375682 0.05707039760348588
0 0.7945893431935785 0.35231278592340104 0.09297915902701372 0.042328986997060426
0 0.5466449191215418 0.42898008380072983 0.05849682190441274 0.0655091465430696
0 0.9735227731625707 0.48992090310524006 0.05295445367485859 0.0515297803804519
0 0.5612847509280414 0.8116476691342007 0.07714573970242675 0.04832515533149444
0 0.36982872477940776 0.8835834547201746 0.10601157134203826 0.03773311110558297
0 0.6084257731328688 0.32862870986552206 0.09913671922747831 0.03325848978340457
0 0.5505447072485026 0.2503056863063356 0.04987623762376252 0.061189862155614456
0 0.521393975177782 0.13057435428867392 0.12250651077223071 0.027196723805690964
0 0.4465670821136845 0.8685011415602285 0.05445696087176526 0.04110902799065393
0 0.3343140619438355 0.9250793955165645 0.04271763006051046 0.04283149433420569
0 0.9185927479283362 0.9221004656924394 0.06073487857272196 0.05055464573008563
0 0.5301562783678286 0.5662004669809637 0.06344890386710228 0.05025402692953304
0 0.42487924402230604 0.7976909781245709 0.04278211781162386 0.06917737036023547
0 0.6354164120115714 0.23972343955707046 0.09277390702033135 0.032250656759665104
0 0.3360812162755076 0.09463151751679354 0.09028890767810296 0.04845583439032088
0 0.6023708389357455 0.44467348374181676 0.04638695351016591 0.06838866946803977
0 0.6945289899360306 0.43387527277317894 0.08702685083323138 0.049095865870740045
0 0.27149432083333347 0.798534412962963 0.039387876666666696 0.03708107537037032
0 0.418882525039337 0.331302987383478 0.05620848841079618 0.061347336065573764
0 0.7214170028113922 0.4469771020817929 0.08990037892678172 0.05629467318316544
0 0.1798951938429018 0.455311196711358 0.09487297330724781 0.031387586637071536
0 0.5463049607523557 0.7570341025619763 0.07329583419197311 0.0564893359241477
0 0.8784955225837876 0.8448022016394363 0.09154114914104798 0.038064103308263535
0 0.46080071978637155 0.567470183086896 0.048586998456790195 0.06749543510482493
0 0.8323557124230941 0.28766749625782245 0.049465733610398153 0.07486759604922244
0 0.6048432381253027 0.5702556152401425 0.09813396674140644 0.031633458059841316
0 0.506800863622047 0.9381536195139456 0.06957096239040629 0.01866912752152498
0 0.7812133907216945 0.8894309836341978 0.08414865084271597 0.04788353865445332
0 0.6065417237158378 0.7955578028143908 0.0484359893176857 0.035489948406559425
0 0.7424519050106776 0.7053265842058788 0.0752575453453949 0.06250616968423388
0 0.12016278333333344 0.638213112962963 0.08499488291666661 0.04217062777777774
0 0.6250304785789864 0.7720109371734071 0.09295018330300758 0.047827248167611615
0 0.3755240942130802 0.9260723721246062 0.04460350356257455 0.04239017139729832
0 0.35009857820442997 0.5462191451033965 0.10422387512103602 0.02953760625379476
0 0.6299031064026425 0.8259908114537582 0.04828716973591358 0.05825462767177751
0 0.5263939485934022 0.6742296807243507 0.0993098188250992 0.035890447167284276
0 0.3346195223097466 0.5844844141697471 0.0789818807971739 0.04816894890255002
0 0.5187045958333333 0.08272461888888889 0.05908181499999993 0.0436247475925926
0 0.7639904425585591 0.7891955115891035 0.05033190330779291 0.04027071799280061
0 0.43417236681125576 0.12237996192914224 0.07283672561450356 0.05796985510100262
0 0.43775229397437626 0.9144875217908047 0.058874412532085786 0.06401474882579752
0 0.35305190556160754 0.24910557631522554 0.08879035796417346 0.05145691587199542
