0 0.394444 0.175 0.022222200000000056 0.06147540000000003
0 0.540741 0.9241800000000001 0.027160499999999983 0.08114749999999991
0 0.588272 0.294262 0.05432099999999997 0.036065600000000024
0 0.501543 0.984426 0.04876539999999994 0.03114749999999992
0 0.41481500000000004 0.74959 0.04074069999999996 0.056557399999999945
0 0.587346 0.25082 0.04753090000000005 0.05245900000000004
0 0.43642000000000003 0.80123 0.05185190000000002 0.041803299999999946
0 0.548457 0.0631148 0.019135800000000005 0.04262289999999999
0 0.689815 0.764344 0.05370369999999987 0.04672130000000003
0 0.570679 0.938525 0.030246900000000035 0.0754098000000001
0 0.720062 0.0118852 0.022839499999999874 0.0221311
0 0.486728 0.913525 0.029012299999999974 0.04180330000000013
0 0.525 0.8872950000000001 0.03765430000000005 0.0663934000000001
0 0.617901 0.662295 0.03580250000000006 0.06885250000000008
0 0.49660499999999996 0.870492 0.04629629999999999 0.04262289999999994
0 0.367593 0.18811500000000003 0.029012299999999974 0.06475410000000002
0 0.643827 0.691803 0.025925899999999995 0.06885250000000008
0 0.778086 0.282787 0.030246899999999893 0.04754099999999996
0 0.49691399999999997 0.562295 0.03333329999999994 0.06885250000000008
0 0.427469 0.19918 0.03271610000000001 0.07704919999999997
0 0.582407 0.334016 0.05123460000000006 0.04672130000000003
0 0.515741 0.95123 0.027777799999999943 0.07295080000000005
0 0.526852 0.564344 0.026543200000000024 0.07622950000000002
0 0.454321 0.11926199999999999 0.05802469999999998 0.035245900000000004
0 0.6408148903874759 0.14618945214958193 0.02730968077495159 0.07762570429916386
0 0.608951 0.953279 0.031481499999999954 0.07213109999999993
0 0.441358 0.383197 0.06049379999999993 0.033606599999999986
0 0.553395 0.22622999999999996 0.027777799999999943 0.06557380000000002
0 0.5174847359289008 0.1387831262657186 0.03003127185780153 0.06281165253143724
0 0.515432 0.22622999999999996 0.05308640000000005 0.057377000000000004
0 0.46018499999999996 0.638115 0.03888889999999997 0.07131149999999994
0 0.586728 0.0635246 0.05 0.05
