0 0.4213730749732391 0.751084981083578 0.03286934994647825 0.06610446216715637
0 0.36394776279169344 0.18170188571970056 0.028544922571897495 0.06775324552260022
0 0.59321 0.827869 0.027160499999999983 0.07377050000000007
0 0.48992010322914437 0.07217377468966171 0.029222806458288716 0.0754951493793234
0 0.570679 0.8864750000000001 0.05123460000000006 0.035245899999999816
0 0.625 0.9877049999999999 0.06111109999999996 0.02459019999999991
0 0.563272 0.9479509999999999 0.04876539999999994 0.03852459999999998
0 0.501852 0.706148 0.029629599999999933 0.07459019999999991
0 0.391049 0.160656 0.026543200000000024 0.07377049999999997
0 0.56821 0.8536890000000001 0.05617279999999996 0.048360700000000076
0 0.421914 0.0180328 0.033950600000000046 0.0360656
0 0.44999108279811606 0.9053868953567707 0.05433883440376789 0.04824180928645885
0 0.547348890316135 0.3759594428124704 0.034253907086277006 0.07628162607789253
0 0.606173 0.876639 0.022222200000000056 0.07950819999999999
0 0.423457 0.0786885 0.05555560000000003 0.034426200000000004
0 0.617593 0.958607 0.05987649999999997 0.03360659999999989
0 0.584568 0.9241800000000001 0.059259300000000036 0.03688520000000012
0 0.35021243712088773 0.6021083256846395 0.037461374241775536 0.06651205136927889
0 0.37284 0.11024600000000001 0.03580250000000006 0.0598361
0 0.540432 0.6924306032407846 0.03765430000000005 0.06311480000000007
0 0.520988 0.959426 0.05802469999999998 0.04180330000000013
0 0.5971881791390138 0.4274045852553776 0.04447328134232497 0.05677995106604764
0 0.381481 0.556967 0.03209880000000005 0.056557399999999945
0 0.555864 0.738525 0.04259259999999998 0.09016390000000009
0 0.459877 0.11393400000000001 0.05432099999999997 0.04426229999999999
0 0.422839 0.988115 0.03827160000000001 0.023770500000000166
0 0.6092594978395062 0.013524600000000001 0.060494304320987645 0.027049200000000002
0 0.556481 0.22049200000000002 0.022839500000000016 0.09016389999999999
0 0.38858 0.0786885 0.04382720000000004 0.0606557
0 0.40206065017840575 0.814675721129063 0.02724956954970392 0.04694913577655633
0 0.398765 0.49344299999999996 0.05679010000000006 0.036065599999999934
0 0.5097873511293085 0.207422047372785 0.02945120225861699 0.07222119474556998
0 0.516975 0.38893399999999995 0.031481499999999954 0.07622949999999998
0 0.428395 0.533607 0.027160499999999983 0.06721310000000004
0 0.510185 0.807377 0.05 0.05409840000000009
0 0.583642 0.405738 0.04506170000000007 0.06393440000000002
0 0.541358 0.55082 0.04814809999999998 0.055737700000000015
0 0.467593 0.962705 0.029012299999999974 0.07459019999999991
0 0.48487699999999995 0.563525 0.04259259999999998 0.06147540000000003
0 0.536728 0.485656 0.05123460000000006 0.048360700000000076
0 0.619136 0.247951 0.048148100000000055 0.04836069999999998
0 0.37160499999999996 0.9241800000000001 0.05308640000000005 0.03688520000000012
0 0.571914 0.0831967 0.035185199999999965 0.0614754
0 0.4881181759794476 0.7616317634795793 0.05138086062941555 0.04122050601724627
