0 0.529012 0.55123 0.05555560000000003 0.041803299999999946
0 0.499691 0.518443 0.033950600000000046 0.04672130000000003
0 0.47008547008547 0.48518284993694827 0.04843304843304843 0.04602774274905416
0 0.362963 0.0598361 0.028395100000000045 0.0721311
0 0.657716 0.288934 0.021604899999999955 0.07131150000000003
0 0.476543 0.988115 0.025925900000000064 0.022131099999999935
0 0.499691 0.315574 0.054938299999999926 0.04262290000000003
0 0.67963 0.277869 0.020987700000000026 0.049180299999999975
0 0.600926 0.282377 0.03271610000000001 0.0598361
0 0.555864 0.256148 0.03641980000000002 0.0598361
0 0.647222 0.720902 0.029012299999999974 0.03852459999999998
0 0.575926 0.270082 0.04074069999999996 0.0647541
0 0.545062 0.42622999999999994 0.03580250000000006 0.07213109999999998
0 0.47716 0.257377 0.027160499999999983 0.08032790000000001
0 0.398457 0.401639 0.04876539999999994 0.031147500000000012
0 0.540123 0.017623 0.025925900000000064 0.0352459
0 0.492593 0.216393 0.034567900000000006 0.057377000000000004
0 0.575617 0.423361 0.035185199999999965 0.07622950000000002
0 0.33765400000000007 0.0754098 0.024691400000000033 0.06393440000000002
0 0.38765399999999994 0.885246 0.020987700000000026 0.05573769999999983
0 0.430864 0.251229 0.06172839999999999 0.02377049999999998
0 0.568827 0.9877049999999999 0.04753090000000005 0.02295080000000005
0 0.452161 0.21065599999999998 0.04753090000000005 0.05081970000000002
0 0.486728 0.05286890000000001 0.03271610000000001 0.07131150000000001
0 0.419444 0.44836099999999995 0.04753090000000005 0.05081969999999993
0 0.480247 0.576639 0.05061729999999996 0.04344260000000006
0 0.381481 0.597131 0.04320989999999994 0.06311480000000007
0 0.462037 0.152869 0.04259259999999998 0.05327869999999997
0 0.4993830000000001 0.9672129999999999 0.03209880000000005 0.06393440000000007
0 0.489506 0.8176229999999999 0.025925900000000064 0.049999999999999906
0 0.668827 0.116803 0.038888900000000115 0.035245900000000004
0 0.65216 0.520902 0.05370369999999994 0.041803299999999946
0 0.425309 0.786066 0.05432099999999997 0.04262289999999994
0 0.469444 0.684836 0.05123460000000006 0.04344260000000006
0 0.278395 0.188525 0.03333330000000002 0.040983600000000016
0 0.591667 0.055327900000000006 0.05246909999999995 0.04180330000000001
0 0.589506 0.8983609999999999 0.04567900000000003 0.05245900000000004
0 0.250617 0.580328 0.04320990000000001 0.05409840000000009
0 0.6709879999999999 0.927459 0.027160500000000126 0.06311479999999989
0 0.286728 0.264344 0.03765429999999998 0.07131150000000003
0 0.418827 0.0331967 0.05740740000000002 0.0385246
0 0.529938 0.809836 0.03641980000000002 0.07049180000000001
