0 0.44182639189124273 0.8592205141289787 0.03578805783734446 0.0688907316450851
0 0.34522245888216363 0.9909149708298782 0.02560368223567276 0.016530458340243744
0 0.5061968583369362 0.26471901511768836 0.0506797329106019 0.04146201441602344
0 0.427778 0.017623 0.029629599999999933 0.0336066
0 0.44224417541072203 0.7083880582254258 0.05872094917855602 0.03896148354914831
0 0.581173 0.841803 0.04135800000000006 0.05573769999999992
0 0.467593 0.338525 0.040123500000000034 0.05245900000000004
0 0.5517104003182496 0.47189195713625054 0.024975299363500913 0.04310138572749878
0 0.5003841605514724 0.3267349291127129 0.03780592110294477 0.03735108966001151
0 0.5951961841559783 0.45860678934426236 0.026881974773022035 0.06703085583338647
0 0.480864 0.669262 0.03827160000000001 0.06639339999999992
0 0.449074 0.742623 0.05864199999999994 0.032786899999999966
0 0.5073112700892507 0.2283911038320977 0.04301684017850121 0.037109407664195446
0 0.5006232790904068 0.5165928058700645 0.03204354125714565 0.07672062031957638
0 0.410802 0.655328 0.05370370000000001 0.04344260000000006
0 0.5111207186434165 0.8566690055495313 0.0389105058365759 0.07335587165911854
0 0.509877 0.634016 0.03333329999999994 0.07295080000000005
0 0.6387029839998559 0.35730684621898323 0.02506413200028833 0.07227140756203354
0 0.6378274466926069 0.7203628225011164 0.030518706614785982 0.07566855499776737
0 0.6298145718487295 0.6580100381482427 0.051481956302541224 0.036438523703514636
0 0.593518 0.9143440000000002 0.04135800000000006 0.05327870000000016
0 0.565123 0.628689 0.029012299999999974 0.04918030000000007
0 0.688889 0.485246 0.029629600000000075 0.08032789999999992
0 0.5571119477025989 0.8543246955667539 0.0314550045948023 0.07823540886649247
0 0.6157409999999999 0.92377 0.03395059999999998 0.07049180000000001
0 0.6137758747670173 0.2823020047633476 0.058416449534034756 0.04329290952669516
0 0.6600866144605371 0.43394779992823884 0.05390047107892576 0.05013710014352236
0 0.333025 0.781967 0.030246900000000035 0.07377049999999997
0 0.599799446775472 0.7827025861963387 0.05101840644905598 0.0427924276073229
0 0.605556 0.9799179999999998 0.05432099999999997 0.03688520000000012
0 0.37808600000000003 0.40614800000000006 0.030246900000000035 0.06475410000000004
0 0.6138266374597685 0.18309320602953372 0.05062889830427064 0.03758982063851504
0 0.41652973433131574 0.32006603626809976 0.033539945277897935 0.06727368111564717
0 0.533642 0.0581967 0.05617279999999996 0.0377049
0 0.442284 0.06024589999999999 0.05493830000000007 0.048360700000000006
0 0.692284 0.905328 0.03271610000000001 0.06967209999999989
0 0.758951 0.795902 0.05 0.0540983999999999
