0 0.49487271859166493 0.40782239065668513 0.02431293718332985 0.07699238347389349
0 0.562037 0.416803 0.054938299999999926 0.031967200000000036
0 0.34321 0.009836069999999999 0.022222200000000056 0.0180328
0 0.6302470000000001 0.370902 0.04074070000000003 0.035245900000000004
0 0.6819040707396703 0.3403155709821852 0.038461179865125365 0.032910031161754914
0 0.6238972255138087 0.39653197059603906 0.0596120489723829 0.03972365880792195
0 0.679321 0.9885249999999999 0.024074100000000074 0.02295080000000005
0 0.47284000000000004 0.375 0.027160499999999983 0.025409799999999996
0 0.56142 0.35123 0.05740740000000002 0.03688520000000002
0 0.497531 0.651639 0.04074069999999996 0.04262289999999994
0 0.6308908250624421 0.29907863487160047 0.02844885012488414 0.04241886974320101
0 0.4566453731196033 0.5593458103311855 0.05337495376079354 0.04032527933762924
0 0.212963 0.633197 0.027160499999999983 0.06639339999999992
0 0.5532325433454649 0.28338849143134653 0.036744113309070084 0.06928811713730697
0 0.599691 0.27623 0.04876539999999994 0.05409839999999999
0 0.505247 0.465984 0.04506170000000007 0.05163929999999992
0 0.5028649783932777 0.5639699222140624 0.033775343213444615 0.0704206555718753
0 0.5867338407532292 0.15353435879370794 0.047541381506458244 0.0283809175874159
0 0.48487699999999995 0.620902 0.04876539999999994 0.045081999999999914
0 0.280556 0.67377 0.027777800000000016 0.07704919999999996
0 0.4752193035984443 0.9113877262982091 0.02486949280311137 0.07066704740358207
0 0.5527458625793906 0.6158224563181087 0.03648437484121883 0.058518787363782784
0 0.5789587008010418 0.4956791354093623 0.03467469839791622 0.044708029181275435
0 0.524074 0.32418 0.04938270000000004 0.05
0 0.29124732422750305 0.12381559081540794 0.026939448455006086 0.07549968163081587
0 0.3608379623260544 0.6318556847128779 0.030175175347891298 0.052681330574244414
0 0.615432 0.0290984 0.027160499999999983 0.0581967
0 0.398148 0.082377 0.030864199999999994 0.0729508
0 0.429938 0.0504098 0.04382720000000004 0.0647541
0 0.47932099999999994 0.0954918 0.04259259999999998 0.056557400000000015
0 0.34753100000000003 0.906967 0.03580250000000006 0.07295080000000005
