0 0.4528315341372379 0.12239343560808234 0.03282386827447604 0.03828594616850935
0 0.7105438772105437 0.18088170137350465 0.029696363029696374 0.04762959680992467
0 0.602453394499539 0.4539326345964346 0.032404596460455605 0.07027680730986292
0 0.4576124356718032 0.6822246185353595 0.022866504703974028 0.0690795411989947
0 0.43597119668378836 0.6905228788560488 0.02379519336757677 0.07940655771209759
0 0.44726169968418034 0.08851982462828822 0.039298018949181716 0.03645634769348075
0 0.47945023723801317 0.08379242515249714 0.0280360744760264 0.039715950304994266
0 0.44425418917599774 0.17673941600266868 0.027540821648004598 0.08422606799466258
0 0.41759300000000005 0.594262 0.027777799999999943 0.04590159999999991
0 0.4769307019915292 0.5870826851741054 0.046859511579706165 0.04457341151130792
0 0.405556 0.682787 0.04814809999999998 0.055737700000000015
0 0.5642473376362981 0.6862063916776356 0.03893796417950795 0.06171429574009796
0 0.6101455508331646 0.5092567708799904 0.060826081090197597 0.03854997163247638
0 0.46023175024404245 0.2016869893728555 0.02879001659488955 0.07937478221502099
0 0.405740290168514 0.8548223046547805 0.03965035595205916 0.06072753380399654
0 0.45541587816526985 0.6289637429699653 0.05699738668108497 0.03679550077779107
0 0.6915294924554184 0.5218579234972678 0.060013717421124796 0.04280510018214932
0 0.5863229723801322 0.10186323960160121 0.05543377134654047 0.044081035055280195
0 0.5413138928242146 0.4679614948191944 0.051460005846769685 0.04996043476962591
0 0.5086816144989951 0.041760375343118564 0.030942828997990265 0.07040605068623713
0 0.5147322710307206 0.11735131528783835 0.037503588860178044 0.07029165078154784
0 0.46487789492655673 0.8726217542180207 0.026358475263584737 0.08077061146344378
0 0.4021448268856448 0.6451206247995692 0.05003174622871044 0.058938150400861554
0 0.30725249584600706 0.6267205055872337 0.03240920830798588 0.0449195888255325
0 0.49720645219428666 0.7187088668182361 0.05722267279444893 0.037992102429101296
0 0.5409713743047077 0.33957845433255274 0.032333921222810126 0.0618507175884225
0 0.6049671346468561 0.12686808464544413 0.05226785531151303 0.050305004937094965
0 0.4936018743804631 0.8171293526385066 0.034243489231323775 0.04397511068565271
0 0.4657193810364628 0.03873902943194816 0.04247809598047652 0.0712828625238277
0 0.586638077838605 0.7711856678921861 0.03783414432279002 0.0412345642156277
0 0.42076443279715237 0.8065306944956324 0.05510986559430466 0.037650588991264756
0 0.526944219158331 0.6041342587052769 0.04685951157970624 0.0439751106856528
0 0.2661307302144249 0.4163720743528905 0.035964660428849896 0.05897284870578077
0 0.5431477142616205 0.4069066471378662 0.05074257147675906 0.04520270572426772
0 0.40329816250358885 0.1555947388486466 0.039298018949181716 0.036694624475791075
0 0.5284714830810129 0.6551964807855689 0.04676003383797434 0.061739138428862084
0 0.2291260558804418 0.4030414150129422 0.04694606887589342 0.06147540983606562
0 0.35471298549157426 0.9070240516931913 0.0286113363972245 0.07359100155558214
0 0.6291547958214625 0.9639404311535458 0.057658390991724325 0.039332252447006534
0 0.178704 0.672131 0.030246899999999965 0.05245900000000004
0 0.7484004685951158 0.7671712336963025 0.041002072632243 0.06730884288620326
0 0.6353068396864017 0.7713593394758884 0.04100207263224293 0.06730884288620326
