0 0.3988647753028906 0.392677842270063 0.009675616321302212 0.03978727694135545
0 0.4188200029067539 0.21136290370370373 0.01738424187499999 0.022962962962962973
0 0.4104679818978079 0.3656069046657169 0.01691075803429894 0.015819353192575155
0 0.4192761526041667 0.13475712740740742 0.010382262083333416 0.015057687407407417
0 0.48740623584554416 0.5092415729598445 0.014644600079745019 0.028007714821051806
0 0.3284198052724386 0.3462465038062838 0.016033271794877162 0.02846751724219711
0 0.3715899994791666 0.21889200000000003 0.02028165463541664 0.020704325925925922
0 0.4024400635902741 0.17543347369706508 0.013631938600701688 0.024804350383647637
0 0.41010104479166665 0.534162 0.014728322552083265 0.03538555851851857
0 0.4214599746201022 0.18690680378662775 0.01954132039518986 0.01933476501314736
0 0.4327155746897555 0.580588881709629 0.022135405516322256 0.011044045469631144
0 0.4529327742950473 0.21319915469465767 0.011837530624009319 0.02856272104214952
0 0.4909251426256297 0.3987110324762155 0.010260129313759532 0.02196999087835694
0 0.4581493989583334 0.5509139407407407 0.012313857552083363 0.029738920000000096
0 0.3563787291666667 0.17089554962962963 0.013521090052083315 0.028609601481481478
0 0.42146646820932493 0.5152652390592257 0.010347339310516901 0.034781929288956064
0 0.3692714963531409 0.35777046581569133 0.019259474427951537 0.02739091710195875
0 0.48482945625 0.14793258666666664 0.02028165463541664 0.021080734814814827
0 0.44004052031250007 0.4584972 0.022454665312500014 0.015810551111111164
0 0.40720975921695746 0.2034753930518169 0.015091745459903135 0.029914717694853748
0 0.2333611350520833 0.2501367851851852 0.01617700937500001 0.0252216
0 0.3984421139171373 0.42419417800025516 0.010521369353225415 0.028703349184674893
0 0.41142898489583335 0.5808411111111111 0.019315837343750055 0.00978750370370373
0 0.39295829635416674 0.5627715555555556 0.010382262083333356 0.03463264888888889
0 0.4256561516107985 0.2331681087118662 0.013967426086180327 0.03344631372002864
0 0.4193970166666666 0.3837734222222222 0.02269611963541666 0.01919855259259251
0 0.44754153068505703 0.13153906761261486 0.023935299024435194 0.009374431521526
0 0.46647924062499996 0.21456302222222223 0.014486868229166798 0.03312687555555558
0 0.5024437158732445 0.48864631838574557 0.011837530624009199 0.03574002017581782
0 0.37242450933630217 0.34346779858863774 0.018613299869062357 0.020756906526428212
