0 0.5154441081808138 0.5198698730624481 0.043233895373973215 0.034445365822542595
0 0.6240092232310132 0.1880142884480449 0.030263726761781323 0.062193021624035214
0 0.5542740493911227 0.23149507542099895 0.035708998782245316 0.07282665084199783
0 0.537963 0.0172131 0.026543200000000024 0.0327869
0 0.4181825005668444 0.47166375499138863 0.04758659886631112 0.045196490017222694
0 0.6102260171974828 0.010206034317790394 0.061192775135706465 0.020412068635580788
0 0.4857794521725033 0.5788146565557825 0.024736595654993507 0.08663358688843523
0 0.538272 0.559426 0.05802469999999998 0.041803299999999946
0 0.4846988797881539 0.6474389359682975 0.026898840423692113 0.062499228063405014
0 0.5071141647091321 0.16684158164508517 0.03858342381226885 0.06513688530331059
0 0.5723221083945814 0.9879757908193533 0.05659118321083733 0.02404751836129342
0 0.5367968116923668 0.184016 0.044444399999999974 0.05
0 0.517901 0.9885249999999999 0.04938270000000004 0.021311500000000125
0 0.658642 0.190984 0.03703700000000009 0.07213110000000003
0 0.7211401782173223 0.591951441682082 0.02623095643464492 0.04783788336416417
0 0.5435461401738964 0.13076481469668944 0.04995916798770232 0.04209989156088539
0 0.4101215352836624 0.5028066594373924 0.049238603064802815 0.05964151304458762
0 0.416049 0.20041 0.05185190000000002 0.04508200000000001
0 0.5435627416270357 0.8457388269837979 0.026453916745928886 0.07573484603240402
0 0.49492000278738535 0.1057825636952223 0.03485129442522929 0.0540094726095554
0 0.470679 0.9491800000000001 0.026543200000000024 0.0754098000000001
0 0.591049 0.722131 0.05740740000000002 0.03442620000000007
0 0.7121437720685017 0.8326227798319193 0.037440255862996444 0.06098454033616109
0 0.514506 0.886885 0.03765430000000005 0.07704919999999996
0 0.30568046088293227 0.47771416151368246 0.04099052176586446 0.0619857230273649
0 0.7505884613537013 0.7877782739044461 0.03026372676178111 0.07782101167315171
0 0.705556 0.0459016 0.05185190000000002 0.045901599999999994
0 0.6373460000000001 0.9233610000000001 0.03148150000000002 0.06475410000000018
0 0.37716 0.0959016 0.034567900000000006 0.0622951
0 0.0626543 0.268443 0.04135799999999999 0.05491799999999999
