0 0.5656966490299823 0.5562897290063566 0.05681531872008062 0.048678487788557975
0 0.48701779317286914 0.6422730667924677 0.026053231488882982 0.04462004167158081
0 0.7250849883700123 0.28854834877643143 0.03954195741635355 0.04205274411974339
0 0.48848222038843847 0.5178641768032224 0.024799227653458007 0.07969486486127006
0 0.7090713902308104 0.31587075314801616 0.05582393988191081 0.03254929912093135
0 0.5144806701632643 0.8826929384549449 0.0598253403265283 0.029321076909889703
0 0.5190792013983371 0.008104716231180996 0.024829755429579093 0.016242892730010037
0 0.5431089896258503 0.45142171260455 0.02968023188460571 0.03894312547674807
0 0.39794840964748807 0.23391832552840497 0.02792490599425417 0.08015798756572844
0 0.45548746188234596 0.6154420725714511 0.028717766527518753 0.06525926799543974
0 0.5653567620496347 0.1714954215540314 0.03784278731418481 0.0745401036968886
0 0.5437579435815066 0.10227482598695214 0.0349330924288233 0.07547711283037804
0 0.42782824753474646 0.23404474688112176 0.026399565183632245 0.07835859366945044
0 0.5775133120811288 0.4519237239963198 0.02663122416225741 0.07106054799263961
0 0.517888636936256 0.32577785212445637 0.0312421264802217 0.06139176982268314
0 0.5109662263101536 0.44173623225158914 0.026215647379692543 0.07751729555035121
0 0.5411312673217435 0.41334894613583134 0.04824892920131013 0.054533288725326236
0 0.563114134542706 0.09233857477417196 0.034769463340891864 0.07828705252592841
0 0.54522549760645 0.305955168952827 0.05291005291005295 0.055871528939444644
0 0.3764849755415793 0.17682235281987832 0.04522866682195826 0.06598618414269514
0 0.49373292239229016 0.08807292384576781 0.030674744784580512 0.04499834769153562
0 0.5250692434555304 0.05656575703412513 0.029226418379944743 0.06361662614586819
0 0.562037 0.79918 0.025308599999999966 0.07213109999999993
0 0.3033554125073856 0.2198868563405872 0.055042447989551296 0.045835570054094235
0 0.5984101607602806 0.6644848055981444 0.039523936406430385 0.05208947596021541
0 0.6024186832388511 0.07686514770826364 0.05719337174351217 0.04064909568417531
0 0.5491307634164776 0.24406155904984944 0.0453514739229025 0.056540649046503855
0 0.5202533688372469 0.847173113325476 0.05419726189515585 0.046787385263759404
0 0.27963 0.11311499999999998 0.029629600000000006 0.04426229999999999
0 0.4309661343300487 0.47563543389983454 0.034356476762185215 0.07595127086779961
0 0.629938 0.159016 0.035185199999999965 0.0754098
0 0.33300333876853794 0.11483142592019796 0.029699510831586326 0.07810083513764306
0 0.4434627074423734 0.9459266402371516 0.030527986228785015 0.07893139040680025
0 0.372602444506019 0.3351253015003475 0.056186693759428585 0.0451739503699767
0 0.4830876795162509 0.02952492472398795 0.046422272612748776 0.0590498494479759
0 0.40290216133434276 0.11507133274822147 0.05962837733131456 0.06002203450355709
0 0.5067376744936658 0.9461052180435017 0.051104117916027904 0.05785920925747341
0 0.29908583112625203 0.05447470040725848 0.038911962252504116 0.06632640081451696
0 0.5076215671453767 0.5723486115757778 0.03993449231544474 0.059718969555035153
