0 0.4589085901041667 0.9283361768518519 0.02388981578124992 0.0655108248148145
0 0.5562471369791666 0.7905081888888889 0.04168018296875005 0.05530131731481479
0 0.7371999979166667 0.9091930259259259 0.03253088656249995 0.06636153925925917
0 0.38546043541666664 0.8088002101851852 0.03151427062500005 0.06466000657407393
0 0.5315950651041667 0.9410979314814814 0.05133778734374985 0.043390277129629624
0 0.5539596276041666 0.2289868333333333 0.02287328218749991 0.05019661546296295
0 0.660860491230127 0.9850335019581777 0.048986246341829326 0.02993299608364484
0 0.6075851713541667 0.9551353425925925 0.019315208750000087 0.04253945888888874
0 0.5628552229166668 0.01729088388888889 0.05082947937500002 0.03458176777777778
0 0.5256758682362528 0.004039158515986262 0.02432844607971513 0.008078317031972523
0 0.4418807260416667 0.5403757222222223 0.043713332500000014 0.05359968083333323
0 0.5778500197916666 0.9593899527777778 0.04015525906250007 0.051047329907407436
0 0.5074510541666667 0.9750155539120371 0.02846450515625006 0.04996889217592592
0 0.6302041760416668 0.26854879166666673 0.04625478999999994 0.03403158787037036
0 0.6370658807291666 0.3229992907407408 0.02439812374999993 0.07486941027777781
0 0.44660962545498867 0.8292653025473573 0.038885731244372994 0.0509628873099734
0 0.5216833479166667 0.7824255712962962 0.04472994843749992 0.04934579722222231
0 0.6833208354166668 0.23409153518518516 0.03049765468750003 0.0689138901851852
0 0.5969109510416667 0.441259600925926 0.036597185624999896 0.061256837407407366
0 0.5196502807291667 0.9023871027777779 0.036597185625000014 0.037434757037036935
0 0.6444364697916666 0.23068909259259257 0.041171874999999976 0.04339027712962967
0 0.5572927651297078 0.9031973001976432 0.021078896651083787 0.08157883598663876
0 0.5379487088541666 0.2102702851851852 0.036597185625000014 0.06210765564814819
0 0.43476457916666666 0.360434462962963 0.03456403609375004 0.0629583700925926
0 0.39765883854166667 0.557817651851852 0.039646951093749945 0.054450499074074114
0 0.5905573072916667 0.9006848435185183 0.020840050312500105 0.0850789177777779
0 0.6711216088541666 0.9564120370370373 0.04777971390625003 0.03318076962962958
0 0.5882081620539548 0.05329716338865797 0.04765701858707629 0.04244672732938964
0 0.5275281072916667 0.27450462314814816 0.027956197187500108 0.07316787759259263
0 0.5018599135416667 0.014313149791666665 0.04472994843749998 0.02862629958333333
0 0.6180049494791667 0.12646723148148148 0.02287328218749991 0.04424099157407405
0 0.5653963510416667 0.4280722814814815 0.026431355624999972 0.07401869583333325
0 0.5892859197916667 0.4778426055555557 0.04676309796875001 0.04253945888888895
0 0.5519265604166664 0.29066985833333336 0.022873282187500028 0.07316787759259258
0 0.6833424755719385 0.0027851515177674765 0.03854367795915981 0.005570303035534953
0 0.5199038994791667 0.7016004333333333 0.033039194531250024 0.06636153925925939
0 0.4916937541666667 0.9266339175925925 0.021348358281250115 0.07572022851851844
0 0.5366781447916668 0.8543169620370371 0.021856666250000125 0.0740186958333333
0 0.6332533651041667 0.0754196939814815 0.025923047656249903 0.07316787759259258
0 0.5102466244791667 0.06265783555555555 0.035072344062499934 0.07146634490740743
