0 0.602778 0.00737705 0.022839500000000016 0.0147541
0 0.5522086247394581 0.9247552411486054 0.061207249478916044 0.031477382297211094
0 0.453395 0.573361 0.027777799999999943 0.031967200000000036
0 0.5173443151835818 0.9475305147434532 0.04062096963283627 0.04920197051309362
0 0.398148 0.743852 0.027160499999999983 0.03688519999999993
0 0.443519 0.260246 0.024074099999999935 0.05491799999999999
0 0.424691 0.197131 0.03209880000000005 0.06639340000000002
0 0.37129600000000007 0.72377 0.026543200000000024 0.06393440000000007
0 0.0132716 0.338525 0.0265432 0.05737700000000003
0 0.45994867815856977 0.028619345422610173 0.026070256317139644 0.05559929084522035
0 0.538272 0.785246 0.028395100000000045 0.03770490000000005
0 0.598457 0.393033 0.05 0.05327869999999997
0 0.427469 0.74918 0.03765430000000005 0.05081969999999993
0 0.597222 0.89959 0.022839500000000016 0.07295080000000005
0 0.603395 0.52459 0.030246900000000035 0.03934430000000009
0 0.536111 0.438525 0.031481499999999954 0.07049180000000001
0 0.4144620811287477 0.706301894826485 0.052108385441718814 0.035128805620608834
0 0.380556 0.829918 0.019135800000000005 0.031967200000000036
0 0.509259 0.11065600000000002 0.029629599999999933 0.03606559999999999
0 0.446296 0.172541 0.04074069999999996 0.06311479999999997
0 0.570679 0.882377 0.027777799999999943 0.07786880000000013
0 0.46327199999999996 0.421311 0.05123460000000006 0.02950819999999999
0 0.527778 0.9848359999999999 0.024691400000000033 0.03032790000000011
0 0.637037 0.75 0.06296299999999998 0.02622950000000002
0 0.592593 0.709836 0.030864199999999994 0.07377049999999997
0 0.53179 0.8963109999999999 0.05864199999999994 0.03688520000000012
0 0.5609148235690236 0.9693419939322973 0.027553552861952876 0.044922012135405524
0 0.455247 0.613525 0.035185199999999965 0.048360700000000076
0 0.54321 0.307787 0.024691400000000033 0.0745902
0 0.6518520000000001 0.984426 0.03333329999999994 0.03114749999999992
0 0.6345198011864679 0.4875452416436023 0.0248516915183582 0.07664466680860131
0 0.555247 0.731557 0.030246900000000035 0.06967210000000008
0 0.691049 0.984426 0.03148150000000009 0.03114749999999992
0 0.39567900000000006 0.679098 0.05679010000000006 0.045081999999999914
0 0.567380150713484 0.2472322759208005 0.055715889049222325 0.0388545880349159
0 0.63858 0.261475 0.05864199999999994 0.031147500000000012
0 0.53179 0.620902 0.026543200000000024 0.05327869999999997
0 0.52716 0.559426 0.05308640000000005 0.03852459999999998
0 0.423457 0.65041 0.04320989999999994 0.03852459999999998
0 0.503086 0.0139344 0.06049379999999993 0.026229500000000003
0 0.41203699999999993 0.396721 0.04259259999999998 0.06393439999999997
0 0.506173 0.417213 0.024691400000000033 0.05901639999999998
0 0.516975 0.761885 0.05 0.05327869999999997
0 0.305864 0.748361 0.056172799999999995 0.03770490000000005
0 0.580247 0.0680328 0.03209880000000005 0.0606557
0 0.438889 0.9065570000000001 0.03827160000000001 0.06065569999999991
0 0.607099 0.9610660000000001 0.031481499999999954 0.0663934000000001
0 0.483025 0.884426 0.026543200000000024 0.07377050000000017
0 0.434877 0.305738 0.05 0.0606557
0 0.398148 0.487705 0.044444399999999974 0.06229509999999996
0 0.457099 0.932787 0.03641980000000002 0.07049180000000001
0 0.599074 0.788525 0.05370370000000001 0.05409840000000009
0 0.632099 0.62623 0.05061730000000003 0.04262289999999994
0 0.358333 0.942213 0.04135800000000006 0.05163929999999992
0 0.801543 0.669672 0.04629630000000013 0.040983600000000016
0 0.573457 0.161066 0.05679010000000006 0.03852459999999998
0 0.284259 0.9524589999999998 0.04259259999999998 0.07049180000000001
