0 0.6223830089550055 0.9886954670538421 0.02190018208998888 0.022608865892316057
0 0.564033788059505 0.6087562544712921 0.02748832388098994 0.08084869105741586
0 0.4037578424229127 0.32684513142141247 0.025817715154174664 0.07253883715717505
0 0.5444298699490959 0.37663950778688526 0.0345385398981921 0.06639311557377058
0 0.39829726707477625 0.5757924652824179 0.03303476585044756 0.04677566943516428
0 0.396605 0.0127049 0.025308599999999966 0.0237705
0 0.5913931308876017 0.4313961619143812 0.03656895442045523 0.06021288167197572
0 0.30648099999999995 0.010245899999999999 0.02654319999999999 0.0188525
0 0.65 0.563934 0.05679009999999999 0.04426229999999999
0 0.37129600000000007 0.0168033 0.027777799999999943 0.0319672
0 0.4885510145895501 0.3652668228828374 0.03512662917910018 0.05184534576567479
0 0.36174009712714295 0.43489239375339916 0.035983851149727936 0.06176676248931706
0 0.4652655094567316 0.6514742399172558 0.030208551620736063 0.06679746065185303
0 0.6166988473465568 0.3989588998523813 0.05499970744836469 0.04428560329422728
0 0.5349802981145048 0.26783442568759225 0.0337427037709906 0.0741662486248155
0 0.525926 0.185246 0.05308640000000005 0.04426229999999999
0 0.45377080724650404 0.4980500455578432 0.02579098550699197 0.07931040888431355
0 0.33353809231759407 0.6946681001340221 0.025100984635188114 0.05654990026804445
0 0.5444385934117372 0.32786885245901637 0.040372125680182606 0.034185377981508856
0 0.36931885434000356 0.6006430132701422 0.03369860868000703 0.08144258817496708
0 0.6522732113919607 0.69190430717116 0.04528682278392129 0.03954621434231991
0 0.36568954420455213 0.4978245668557222 0.04856357147036452 0.05943594126330506
0 0.5739438503247323 0.49041469606868154 0.03970210589198992 0.06093194827130752
0 0.4416066935814172 0.3472923626757828 0.032473231525364236 0.07380933882371225
0 0.575 0.136066 0.033950600000000046 0.06885249999999998
0 0.57716 0.225 0.034567900000000006 0.06803279999999999
0 0.7046300000000001 0.422131 0.05740740000000002 0.03934430000000005
0 0.586111 0.542623 0.05 0.05409840000000009
0 0.5829296281259142 0.8317710135304173 0.036609943748171475 0.03973657293916564
0 0.509259 0.511066 0.04197530000000002 0.054918000000000085
0 0.605556 0.103279 0.025925900000000064 0.0737705
0 0.4639868936867358 0.25716727526998684 0.035691299514364255 0.07924792168440681
0 0.376543 0.353689 0.04938270000000004 0.05327869999999997
0 0.492593 0.156557 0.05679010000000006 0.04262289999999999
0 0.40474518752559835 0.2216222515733043 0.03773916096190975 0.06487452412399969
0 0.530247 0.77541 0.059259300000000036 0.04426229999999999
0 0.4337341762960038 0.9400355183571596 0.043642947407992544 0.06746906328568081
