0 0.6413579999999999 0.990164 0.027160500000000056 0.019672099999999894
0 0.514506 0.989754 0.030246900000000035 0.018852500000000084
0 0.3862484835509884 0.5112290343978015 0.026760864911153915 0.07770302283710795
0 0.5231250124973239 0.9658296493674785 0.04202514805894531 0.051662979290249045
0 0.5193161895150932 0.4825476803160239 0.02752047903018629 0.0810526541504786
0 0.39380409243559555 0.2431464469866389 0.053039784871191036 0.045309493973277694
0 0.4816972416559623 0.6827515011465934 0.05351838331192465 0.04357498500900211
0 0.4274925729965033 0.2214466027740927 0.03276194599300653 0.03469610554818535
0 0.4586898115321487 0.6654454021605231 0.04876539999999994 0.03934430000000009
0 0.20216 0.519672 0.04382719999999997 0.04426229999999999
0 0.48456800000000005 0.9774590000000001 0.025925900000000064 0.04344260000000006
0 0.4576303880717904 0.18897472167866958 0.04313499920787846 0.07500232391263145
0 0.475 0.166393 0.045061699999999934 0.06393440000000002
0 0.494136 0.504508 0.033950600000000046 0.08114749999999991
0 0.4211214864233212 0.8634560975172936 0.05478121897523731 0.033724590713541336
0 0.4875845844055519 0.6441818418885625 0.058877154253193384 0.04606291622287503
0 0.45123500000000005 0.832787 0.03333329999999994 0.06557379999999993
0 0.46049399999999996 0.48319699999999993 0.030864199999999994 0.05163929999999992
0 0.5986388430171984 0.5008907235264853 0.056908029287090565 0.03712684646546
0 0.488889 0.4467209999999999 0.05308640000000005 0.040983600000000016
0 0.662346 0.562295 0.03827160000000001 0.036065599999999934
0 0.401235 0.832377 0.05061729999999996 0.05819670000000005
0 0.5157211494398058 0.39507976666113903 0.03522450112038818 0.07377556667772196
0 0.6498929963551702 0.6027861757628162 0.04095490728965963 0.06655974847436746
0 0.44172557513737243 0.7464796088624088 0.044944049725255175 0.061138882275182445
0 0.5518215660814958 0.02450960705249692 0.046003624420181265 0.050478559040083394
0 0.698636979947192 0.6806121482043022 0.052808106758010426 0.04501089737515398
0 0.576852 0.9176229999999999 0.029012299999999974 0.05
0 0.596296 0.781967 0.029629599999999933 0.07377049999999997
0 0.5308393089952188 0.3131169857978774 0.05190198200956256 0.03114252840424523
0 0.530864 0.6595160054013077 0.029629599999999933 0.07786879999999995
0 0.41821 0.167623 0.04382720000000004 0.06147539999999998
0 0.42192963676586026 0.42855112290343983 0.033183472489830834 0.07059603904103101
0 0.4569486576750161 0.42966934737041595 0.043990799971455115 0.06525170525916799
0 0.4245056830032827 0.972524142037809 0.0497535339934347 0.04511461592438167
0 0.33372597385820313 0.5004195657324931 0.026189670780703663 0.07468441634132487
0 0.49629600000000007 0.85 0.05679010000000006 0.04262289999999994
0 0.48425900000000005 0.936475 0.054938299999999926 0.04344260000000006
0 0.41711268108185257 0.3179190751445087 0.049239991436523266 0.05969866388704633
0 0.541168716122529 0.7824360887993934 0.05660497837365316 0.03941096463564868
0 0.21481499999999998 0.9758200000000001 0.030864199999999994 0.048360700000000076
0 0.645988 0.8524590000000001 0.03148150000000002 0.05901639999999998
0 0.662654 0.969262 0.029012299999999974 0.0598361000000001
0 0.8169749999999999 0.956148 0.05246909999999995 0.031967200000000036
0 0.585185 0.9672129999999999 0.05432099999999997 0.0459016000000001
0 0.735494 0.871311 0.040123500000000034 0.05573769999999983
