0 0.00277778 0.981557 0.00555556 0.035245899999999816
0 0.535802 0.00860656 0.023456799999999976 0.0155738
0 0.583642 0.00983607 0.022839500000000016 0.0196721
0 0.471296 0.261066 0.03271610000000001 0.06803279999999996
0 0.7059860170968949 0.6780922080104321 0.054695565806210274 0.053650883979135595
0 0.42359810534979425 0.0281421043715847 0.031147410699588537 0.053005408743169405
0 0.562346 0.0258197 0.023456799999999976 0.05
0 0.601543 0.536885 0.05987649999999997 0.032786899999999966
0 0.5513520943488088 0.2066324768817825 0.03535875687706486 0.07853832492495963
0 0.500926 0.0413934 0.04753090000000005 0.03524589999999999
0 0.560372284137673 0.9868728614629905 0.05950234530490086 0.024614932811723854
0 0.412963 0.359836 0.05185190000000002 0.03770490000000005
0 0.6413579999999999 0.47582 0.027160500000000056 0.04344260000000006
0 0.49691399999999997 0.151639 0.03333329999999994 0.07049180000000001
0 0.514815 0.523361 0.06049379999999993 0.031967200000000036
0 0.5106892582768214 0.22424934101824057 0.026768883446357066 0.0744511179635188
0 0.507099 0.0127049 0.03271610000000001 0.0237705
0 0.57037 0.9524589999999998 0.029629599999999933 0.04262289999999994
0 0.509877 0.47459000000000007 0.05308640000000005 0.03934430000000009
0 0.415432 0.438525 0.04938270000000004 0.040983600000000016
0 0.517901 0.9877049999999999 0.027160499999999983 0.02459019999999991
0 0.4800507022727273 0.8898287980253353 0.05101049545454551 0.04493330394932941
0 0.514198 0.564344 0.05185190000000002 0.045081999999999914
0 0.636728 0.9786890000000001 0.027777799999999943 0.04262289999999994
0 0.62037 0.49016400000000004 0.04814809999999998 0.055737700000000015
0 0.4872616758417509 0.38728245162692493 0.031088320594837224 0.07292640325384991
0 0.421296 0.257787 0.03765430000000005 0.06803279999999996
0 0.5725354629031737 0.27920356086172865 0.05071473769310321 0.03810819884988404
0 0.509568 0.315164 0.05246909999999995 0.04508200000000001
0 0.420679 0.310656 0.04259259999999998 0.04754099999999996
0 0.457716 0.0319672 0.022839500000000016 0.0639344
0 0.528086 0.155738 0.026543200000000024 0.07049180000000001
0 0.45767840088851475 0.3643813188897168 0.03264170177702948 0.07302573777943372
0 0.4882457089375761 0.07089006966635882 0.05550301787515222 0.04755257828446086
0 0.546605 0.9397540000000001 0.04382720000000004 0.056557399999999945
0 0.5849233071455293 0.5846994535519126 0.04451926674148897 0.057625434674614964
0 0.473765 0.136885 0.03271610000000001 0.07213110000000002
0 0.6129629999999998 0.294262 0.04567899999999947 0.040983600000000016
0 0.408951 0.404098 0.05987649999999997 0.04262290000000003
0 0.49629600000000007 0.591803 0.034567900000000006 0.06885250000000008
0 0.39840525010288064 0.03328206775956284 0.03137880020576133 0.06492493551912569
0 0.528395 0.268443 0.05679010000000006 0.04836069999999998
0 0.770679 0.681148 0.033950600000000046 0.07377049999999997
0 0.48858 0.943852 0.05 0.035245899999999816
0 0.418827 0.502869 0.04876539999999994 0.054918000000000085
0 0.557407 0.335246 0.05061729999999996 0.049180299999999975
0 0.516358 0.351639 0.05123460000000006 0.05901639999999998
0 0.577778 0.431148 0.03703699999999995 0.06721310000000004
0 0.438889 0.103689 0.03827160000000001 0.06639339999999999
0 0.4533855290029929 0.5794832696472927 0.04631464199401426 0.05414786070541493
0 0.541049 0.75123 0.04135800000000006 0.05819670000000005
0 0.29876499999999995 0.338525 0.038271599999999975 0.03442619999999998
0 0.637037 0.683197 0.04197529999999995 0.07131149999999994
0 0.207407 0.8139340000000002 0.03703700000000002 0.06557380000000002
0 0.14784 0.0508197 0.03395060000000001 0.06721309999999998
0 0.6822683795600765 0.15855475796582777 0.04478335912015309 0.05809251593165552
0 0.7261503928170594 0.9893194237456533 0.03367003367003364 0.01937406855439651
