0 0.565123 0.20737699999999998 0.04629629999999999 0.0655738
0 0.5929397064814815 0.15468732090163936 0.05254651296296291 0.05691634180327867
0 0.475 0.369262 0.027777799999999943 0.07786880000000004
0 0.568519 0.988934 0.028395100000000045 0.020491800000000008
0 0.6558639999999999 0.0377049 0.05370369999999994 0.034426200000000004
0 0.497531 0.365984 0.020987700000000026 0.06639340000000002
0 0.6390048688271607 0.26284994904371584 0.03186776234567914 0.08085700191256824
0 0.534259 0.304918 0.054938299999999926 0.04754099999999996
0 0.459877 0.9827869999999999 0.023456799999999976 0.03442620000000007
0 0.510494 0.42459 0.024691400000000033 0.07213109999999998
0 0.422531 0.832787 0.05 0.04754099999999996
0 0.582716 0.736475 0.06172839999999999 0.03032789999999992
0 0.7206789999999998 0.513525 0.05493830000000007 0.03688519999999993
0 0.5013837666567105 0.6154811239952407 0.059558233313421 0.034241347990481154
0 0.532716 0.9856559999999999 0.025925900000000064 0.028688499999999877
0 0.547531 0.138934 0.03703699999999995 0.0598361
0 0.41346054420549583 0.5917899061210999 0.053324911589008386 0.04264908775780001
0 0.563272 0.772131 0.05740740000000002 0.03770490000000005
0 0.416358 0.293443 0.03888889999999997 0.06557380000000002
0 0.412654 0.803279 0.05246909999999995 0.04754099999999996
0 0.392284 0.341803 0.04382720000000004 0.05245900000000004
0 0.511111 0.116803 0.05308640000000005 0.041803299999999995
0 0.58858 0.0405738 0.027777799999999943 0.0713115
0 0.575617 0.812295 0.03271610000000001 0.040983600000000016
0 0.482716 0.809836 0.023456799999999976 0.07377050000000007
0 0.583642 0.4467209999999999 0.04259259999999998 0.05409840000000004
0 0.433333 0.322131 0.03827160000000001 0.06557380000000002
0 0.48734600000000006 0.940574 0.05617279999999996 0.04344260000000006
0 0.640741 0.413934 0.03209879999999998 0.07213110000000003
0 0.641667 0.636475 0.04753090000000005 0.048360700000000076
0 0.560494 0.0836066 0.05061729999999996 0.05245899999999999
0 0.663272 0.775 0.035185199999999965 0.07295080000000005
0 0.579321 0.611475 0.040123500000000034 0.05901639999999998
0 0.329012 0.8737700000000002 0.05061729999999996 0.03442620000000007
0 0.603395 0.940574 0.05617279999999996 0.035245899999999816
0 0.42697566380397867 0.7344530418784451 0.048517072392042726 0.050765916243109804
0 0.200926 0.602869 0.06111110000000003 0.04344260000000006
0 0.349074 0.12417999999999998 0.04629629999999999 0.07131149999999999
0 0.780247 0.693033 0.0506173000000001 0.05
0 0.3855535643170052 0.24292702273929137 0.02737953006770205 0.04164463246959277
