0 0.5935438541666668 0.456961462962963 0.06359308333333343 0.07072864888888894
0 0.3510524702635911 0.2686001608591139 0.0667195633521068 0.07291470488705322
0 0.6588052982340424 0.01878403348488544 0.052233077107078786 0.03756806696977088
0 0.6632567702764006 0.8381378215701178 0.06462950811704099 0.06370805425278116
0 0.5843740706509633 0.17324070981514944 0.05528978277700827 0.06376672481414544
0 0.7725474507118358 0.6328331446405777 0.059045457951328234 0.07097370039226636
0 0.3051713515916124 0.8884711029097165 0.03842233848344196 0.08708233892668128
0 0.7293741659655644 0.9845700725250872 0.06165373297279544 0.03085985494982529
0 0.47464936676245906 0.6828839252159736 0.048803963541666565 0.07287188185185206
0 0.5256074438913091 0.6611349371286496 0.03715929403261822 0.09532587203899717
0 0.5893112970253718 0.7742188134953076 0.06637625157966376 0.052316547863211084
0 0.3180972916666667 0.17886937037037035 0.059895833333333336 0.048223983703703746
0 0.6374425920409761 0.7936435641311452 0.02755734716804786 0.08181608492895723
0 0.4781892708333334 0.2570994000000001 0.0295782395833335 0.10394960962962961
0 0.6856061458333333 0.9846036402777776 0.04362788541666672 0.03079271944444452
0 0.48299531250000005 0.7473771777777777 0.05102238541666656 0.06215545555555553
0 0.43101258346952864 0.5033500192817411 0.06477489556094239 0.06920102708200057
0 0.5019507689093841 0.6284752823386591 0.04779103128139077 0.08991744791527417
0 0.5506560416666667 0.5239386370370369 0.045846187499999996 0.09323318333333319
0 0.714468437257228 0.14657213392597615 0.02731336506887748 0.03935552896306336
0 0.6491372606202002 0.4322626679861739 0.04046622355075975 0.09577303520120105
0 0.511465 0.755949848148148 0.03697273958333334 0.08787490481481486
0 0.6401296354166668 0.7071900888888889 0.039930515624999906 0.052510580370370395
0 0.5575463678520219 0.8406097074074074 0.06137478125000004 0.07287188185185174
0 0.5928892061873704 0.7204590757213544 0.055144698509546924 0.08065133370203036
0 0.3839084374999999 0.7516641666666666 0.07024822916666658 0.05143902925925911
0 0.5244048958333333 0.9686715703703703 0.07024822916666658 0.03750755740740706
0 0.65418 0.9958559401851853 0.03697273958333322 0.008288119629629507
0 0.4023946874999999 0.4805379407407407 0.05102238541666656 0.09001826851851875
0 0.5719134659339458 0.2180388007699874 0.061275228261397766 0.06771669876265134
0 0.5026087133837003 0.43782329231804185 0.06510707260073391 0.05542155128984223
0 0.544137795058893 0.2790721020166349 0.06744215552396232 0.062096606029406955
0 0.6789774614400053 0.47234389417169864 0.06695849940053773 0.05358227079538551
0 0.4931266246057168 0.542739047948011 0.03283344191976726 0.10492815780768201
0 0.4467619270833333 0.7446982999999999 0.02883876562499997 0.09751978
0 0.6136085185557317 0.9050436941088187 0.030544760613618393 0.09106502920559478
0 0.39109962327426817 0.11364199743625962 0.047656902798536294 0.10151894364599917
0 0.3576584895833333 0.39587677407407407 0.025141515624999992 0.12002431444444436
0 0.5491766145833332 0.6761130148148149 0.03845168750000004 0.0868032229629628
0 0.43604057291666665 0.09528027777777781 0.03401496354166689 0.10394960962962961
0 0.7243751898225359 0.29364941512916587 0.0663410482883433 0.05910025373595042
0 0.5432613020833333 0.9059800777777778 0.04880396354166668 0.09216150148148135
