0 0.531482 0.677459 0.029629599999999933 0.03852459999999998
0 0.592901 0.481557 0.04876539999999994 0.05819670000000005
0 0.617671470700637 0.6976216636185653 0.02515185859872614 0.05557537276286944
0 0.6247327564696863 0.5056776562232431 0.04329221293937244 0.03594551244648636
0 0.5769916510183218 0.44686749504020046 0.03950619999999993 0.03934430000000009
0 0.4990740000000001 0.0213115 0.025308599999999966 0.0409836
0 0.5551485829205001 0.06467839615746057 0.06293551482267833 0.031445128954787516
0 0.590123 0.72582 0.05185190000000002 0.041803299999999946
0 0.574691 0.0295082 0.022222200000000056 0.0377049
0 0.54537 0.431148 0.027777799999999943 0.040983600000000016
0 0.548765 0.713115 0.025925900000000064 0.0754097999999999
0 0.591358 0.990574 0.04938270000000004 0.018852500000000084
0 0.518915824136982 0.7687373619766106 0.03287764968939213 0.07459490772684554
0 0.51821 0.0352459 0.021604899999999955 0.0688525
0 0.573765 0.8709020000000001 0.027777799999999943 0.07622949999999992
0 0.6478746273708421 0.10078320779732694 0.028941045258315687 0.034499484405346156
0 0.5042857781847134 0.4512006976662838 0.053157543630573297 0.045139204667432445
0 0.6409961441762005 0.8567545972920779 0.030140088352401208 0.07088699458415573
0 0.506173 0.834016 0.027160499999999983 0.06967210000000008
0 0.299074 0.639344 0.03395059999999998 0.02622950000000002
0 0.5425732573379225 0.8198714397519526 0.058063585324154905 0.03730532049609483
0 0.52716 0.8758200000000002 0.034567900000000006 0.06967209999999989
0 0.544136 0.8925847045747147 0.031481499999999954 0.06557379999999993
0 0.596605 0.556967 0.05246909999999995 0.041803299999999946
0 0.5593102349060312 0.509679417784797 0.03031347916961543 0.06916566443040623
0 0.399691 0.521311 0.05864199999999994 0.027868900000000068
0 0.606173 0.022131099999999997 0.05555560000000003 0.0426229
0 0.5847702941220413 0.28979581919181374 0.031693611755917256 0.06794916161637259
0 0.544753 0.141803 0.05 0.04426229999999999
0 0.310185 0.8745900000000001 0.026543200000000024 0.08032790000000001
0 0.741667 0.32541 0.05 0.040983600000000016
0 0.3016082876798773 0.7315259610159758 0.05259847535975472 0.03846212203195153
0 0.4757442326252723 0.7825214898264224 0.03863443474945536 0.06938242034715526
0 0.241667 0.4368850000000001 0.05740740000000002 0.04426229999999999
0 0.467593 0.290164 0.045061699999999934 0.0606557
0 0.310185 0.0737705 0.052469099999999984 0.03278690000000001
0 0.383025 0.0672131 0.05617279999999996 0.040983599999999995
0 0.427778 0.931967 0.04691359999999995 0.049180299999999885
