0 0.49477246064934444 0.15267521425530564 0.05744522129868885 0.03649732851061125
0 0.43367146339545487 0.5424454422052835 0.025949516395376276 0.04489923775712646
0 0.363889 0.9635249999999999 0.04259259999999998 0.048360700000000076
0 0.517284 0.498771 0.034567900000000006 0.06311480000000007
0 0.640123 0.0590164 0.03703700000000002 0.0393443
0 0.449691 0.288934 0.031481499999999954 0.031967200000000036
0 0.598457 0.390984 0.021604899999999955 0.06557380000000002
0 0.587963 0.55041 0.05370370000000001 0.04344260000000006
0 0.43209900000000007 0.988115 0.05308640000000005 0.023770500000000166
0 0.560494 0.373771 0.05185190000000002 0.05245900000000004
0 0.305864 0.201639 0.030246900000000035 0.0622951
0 0.495679 0.366803 0.04938270000000004 0.05163930000000002
0 0.283025 0.8729510000000001 0.025308600000000035 0.036065599999999934
0 0.545062 0.326639 0.05308640000000005 0.031967200000000036
0 0.559877 0.257787 0.03580250000000006 0.05
0 0.54784 0.723361 0.05864199999999994 0.04672130000000003
0 0.408333 0.390984 0.05 0.032786899999999966
0 0.528704 0.75123 0.04382720000000004 0.054918000000000085
0 0.4903689899209719 0.25416084067296646 0.02296492015805613 0.068726818654067
0 0.42037 0.321311 0.05061729999999996 0.040983600000000016
0 0.398457 0.0192623 0.027777799999999943 0.0385246
0 0.43843666229849804 0.36110461286937456 0.026830075403003906 0.05811817426125097
0 0.660494 0.9922130000000001 0.06049380000000007 0.015573799999999926
0 0.5438588604407486 0.15776101587396887 0.03833402088149723 0.06142273174793776
0 0.532407 0.560246 0.04876539999999994 0.048360700000000076
0 0.638889 0.10532799999999999 0.06543210000000006 0.0319672
0 0.355864 0.24180300000000002 0.03641980000000002 0.06721310000000001
0 0.623765 0.452049 0.054938299999999926 0.04344260000000006
0 0.7074408152020917 0.6355905870209877 0.03326646959581658 0.08291762595802447
0 0.567593 0.118033 0.035185199999999965 0.06393440000000002
0 0.319136 0.0168033 0.027160499999999983 0.0319672
0 0.11734309098844066 0.3722434919468518 0.024808981976881334 0.07727348389370366
0 0.526235 0.602049 0.05 0.056557399999999945
0 0.1851633834276952 0.336496504268038 0.028352166855390448 0.07463150853607599
0 0.325617 0.271721 0.04135800000000003 0.056557400000000035
0 0.65679 0.270902 0.04320990000000008 0.035245900000000004
0 0.591049 0.310656 0.040123500000000034 0.0606557
0 0.6950620000000001 0.941393 0.023456799999999976 0.07950819999999999
0 0.18765400000000002 0.03975410000000001 0.04938269999999997 0.03688520000000001
0 0.430556 0.156967 0.05493830000000007 0.040163899999999995
0 0.265123 0.403279 0.04382719999999997 0.05737700000000003
0 0.442593 0.0381148 0.03333329999999994 0.0663934
0 0.6760635369977196 0.5896940586822595 0.02555634190453722 0.0339354703978282
