0 0.501852 0.679098 0.030864199999999994 0.045081999999999914
0 0.8272391287253282 0.8998120497024121 0.029094912322088537 0.051686331836692044
0 0.415432 0.653279 0.04814809999999998 0.04754099999999996
0 0.37550130303137536 0.18695323487522186 0.02677519393724942 0.07527433024955624
0 0.51358 0.646721 0.03950619999999993 0.04590159999999991
0 0.204321 0.655738 0.030864199999999994 0.05081969999999993
0 0.4702012312652355 0.35989606590790435 0.056688046237320086 0.04140657341547462
0 0.48347667566446484 0.18180821023284954 0.03721429827396395 0.08328762046569906
0 0.475 0.67377 0.025308599999999966 0.08032789999999992
0 0.5078397261991823 0.15914427455361804 0.027805646288432632 0.08476042238696878
0 0.41142 0.541393 0.054938299999999926 0.03360660000000008
0 0.435494 0.886885 0.030246900000000035 0.040983600000000016
0 0.448765 0.343852 0.04938270000000004 0.040163899999999995
0 0.521296 0.962705 0.026543200000000024 0.07459019999999991
0 0.4824803465400645 0.788156733536076 0.027632706919871103 0.08106443292784796
0 0.6518520000000001 0.239344 0.03827160000000001 0.03770490000000005
0 0.474776174490839 0.6162809158400333 0.05493830000000007 0.04344260000000006
0 0.449383 0.752049 0.03209880000000005 0.035245900000000004
0 0.4512226220492254 0.16185919087396888 0.0333100440984509 0.05322638174793776
0 0.47730787253283 0.32226664475044375 0.059750603916017934 0.047269010499112446
0 0.566975 0.596311 0.029012299999999974 0.05
0 0.472222 0.888115 0.034567900000000006 0.04344260000000006
0 0.441358 0.9262300000000001 0.05555560000000003 0.02950819999999999
0 0.396296 0.77459 0.05185190000000002 0.05081969999999993
0 0.37894921985924357 0.7471233953769447 0.05018435620822519 0.0532945092461105
0 0.589087349722812 0.17768114355487108 0.059200098517732155 0.036890949530124256
0 0.541667 0.912295 0.04876539999999994 0.036065599999999934
0 0.652778 0.662295 0.027777799999999943 0.08688519999999993
0 0.6398914838405284 0.2808812780620236 0.04206967051977671 0.0699592774355226
0 0.521914 0.336066 0.031481499999999954 0.0754098
0 0.441358 0.511475 0.03333329999999994 0.06557379999999993
0 0.409877 0.0110656 0.04074069999999996 0.022131099999999997
0 0.530556 0.459016 0.05370370000000001 0.032786899999999966
0 0.585185 0.459426 0.029629599999999933 0.07622950000000002
0 0.626235 0.695082 0.035185200000000035 0.06885250000000008
0 0.478395 0.122131 0.05308640000000005 0.04262289999999999
0 0.485802 0.528689 0.05802469999999998 0.04426229999999999
0 0.493519 0.8643439999999999 0.05 0.054918000000000085
0 0.6156974069788472 0.7461000550955413 0.05979021395769436 0.036462310191082814
0 0.44024740366831794 0.8156990141328182 0.035601756318314096 0.07477300650516872
0 0.6896674580227256 0.3573429903492743 0.05276418395454896 0.04432991930145142
0 0.3225423958520091 0.17703351739323378 0.028029936612408563 0.07299780806620024
0 0.575617 0.645492 0.05493830000000007 0.04672130000000003
0 0.39012300000000005 0.511475 0.05061729999999996 0.05901639999999998
0 0.43149912248171746 0.42324048498747 0.0444089550365653 0.06335473002506006
0 0.63535404929032 0.5300331113840451 0.03299480141935992 0.06288547723190974
0 0.485185 0.972541 0.03703699999999995 0.05327870000000016
0 0.4119227852618542 0.10557845367547247 0.032488470523708415 0.07181270735094496
0 0.8080995438940002 0.6343348397802026 0.05451001017535598 0.03237438875952803
0 0.5053844215656209 0.07184918643886394 0.0349097568687584 0.0726949271222721
0 0.7260968040516631 0.5496660313015558 0.03951041013997004 0.057606435882844365
0 0.445988 0.106557 0.04259259999999998 0.0622951
0 0.192101531970813 0.19791523166643707 0.04599370612442507 0.04637920742067318
0 0.7884703148462688 0.7532632632948731 0.037433829692537515 0.06390262658974624
0 0.6842237457773058 0.7725434218962097 0.0426631084453881 0.0581911562075807
