0 0.525926 0.798361 0.017284000000000015 0.032786899999999966
0 0.460802 0.982377 0.017901199999999947 0.03360659999999989
0 0.48642 0.279918 0.06913580000000001 0.028688499999999967
0 0.389198 0.27541 0.031481499999999954 0.036065600000000024
0 0.501852 0.991393 0.05185190000000002 0.01721309999999985
0 0.8019706019705601 0.45753482802648177 0.029392296058879337 0.07017684394703667
0 0.56142 0.376639 0.024074099999999935 0.06967209999999999
0 0.47932099999999994 0.233607 0.06358019999999998 0.02950819999999999
0 0.6764955468660968 0.50034686018285 0.03447329373219365 0.07118522036569976
0 0.530864 0.759836 0.03209880000000005 0.03934430000000009
0 0.6543210000000002 0.20041 0.03333329999999994 0.07295079999999998
0 0.427778 0.30041 0.05802469999999998 0.035245900000000004
0 0.5749051350902183 0.15075663067465322 0.057217270180436826 0.032660761349306434
0 0.486111 0.47950800000000005 0.05493830000000007 0.03770490000000005
0 0.6487649999999999 0.511885 0.023456799999999976 0.07950819999999999
0 0.4337841726733143 0.334646875220681 0.05645824534662866 0.038146350441361936
0 0.608951 0.984426 0.025308599999999966 0.03114749999999992
0 0.682099 0.717623 0.032098799999999914 0.06639339999999992
0 0.635494 0.8827869999999999 0.05370369999999994 0.032786900000000146
0 0.658025 0.612295 0.03580250000000006 0.06721310000000004
0 0.49104899999999996 0.513934 0.04876539999999994 0.032786899999999966
0 0.775 0.010655699999999999 0.04629630000000013 0.0213115
0 0.501852 0.9635249999999999 0.06049379999999993 0.035245899999999816
0 0.540741 0.06106559999999999 0.04814809999999998 0.05163929999999999
0 0.603086 0.356967 0.030864199999999994 0.05163930000000002
0 0.518519 0.157377 0.03827160000000001 0.06721309999999998
0 0.4993830000000001 0.138115 0.029629599999999933 0.07622950000000002
0 0.502778 0.882377 0.06111110000000003 0.028688499999999877
0 0.25 0.947131 0.019753099999999964 0.03360659999999989
0 0.540432 0.507377 0.05 0.032786899999999966
0 0.593827 0.0713115 0.023456799999999976 0.04754100000000001
0 0.367901 0.602869 0.05432099999999997 0.03360660000000008
0 0.37129600000000007 0.807787 0.024074099999999935 0.040163900000000086
0 0.673765 0.597951 0.033950600000000046 0.0647541
0 0.413272 0.4368850000000001 0.045061699999999934 0.05901639999999998
0 0.531173 0.097541 0.05123460000000006 0.04918029999999999
0 0.634877 0.934426 0.03148150000000002 0.07377050000000017
0 0.467901 0.8561479999999999 0.030864199999999994 0.03360659999999989
0 0.3743830000000001 0.546721 0.040123500000000034 0.057376999999999935
0 0.584259 0.271721 0.03271610000000001 0.07786880000000004
0 0.434259 0.978279 0.040123500000000034 0.03852459999999998
0 0.58858 0.9536889999999999 0.022839500000000016 0.07131150000000012
0 0.561728 0.0258197 0.05802469999999998 0.0385246
0 0.50216 0.041393400000000004 0.05 0.0614754
0 0.52963 0.42950800000000006 0.04691359999999995 0.07377049999999997
0 0.655556 0.836475 0.055555599999999955 0.04672130000000003
0 0.510802 0.659426 0.054938299999999926 0.031967200000000036
0 0.580556 0.891803 0.04629629999999999 0.0540983999999999
0 0.592593 0.67623 0.05308640000000005 0.04918030000000007
0 0.170679 0.21721300000000002 0.04012349999999998 0.0639344
