0 0.582099 0.0106557 0.018518500000000045 0.0196721
0 0.541667 0.00819672 0.04382720000000004 0.016393399999999995
0 0.5446506409904066 0.3433669408295917 0.057611418019187004 0.03621701834081655
0 0.555247 0.79959 0.03271610000000001 0.05327869999999997
0 0.5166546695800897 0.12420922323535552 0.025902739160179312 0.041860346470711074
0 0.61358 0.612295 0.030864199999999994 0.03442620000000007
0 0.587346 0.818443 0.03271610000000001 0.041803299999999946
0 0.49574204557285523 0.6173591474992168 0.02605149114571042 0.06735959995823323
0 0.5551623810647165 0.40357105565417145 0.033026657230478845 0.06891510911558946
0 0.445988 0.446311 0.04135800000000006 0.03852459999999998
0 0.6564819999999999 0.567623 0.05246909999999995 0.04344260000000006
0 0.641780897762837 0.49350252246528137 0.04113040447432566 0.0670927550694372
0 0.498765 0.111066 0.03333329999999994 0.06803280000000002
0 0.37102281224738537 0.42379374870523123 0.030935424494770707 0.0754572974104626
0 0.47946465066446486 0.47120169306411197 0.04366565031060785 0.051644854448156856
0 0.5184338255091611 0.50123 0.05617279999999996 0.03852459999999998
0 0.47037 0.610246 0.04814809999999998 0.05
0 0.6332488255091611 0.36027941088023385 0.048765400000000014 0.05409839999999999
0 0.495988 0.0217213 0.03641980000000002 0.0418033
0 0.574691 0.768033 0.044444399999999974 0.06557379999999993
0 0.6544898718211842 0.5273361352224079 0.05454939058740265 0.05110198036441472
0 0.562037 0.629918 0.04753090000000005 0.05819670000000005
0 0.46574100000000007 0.722951 0.05493830000000007 0.03114749999999992
0 0.491975 0.888115 0.05061729999999996 0.031967200000000036
0 0.464815 0.402869 0.05185190000000002 0.054918000000000036
0 0.570988 0.887705 0.03333329999999994 0.05901639999999998
0 0.579012 0.15041 0.03333329999999994 0.0647541
0 0.554321 0.263934 0.04074069999999996 0.06885249999999998
0 0.546605 0.9581970000000001 0.031481499999999954 0.07377050000000017
0 0.35962688111189745 0.11649250787563956 0.03406856222379491 0.03954291575127909
