0 0.540432 0.187295 0.022839500000000016 0.03852460000000002
0 0.513272 0.0139344 0.025308599999999966 0.026229500000000003
0 0.400617 0.619262 0.027160499999999983 0.02704919999999995
0 0.5487050791104189 0.1246973656733568 0.028700375989384987 0.07387782878811092
0 0.5178636582323757 0.817948634230887 0.028077921795315496 0.07851976846177412
0 0.46358 0.372131 0.027160499999999983 0.08032790000000001
0 0.4685190000000001 0.652459 0.03209880000000005 0.040983600000000016
0 0.5766672772095305 0.835100567546346 0.021235654419060706 0.02889492741688389
0 0.7381562247605861 0.022215412900260457 0.029398869274258586 0.044430825800520914
0 0.48179000000000005 0.010655699999999999 0.035185199999999965 0.0213115
0 0.5469138157407407 0.023770475 0.03086466851851852 0.04754095
0 0.4851736471674166 0.4167305040600582 0.05422868351217261 0.030641948827945395
0 0.422839 0.601639 0.034567900000000006 0.06885250000000008
0 0.524074 0.4151639999999999 0.020987700000000026 0.07622949999999998
0 0.5290991101332642 0.27539085943772024 0.05785207973347182 0.03446488112455954
0 0.501543 0.236066 0.05370370000000001 0.04262290000000003
0 0.59537 0.332787 0.033950600000000046 0.0754098
0 0.3984769822718357 0.7006703000076604 0.060320755659397714 0.04036309233951277
0 0.555556 0.679508 0.05679010000000006 0.032786899999999966
0 0.57963 0.722541 0.05432099999999997 0.041803299999999946
0 0.19660499999999997 0.0971311 0.022839500000000016 0.06967209999999999
0 0.592593 0.9811479999999999 0.028395100000000045 0.03770489999999986
0 0.509568 0.317213 0.05617279999999996 0.03770490000000005
0 0.535185 0.4668030000000001 0.04567900000000003 0.040163900000000086
0 0.462346 0.49836099999999994 0.05802469999999998 0.040983600000000016
0 0.22037 0.120902 0.020987700000000026 0.08114750000000001
0 0.557716 0.427049 0.035185199999999965 0.06393440000000002
0 0.508951 0.123361 0.033950600000000046 0.07131149999999999
0 0.581173 0.246311 0.035185199999999965 0.04836069999999998
0 0.50463 0.689344 0.05740740000000002 0.036065599999999934
0 0.665432 0.968033 0.03827160000000001 0.05081970000000011
0 0.501235 0.355328 0.04567900000000003 0.04672130000000003
0 0.536111 0.9848359999999999 0.04629629999999999 0.03032790000000011
0 0.614506 0.221721 0.05370369999999994 0.04508200000000001
0 0.467593 0.136885 0.04876539999999994 0.057376999999999984
0 0.33827199999999996 0.681148 0.030864199999999994 0.07704919999999996
0 0.516975 0.759426 0.04135800000000006 0.06639339999999992
0 0.397222 0.168443 0.027777799999999943 0.040163899999999995
0 0.490741 0.9717209999999998 0.04074069999999996 0.04344260000000006
0 0.58179 0.194262 0.05370370000000001 0.04590160000000001
0 0.498148 0.186066 0.04320989999999994 0.05245899999999999
0 0.699383 0.147131 0.03827160000000001 0.04836069999999998
0 0.6129051562074536 0.5459707464340432 0.04085588758509296 0.06237201224911909
0 0.564198 0.307377 0.04814809999999998 0.05245900000000004
0 0.617901 0.42582000000000003 0.03950619999999993 0.0729508
0 0.44567899999999994 0.057377 0.028395100000000045 0.0819672
0 0.631173 0.971311 0.05 0.0540983999999999
0 0.322531 0.185246 0.03395060000000001 0.04426229999999999
0 0.727778 0.909836 0.03580250000000006 0.06885250000000008
0 0.5344986731279566 0.21679178795771406 0.04788277373947149 0.052091313007507245
