0 0.47858694375000005 0.523543625925926 0.03595935749999999 0.054136262037036954
0 0.4913464854166667 0.2544087425925926 0.05451904104166664 0.02938824305555556
0 0.2851605604166666 0.681312187962963 0.045819157083333284 0.03866878555555554
0 0.34837854583333333 0.649217462037037 0.026099557916666665 0.07192394490740736
0 0.5455754770833334 0.9148717055555556 0.04929909187499989 0.03557527138888885
0 0.6450435270833333 0.25324915833333334 0.05567905062499996 0.02861493527777781
0 0.5592050729166667 0.5138763351851852 0.020879608750000025 0.044082411759259275
0 0.4207181107070714 0.4991561469925414 0.032740835789142865 0.06104408741100842
0 0.5623949583333333 0.21844653425925925 0.04697916666666669 0.03944218768518521
0 0.4379875479166666 0.784944487962963 0.024359543541666716 0.05877658046296288
0 0.49018609999999996 0.8684694648148149 0.028999487916666667 0.027841533148147985
0 0.4611868 0.5490648583333333 0.028999487916666667 0.040215495462962915
0 0.5110664604166666 0.05681124462962963 0.053359031458333386 0.03170844944444446
0 0.6914429708333333 0.9434867351851851 0.04871918104166658 0.024748018981481396
0 0.5145457375 0.8530014222222222 0.024359543541666716 0.04485581388888883
0 0.6418536416666666 0.20645913148148148 0.04697916666666657 0.03866878555555557
0 0.3898479958333334 0.8220662805555556 0.04523915229166668 0.051042842222222225
0 0.5594954041666667 0.678992075925926 0.04465924145833332 0.05722977620370355
0 0.4643766854166667 0.7698642314814814 0.028419483125000037 0.0425357018518518
0 0.5592050729166667 0.27219595370370375 0.05451904104166664 0.03712207564814818
0 0.5035263041666667 0.7424087861111112 0.038279282708333244 0.05877658046296288
0 0.74074196875 0.35340081851851846 0.057998975833333334 0.032481757222222206
0 0.554565375327289 0.941018580019432 0.05335896127957825 0.031230903106248424
0 0.5942947520833334 0.9187382444444444 0.034219437083333186 0.037122075648148074
0 0.16162226458333334 0.8622818703703703 0.020299603958333367 0.07269734703703702
0 0.5215061708333334 0.7965450481481481 0.02783947833333329 0.032481757222222365
0 0.4063780854166667 0.17436440555555555 0.029579492708333235 0.05954998259259257
0 0.6221336666666666 0.04637064611111111 0.024939548333333405 0.06341680453703705
0 0.3944885979166666 0.33290665277777776 0.025519553124999976 0.042535701851851904
0 0.55369535625 0.37698878148148146 0.044659241458333436 0.056456468425925894
0 0.6082146791666666 0.8278670324074073 0.02261962312500015 0.04408241175925906
0 0.37447829166666663 0.8580284888888888 0.046979166666666634 0.02552142111111106
0 0.6293844312500002 0.64689735 0.026679562708333292 0.0672837208333333
0 0.6563532916666667 0.8433341314814815 0.0353793527083333 0.06728372083333362
0 0.47568645000000004 0.09896019824074075 0.024359543541666716 0.0757908612037037
0 0.4927962625 0.026021503243653727 0.04001929708333331 0.024748018981481476
0 0.4637969625 0.04482393620370371 0.043499231875 0.05258955212962963
0 0.2602202604166667 0.6364563740740741 0.019139688333333342 0.0742440569444444
0 0.4336372770833334 0.9284055351851852 0.031899417916666666 0.058003178333333426
0 0.28574028333333334 0.6329766777777778 0.021459613541666655 0.06883043074074077
0 0.43914699374999994 0.17900462962962962 0.045239152291666626 0.042535701851851855
0 0.5393516739671457 0.03230239448767202 0.05309049230929155 0.027546468697566256
