0 0.5741097552272889 0.4527148678101014 0.027117676443302687 0.04501089737515407
0 0.5693019216834369 0.33457797098218517 0.046010443366873585 0.04438523116175498
0 0.424383 0.010245899999999999 0.026543200000000024 0.0188525
0 0.6212840159173624 0.33566296149199276 0.05866736816527502 0.03359257701601436
0 0.643519 0.43319700000000005 0.04629630000000006 0.03688519999999998
0 0.314506 0.634016 0.03271610000000001 0.05819670000000005
0 0.5315884317312496 0.387889819283616 0.0265255557196889 0.06758243856723206
0 0.334568 0.990984 0.029629599999999933 0.016393400000000106
0 0.518827 0.257787 0.04876539999999994 0.04508200000000001
0 0.564506 0.943852 0.025308599999999966 0.07786880000000013
0 0.442593 0.0922131 0.03333329999999994 0.056557400000000015
0 0.4672839999999999 0.645492 0.04938270000000004 0.054918000000000085
0 0.528712455164847 0.9821541747536245 0.05121638967030618 0.03405155049275104
0 0.470988 0.147131 0.023456799999999976 0.07950819999999999
0 0.539506 0.294262 0.029629599999999933 0.036065600000000024
0 0.353086 0.647951 0.025925900000000064 0.07786879999999995
0 0.533642 0.820902 0.04753090000000005 0.035245900000000004
0 0.4081458020320417 0.4773169459798161 0.028638104064083337 0.061190991959632283
0 0.5904162064440163 0.5356938567824315 0.02904478711196753 0.074514786435137
0 0.550309 0.315164 0.03888889999999997 0.06967209999999999
0 0.611728 0.834426 0.024691400000000033 0.03114749999999992
0 0.39012300000000005 0.9647540000000001 0.024691400000000033 0.06885250000000008
0 0.591667 0.933607 0.030246900000000035 0.07213109999999993
0 0.476543 0.384016 0.04567900000000003 0.056557400000000035
0 0.758951 0.991393 0.0561728000000001 0.01721309999999985
0 0.520679 0.9389339999999999 0.04876539999999994 0.056557399999999945
0 0.358642 0.711885 0.04197530000000002 0.06147540000000003
0 0.5361289300827803 0.19053607067658485 0.04749513983443939 0.06646965864683028
0 0.46644921533575967 0.602349869281247 0.052287569328480624 0.05431596143750584
0 0.640741 0.868033 0.03209879999999998 0.07377050000000007
0 0.495988 0.358607 0.05246909999999995 0.04508200000000001
0 0.558025 0.860246 0.05061729999999996 0.04672129999999994
0 0.4440251442892314 0.722185631547901 0.03170261142153719 0.05235003690419775
0 0.638889 0.0286885 0.04074069999999996 0.0360656
0 0.554012 0.020082 0.033950600000000046 0.0385246
0 0.344444 0.218852 0.05185190000000002 0.03278689999999999
0 0.46142 0.0709016 0.040123500000000034 0.056557400000000015
0 0.521605 0.772131 0.05555560000000003 0.04262289999999994
0 0.334877 0.0209016 0.035185199999999965 0.0401639
0 0.348148 0.9450819999999999 0.044444399999999974 0.06065569999999991
0 0.609568 0.668443 0.04135800000000006 0.06311480000000007
0 0.40925899999999993 0.05942619999999999 0.04074069999999996 0.05819669999999998
0 0.44814800000000005 0.8991799999999999 0.04814809999999998 0.04754099999999996
0 0.5810710892688933 0.12991089629489244 0.04032672146221365 0.07788300741021512
0 0.751235 0.692623 0.03580250000000006 0.06393440000000007
