0 0.5802602374047806 0.39895370348796655 0.054346874809561366 0.03397260697593302
0 0.39074099999999995 0.614754 0.025925900000000064 0.03934430000000009
0 0.5778291561555757 0.4342436048462991 0.05658229709257856 0.0348961178274575
0 0.568827 0.731557 0.04876539999999994 0.03852459999999998
0 0.713200424002849 0.5128709648768832 0.030389451994302014 0.041471670246233605
0 0.2639917695473251 0.030874316939890713 0.0345679012345679 0.060655737704918035
0 0.528395 0.528279 0.029629599999999933 0.03032789999999992
0 0.492901 0.617213 0.024074099999999935 0.04426229999999999
0 0.5458756332210999 0.4899735264489153 0.025533533557800213 0.07251204710216928
0 0.4956610612563544 0.6923817330761813 0.0247280774872912 0.05785893384763739
0 0.5857107962048469 0.47358395227272726 0.055738007590306435 0.03807699545454554
0 0.519136 0.595902 0.04320989999999994 0.040983600000000016
0 0.572839 0.620902 0.034567900000000006 0.035245900000000004
0 0.48858 0.570492 0.05 0.03442620000000007
0 0.685802 0.9004099999999999 0.023456799999999976 0.04180330000000013
0 0.53179 0.783197 0.025308599999999966 0.07950819999999999
0 0.508333 0.281967 0.03765430000000005 0.036065600000000024
0 0.6879630000000001 0.504508 0.027777799999999943 0.05327869999999997
0 0.533025 0.852049 0.06234569999999995 0.030327900000000015
0 0.665123274074074 0.42235786208580395 0.03395025185185179 0.037251475828392
0 0.443827 0.608197 0.04567900000000003 0.04262289999999994
0 0.24950152295821462 0.36897842799495584 0.02616314591642924 0.0773016559899117
0 0.596296 0.863934 0.05061729999999996 0.04754099999999996
0 0.662654 0.9168029999999999 0.05246909999999995 0.04344260000000006
0 0.591049 0.525 0.04506170000000007 0.05327869999999997
0 0.379321 0.335246 0.021604899999999955 0.05245900000000004
0 0.537654 0.619262 0.04197530000000002 0.0598361000000001
0 0.6479417601252061 0.3293638283931771 0.05564344531164098 0.03417736743877345
0 0.44485815139873913 0.39668635230205784 0.028802197202521626 0.044331895395884224
0 0.520679 0.552869 0.05370370000000001 0.05
0 0.44537000000000004 0.259426 0.035185199999999965 0.0647541
0 0.5149920629892303 0.42316857905476096 0.030509474021539237 0.06677664189047777
0 0.19755463922127253 0.5379572666456494 0.028442478442545112 0.07099593329129886
0 0.661728 0.488115 0.03703700000000009 0.05819670000000005
0 0.49104899999999996 0.314754 0.05123460000000006 0.05081970000000002
0 0.315432 0.533607 0.05061730000000003 0.0393442999999999
0 0.573765 0.9012300000000001 0.040123500000000034 0.07131150000000012
0 0.34197500000000003 0.508197 0.05308640000000001 0.04754099999999996
0 0.538889 0.9176229999999999 0.04938270000000004 0.058196699999999865
0 0.409568 0.261885 0.04382720000000004 0.05327869999999997
0 0.6398149999999999 0.754098 0.05493830000000007 0.040983600000000016
0 0.545679 0.0360656 0.05432099999999997 0.0377049
0 0.22715999999999997 0.025 0.04197530000000002 0.048360700000000006
0 0.39012300000000005 0.8241799999999999 0.05555560000000003 0.06147539999999993
0 0.4104940000000001 0.477459 0.03827160000000001 0.06967210000000008
0 0.533642 0.17582 0.033950600000000046 0.03852459999999998
0 0.49691399999999997 0.8221309999999998 0.03827160000000001 0.06393439999999997
0 0.427161 0.894262 0.04320989999999994 0.06229510000000014
0 0.629321 0.238115 0.03888889999999997 0.06147540000000003
0 0.9540120000000001 0.0286885 0.038888900000000115 0.0426229
0 0.658333 0.111066 0.035185199999999965 0.06803280000000002
0 0.307407 0.19590199999999997 0.044444399999999974 0.040983599999999995
0 0.5237268694058818 0.48055880023093134 0.020426711784736436 0.05726292611538506
