0 0.48339447938504543 0.22787744441007665 0.02805730258560454 0.030507727027986885
0 0.7951792121583872 0.43190490282842836 0.02093913604221965 0.015330362318425727
0 0.549953775 0.4987726277777778 0.03870371999999988 0.017108387592592558
0 0.6098724303837222 0.4868267550654566 0.02307842326744402 0.03280056605683923
0 0.5478684560486548 0.19169233747890677 0.04592908540269054 0.017380734116260545
0 0.5867690959079129 0.3739787466687389 0.022704381815826125 0.015088877041181462
0 0.45389587700908457 0.1461015454055974 0.021331236897274584 0.02974819855426105
0 0.6390532170395652 0.43006733724156654 0.023464163822525565 0.026332912669845405
0 0.527155172663143 0.36932362366648896 0.03625658679354705 0.02233828640195428
0 0.5686233403214535 0.20274971073764766 0.044007686932215385 0.015443745632424882
0 0.2054157931516422 0.22243415701504163 0.023252969951083162 0.029241846238443784
0 0.5737891157142745 0.10753037611704289 0.0497071939285488 0.014228927419270945
0 0.5962962962962963 0.3553620089064614 0.04605928454051333 0.021180821060527915
0 0.5393496618949091 0.4737685740029938 0.035853198015263744 0.02548557818352632
0 0.664282275 0.50145655 0.04226854499999995 0.013082872592592467
0 0.5709106002529706 0.48193979163083 0.028350079989571477 0.030438454913033455
0 0.4695986271088516 0.40237030982046684 0.033527432926779115 0.024710487035596727
0 0.5516274807230438 0.35375913596134045 0.0425831121223613 0.020493875512618824
0 0.5504627999999999 0.23359309074074078 0.0376851749999999 0.020127493148148125
0 0.5106901776064183 0.4107022897467704 0.025039187196466924 0.017892746703018794
0 0.5041012627852026 0.20826267139168128 0.03968356807040537 0.02112745074632553
0 0.5863589017060896 0.40297478651176455 0.02769617712125516 0.03128691652930339
0 0.6133295411452409 0.30853522072399703 0.038064087978763914 0.02713434914240596
0 0.5444144229553786 0.4337882922927403 0.04866641385412714 0.012250528937710689
0 0.5308052980772027 0.29235926929389927 0.0421657911544053 0.016895628032242864
0 0.5827528517893955 0.1876288099934415 0.047265086078791305 0.02011475517206812
0 0.6587535465189293 0.47618195765594085 0.04107273252148905 0.022490665672056574
0 0.5749075500000002 0.2686481925925926 0.038703719999999935 0.015766549259259247
0 0.497754375 0.26026165185185185 0.03412035000000006 0.021804801296296243
0 0.6974565563647135 0.4576207922726293 0.022066409454872725 0.030990265275803903
0 0.540532275 0.4048443537037037 0.03513889499999999 0.02851395203703704
0 0.5801320945518896 0.29617020086163487 0.03145936038427498 0.028966203936829936
0 0.5359494 0.17069444444444443 0.024953692500000103 0.02583031629629628
0 0.588911925 0.24667588148148145 0.034120350000000126 0.025494846481481502
0 0.48128057302585603 0.15325377186651545 0.03036338225017475 0.02835572968576372
