0 0.550309 0.367213 0.025308599999999966 0.0393443
0 0.6303180084045583 0.4112548481399748 0.027017783190883184 0.0709334037200505
0 0.437963 0.477459 0.04259259999999998 0.03032789999999992
0 0.561728 0.67582 0.04197530000000002 0.02540980000000009
0 0.515432 0.612705 0.04691359999999995 0.05327869999999997
0 0.7546533182336181 0.6522066337641866 0.036372163532763506 0.06607783247162671
0 0.509568 0.390574 0.020370400000000066 0.06967210000000003
0 0.635494 0.255738 0.04629630000000006 0.049180299999999975
0 0.550617 0.614754 0.04691359999999995 0.06557379999999993
0 0.559259 0.989754 0.03209880000000005 0.020491800000000008
0 0.461728 0.161066 0.027160499999999983 0.03196719999999999
0 0.489506 0.4475410000000001 0.04691359999999995 0.04590159999999991
0 0.665432 0.0147541 0.025925899999999925 0.0295082
0 0.72037 0.989754 0.03827160000000001 0.020491800000000008
0 0.574074 0.613115 0.03827160000000001 0.06393440000000007
0 0.534877 0.0680328 0.030246900000000035 0.0606557
0 0.523765 0.65123 0.05617279999999996 0.03032789999999992
0 0.587654 0.190164 0.05679010000000006 0.02950819999999999
0 0.492284 0.693033 0.040123500000000034 0.06311480000000007
0 0.680864 0.536066 0.04320990000000008 0.057376999999999935
0 0.614815 0.45082 0.035802499999999994 0.07049180000000001
0 0.451852 0.868033 0.05679010000000006 0.03114749999999992
0 0.465123 0.503279 0.05123460000000006 0.05409840000000009
0 0.428395 0.159426 0.05308640000000005 0.04344260000000001
0 0.6398149999999999 0.745082 0.06604939999999995 0.036065599999999934
0 0.39074099999999995 0.8590160000000001 0.030864199999999994 0.040983600000000016
0 0.374691 0.545492 0.05555560000000003 0.041803299999999946
0 0.536728 0.475 0.05987649999999997 0.04672130000000003
0 0.52963 0.147541 0.05555560000000003 0.0377049
0 0.432716 0.107787 0.04938270000000004 0.051639300000000006
0 0.49321 0.0672131 0.04691359999999995 0.0622951
0 0.480247 0.263115 0.059259300000000036 0.036065600000000024
0 0.454321 0.753689 0.04691359999999995 0.05163929999999992
0 0.6564819999999999 0.811066 0.035185199999999965 0.07131149999999994
0 0.7064810000000001 0.0459016 0.0561728000000001 0.045901599999999994
0 0.696914 0.8672130000000001 0.05185190000000002 0.040983600000000016
0 0.37160499999999996 0.273361 0.05432099999999997 0.04508200000000001
0 0.85463 0.4475410000000001 0.0561728000000001 0.04590159999999991
0 0.528086 0.8450819999999999 0.05740740000000002 0.03442620000000007
0 0.465123 0.9286889999999999 0.04753090000000005 0.0540983999999999
0 0.729012 0.798361 0.059259300000000036 0.04590159999999991
0 0.596914 0.898771 0.04320989999999994 0.045081999999999914
0 0.349383 0.0741803 0.05185190000000002 0.05327869999999999
