0 0.424383 0.189754 0.05740740000000002 0.030327900000000015
0 0.6042260208926875 0.60286622530475 0.031259892371003475 0.06475935266918875
0 0.5196330589849107 0.4186020036429873 0.03515089163237312 0.038023679417122064
0 0.45915778792491113 0.27710051008950626 0.03672295909738833 0.03962015976388309
0 0.5663516609392898 0.01204157512252831 0.0598638157057401 0.02408315024505662
0 0.6650425000734862 0.9781324795667448 0.02570522354497351 0.04662405359094434
0 0.6419238914609053 0.9824110021857924 0.02355971707818923 0.03517719562841525
0 0.5711638693121693 0.8435940699258392 0.03492093862433855 0.06095783985167842
0 0.6362786705617445 0.3269596687043125 0.05329938483826799 0.042733732494917555
0 0.49988401762932033 0.62698928779219 0.05721796953529727 0.03901570895650086
0 0.5217746484869772 0.20400691830065285 0.02697328039793787 0.08186457602581561
0 0.3252604077947228 0.11608383649148184 0.039384776276930496 0.05793197343297977
0 0.4058022353282302 0.8896841225495397 0.04148152934353991 0.04316919653478903
0 0.44988272893631276 0.792292686265786 0.029639939173690073 0.07495123036380437
0 0.4685791548506921 0.3821619066231433 0.053395192267642645 0.036099657287222094
0 0.49189437317291196 0.2542427256103429 0.05435964340073929 0.04427191941227423
0 0.4963421695894224 0.6660673225007699 0.05373438295316885 0.04607816173380337
0 0.5874890614510192 0.9117034292754714 0.05665033094863768 0.04134723980971278
0 0.4780792702131498 0.8139780195968377 0.044898187839892835 0.06648935592593867
0 0.299383 0.988934 0.05308639999999998 0.022131099999999935
0 0.6076146771955954 0.8324577396498772 0.03771009299270103 0.055908096032017594
0 0.40524699999999997 0.160246 0.04753090000000005 0.035245900000000004
0 0.6907845318552722 0.2968673907900428 0.05546723628945565 0.042672884439205895
0 0.7790282772055318 0.5279251315802435 0.032067045588936666 0.07857593683951308
0 0.45200907239877314 0.6884219172456277 0.05219206680584547 0.04962524384818095
0 0.5360289799442548 0.8413403949484924 0.026927930764047703 0.07961429207022828
0 0.6549983067023799 0.5964596704958914 0.042794248945537454 0.06254854666612161
0 0.7446661124965365 0.5656964147009526 0.05372371540285101 0.05539430113241485
0 0.42645677133246895 0.38085970221609117 0.04283405678636525 0.06523870121444793
0 0.4127104926191684 0.2935420743639921 0.045782899664178166 0.05838760386256454
0 0.4288585048893013 0.9379043865010781 0.05777050278615428 0.05170414667339725
0 0.4677305976689977 0.14532263876533302 0.05521479533799538 0.05785867753066604
0 0.30183369644153957 0.09854146576663451 0.040244492858871904 0.0431935069109611
0 0.44483601020515995 0.8917612153889594 0.03767146782391286 0.07314617526609407
0 0.6117801951135285 0.1391436432420039 0.036475869809203164 0.07193626046085064
0 0.6212768712768713 0.19961595781267913 0.05072088405421735 0.03295884443425425
0 0.6775464998859897 0.36225615294779184 0.059611062249584734 0.047147367965742454
0 0.5899691358024691 0.9743169398907104 0.05339506172839506 0.04972677595628403
0 0.7331496178718401 0.9737070647931304 0.04728101116990004 0.0509465261514442
0 0.3771351259935734 0.4708703602707644 0.04010533690898993 0.07266369381797182
0 0.5271163440917108 0.965183225019516 0.044532511816578475 0.054878549960968026
0 0.22043694020818205 0.1838235294117647 0.04841442749939482 0.04540340726454517
0 0.12150706684565965 0.389613941479521 0.0404720693351136 0.059201635515699666
