0 0.499764779651834 0.7967713562124071 0.055404271409539 0.04639124205094936
0 0.5029864996891376 0.43327632975586733 0.03208544275690554 0.051303219719306514
0 0.6139532818189891 0.8221046113928527 0.057731592503774805 0.034644415615048926
0 0.5939137578825828 0.48841254864960487 0.02675637267963406 0.07577544521759648
0 0.5743817740801184 0.9897968623638059 0.030248051839762945 0.020406775272387906
0 0.3216599625993155 0.8391291612806362 0.04803817480136899 0.034856277438727476
0 0.4902189359623412 0.7678529307701378 0.03941291411315391 0.037003184337775614
0 0.5658852107713829 0.7656208790629792 0.031077078235189556 0.04235182602311578
0 0.43910571308622254 0.8192005099408161 0.06329451000867742 0.042319663091185254
0 0.49459302295941027 0.5696103081407005 0.059530536370903275 0.03780497635924045
0 0.5013232514545899 0.976655825803441 0.02821769462168448 0.04504900413082292
0 0.4553024247268851 0.38462672484962845 0.061506350475175366 0.034496992569878523
0 0.4998933418659841 0.09595297949934496 0.05986187771644939 0.033990723365081604
0 0.5308755155009326 0.4112869206333294 0.026045398521182997 0.07995004126665876
0 0.014297385620915032 0.4138500482160077 0.028594771241830064 0.07032304725168753
0 0.47685490771299355 0.9788143158578153 0.029006233956728997 0.04397825028404478
0 0.42370718660414947 0.786318150991201 0.05618651062793357 0.032804950178075665
0 0.4586133055000444 0.5487350229773558 0.03215688899991124 0.05990665404528852
0 0.587654 0.8770489999999999 0.044444399999999974 0.049180299999999885
0 0.5609401367794653 0.6676789715768369 0.028310684785504903 0.07783936784998235
0 0.645988 0.261885 0.03148150000000002 0.06639340000000002
0 0.5801469935162981 0.42848508078782865 0.04585220712319031 0.04378464441561505
0 0.472732924771294 0.6867702559264064 0.026645350386357583 0.07503832999174435
0 0.5021598272138229 0.061519668590447184 0.05772871503613041 0.03593810855787275
0 0.5818033806998846 0.5994605242776271 0.03632218433253385 0.0662635250972992
0 0.47752234872546406 0.2960311277715532 0.04482207579714 0.07281567817549237
0 0.4598720223798739 0.2779839985817903 0.03356409982680524 0.06770287155914616
0 0.538889 0.945902 0.03209880000000005 0.03934430000000009
0 0.331173 0.748361 0.025308599999999966 0.05245900000000004
0 0.5302604575517363 0.8962466104994692 0.04614930427657865 0.05383299671541446
0 0.4516386890487609 0.48539037622361125 0.05218047783995024 0.05587333411958958
0 0.5038191668887112 0.2117732043873098 0.048183675281996644 0.06235994810708808
0 0.43715027977617904 0.6208721547352282 0.026312283506528075 0.08417855879231038
0 0.5304449777067235 0.8226884230451703 0.04259259999999998 0.045081999999999914
0 0.532099 0.8545080000000002 0.05432099999999997 0.04672129999999994
0 0.494136 0.9241800000000001 0.031481499999999954 0.07295080000000005
0 0.20247749353300115 0.34600641723797637 0.02689386583548219 0.07389942410239723
0 0.44569899635846877 0.7402848213232692 0.044519939603872495 0.06235994810708811
0 0.519753 0.9581970000000001 0.03580250000000006 0.049180299999999885
0 0.447222 0.8672130000000001 0.03641980000000002 0.06885250000000008
0 0.35925900000000005 0.582377 0.04197530000000002 0.056557399999999945
0 0.2887599777200462 0.06501943074360184 0.05726948914646062 0.02536849941620474
0 0.45527346726396656 0.42125859163816487 0.056119365472066834 0.04436881672367027
0 0.552469 0.744262 0.03827160000000001 0.06885250000000008
0 0.4632532975491994 0.9159675635408214 0.0382287673267326 0.06142634021262785
0 0.45310840569322314 0.1651905111481307 0.03303178973265833 0.07208389101898806
0 0.5533906208366639 0.33899929236938314 0.05295763389288573 0.044964028776978394
0 0.4496402877697841 0.07592286826276683 0.026201261213251597 0.08226205920509494
0 0.6364352962074784 0.8728181389314777 0.03452793320898842 0.07267956126901766
0 0.49348098297584153 0.8505393970338483 0.03621948888444794 0.07094620888076406
0 0.31652232780886397 0.11302930283052244 0.028426167723598877 0.07851740566104491
0 0.4962232283728572 0.3437785929856115 0.057158303890221064 0.053685885145653936
0 0.6186675180211386 0.7434867035528954 0.055630591455724174 0.05890464455124422
0 0.6096921536104449 0.7080226362985022 0.05098569277911001 0.0544460274029957
0 0.6024026264388489 0.2817050226353343 0.055297775810462566 0.05281828354169122
0 0.5743206892441602 0.2071587540570821 0.03708617820410336 0.06433519887958472
0 0.3901674503010806 0.20172331958085363 0.03079545766999369 0.06535470444338966
0 0.766975 0.57541 0.024074100000000074 0.0852459
0 0.6026776419730882 0.24019058778747493 0.05760681605382372 0.03929142442505016
0 0.5674706671440626 0.9008228742805755 0.032791146393995836 0.07239600164524108
0 0.5702104982680521 0.5471606321500176 0.05528910205169199 0.05204033494515864
0 0.6770125056662134 0.08453422086888787 0.054662293683171964 0.04160322911871967
0 0.7076840045874654 0.7552853175669623 0.03137016798218975 0.06561856131864197
0 0.3681101512323474 0.05968865523351811 0.05321115422772897 0.041832788707394736
