0 0.569444 0.21065599999999998 0.04506170000000007 0.03442619999999998
0 0.5894223708799036 0.2567584726476865 0.029016412444298322 0.03238395470462702
0 0.575309 0.679508 0.06049380000000007 0.03770490000000005
0 0.551235 0.279508 0.05308640000000005 0.03770489999999995
0 0.562346 0.715574 0.05308640000000005 0.03114749999999992
0 0.490741 0.39959 0.05432099999999997 0.031967200000000036
0 0.542901 0.172131 0.03641980000000002 0.03442619999999998
0 0.516358 0.941803 0.05617279999999996 0.02950819999999999
0 0.55463 0.313525 0.06234569999999995 0.031967200000000036
0 0.473765 0.9389339999999999 0.027777799999999943 0.07459019999999991
0 0.512346 0.243443 0.03209880000000005 0.04426229999999999
0 0.550926 0.362295 0.029012299999999974 0.07049180000000001
0 0.615432 0.287705 0.03209880000000005 0.032786899999999966
0 0.355864 0.529918 0.029012299999999974 0.02704919999999995
0 0.529012 0.417213 0.024691400000000033 0.07540979999999996
0 0.546296 0.9159839999999999 0.04320989999999994 0.056557399999999945
0 0.504938 0.359426 0.05555560000000003 0.04836069999999998
0 0.553086 0.193033 0.05432099999999997 0.041803300000000015
0 0.6558639999999999 0.9450819999999999 0.033950600000000046 0.040983600000000016
0 0.6759261839506173 0.4391907803278689 0.04938323209876539 0.05768483934426228
0 0.641975 0.352869 0.04320990000000001 0.04836069999999998
0 0.3395059999999999 0.291803 0.027160499999999983 0.04262290000000003
0 0.540123 0.8549179999999998 0.03209880000000005 0.03934430000000009
0 0.6817974063700781 0.1911749678775827 0.025293987259843605 0.038960664244834596
0 0.539198 0.123361 0.03641980000000002 0.06967209999999999
0 0.7308257450617284 0.44159856229508204 0.027237909876543266 0.07582007540983607
0 0.592284 0.389754 0.026543200000000024 0.07786879999999999
0 0.57037 0.0598361 0.04814809999999998 0.05901639999999998
0 0.527469 0.05327869999999999 0.03641980000000002 0.07049180000000001
0 0.811728 0.24016399999999996 0.06049380000000007 0.03442619999999998
0 0.546914 0.238525 0.05185190000000002 0.05409839999999999
0 0.366358 0.34959 0.05246909999999995 0.0598361
0 0.410802 0.364754 0.04259259999999998 0.07213110000000003
0 0.32037000000000004 0.03401640000000001 0.020987700000000026 0.0647541
0 0.754938 0.343033 0.055555599999999886 0.04508200000000001
0 0.285802 0.8991799999999999 0.05185190000000002 0.03114749999999992
0 0.490123 0.715164 0.03827160000000001 0.06967210000000008
0 0.44567899999999994 0.8672130000000001 0.05432099999999997 0.040983600000000016
0 0.501235 0.156148 0.03827160000000001 0.0729508
0 0.638272 0.579098 0.05432099999999997 0.04672130000000003
0 0.54784 0.584016 0.04382720000000004 0.0647541
0 0.6253090000000001 0.92459 0.030864200000000064 0.06721309999999985
0 0.284877 0.217623 0.04259259999999998 0.0598361
0 0.231481 0.057786899999999995 0.03333330000000002 0.040163899999999995
0 0.35679000000000005 0.145492 0.05061729999999996 0.05491799999999999
0 0.4553555903321162 0.40016739782960054 0.01651886628412452 0.03376818286769799
0 0.5033907146583203 0.10029438928653892 0.02173535037384802 0.026841376125606085
