0 0.5812757201646092 0.32250195160031225 0.028659611992945335 0.041634139994795726
0 0.494444 0.390164 0.024691400000000033 0.0393443
0 0.42143246187363836 0.2709136933461909 0.0331336238198983 0.05002410800385726
0 0.6754962504964399 0.16578422603001128 0.027608322052387314 0.04140405206002254
0 0.5286337509675831 0.7163942975367931 0.05005659107399834 0.03323440268027773
0 0.6369515097426744 0.9901589966423071 0.03264167782240082 0.021992889591151615
0 0.7005983488601075 0.6952965235173824 0.02575172309323641 0.06838982198531626
0 0.5071073502644601 0.4387659971537765 0.06089601033224768 0.04344436146702868
0 0.5899640104889281 0.35135977185141815 0.047781169694297465 0.057103511202185805
0 0.4106640155265468 0.4130503328431519 0.055845438712968744 0.0349242936993113
0 0.32761072267267266 0.009197322066164526 0.03769369201423653 0.019709033315610695
0 0.5971242841311318 0.6765772376051828 0.03627984699689469 0.06861628478829328
0 0.5538248620483981 0.5147540393442624 0.03213658314398232 0.04791298666398467
0 0.4767520073569918 0.36987959799000714 0.05143328528601641 0.04548710401998563
0 0.523292838107552 0.015219317678334073 0.05117875488266049 0.03204844188450746
0 0.6437389770723104 0.13531095498308612 0.027434842249657074 0.05030791916037817
0 0.616975 0.609836 0.05246909999999995 0.03770490000000005
0 0.555864 0.46885199999999994 0.03888889999999997 0.04426229999999999
0 0.45277781758127145 0.4568019694239145 0.05062663208539148 0.045194545848272115
0 0.5836071010994976 0.5409290027314023 0.061294470072458314 0.046574057294914324
0 0.5557626162488324 0.7521010616254317 0.06017816824459082 0.04194424437795445
0 0.5534760528850363 0.3188582722939194 0.027799667279572726 0.06278339727938612
0 0.5650231008104218 0.6510442857621779 0.03458809866444495 0.0643668912802977
0 0.470656946406751 0.4979707769486071 0.058686207186497995 0.038484046102785795
0 0.4984984984984985 0.08721016098065279 0.029585140696251823 0.05715551617190962
0 0.49723547678557906 0.7476784337389789 0.02903380544825672 0.07492708438097158
0 0.574657991324658 0.2696056712450155 0.05221888555221888 0.04164820558263183
0 0.527299880475397 0.6813899053463074 0.05482698203691073 0.05197488930738544
0 0.6110553324408746 0.9421291724274146 0.048527443105756324 0.036045822634801494
0 0.6301130447716793 0.8268319178352754 0.02788933511825083 0.038514714596089274
0 0.45692750785322356 0.6587127771554341 0.05459491570644713 0.04201585431086815
0 0.5743827265432098 0.9224915438820857 0.027420773300609807 0.07532107972545914
0 0.5348095267068272 0.837369275365396 0.0276734933958056 0.08477212766146552
0 0.3682321880113045 0.8876901046810189 0.05373345232782978 0.058512739482520205
0 0.3921240517626059 0.8588040687339521 0.057266101442808276 0.033823819869642606
0 0.5157238172672672 0.0616526157509969 0.03762143453453451 0.0610102315019938
0 0.5804692659631855 0.035345580427558705 0.02758332326215095 0.07168071922168069
0 0.5444631252974861 0.945269542756271 0.04300889740443262 0.05939178551254193
0 0.5149294555984751 0.5048847538561467 0.03656538631119188 0.07273409616312997
0 0.5428007255540681 0.9016293035305155 0.04477146449501716 0.05478932007702955
0 0.6849401426562806 0.125667975667881 0.05313885375596039 0.04487360716887849
0 0.40449783191721134 0.18542081622468656 0.058379063834422665 0.03477553244937319
0 0.5342851372162892 0.5734352475778606 0.0541543588578353 0.044587481980622894
0 0.6306706934928805 0.46727746619703553 0.037423113014238896 0.0703638676059288
0 0.5891900131526104 0.860675274496346 0.043841873694779106 0.062255151007307864
0 0.0898148 0.590984 0.020370399999999997 0.06229509999999996
0 0.49580928973672467 0.9243775830782144 0.03359337947344934 0.07006766615642909
0 0.43219167154915955 0.9168624005382183 0.031050243098319132 0.06979090107643675
0 0.12036888640590898 0.04585731335265366 0.05308287281181796 0.03761622670530732
0 0.8034189386371595 0.024944762797930477 0.034436967310218 0.05184283110684804
0 0.3995662328995662 0.05346329936493871 0.05416527638749863 0.05494018608772708
