0 0.4649893120446713 0.00868910386375485 0.033682327793046286 0.0173782077275097
0 0.4250150818913176 0.6805360580825046 0.039263112578425484 0.07539622258801403
0 0.449074 0.9864749999999999 0.029012299999999974 0.02540980000000009
0 0.4438372799028536 0.7282988443966675 0.03359643796802264 0.038161784466541254
0 0.582716 0.438525 0.023456799999999976 0.02950819999999999
0 0.48768893552812076 0.4725861930783242 0.05246909999999995 0.04344260000000006
0 0.520679 0.498771 0.031481499999999954 0.05163929999999992
0 0.4995952236389395 0.6808653587745229 0.047561222424610396 0.05939263638806765
0 0.6285806503671427 0.3695221257902068 0.027434842249657143 0.040715739847851706
0 0.419136 0.541803 0.028395100000000045 0.03442620000000007
0 0.4474881988082141 0.7879077551249797 0.038357402383571666 0.05041378975004052
0 0.6707577589807853 0.5983051101041538 0.04243448203842953 0.05584847979169234
0 0.455556 0.840984 0.03950619999999993 0.04262289999999994
0 0.2674703004891684 0.25309310238168886 0.028301886792452834 0.04655119084441694
0 0.439506 0.879508 0.029629599999999933 0.05901639999999998
0 0.627469 0.8422129999999999 0.05370369999999994 0.02540980000000009
0 0.620062 0.815574 0.04753090000000005 0.03934430000000009
0 0.382716 0.0151639 0.030864199999999994 0.028688500000000002
0 0.3050429699428522 0.03084631871632972 0.039479998255027716 0.0582169958871575
0 0.35699588477366256 0.5447404371584699 0.027777777777777776 0.027550091074681312
0 0.5119152062015366 0.764249502438019 0.03172508759692645 0.07641949512396187
0 0.570988 0.024180299999999995 0.03703699999999995 0.045082
0 0.45679 0.684836 0.03827160000000001 0.06147540000000003
0 0.45740699999999995 0.561475 0.04691359999999995 0.06721310000000004
0 0.4581239237100348 0.27755850399327453 0.027160499999999983 0.0745902
0 0.5740256860369831 0.601469481900995 0.05688742792603371 0.04788133619800995
0 0.5644127887982784 0.48486117339324214 0.02796832129724013 0.08005957530706363
0 0.46695185060115285 0.32885930001094804 0.06239339879769426 0.03244489997810402
0 0.6574069999999999 0.642213 0.055555599999999955 0.03360660000000008
0 0.505556 0.192213 0.03703699999999995 0.06147539999999998
0 0.510802 0.577049 0.04753090000000005 0.05901639999999998
0 0.675617 0.367213 0.03765429999999991 0.06229509999999996
0 0.479938 0.231557 0.029012299999999974 0.06967209999999999
0 0.438272 0.49344299999999996 0.04938270000000004 0.05901639999999998
0 0.553086 0.704508 0.05679010000000006 0.03688519999999993
0 0.479938 0.522951 0.04876539999999994 0.05081969999999993
0 0.40918360634168804 0.16044026439157907 0.03881323597131772 0.04338584282095333
0 0.5977984266166442 0.2568112919731989 0.044933036688042584 0.04325242812180191
0 0.547222 0.03196720000000001 0.045061699999999934 0.0606557
0 0.450309 0.637705 0.05370370000000001 0.04590159999999991
0 0.7058154645873943 0.687630962652533 0.04850088183421523 0.04344878589917417
0 0.491975 0.290164 0.04938270000000004 0.049180299999999975
0 0.57037 0.769672 0.03703699999999995 0.07377049999999997
0 0.7845894091102599 0.4220461870689655 0.041933181779480765 0.05098892586206896
0 0.253086 0.355738 0.03209879999999998 0.09016389999999999
0 0.44637381143510296 0.19877832876568732 0.036882877129794114 0.0647377424686253
0 0.863272 0.9077870000000001 0.025308600000000105 0.0663934000000001
0 0.756173 0.901639 0.0493826999999999 0.036065599999999934
0 0.510802 0.841393 0.054938299999999926 0.03688520000000002
0 0.553395 0.321721 0.040123500000000034 0.07295079999999995
0 0.531173 0.966803 0.03641980000000002 0.06311479999999989
0 0.16018500000000002 0.555738 0.04629629999999999 0.04590159999999991
0 0.5042969942852157 0.006951283091003881 0.03708066134450117 0.013902566182007761
0 0.423377909069733 0.9890033180552821 0.02082989221354003 0.02035401962714052
0 0.5403860407005061 0.9967360740095043 0.016574550536814656 0.004888507718696481
0 0.6175814751286449 0.995400416162866 0.01668890159456198 0.007559823411973181