0 0.565123 0.0504098 0.04259259999999998 0.0385246
0 0.8009260000000001 0.991393 0.025308600000000105 0.01721309999999985
0 0.361111 0.00778689 0.030864199999999994 0.0155738
0 0.486128471313563 0.24230459066548204 0.053669357372874024 0.03178331866903587
0 0.6484569999999998 0.990984 0.026543200000000024 0.016393400000000106
0 0.499691 0.20163899999999998 0.054938299999999926 0.04590159999999998
0 0.512378017472821 0.7828519340082375 0.061786560718014825 0.03286068626131627
0 0.583333 0.0991803 0.029629599999999933 0.02950819999999999
0 0.546914 0.0348361 0.05432099999999997 0.0401639
0 0.548765 0.155328 0.06419749999999994 0.030327900000000015
0 0.55679 0.558607 0.05308640000000005 0.03032789999999992
0 0.545679 0.12131100000000002 0.05432099999999997 0.03606559999999999
0 0.5712179841533075 0.5201451757605414 0.06019286284626257 0.03710953429573437
0 0.650926 0.788934 0.03271610000000001 0.040163900000000086
0 0.4990740000000001 0.0168033 0.030246900000000035 0.0319672
0 0.546296 0.204918 0.027160499999999983 0.07049180000000001
0 0.5411860268733493 0.7592999529871136 0.04286595374669854 0.05794360597422711
0 0.538272 0.0159836 0.03580250000000006 0.0286885
0 0.507407 0.0856557 0.030864199999999994 0.04508200000000001
0 0.468827 0.782787 0.029012299999999974 0.0754097999999999
0 0.3506604328723238 0.3736406361900809 0.028480665744647547 0.030888472380161753
0 0.535185 0.698361 0.03209880000000005 0.0393442999999999
0 0.671914 0.281148 0.048765400000000084 0.05737700000000003
0 0.279938 0.743443 0.05123459999999999 0.03114749999999992
0 0.524383 0.259016 0.024074099999999935 0.07377049999999997
0 0.727161 0.282787 0.025925899999999925 0.07704919999999996
0 0.48425900000000005 0.873361 0.031481499999999954 0.0401638999999999
0 0.610185 0.130328 0.031481499999999954 0.03442619999999998
0 0.441358 0.711475 0.05432099999999997 0.0393442999999999
0 0.504938 0.9147539999999998 0.059259300000000036 0.036065599999999934
0 0.587654 0.231557 0.027160499999999983 0.07786880000000002
0 0.6373460000000001 0.193852 0.045061699999999934 0.04836069999999998
0 0.43580199999999997 0.973361 0.027160499999999983 0.05327870000000016
0 0.361111 0.191393 0.05185190000000002 0.05819669999999998
0 0.334568 0.133607 0.027160499999999983 0.04262289999999999
0 0.6775353490350056 0.03375183253268313 0.025175401929988996 0.037414434934633756
0 0.7502589891478891 0.18546933260059612 0.05607357829577832 0.04634896520119226
0 0.541358 0.0807377 0.05185190000000002 0.05327869999999999
0 0.405864 0.206557 0.04382720000000004 0.07213109999999998
0 0.62037 0.767623 0.029629600000000006 0.06639339999999992
0 0.626543 0.9635249999999999 0.03950619999999993 0.06967209999999989
0 0.633951 0.42172100000000007 0.05679009999999999 0.04672130000000003
0 0.80679 0.0815574 0.059259300000000036 0.0368852
0 0.573457 0.9700819999999999 0.03209880000000005 0.058196699999999865
0 0.4849484774215343 0.5573037842304869 0.039978645156931426 0.07227823153902627
0 0.543519 0.42622999999999994 0.04382720000000004 0.06557379999999997
0 0.591049 0.881557 0.03888889999999997 0.07295080000000005
0 0.279321 0.05942619999999999 0.04382719999999997 0.0614754
0 0.4513079513079513 0.24446864610799038 0.01683501683501682 0.033818640376017395
