0 0.7544661015624999 0.1910815061111111 0.013472883385416641 0.009603822777777774
0 0.6964743088541667 0.37026874444444446 0.026945719322916752 0.008761373888888804
0 0.8030859817708332 0.33539151666666667 0.015230211874999948 0.008761373888888858
0 0.6004069864583333 0.2407013222222222 0.018159076874999867 0.014489981111111135
0 0.6089006380208333 0.21163699999999996 0.02518839083333333 0.010277777777777773
0 0.6673703260721449 0.26763143084911184 0.016032508845293593 0.01746705836489042
0 0.5996832939689327 0.25420666913183204 0.01385736144314696 0.013623834128525527
0 0.6425569378791186 0.23925035459097604 0.02087923905146655 0.013702253935702421
0 0.8228556307291667 0.37827184444444445 0.01083686692708324 0.009266855555555535
0 0.6550605145999973 0.3584283070743999 0.030600380461613477 0.009375148136478557
0 0.7419906048998327 0.30105332989746847 0.013817914076510836 0.015893742272632388
0 0.6146119437500001 0.24727231666666666 0.023138166354166618 0.00842440666666667
0 0.5725825791666668 0.20986798888888888 0.0193306133854166 0.012131148888888874
0 0.7396756369791666 0.3872860722222222 0.028410151822916656 0.008761373888888858
0 0.7246476583182617 0.29906256888610444 0.021267053943540167 0.01212685484900162
0 0.5809085493793842 0.24230087208201365 0.012125835240340284 0.016223221546181242
0 0.6102682879910699 0.2671083460379468 0.02831143771577705 0.00864003642874133
0 0.7398217765625 0.2294969 0.023431062343750142 0.0072449905555555675
0 0.6588381468750001 0.2321082777777778 0.012008403437500093 0.01381602611111111
0 0.8269560796875001 0.28964718333333334 0.012594195416666665 0.00892986777777775
0 0.7001353901041667 0.21610207777777776 0.023138166354166618 0.010109283888888907
0 0.5300587823700373 0.3727712701404116 0.023906772760908208 0.010158576385843525
0 0.6998426364583333 0.18964935944444444 0.014937315885416661 0.007076496666666675
0 0.640532740625 0.35224049444444444 0.013472883385416641 0.00842440666666667
0 0.7607633890625 0.27321938888888886 0.015523107864583352 0.0067395294444444875
0 0.6834408406250001 0.23269801666666665 0.01376573192708328 0.01533243
0 0.6866701682999238 0.383105403653458 0.014336722670985935 0.015748864592194264
0 0.7831692442708333 0.27246129999999996 0.01288709140624995 0.0072449905555555675
0 0.6299888645833334 0.37220631111111113 0.012301299427083497 0.016343352222222263
0 0.6399467588541666 0.2746517 0.022845270364583333 0.00791894555555554
0 0.6503444953125 0.3889708055555556 0.019623509375000008 0.005391619444444386
0 0.5879595 0.3511452944444444 0.01435152390624997 0.014995442222222214
0 0.6553236796875 0.2999249611111111 0.023138166354166736 0.01128870000000001
