0 0.4617839074628046 0.008012815512820515 0.018185904605887954 0.017601943585540143
0 0.40580704160951075 0.4182930002602134 0.030047684368672046 0.05291005291005296
0 0.5385686922725194 0.40220296408838585 0.0525902266640539 0.03868540671784186
0 0.4265128258601154 0.3441340465023486 0.048884904368999484 0.03927950467093007
0 0.5380988388552203 0.7010608772636394 0.04073948417054168 0.06997255381679922
0 0.5046525012574302 0.32800769399123947 0.05463781327977012 0.04191182305924189
0 0.5142287487964595 0.3637610752363605 0.05685179759291919 0.04227575047272091
0 0.5625178168102976 0.6816527385493405 0.04155428370940505 0.06260373292956349
0 0.6737843285462333 0.8378220140515222 0.028092718568909113 0.03830712612914014
0 0.6384355596434871 0.7128554139093342 0.05469854561602413 0.05237548867514211
0 0.41005291005291 0.2812256049960968 0.05055849500293946 0.044106167056986716
0 0.6157516854872487 0.6829974719229537 0.04780931575883173 0.05859605615409252
0 0.6435250491244645 0.7459599414519906 0.050062524577979446 0.0480600434928069
0 0.651577545096022 0.27500023934426227 0.03326482956104254 0.06639392131147537
0 0.3929780445211967 0.32593485831164887 0.051786415366777694 0.04463475037297248
0 0.6061980347694633 0.7915690866510539 0.028722600151171576 0.04918032786885246
0 0.46346686822877303 0.941535630645701 0.05341395817586293 0.038976246236199295
0 0.41358 0.013524599999999998 0.025925900000000064 0.025409799999999996
0 0.6283439262611398 0.40883441983226576 0.05318854747772057 0.05282246033546846
0 0.5013227513227513 0.8625794580127132 0.030864197530864196 0.06875209100033458
0 0.5704837490551776 0.6001170960187353 0.061602418745275916 0.034961525593844064
0 0.4804736709498614 0.5735195717631314 0.02670697908793143 0.06440281030444964
0 0.4934314656536879 0.06318306010928962 0.028094333649889232 0.06383984867591425
0 0.6818721421992789 0.2918506144458146 0.04453715338140486 0.07058572889162913
0 0.5187830687830688 0.9720725995316161 0.03429075333837245 0.056891937102710045
0 0.37357841062560687 0.6850387225501934 0.02493362125121368 0.07991334510038672
0 0.3046218487394958 0.44772007163521144 0.030086108517481083 0.06681361069017774
0 0.49064754511764574 0.7221995748769764 0.025217639190404137 0.07730833066418198
0 0.6548878810783573 0.6051354968216794 0.03514739229024944 0.07243225158916018
0 0.5757117661879566 0.5567079290732686 0.05139833711262286 0.058213449314151886
0 0.4747417485512723 0.8861659417865506 0.041446208112874756 0.06841753094680486
0 0.3074628936052157 0.7548351445938478 0.025939797475377963 0.07809909743967584
0 0.5767825648778029 0.8228504516560723 0.05127236079617031 0.04449648711943798
0 0.4616408397272595 0.21215313223509946 0.05091901696839971 0.03702202472694277
0 0.6822827242253291 0.5182662034523939 0.054778840650805315 0.04369775268700468
0 0.42183381883756416 0.6348314606741573 0.03273685670689419 0.07128384601215698
0 0.28067430135327637 0.11985079976881043 0.046042976907249074 0.04718364636401852
0 0.5427059712773998 0.9407828705252593 0.04938271604938271 0.05854800936768142
0 0.7097505668934241 0.6914519906323184 0.0582010582010583 0.04332552693208424
0 0.6739986240866717 0.8926231438524591 0.04212675182665671 0.06393481229508202
0 0.303988754297246 0.046127600430853295 0.04254480859449194 0.06274690086170659
0 0.890741 0.177049 0.04814809999999998 0.04262289999999999
0 0.7226631393298061 0.9614419538307126 0.034139581758629335 0.0403144864503178
0 0.5438825577714467 0.1307009247583018 0.05064893953782839 0.05438209331651953
0 0.3676994301994302 0.17457440100882723 0.05717790440012659 0.04492433795712485
0 0.6077097505668934 0.9110906657745064 0.05064247921390778 0.05503512880562058
0 0.5047871000251952 0.4953997992639678 0.03602922650541693 0.07243225158916028
0 0.22165296901127832 0.31298719705201494 0.03913615825239265 0.0500779515283224
0 0.810802 0.9295079999999999 0.05 0.04262289999999994
