0 0.589170784930699 0.1811500902576244 0.013724975850981026 0.026075490237471056
0 0.5468033631331548 0.22204811961767096 0.014533532047559678 0.04065859756867522
0 0.6282778979457598 0.3618628504882199 0.01726592541995551 0.03581026605751139
0 0.5858832380354052 0.16314848151707034 0.01308347804997704 0.019944360256362904
0 0.6134843233488497 0.3862719848308399 0.010213646023072205 0.04422720893427699
0 0.540405379337671 0.17223760645891792 0.021182032727171674 0.028257765962683964
0 0.5768825919791883 0.27202290295977327 0.011038682407989598 0.0413773221265322
0 0.596895165625 0.1823485416666667 0.014834090104166602 0.04154142777777773
0 0.5299979824105568 0.6049548576261106 0.017200497868900655 0.023252156053678162
0 0.5586119367280117 0.5511367058738792 0.022327062362273508 0.025770146469980448
0 0.5160018911579267 0.5254536440293541 0.017805573146713747 0.027992065661342103
0 0.6003564666666666 0.1536428472222222 0.018295391145833406 0.032673013888888894
0 0.5890505522883995 0.28060109289617485 0.013029957040373812 0.04213434746221633
0 0.5950161071681851 0.5329957925629641 0.014536793607203672 0.035123641860200415
0 0.5668604429518316 0.392075924213921 0.021014967656250032 0.034073334722222154
0 0.6339448522568344 0.05840614854302778 0.012290424678277744 0.022367852641611115
0 0.5772044066803181 0.4593378914459858 0.021514206681307494 0.02401109534818544
0 0.6535119895833332 0.4943761944444444 0.015328573125000015 0.02333788333333347
0 0.5134367411412087 0.50935733718912 0.011653265738415956 0.018580689510648823
0 0.5986502184105781 0.3896387619815461 0.015887893813667966 0.035963301382543444
0 0.5734016310394368 0.05445404499631275 0.013711362332280192 0.014671315297469605
0 0.5667772461032817 0.2829271565556974 0.016406505904480184 0.03574919848942933
0 0.4604956004332337 0.27903404052714115 0.01707522870592418 0.037609256856809575
0 0.6345601008567766 0.3929290214697363 0.01977880658436213 0.026934217205649542
0 0.49108814844491927 0.3800676163829339 0.020206713457581554 0.03040657401569286
0 0.4987144434091828 0.1579098892051557 0.01378787166211565 0.039339547854755796
0 0.5426449835168368 0.5566164880201766 0.01836433664233148 0.03747526096399049
0 0.5479560723918363 0.14360138827351943 0.01904378336670014 0.03204228818982913
0 0.5069722948336916 0.5724913344563167 0.022109823353450152 0.029196081053446062
0 0.5975894146684076 0.4682579011664565 0.016046507745726402 0.041177906508336866
0 0.5235666656239573 0.19437706148771725 0.015435487570904212 0.03368224782159212
0 0.5965208394903889 0.09227633497537756 0.021007599345361307 0.03223023383964396
0 0.5795571621516198 0.11513436752734399 0.011014264330154334 0.04424243993819009
0 0.5287082943821225 0.48491980611601515 0.01652195982708141 0.03882167752557106
0 0.5959062796875 0.11770236111111111 0.017800908124999994 0.0364070888888889
0 0.5647851727791692 0.25651702092571443 0.016086654672552807 0.03416486092634901
0 0.563070818479291 0.06077081506270615 0.013938721177331814 0.023363110680967848
0 0.57236221514539 0.1760817885150721 0.02054072928558561 0.023269014636522412
0 0.6339847483825852 0.1955233676700469 0.015474860897300501 0.036176577996891425
0 0.5979907788024819 0.24973965836301226 0.018135684637278614 0.033465103103641106
0 0.618630784836045 0.13538123327142929 0.019827165524666176 0.02499265167608587
0 0.5622539718680428 0.1909223924273642 0.014915165620994368 0.04744095075995097
0 0.6307664114583335 0.5527209027777776 0.013350681093750084 0.025204920833333495
0 0.5472476895227258 0.10390810875778442 0.018696142308715007 0.018254114428875593
0 0.5325205670200062 0.06056264580287255 0.018910178383522335 0.02201333882796731
0 0.5720480546875 0.13917326388888887 0.0170592236458333 0.035473598611111115
0 0.5229441324327962 0.5902471713289004 0.010631271961484027 0.036645354751217635
0 0.5819686632180264 0.2057372595650683 0.02375632942437148 0.018259471544172304
0 0.599788380544674 0.506462471101303 0.02305942594571076 0.025133109149502453
0 0.6163319024270041 0.16481311394620024 0.019468138961581262 0.030265284125449224
0 0.5873624366302342 0.3977344457315275 0.01900889352088496 0.03262690118527718
0 0.6253728915010051 0.09535246315109212 0.010574359471351612 0.040229067934948376
0 0.5034715958489768 0.3031342682098652 0.017685161175303263 0.03127148620697708
0 0.5651282542004221 0.09286098943711017 0.015968783175618975 0.04056493658603052
0 0.562623126598821 0.34714560872347755 0.020847931264597955 0.03166383596711471
0 0.5133652091921802 0.6027687151426758 0.017841477005339536 0.028215025913767094
