0 0.535494 0.404918 0.019135800000000005 0.03606559999999998
0 0.462346 0.995492 0.029629599999999933 0.009016389999999878
0 0.306966611287478 0.09209600930913349 0.035449977425044125 0.07646368138173303
0 0.423457 0.026229499999999996 0.06172839999999999 0.0393443
0 0.5889465202190752 0.5063726875441981 0.031984059561849465 0.07414042491160407
0 0.4649538453864269 0.07929259813086324 0.02620449077285377 0.08153609626172652
0 0.390112334556779 0.7079825727366711 0.0378155933711489 0.06682912420617339
0 0.430556 0.0508197 0.05740740000000002 0.034426200000000004
0 0.538889 0.593443 0.020987700000000026 0.07213109999999993
0 0.4497695581965932 0.3280658974009131 0.051390716393186396 0.046296094801826095
0 0.495679 0.578279 0.025925900000000064 0.08606559999999994
0 0.6175865407891552 0.5599083895853424 0.04962478818687975 0.04058180649308903
0 0.515741 0.609426 0.027777799999999943 0.07622950000000002
0 0.425 0.0840164 0.04629629999999999 0.03196720000000001
0 0.6147029431796175 0.591353124501768 0.042985786359234925 0.05483794900353577
0 0.4921960017636684 0.2346603862997658 0.044003996472663176 0.06182662740046837
0 0.559259 0.40614800000000006 0.04197530000000002 0.06475410000000004
0 0.40790790790790793 0.7332742578644218 0.0417083750417084 0.06055235563432286
0 0.48487699999999995 0.652049 0.026543200000000024 0.06803279999999996
0 0.5140663867546624 0.6707793346965468 0.033070273509324885 0.07106776939309369
0 0.5554541713197374 0.3710574454243619 0.054117442639474864 0.04539289084872378
0 0.579938 0.57418 0.026543200000000024 0.07950819999999999
0 0.422531 0.387705 0.05617279999999996 0.0393443
0 0.458642 0.558607 0.05185190000000002 0.03688519999999993
0 0.5038265338521484 0.7423213221079492 0.024445732295703376 0.07109485578410145
0 0.5406744515822786 0.3369165763799543 0.05789160316455687 0.04104545275990868
0 0.533333 0.538934 0.05555560000000003 0.03688519999999993
0 0.588889 0.62418 0.03827160000000001 0.04344260000000006
0 0.519136 0.25082 0.034567900000000006 0.06393439999999997
0 0.43580199999999997 0.45327899999999993 0.03333329999999994 0.06557379999999993
0 0.311111 0.903689 0.025925899999999995 0.035245899999999816
0 0.53642 0.020082 0.03703699999999995 0.0385246
0 0.52037 0.183607 0.059259300000000036 0.0377049
0 0.349074 0.0512295 0.035185199999999965 0.07131149999999999
0 0.6584454805858145 0.46085650945837353 0.027554238828370946 0.06025368108325296
0 0.385494 0.17909800000000003 0.029012299999999974 0.06967210000000001
0 0.6975581917574438 0.3583653515188043 0.0271062164851127 0.05376059696239157
0 0.305247 0.41803300000000004 0.03271610000000001 0.03278690000000001
0 0.274691 0.0643443 0.059259299999999966 0.035245900000000004
0 0.47716 0.420492 0.04691359999999995 0.05409840000000004
0 0.595062 0.105738 0.029629599999999933 0.08032790000000001
0 0.5 0.05327869999999999 0.04320989999999994 0.05245899999999999
0 0.6558096711147422 0.12553062321600772 0.029121157770515747 0.045661053567984576
0 0.264815 0.293033 0.023456799999999976 0.06639340000000002
0 0.370062 0.227049 0.03888889999999997 0.032786899999999966
0 0.5380950448853615 0.9189107848946135 0.03668468977072305 0.03454376978922714
0 0.37870399999999993 0.413934 0.05370370000000001 0.05081970000000002
0 0.49537 0.886885 0.05 0.03934430000000009
0 0.63179 0.0709016 0.04382720000000004 0.0614754
0 0.401852 0.954918 0.034567900000000006 0.06065569999999991
0 0.24321 0.944262 0.034567900000000006 0.07377050000000017
0 0.4281234126195366 0.006818381770726415 0.046158263212526765 0.01305023607730432
