0 0.5392130650961088 0.030504254404440767 0.024355181606501044 0.061008508808881534
0 0.572222 0.552459 0.03703699999999995 0.02950819999999999
0 0.5816143039342085 0.4931778185982569 0.04664789213158311 0.05462706280348629
0 0.564815 0.0286885 0.022222200000000056 0.052459000000000006
0 0.566657933746636 0.2247701698224516 0.05680683250672825 0.02750846035509667
0 0.4744545079969243 0.1136846223197572 0.03532781599384849 0.07327174463951443
0 0.6060167218784185 0.26732727705436815 0.02747335624316304 0.07190294589126378
0 0.6679010000000001 0.612295 0.027160500000000126 0.04590159999999991
0 0.5564034891462549 0.738477486485885 0.02733385874058291 0.04501656622584194
0 0.691049 0.9672129999999999 0.025308600000000105 0.06393440000000007
0 0.62963 0.761066 0.024691399999999964 0.07131149999999994
0 0.662037 0.963934 0.025308600000000105 0.07049180000000001
0 0.673765 0.345082 0.036419799999999884 0.0606557
0 0.571296 0.809426 0.024074099999999935 0.07459019999999991
0 0.46975300000000003 0.617623 0.025925900000000064 0.031967200000000036
0 0.441975 0.0852459 0.025925900000000064 0.03278690000000001
0 0.555864 0.529918 0.04629629999999999 0.05983609999999991
0 0.607099 0.75123 0.020370400000000066 0.06967210000000008
0 0.5158929743475543 0.518598108539116 0.02931734869510857 0.07818041707823199
0 0.554012 0.792623 0.029012299999999974 0.06885250000000008
0 0.552161 0.0790984 0.026543200000000024 0.07950819999999999
0 0.4938389057586873 0.7871551868708427 0.029605788482625236 0.03552652625831447
0 0.647222 0.257787 0.05370369999999994 0.03852459999999998
0 0.7064810000000001 0.9143440000000002 0.022839499999999874 0.056557399999999945
0 0.528086 0.793033 0.027777799999999943 0.07459019999999991
0 0.638272 0.607787 0.029629600000000006 0.07295080000000005
0 0.676543 0.875 0.055555599999999886 0.03688520000000012
0 0.633951 0.383607 0.030864199999999994 0.07377050000000003
0 0.544444 0.636066 0.04814809999999998 0.05081969999999993
0 0.509877 0.395492 0.029629599999999933 0.07786880000000004
0 0.596914 0.8368850000000001 0.05185190000000002 0.04754100000000005
0 0.500926 0.657787 0.03641980000000002 0.06311480000000007
0 0.247531 0.832787 0.030864199999999994 0.03114749999999992
0 0.540123 0.454098 0.05308640000000005 0.04590159999999991
0 0.437346 0.62418 0.06111110000000003 0.04344260000000006
0 0.05555559999999999 0.695082 0.02345680000000001 0.032786899999999966
0 0.43857999999999997 0.228689 0.04876539999999994 0.031147500000000012
0 0.270062 0.420082 0.025308599999999966 0.06147540000000003
0 0.7302469999999999 0.20123 0.04074069999999996 0.05327870000000002
0 0.37191399999999997 0.791393 0.027777799999999943 0.07786879999999995
0 0.8080250000000001 0.858197 0.03827160000000001 0.04590160000000001
0 0.4339509999999999 0.822951 0.039506200000000075 0.05409840000000009
0 0.19969099999999998 0.0520492 0.05246910000000002 0.05655739999999999
0 0.428704 0.696721 0.04629629999999999 0.055737700000000015
