0 0.835513935069733 0.9835109592442695 0.05362461900803552 0.03297808151146097
0 0.7336813252362918 0.7092466920131365 0.08070775992118477 0.09241279012547562
0 0.9071766427083332 0.9803581222222222 0.09557100937499984 0.039283755555555896
0 0.8361031747522638 0.92003552801965 0.08946951874192793 0.07124108179458391
0 0.6505289554905784 0.10329466653884256 0.09259868421052614 0.05058905612543806
0 0.6351244864583333 0.9690383131944444 0.04452731812499984 0.06192337361111118
0 0.6906191311843848 0.5033236580679451 0.07854110864813263 0.08765843436339324
0 0.7684684318821747 0.19841045388212486 0.04877626164175908 0.06354988868650072
0 0.817804566191804 0.11122808821000618 0.07882783928305911 0.09275350506146915
0 0.7426728542234334 0.11717142679429686 0.061966078817236675 0.10510042450434715
0 0.7632019488316247 0.40229359812369503 0.04766632800714253 0.06923530578532425
0 0.5415264404574983 0.711772443511743 0.08152025414857912 0.05110932444238535
0 0.8404799498791914 0.3763568806709035 0.06860907902921613 0.10625137893439987
0 0.8230081427083334 0.1850109351851852 0.05104351531250006 0.10247419074074074
0 0.9457394851070433 0.25981792395976466 0.05700760115260183 0.05612816746197227
0 0.9462350416937404 0.14322239265437425 0.06592416612518963 0.08612682282512601
0 0.45492074869061394 0.14764637416460666 0.09898345852706131 0.05396130666254672
0 0.7672184215273858 0.9863338579780058 0.07628246049265819 0.02733228404398839
0 0.676809466636336 0.03129206552209691 0.05404786473100529 0.06258413104419382
0 0.8901902887168335 0.17846532503634505 0.07741378798299933 0.08696800640879124
0 0.8192996647817281 0.8640900721517206 0.1019038383532101 0.05919164106245489
0 0.5833698931683138 0.6209939631794831 0.06987450355592487 0.06566953896376217
0 0.7224418217573351 0.8420715061163122 0.04685383377974806 0.12569328046005177
0 0.9144161522633745 0.040672434729811746 0.07773716699155303 0.08134486945962349
0 0.8122224338844248 0.5042150997733352 0.08016609710292157 0.0971671458875578
0 0.4997045149840485 0.06721390386794952 0.08646466423893032 0.05514842255071381
0 0.8816533895833333 0.2630573796296296 0.05973183687500014 0.11081510648148143
0 0.845434499903542 0.7351536018007029 0.049632584672082085 0.11510618065785357
0 0.90103390289437 0.9325499499587588 0.06441540900292655 0.10399575378618596
