0 0.578086 0.516393 0.04876539999999994 0.07377049999999997
0 0.601852 0.46885199999999994 0.04814809999999998 0.04754099999999996
0 0.522222 0.192213 0.028395100000000045 0.033606599999999986
0 0.796296 0.991803 0.03827160000000001 0.016393400000000106
0 0.485185 0.687295 0.027160499999999983 0.07622950000000002
0 0.42037 0.0155738 0.04938270000000004 0.027868899999999995
0 0.507407 0.683607 0.020987700000000026 0.06557379999999993
0 0.650617 0.579918 0.03333329999999994 0.08278689999999997
0 0.522531 0.104098 0.026543200000000024 0.07704920000000001
0 0.48487699999999995 0.19918 0.05370370000000001 0.03442619999999998
0 0.666049 0.356967 0.05308640000000005 0.033606599999999986
0 0.424691 0.9075278798929409 0.05185190000000002 0.040983600000000016
0 0.526852 0.0491803 0.026543200000000024 0.03278690000000001
0 0.544136 0.622131 0.05493830000000007 0.04590159999999991
0 0.520988 0.741803 0.024691400000000033 0.06885250000000008
0 0.560494 0.45655700000000005 0.03827160000000001 0.06065569999999991
0 0.427161 0.611885 0.04074069999999996 0.06639339999999992
0 0.598765 0.359836 0.028395100000000045 0.07049180000000001
0 0.464198 0.254098 0.024691400000000033 0.0754098
0 0.443827 0.639754 0.03827160000000001 0.06311480000000007
0 0.403086 0.659426 0.044444399999999974 0.05163929999999992
0 0.596914 0.188115 0.05679010000000006 0.03852460000000002
0 0.5114040679285826 0.9308726745590371 0.05861083585716516 0.03387614911807424
0 0.571605 0.40245899999999996 0.05061729999999996 0.05245899999999999
0 0.521605 0.43606600000000006 0.05308640000000005 0.04262289999999999
0 0.376543 0.122131 0.030864199999999994 0.0754098
0 0.427469 0.0733607 0.026543200000000024 0.0729508
0 0.593827 0.763115 0.04320989999999994 0.05245900000000004
0 0.6514024292584778 0.7299907394220793 0.034904158516955684 0.07145657884415849
0 0.729012 0.829918 0.05432099999999997 0.03688520000000002
0 0.6518520000000001 0.9516389999999999 0.04691359999999995 0.049180299999999885
0 0.35956800000000005 0.44180299999999995 0.045061699999999934 0.07049180000000001
0 0.589506 0.927459 0.04074069999999996 0.0598361000000001
0 0.21203699999999998 0.919262 0.06111110000000003 0.04344260000000006
