0 0.17567169770926996 0.6203315890513844 0.009051862556197825 0.011900249534097632
0 0.16936282380646545 0.6510438492126164 0.010149058017555123 0.01538618121580313
0 0.1617593541666667 0.5769064425925927 0.012337950624999976 0.01247722425925933
0 0.15622307291666665 0.6378369388888889 0.008858024375000006 0.017468134259259374
0 0.1483930979166667 0.5894876092592592 0.007118061250000007 0.006446560370370368
0 0.14435946666666666 0.6367972611111111 0.01391975625 0.009981794629629592
0 0.15018881078787932 0.5187350397113403 0.010802982382574763 0.014861324281023118
0 0.16927286041666667 0.5666126685185185 0.009332573750000014 0.01684425148148147
0 0.15669764791666668 0.6129864074074074 0.011705243749999993 0.013517003518518428
0 0.15864026194743308 0.4797862494278543 0.008768960688467213 0.019559500403550634
0 0.1710917229166667 0.5835610907407408 0.014868829374999996 0.009565872777777797
0 0.15502438371155358 0.6593829809999614 0.010756170624999999 0.01102154851851851
0 0.15147757916666665 0.6516658203703704 0.012654316875000049 0.01102154851851851
0 0.14586237291666665 0.486758412962963 0.013128866249999998 0.013101081666666632
0 0.18668807989977285 0.5954378603152979 0.015628594158787538 0.009519092702737347
0 0.18880782291666667 0.5703560666666667 0.00664351187499997 0.01018973018518531
0 0.11612456041666666 0.49039779259259253 0.007118061250000007 0.018299927222222182
0 0.19850352010248215 0.47198645060540084 0.01319335562836897 0.011868007122531837
0 0.13779511041666667 0.5075539981481482 0.01123072000000002 0.01642835499999996
0 0.15400856041666666 0.59842965 0.00601080499999996 0.018923809999999982
0 0.12949081666666667 0.515768162962963 0.007592584999999967 0.018299927222222182
0 0.18857053541666666 0.5888637518518518 0.010597987500000006 0.008942015370370284
0 0.11994966940362298 0.6545670762228706 0.007693083901087376 0.013537499220925358
0 0.1774712892902593 0.5337867731881911 0.011493693372185258 0.007755904524530298
0 0.10193531389492046 0.5261072350762055 0.0068372925718353334 0.019307374943666335
0 0.09917796031959163 0.6653199755990399 0.007477361444150062 0.0198975258389576
0 0.17749797291666666 0.48821416481481483 0.01217979312500003 0.012685185185185228
0 0.18511182837767343 0.5019318094358501 0.007574769605286017 0.01581620872777644
0 0.1715262533769399 0.6002294840848705 0.014472271545546415 0.008722471408835494
0 0.20209155041210222 0.5808518055222683 0.009484087490871188 0.008230199468816632
0 0.08173391765117659 0.6548855711543058 0.007882396780980164 0.017059398061758834
0 0.18097810416666665 0.5646373314814815 0.012496133749999968 0.01372496444444443
