0 0.3152248985582319 0.7614926057549009 0.029569196235862915 0.06878367534105241
0 0.8991689014520065 0.49204388694620005 0.04844048223043666 0.046998812999262105
0 0.5931455796938028 0.009012324594221716 0.025052197170272503 0.019631575450413895
0 0.5404861198069763 0.9887913449388498 0.027670260386047488 0.020778110122300412
0 0.41968313922988143 0.5966423628848743 0.04966250480886925 0.04295732132076341
0 0.4996298315689892 0.2791390007615727 0.02765486313797831 0.07139350152314551
0 0.4714132497977863 0.29568645810878713 0.028252922186746156 0.07381748628226868
0 0.47176384305097174 0.07872098685278364 0.026769343601026733 0.07239084564194125
0 0.4154331951845273 0.7323180851993129 0.030041883209437934 0.05357714818158001
0 0.4361757468296436 0.6589260564865556 0.049202732899660734 0.037741626868062886
0 0.5076363837214277 0.11138197099496835 0.02934280522552253 0.07978434562571012
0 0.4077129935215744 0.0914624249310177 0.05268304608238603 0.05145268625223179
0 0.5120782224126105 0.22473800420356763 0.04532938838985865 0.041071067781546414
0 0.49357988296357413 0.05712950762457392 0.023952334072851675 0.08082288475085213
0 0.5144039707533312 0.641888052404449 0.05514305849333759 0.03917479519110215
0 0.32369583635923505 0.2492164898746384 0.057340837569595765 0.04038090646094502
0 0.3135590656015492 0.36091690774670526 0.0428165093197773 0.0620781099324976
0 0.503255636024786 0.379866197630488 0.027498472049572027 0.06465049526097609
0 0.7139442806422528 0.9910663447504144 0.049888838715494585 0.017866710499171233
0 0.5236938300563074 0.6778039113825292 0.056378996061973205 0.04224663318627213
0 0.5379016750611172 0.06646244706216524 0.0597546501222345 0.036203494124330465
0 0.42947072485026283 0.044067521506248986 0.05879476836572551 0.030676838175620842
0 0.4245778345395203 0.30516299227435456 0.028380871292748636 0.0766911626154136
0 0.5484734025810513 0.7158779547671016 0.05263526037841427 0.03761668137277666
0 0.40331721461546527 0.6410208678516696 0.052253986465218796 0.04440647819161298
0 0.5804513939346649 0.9141417799088227 0.06090328786932995 0.034674627693866235
0 0.5809192030314143 0.043093653627657845 0.029458501405696114 0.045934101606882
0 0.5707394343196812 0.9814185965825309 0.04000261284211902 0.03747506288489894
0 0.6606818972703109 0.5894755825059211 0.03188734925681111 0.06624044193563387
0 0.6266740779084198 0.9826413994448782 0.04441876787510602 0.03536693454766259
0 0.42291466385537124 0.1668645091258067 0.05076862771074241 0.0386469182516134
0 0.383025 0.9786890000000001 0.024074099999999935 0.04262289999999994
0 0.3241861423142096 0.29182330024911607 0.054544684628419306 0.04838490062680806
0 0.6916070183453993 0.6060871529582501 0.04370863669079845 0.07283010591650026
0 0.29040633650562725 0.43612996699847056 0.044957669071144256 0.04614848005151457
0 0.485494 0.20163900000000004 0.04753090000000005 0.059016400000000004
0 0.5539579672189112 0.4464120699704793 0.050023614306324286 0.05341039306576223
0 0.47112603787666757 0.5272122888879712 0.051621730882856 0.03737044225131108
0 0.49056863657948163 0.8876043536807919 0.02681587315896306 0.06209410736158368
0 0.5842911877394636 0.2174015451290748 0.04966652476231022 0.05511588468061054
0 0.5855284094291858 0.8709755062626635 0.05130411885837148 0.05506501252532696
0 0.6378309376420802 0.7236567129522128 0.054733676074563656 0.05642502205916504
0 0.5147915210808293 0.8096195484070523 0.03660443912016241 0.07357164950731296
0 0.6643085032598142 0.9190458648001472 0.035511166597308866 0.07165223798121204
0 0.6915660979331391 0.8317369681340946 0.05423775835760855 0.044391232271136484
0 0.232099 0.627869 0.03703700000000002 0.04754099999999996
0 0.359308153037526 0.029784125953578967 0.05952817503972623 0.04041551696153222
0 0.3777997853151127 0.4905566678943564 0.05559987063022533 0.043408635788712756
0 0.8865595154903332 0.19254562326012992 0.05497321220591655 0.04392205381998144
0 0.43213762689077967 0.9481146059013931 0.03217675378155927 0.06999931180278632
