0 0.46807536606897904 0.5521599369958365 0.027743055829904016 0.035739975084569324
0 0.34879386868936707 0.32799999898630705 0.02925915238348257 0.08144135988938585
0 0.6566206729605422 0.4379620700739312 0.05277172597434029 0.03567984570877529
0 0.6444444938271605 0.9905738889344262 0.019752987654320955 0.017212877868852405
0 0.5735525203115814 0.5881797578519385 0.03969684062316282 0.0716888839838669
0 0.6330909181786375 0.2914481980487157 0.03036437246963567 0.04164730868786087
0 0.44869439545365475 0.5130269320843092 0.02829218106995887 0.0746487119437939
0 0.5524936311973349 0.5524655217278168 0.0306192435822066 0.07903981264636994
0 0.5611882138888888 0.8563049890920557 0.05936621229819561 0.038256982723833544
0 0.4864440565059769 0.40302839626593806 0.028345686988046244 0.0660750074681239
0 0.6638223190510771 0.40573770491803274 0.05289276204308874 0.04580520732883317
0 0.5617845763295347 0.9799298500630518 0.03591565265906931 0.036908900126103594
0 0.360494 0.392213 0.034567900000000006 0.03688520000000002
0 0.4657859292665214 0.11913356086467372 0.032783019220527766 0.03455512192221151
0 0.6145239791073125 0.9658772068095839 0.04255698005698008 0.06660624211853727
0 0.506993435234176 0.4899329950559459 0.04862335880854395 0.03333983866770749
0 0.5464298433048433 0.7129768284993694 0.04080603038936369 0.07034205548549805
0 0.4942437130707428 0.598132978870674 0.05374315806388409 0.06108510944574555
0 0.5125048990789731 0.42130171740827477 0.049358220654516886 0.05578324225865208
0 0.5546769426400759 0.9054381884300124 0.02787308528015195 0.06333547686002516
0 0.5708945647217324 0.4738421312190997 0.048197153135410495 0.04763189681238617
0 0.5568039950062422 0.15288266715785595 0.029685115827437922 0.0707312580585743
0 0.5839922319323068 0.12506907349419782 0.023026772090442526 0.08288819303739178
0 0.5351631393298061 0.4487867551392141 0.054747207524985346 0.046025240697371815
0 0.423474945533769 0.13530617164898745 0.03873154199951586 0.07573931211828994
0 0.5361305145257691 0.6093709870348685 0.03267647094846169 0.0855127260863908
0 0.3781620672960542 0.18281902925104468 0.05673565722585335 0.0466088074574092
0 0.3326466295344608 0.6444348149710437 0.04348360964460595 0.06349203821725205
0 0.4979913776210073 0.34266848816029144 0.04237703311777384 0.05789747593026279
0 0.4309964726631394 0.6418325526932084 0.05217519106407995 0.041471506635441135
0 0.5430911680911681 0.8113965952080706 0.05757359924026587 0.04531841109709963
0 0.5170495014245015 0.8989793505674653 0.03605769230769231 0.07664722572509446
0 0.23299831170201543 0.578499369482976 0.032842671731560635 0.04238475549950962
0 0.141358 0.834426 0.05555559999999999 0.032786900000000056
0 0.3658315177923021 0.13410077145612342 0.055979181796175295 0.051631308261009326
0 0.4936045821462488 0.7462760088272383 0.04050925925925926 0.07034205548549805
0 0.40213333879811175 0.02873675453230472 0.05055055793996614 0.057039509257473475
0 0.7092253998020522 0.8651518295635331 0.04584049591081934 0.06225357958082588
0 0.03705830336757135 0.3705483290253534 0.03584490673514269 0.04273555805070688
0 0.10312103380639207 0.29614166794341457 0.05067112803353717 0.051963638220724175
0 0.5630252849002849 0.6762965006305169 0.019485992402659025 0.03454445145018911
