0 0.5231023102310232 0.011118324947248823 0.05879476836572551 0.02353514039928583
0 0.3750916758342501 0.016718065249147866 0.028205598337611566 0.03538386625547801
0 0.6190708252111761 0.6585418464193269 0.06725146198830408 0.03537532355478859
0 0.5661630929174789 0.9905306298533217 0.03161143599740091 0.020319240724762815
0 0.5391815211176088 0.7470234697152718 0.05224124626380767 0.04175979050905945
0 0.574028231910626 0.14279124071520005 0.02929216944677666 0.07862448062105133
0 0.5509686848897595 0.15495313209728703 0.028454146842056157 0.09972333484742123
0 0.5304308539499057 0.3014078831796569 0.05931045202770007 0.039386068503071574
0 0.6098927875243664 0.8388697152717859 0.055068226120857704 0.03364969801553056
0 0.3761678801801802 0.9078644763070447 0.03395070864197529 0.04833861145325649
0 0.6245713305898491 0.20605646630236793 0.0330075445816187 0.07912112932604735
0 0.44156603096504093 0.10114835090082779 0.05193783139591738 0.043556237591300104
0 0.5608186279564652 0.7809319160698879 0.04632895591293034 0.04555635767903357
0 0.39500061117222834 0.104285018665801 0.04461557266837796 0.061840610290537244
0 0.6418940870695256 0.6228429680759274 0.033625730994152 0.03861087144089728
0 0.6025177039311241 0.7985978448231235 0.05065010220922673 0.042148572648835064
0 0.5878442545109213 0.3337536780159731 0.037986704653371325 0.05758722152164777
0 0.39369379770603935 0.9369517394107222 0.0387718974140808 0.06672567492246344
0 0.684670781893004 0.4216757741347905 0.03532235939643358 0.04007285974499091
0 0.48611945278611945 0.9829606137630297 0.02529195862529199 0.034596460135718064
0 0.521361273554256 0.8789905090595341 0.027777777777777776 0.0672993960310613
0 0.418347390294585 0.2906184061029054 0.035325754797701954 0.043337120597305635
0 0.3841523636872021 0.19590157336065575 0.04162070961373913 0.06786249197370554
0 0.3676812125657011 0.13520532381106964 0.04473780711404475 0.0613536763512417
0 0.5049545159194282 0.9253666954270922 0.053118908382066225 0.039689387402933575
0 0.4184768592175509 0.9444173046632699 0.03358348543543534 0.07749237339388554
0 0.49385475923175653 0.14371832513390687 0.04003770070284805 0.06348040865119295
0 0.43496882671894593 0.8724407232815029 0.03223299599074515 0.04760899645864114
0 0.4334090379687864 0.5312403340550572 0.04338457954810155 0.0549025672749768
0 0.4550844704353476 0.6168032786885246 0.05214424951267052 0.035159620362381405
0 0.4531564915963818 0.061264395702807985 0.045782485698569846 0.03910077647297517
0 0.5859324236517218 0.9287100949094045 0.04743339831059131 0.06449525452976708
0 0.5656270305393112 0.9451035375323555 0.0490578297595841 0.0683779119930975
0 0.491667 0.794672 0.03888889999999997 0.056557399999999945
0 0.49504548408057175 0.7289689387402933 0.03882391163092914 0.059318377911993084
0 0.48645941477508864 0.10058432195666289 0.05042794957217949 0.058204834418113964
0 0.5029281418170307 0.40142917192097516 0.045109211775878455 0.06389239176124423
0 0.644135938580247 0.7786024900345124 0.03596464005847947 0.07955084391717003
0 0.5803281351526965 0.8584987057808454 0.05019493177387911 0.052200172562553875
0 0.25724239090575723 0.13934426229508196 0.025546999144358866 0.05502353514039928
0 0.5337003670337004 0.5029906956136463 0.06172839506172839 0.034780682321665896
0 0.6550673259321453 0.04851963496717182 0.04135957956277005 0.0516166329437998
0 0.39674349271872483 0.7852865045932091 0.054275121354584704 0.039841648479926925
0 0.697595911517219 0.628063054594478 0.04405444077322915 0.0639774283433994
0 0.5681448992852501 0.60148835202761 0.042722547108511956 0.05414150129421909
0 0.6932917799382716 0.8524076778688524 0.03193464012345677 0.07059404426229526
0 0.465178854067743 0.29098360655737704 0.05064893953782846 0.06410256410256408
0 0.23201165978949034 0.42867784138293397 0.053862087195315 0.045965040226986144
0 0.204938 0.9602460000000002 0.0395062 0.07622949999999984
0 0.5267569181149098 0.3339217372005044 0.05791383075340307 0.03959662648171504
