0 0.5074956349647266 0.8310890577283371 0.05643730149911812 0.03805607658079604
0 0.6177247035273369 0.8220724241217798 0.054673392945326464 0.0411003517564403
0 0.6628706760571874 0.10054180249199171 0.03583094815524329 0.06742967935745245
0 0.556173 0.157377 0.023456799999999976 0.06557380000000002
0 0.548457 0.197951 0.025308599999999966 0.04344260000000001
0 0.440123 0.638525 0.05308640000000005 0.04918030000000007
0 0.587654 0.168033 0.03827160000000001 0.06393440000000002
0 0.541975 0.82582 0.027160499999999983 0.03688519999999993
0 0.475617 0.607787 0.024074099999999935 0.07622950000000002
0 0.577469 0.115164 0.025308599999999966 0.04344260000000001
0 0.547222 0.683607 0.026543200000000024 0.032786899999999966
0 0.57716 0.20696699999999998 0.03209880000000005 0.07459019999999998
0 0.686728 0.984426 0.05246909999999995 0.027868900000000068
0 0.530556 0.14918 0.026543200000000024 0.07049180000000001
0 0.449074 0.708607 0.026543200000000024 0.07295080000000005
0 0.594444 0.0413934 0.030864199999999994 0.0745902
0 0.48487699999999995 0.8872950000000001 0.026543200000000024 0.07459019999999991
0 0.618827 0.9786890000000001 0.029012299999999974 0.04262289999999994
0 0.646605 0.0631148 0.03765429999999998 0.055737700000000015
0 0.543827 0.738115 0.027160499999999983 0.07786879999999995
0 0.322839 0.42541000000000007 0.02592590000000003 0.040983600000000016
0 0.398457 0.756557 0.031481499999999954 0.07377049999999997
0 0.546914 0.0418033 0.03703699999999995 0.0639344
0 0.360494 0.0204918 0.03580250000000006 0.0344262
0 0.49537 0.0639344 0.025308599999999966 0.0803279
0 0.604012 0.336066 0.031481499999999954 0.04426229999999999
0 0.6950620000000001 0.281148 0.05308640000000005 0.03770489999999995
0 0.325 0.198361 0.025308599999999966 0.06557380000000002
0 0.229321 0.140574 0.03641980000000002 0.06803280000000002
