0 0.50736099721687 0.9120181206647401 0.050717240562335134 0.029465132687387156
0 0.344136 0.990164 0.026543200000000024 0.019672099999999894
0 0.5987850561157497 0.47474914435942384 0.03414329674587883 0.07580257359518626
0 0.619136 0.9877049999999999 0.027160499999999983 0.02459019999999991
0 0.412963 0.413525 0.028395100000000045 0.04344260000000001
0 0.508333 0.881557 0.05617279999999996 0.035245899999999816
0 0.351852 0.770082 0.05679010000000006 0.03360660000000008
0 0.4247664714711339 0.48630479837250074 0.05170235705773212 0.048701703254998584
0 0.525992141614929 0.6626620593267318 0.025794316770142035 0.06975698134653657
0 0.43919800000000003 0.41885200000000006 0.026543200000000024 0.07377050000000003
0 0.53858 0.862295 0.019135800000000005 0.05573769999999992
0 0.478086 0.261475 0.03641980000000002 0.06885249999999998
0 0.601235 0.972131 0.03580250000000006 0.04426230000000017
0 0.5119801187968315 0.9451054190443476 0.056287362406336965 0.03765706191130489
0 0.5634910736601727 0.6644629054676395 0.047641416513237764 0.0697286001326636
0 0.47932099999999994 0.62377 0.03765430000000005 0.04590159999999991
0 0.5626456028598444 0.5244433702857008 0.03273429428031108 0.07570375942859857
0 0.6312886041800472 0.5600115810101393 0.0337182916399059 0.03407603797972139
0 0.5701436104795548 0.3841040970624467 0.03131697904089064 0.061300205875106595
0 0.494753 0.242213 0.03271610000000001 0.06311479999999997
0 0.464815 0.765164 0.05679010000000006 0.03032789999999992
0 0.558951 0.0340164 0.05987649999999997 0.0418033
0 0.5965459578873189 0.9301003490595092 0.06716641577463787 0.027414198119018306
0 0.465123 0.46352499999999996 0.026543200000000024 0.07786879999999995
0 0.5879058638585599 0.8729247656495783 0.038774727717119754 0.06880033129915676
0 0.5603973769357026 0.6167392010802616 0.04320989999999994 0.0606557000000001
0 0.578086 0.428689 0.05740740000000002 0.032786899999999966
0 0.504641939638193 0.7193758613309011 0.029037679276386136 0.07645722266180233
0 0.41759300000000005 0.8 0.05370370000000001 0.032786899999999966
0 0.6389656925658318 0.35899733001042355 0.03194551486833644 0.06889013997915283
0 0.592901 0.20696699999999998 0.03888889999999997 0.03524589999999998
0 0.4888104570184828 0.7919572948948166 0.04428731403696568 0.050691683308064166
0 0.490741 0.537705 0.04567900000000003 0.05901639999999998
0 0.6151126694194676 0.8685514487515399 0.030746615774637855 0.0661757910215104
0 0.33240699999999995 0.745492 0.03888889999999997 0.07295080000000005
0 0.53179 0.803689 0.04135800000000006 0.05819670000000005
0 0.11049400000000001 0.8754099999999999 0.0246914 0.03934430000000009
0 0.414198 0.0172131 0.06049379999999993 0.0295082
0 0.677383280664383 0.8054794787690704 0.02671403867123383 0.08248364246185917
0 0.432407 0.565164 0.04259259999999998 0.06639339999999992
0 0.575617 0.834836 0.04135800000000006 0.06967209999999999
0 0.518827 0.0778688 0.030246900000000035 0.07049179999999998
0 0.40925899999999993 0.735246 0.04691359999999995 0.05081969999999993
0 0.346605 0.434836 0.045061699999999934 0.05163929999999997
0 0.587963 0.752049 0.04135800000000006 0.0647541
0 0.24506200000000003 0.583607 0.04320990000000001 0.040983600000000016
0 0.72284 0.0463115 0.03456789999999986 0.07459019999999998
0 0.667284 0.909836 0.04567900000000003 0.05245900000000004
