0 0.585461446090535 0.09970114234972677 0.034066819753086515 0.07723705956284155
0 0.599383 0.734426 0.03827160000000001 0.05245900000000004
0 0.526543 0.47377 0.06543209999999999 0.02950819999999999
0 0.6192040093274008 0.3231796244091974 0.04586326561648205 0.07324901177347244
0 0.650617 0.621311 0.032098799999999914 0.0393442999999999
0 0.48179000000000005 0.8954919999999998 0.040123500000000034 0.035245899999999816
0 0.58858 0.694672 0.054938299999999926 0.03032789999999992
0 0.64321 0.271311 0.044444400000000044 0.0393443
0 0.5658378146365378 0.9815944158637626 0.05844837072692432 0.036811368272474394
0 0.510494 0.85 0.03333329999999994 0.0754098000000001
0 0.536728 0.0122951 0.030246900000000035 0.0229508
0 0.598765 0.470082 0.030864199999999994 0.07459019999999991
0 0.486728 0.841803 0.03888889999999997 0.07213109999999993
0 0.4912298600569184 0.7295562520970832 0.024434620113836698 0.07058730419416646
0 0.631481 0.8922130000000001 0.05679009999999999 0.035245899999999816
0 0.516049 0.755328 0.020987700000000026 0.07459019999999991
0 0.623457 0.092623 0.028395100000000045 0.07377050000000002
0 0.5843426194823284 0.3273616110049121 0.02637566103534339 0.06822857799017577
0 0.574074 0.9581970000000001 0.04938270000000004 0.03934430000000009
0 0.526852 0.11434400000000002 0.040123500000000034 0.06803280000000002
0 0.633025 0.703279 0.024074100000000005 0.07049180000000001
0 0.620679 0.9864749999999999 0.05123460000000006 0.023770500000000166
0 0.458951 0.0241803 0.027777799999999943 0.0483607
0 0.474074 0.45082 0.04197530000000002 0.04590159999999991
0 0.526852 0.0508197 0.04753090000000005 0.055737700000000015
0 0.473457 0.679508 0.05061729999999996 0.027868900000000068
0 0.476763591803717 0.9747086002722378 0.056348416392565825 0.04730439945552466
0 0.471914 0.397541 0.033950600000000046 0.06065569999999996
0 0.500926 0.912705 0.04753090000000005 0.04672129999999984
0 0.679321 0.877459 0.03765429999999991 0.0663934000000001
0 0.550926 0.8762299999999998 0.05617279999999996 0.04426230000000017
0 0.194444 0.654918 0.030864199999999994 0.04590159999999991
0 0.495679 0.348361 0.03333329999999994 0.07868849999999997
0 0.42654300000000006 0.953279 0.022222200000000056 0.049180299999999885
0 0.538889 0.845492 0.03827160000000001 0.06967209999999999
0 0.655556 0.195082 0.04074069999999996 0.049180299999999975
0 0.49629600000000007 0.0241803 0.04074069999999996 0.0467213
0 0.73179 0.738934 0.026543200000000024 0.07131149999999994
0 0.538889 0.798361 0.059259300000000036 0.032786899999999966
0 0.561111 0.06106559999999999 0.05308640000000005 0.04344259999999999
0 0.590741 0.815574 0.030864199999999994 0.07049180000000001
0 0.521914 0.567623 0.03271610000000001 0.06967210000000008
0 0.608951 0.95041 0.05493830000000007 0.04672129999999984
0 0.658025 0.828279 0.03456789999999986 0.05819669999999996
0 0.423148 0.537295 0.035185199999999965 0.06639339999999992
0 0.40246899999999997 0.234836 0.030864199999999994 0.06967209999999999
0 0.590123 0.8950820000000002 0.03209880000000005 0.07704919999999996
0 0.460802 0.265164 0.04876539999999994 0.056557400000000035
0 0.459259 0.8237700000000001 0.03703699999999995 0.07213110000000003
0 0.39567900000000006 0.0172131 0.04814809999999998 0.0327869
0 0.4410490000000001 0.744262 0.05123460000000006 0.05245900000000004
0 0.755556 0.355328 0.04444440000000011 0.06311479999999997
0 0.806173 0.786885 0.03456789999999986 0.036065599999999934
0 0.4049380000000001 0.170902 0.059259300000000036 0.04672129999999998
0 0.748457 0.031147500000000005 0.05740740000000002 0.045901599999999994
