0 0.06611528658871588 0.9863143085894666 0.05672689201936372 0.027371382821066888
0 0.5405210364583333 0.638828138888889 0.05438203593749993 0.07495905749999986
0 0.20657085091420538 0.46287726822070036 0.03611973876126472 0.07039842290931728
0 0.40447857815442556 0.6824778818631276 0.04538939581900969 0.06411007025761145
0 0.47234882817720714 0.8070332186415236 0.02552353083358104 0.12059779299473045
0 0.6082692815003091 0.4417666007112588 0.050404919250618005 0.07977800885526015
0 0.6004563356060523 0.03129628888888885 0.021752876562499898 0.047151619999999984
0 0.5621055084211567 0.1116785490248866 0.042069924160902515 0.10896868067151197
0 0.44584024601679956 0.43072144158209735 0.030827610129634545 0.1156323185011708
0 0.6356409015938337 0.3197046578194119 0.059307433535828596 0.06371324486078593
0 0.579172430175813 0.05269338693951391 0.04047719311671057 0.09314591083176071
0 0.4820525882242065 0.5439561616996524 0.060496413158623356 0.058366625338660195
0 0.3821711617792127 0.7856687483736665 0.030207959674767436 0.06498829039812642
0 0.4360179141762518 0.5214181641025893 0.06255545768063737 0.05814988532201423
0 0.400251011006728 0.5047132646514768 0.027199560555122678 0.08445905597482462
0 0.32451352810829925 0.06529410734449306 0.05182002169338785 0.08342760180995473
0 0.6022004500730086 0.009348705794323564 0.04965474422737266 0.018697411588647128
0 0.41458821147366504 0.5763066278847907 0.035555615396437784 0.06041042364754093
0 0.3686937643858547 0.7198022378350248 0.02649005694556538 0.06088992974238865
0 0.2902804690845949 0.06187494333588834 0.040963871897286806 0.08534233365477346
0 0.3750303324135961 0.5612015255867813 0.02738983435857456 0.1292623144262294
0 0.6203180826713879 0.18158491125513615 0.05207585654129592 0.08528720294827805
0 0.4808185041885879 0.9873894093156389 0.049481108832042923 0.025221181368722142
0 0.42637687583867284 0.8196691626198609 0.06161154594592138 0.05612095136709593
0 0.5301964331312728 0.03623711686388593 0.06064188001450699 0.058928676730746546
0 0.5854671021413321 0.3959647094970394 0.06010744388028684 0.05166933198172143
0 0.6754500008165132 0.3722872755659641 0.028028855575151824 0.07829820452771283
0 0.49487008825815326 0.8392401769450949 0.02757444524158276 0.10889929742388778
0 0.5666785232092822 0.2238214279891374 0.04776385430558783 0.07603803537421683
0 0.38906821559213545 0.24716367421285457 0.032903439153439136 0.10900338277387446
0 0.5387103579399953 0.7874251886546969 0.060725744576968665 0.04683840749414495
0 0.5608628617014916 0.8578291699193339 0.055148890483165465 0.0752341920374706
0 0.3157115466540808 0.22695184942135385 0.028700350015906533 0.11336950530662614
0 0.45752383147821973 0.8861066534731981 0.03095788899496128 0.11762536076112408
0 0.28417109026565845 0.2993976435022268 0.04019617348587682 0.09748090292678745
0 0.4672072139148248 0.005689403329899863 0.061533794045350615 0.011378806659799725
0 0.5449068624886657 0.965703877179287 0.05267028866369732 0.059718969555035105
0 0.6115370885416667 0.7657740138888887 0.06077998958333334 0.053196759999999836
0 0.5119578411344998 0.33457713337526696 0.05454317101874064 0.066321942446043
0 0.49959014868141366 0.11937236284248011 0.030037926074672684 0.07096635790718238
0 0.4021067457580722 0.36563620481687487 0.04114812901614459 0.09904498314402799
