0 0.7800731646825395 0.46915289704224133 0.03587549603174587 0.03906388238355452
0 0.40171466910137227 0.16605209399197382 0.0654880478087648 0.023093116302247
0 0.5637672688874134 0.3492986161002619 0.035472692563081054 0.03384639946588869
0 0.4170244880208333 0.3158681037037037 0.052508689687500026 0.03716759953703709
0 0.4241294527203052 0.35406357841851166 0.07523185374487001 0.01726514160732896
0 0.39625733178397515 0.26829642571184603 0.0539670023609266 0.030144449524307136
0 0.4846358777851556 0.3131605333372037 0.04093002988047824 0.041955432671257877
0 0.4227230855779161 0.5198846050109031 0.04166233924700045 0.04030514949217189
0 0.47554031558949383 0.1713405939085189 0.04881285045005169 0.038253482729676325
0 0.37124453574590527 0.32373753317029397 0.037898175815257555 0.02326939963279839
0 0.3953871630324189 0.5878010304725906 0.045556585914328804 0.034886235721485706
0 0.4181660723958334 0.5968373962962963 0.04109370890625001 0.038052517962962946
0 0.4887048340729156 0.10587073131476522 0.052802354135414356 0.03486531003693786
0 0.48569702670798287 0.2752596172686304 0.03456313634351472 0.019391166360665475
0 0.46312032807480147 0.4175828438361551 0.04212154320114188 0.04006744174082052
0 0.7982784926476373 0.3514296192280579 0.03032003831682329 0.020231979925046325
0 0.43324595137966665 0.24855269269007754 0.06306256455658854 0.025913649591071095
0 0.5443634028700013 0.48679961393043486 0.0476001088239632 0.030673299515961757
0 0.46781341367412865 0.13516103611218908 0.05820294615034065 0.02176579972437812
0 0.5205633484580199 0.4236020399277208 0.03577587796960309 0.04389454930732447
0 0.5197584520833333 0.6123241435185185 0.03576672609375002 0.012389181851851928
0 0.4997767732064854 0.24987919599185227 0.06764709546396581 0.027844009581860764
0 0.5260206857754167 0.18791122698036022 0.058817968865279485 0.03578551610195525
0 0.5934794387265752 0.40994008180997926 0.06275937915006627 0.03067329951596165
0 0.6028781863287591 0.4444034729327982 0.0645784915891987 0.020272583013422878
0 0.4317393268999926 0.09091221328305782 0.05758662213331848 0.023532046751300807
0 0.4147516415818208 0.40632627353367345 0.05275426073483847 0.03367011613533727
0 0.6522974075918547 0.38508413220221727 0.03304720931090455 0.04160286601015494
0 0.330599618482338 0.09007397852427569 0.03732795058143582 0.02274054964114398
0 0.30964800047707314 0.3119829925470432 0.051138538212520325 0.03254901786887672
0 0.43203320975357823 0.43929125634680466 0.061243452117455986 0.02379824962445296
0 0.5679162321869524 0.5877844528014066 0.05446145255098808 0.026140951991702417
0 0.5089950931494854 0.5726698828723434 0.04132763500839213 0.03909432545578155
0 0.3530622177385366 0.12384722505393271 0.05243346256040648 0.030995888718976544
