0 0.341346025794872 0.36310951203273784 0.04607257364583326 0.03740890555555565
0 0.41735437812500004 0.637621574074074 0.029618025937499938 0.050819677777777704
0 0.37950872291666665 0.40046296296296297 0.027424127708333284 0.02964478333333339
0 0.44148716979166674 0.16859846296296296 0.05046037010416669 0.02893901666666665
0 0.43140520293768136 0.22047460360786914 0.028476439201559955 0.06069715628981232
0 0.4642489416666667 0.3044706018518519 0.048814968645833366 0.033879813888888874
0 0.43956791979166676 0.6990282685185186 0.026875630937500006 0.06352459722222216
0 0.41532646206147306 0.5337545654609362 0.039823820685445925 0.05668686167072047
0 0.4532798947916667 0.8659572407407407 0.021390840937500027 0.01623409722222233
0 0.5289703166666667 0.25753229629629626 0.03674830625000004 0.03176225555555553
0 0.4872489557020712 0.6382905419187233 0.04435444890414253 0.028306589310701336
0 0.41598246979166664 0.021785821296296293 0.020293847395833352 0.016234097222222226
0 0.3427303670679253 0.32638543597952224 0.0495950052888278 0.04471237837173732
0 0.5968949605934613 0.237804065658484 0.026701096082756 0.06698428905340245
0 0.48449232727339864 0.405850712126971 0.023686018161535868 0.058771076105793914
0 0.43298560312500006 0.09836822129629628 0.035651401562500004 0.0578779472222222
0 0.51114439375 0.49610312962962955 0.048266471874999974 0.027527311111111147
0 0.5116926239583334 0.21906474074074075 0.04716947833333336 0.04658473333333333
0 0.3534557927083334 0.2977651296296296 0.03674830624999999 0.055760474999999955
0 0.4986326818246784 0.2785363413085756 0.039285050725643166 0.04412409835789193
0 0.2906545562500001 0.7650238240740741 0.04607257364583338 0.02611569166666683
0 0.36238074909554585 0.18285766935641873 0.04362775048275853 0.04277013443531064
0 0.2752970020833334 0.7932570740740742 0.036199809479166706 0.04164393611111124
0 0.42530682604166664 0.4159913796296297 0.04333008979166664 0.05081967777777776
0 0.5067567749999999 0.3986985462962963 0.04168468833333332 0.04305555555555561
0 0.4028196135416667 0.5779792962962963 0.027972624479166677 0.03599728611111101
0 0.43113723560594036 0.5621835284748105 0.029761123711880562 0.04500187730963814
