0 0.9295346456877484 0.5539004858087655 0.10985936009377302 0.12463609103914176
0 0.9485651779581477 0.35501262689623897 0.07095279477298734 0.18657301052926287
0 0.8701324914077705 0.25814039358197194 0.08872676312499989 0.13858373185185183
0 0.84998239393494 0.21083815812299417 0.05105314888301026 0.07572191141180208
0 0.6429470024182868 0.009108616734943625 0.047923453932327456 0.01821723346988725
0 0.9962473705474417 0.036634955878053856 0.007505258905116581 0.07326991175610771
0 0.9813843539713542 0.9618411552546297 0.03723129205729166 0.07631768949074066
0 0.8673624677064142 0.8502695269011384 0.061298806549068746 0.1724907076747473
0 0.7293543031749837 0.3357729460055843 0.0993032457349475 0.08567332386235246
0 0.7801221035367294 0.21502608711857046 0.05345836371823261 0.16802658367768222
