0 0.525209503125 0.015628881828703707 0.02905415671874998 0.031257763657407414
0 0.5747424391549257 0.7725286901677202 0.0362441741380651 0.057470154386781706
0 0.5840507246354456 0.18443853318647896 0.037550221041608725 0.06731814983074572
0 0.6252391416666666 0.12043040740740743 0.028224016822916673 0.1188980671296296
0 0.5411896625 0.7177519166666666 0.03195957911458335 0.08775809305555526
0 0.5579995583333334 0.9813122153935184 0.03735535395833338 0.037375569212963033
0 0.6092589822916668 0.7170439074074074 0.031129439218749985 0.052371790277777566
0 0.5158705973958334 0.3433652546296296 0.015357184635416665 0.14012971064814825
0 0.49198335783676206 0.30335959954497727 0.02494704401397604 0.12671937174337877
0 0.4980231947916666 0.014213338194444439 0.02365838187500001 0.028426676388888877
0 0.554886365625 0.5903620555555554 0.017017397187499957 0.13588338194444471
0 0.5822804442708333 0.1006147824074074 0.020337889531249924 0.11323623796296298
0 0.6744235520833333 0.945639375 0.036110144114583305 0.07360343379629626
0 0.681686771875 0.9848514414351851 0.024903524479166824 0.030297117129629847
0 0.5519809432291667 0.015628968171296265 0.014527044739583298 0.03125793634259253
0 0.5391139765624999 0.9697030555555557 0.03444993156249995 0.05944894722222237
0 0.5385347234915353 0.27048272793914574 0.03971204620047655 0.06515050391648111
0 0.5781297447916667 0.5776230694444445 0.02946922666666675 0.10191257962962957
0 0.5662277927595306 0.674339158195103 0.018946955779477765 0.1254922997235386
0 0.6865554233831654 0.6017657238013898 0.022637278806585805 0.11307587276759135
0 0.6342226445936456 0.27723100596517586 0.03127696960388503 0.07177886261679284
0 0.5291524322916666 0.4346621851851853 0.03361979166666664 0.05944894722222237
0 0.5665080552083332 0.4551858194444444 0.019507749635416616 0.08068076342592587
0 0.48235635153808487 0.08631609063257158 0.04545169875325315 0.05916036413551353
0 0.596385353229185 0.8143450525391025 0.04557787612895676 0.045387997575766205
0 0.6883219249774186 0.8241486831954715 0.03402313120483728 0.08078883658617765
0 0.36016374640059934 0.49817559305813636 0.030179048165782044 0.08739608380145798
0 0.6077650822557682 0.7676080954313026 0.036588153121525954 0.07177886261679305
0 0.7733539342868176 0.8425194151368675 0.028409091132252703 0.10442211696050116
0 0.5490755208333333 0.8614208101851852 0.03444993156250001 0.08068076342592619
0 0.6222458373537653 0.9889567272967943 0.03919045622996933 0.022086545406411535
0 0.45660685319919014 0.7400371242898459 0.02264928896620333 0.074328342624012
0 0.537116705174507 0.3790458792141825 0.03320472171874993 0.05803361944444471
0 0.5615276192708334 0.9116687453703705 0.03361979166666676 0.07926526296296288
0 0.4967779177083333 0.9293620694444442 0.03694028401041667 0.06652627685185188
0 0.6429762618727205 0.3879180371032209 0.0413092051372067 0.05702059179838683
0 0.504116214349334 0.6516479558714574 0.019242497188251127 0.12257490896513709
0 0.6373532065018283 0.1771601943284969 0.024229003784906666 0.1162878118051419
