0 0.5733649522796188 0.40639206689675006 0.033148804559237494 0.07016093379350005
0 0.41195168639846735 0.015955330935556816 0.02547934325244782 0.0314019441209723
0 0.3350362763516391 0.01284622974844545 0.03439743452533 0.025183741746749578
0 0.6026928573861218 0.01455627597512718 0.025308599999999966 0.02950819999999998
0 0.510568530034057 0.014429075635952518 0.06766668620689655 0.03151494087054833
0 0.5740204278416348 0.013298483550028264 0.029012299999999974 0.025409799999999996
0 0.5440771710307923 0.586999938159761 0.04267698843696712 0.031095456595564844
0 0.6015316041510034 0.7118915967383596 0.05985250830200701 0.03689709347671922
0 0.561968304987349 0.07300295470514974 0.06220830997469784 0.03125180941029949
0 0.5712062931788329 0.8881214501053394 0.030674825016224695 0.0336195002106788
0 0.5614865487377925 0.8463573525813555 0.04756311037405568 0.057040616589185196
0 0.47455435613365776 0.42506589276534373 0.02661977938491564 0.07828907495344842
0 0.6247921980473047 0.1849458457920792 0.030662503905390492 0.05306000841584159
0 0.48781342731023103 0.21739972235432561 0.051534445379537865 0.05044625529134882
0 0.552669008557707 0.2269192452466587 0.03828745654306306 0.04023714657858652
0 0.49113739257746986 0.4704381360171967 0.04634849291154552 0.03323742324473325
0 0.470596229408513 0.7752078183141667 0.051298788649345915 0.045804084438463434
0 0.488889 0.0795082 0.03209880000000005 0.0360656
0 0.554321 0.65 0.05308640000000005 0.04590159999999991
0 0.6396741155726684 0.2512782729021263 0.06083023114533675 0.03534314580425257
0 0.533642 0.625 0.05617279999999996 0.04672130000000003
0 0.5037208766092967 0.4261110876244977 0.034360282735489446 0.07745858402624177
0 0.5154077941602493 0.23155743073770493 0.03338251167950128 0.06967223852459017
0 0.6464458927514974 0.15898398568819996 0.029929385502994683 0.05567267137639994
0 0.6505325067556826 0.31291775135439387 0.058549250251682235 0.03412368957996199
0 0.633451976049691 0.6449353798750717 0.0541453279071917 0.04724497631815821
0 0.701571718974664 0.8797485022055435 0.03520253854925863 0.06945816051089594
0 0.554043278616404 0.5051297966336851 0.05581676702686351 0.05622695242615647
0 0.5548713758776526 0.6987062168073702 0.038138351755304924 0.06981431961075811
0 0.8386914579897037 0.9821845755624876 0.055950417353926134 0.033991504612729796
0 0.4677377710659664 0.726425167598483 0.04847535786806718 0.052067364803034054
0 0.5363985939761601 0.04775293253250424 0.045636187952320134 0.06435846506500847
0 0.279321 0.688525 0.0450617 0.05081969999999993
0 0.6276062529528974 0.5901366574834294 0.054333312791438194 0.054008346744496866
0 0.473457 0.119672 0.04938270000000004 0.06721309999999998
0 0.2590910958193042 0.2529977263584776 0.03176169163860836 0.04370075271695518
0 0.17808497072972815 0.6668013545755407 0.04289109140439344 0.07754175325175093
0 0.316049 0.0590164 0.055555599999999955 0.0360656
