0 0.442284 0.0864754 0.029012299999999974 0.03032789999999999
0 0.6766988126225914 0.034506651918952046 0.02767938363909064 0.06901330383790409
0 0.44789998138340836 0.6275548286310709 0.035063837233183376 0.07079833506204988
0 0.439815 0.690574 0.031481499999999954 0.06639339999999992
0 0.47901199999999994 0.659426 0.024691400000000033 0.07459019999999991
0 0.6259660991115726 0.64959 0.022222200000000056 0.08606559999999994
0 0.358642 0.746311 0.022222200000000056 0.031967200000000036
0 0.61358 0.181148 0.034567900000000006 0.036065600000000024
0 0.305247 0.410246 0.03641980000000002 0.03688520000000002
0 0.470679 0.301639 0.024074099999999935 0.05245900000000004
0 0.478086 0.8856560000000001 0.040123500000000034 0.054918000000000085
0 0.433025 0.908197 0.04629629999999999 0.03442620000000007
0 0.574074 0.44180299999999995 0.044444399999999974 0.04590159999999996
0 0.55 0.619672 0.027160499999999983 0.0754098000000001
0 0.485185 0.986885 0.05802469999999998 0.026229499999999833
0 0.434877 0.9397540000000001 0.04506170000000007 0.03360659999999989
0 0.536728 0.763934 0.027777799999999943 0.07868850000000006
0 0.472222 0.15123 0.028395100000000045 0.07131149999999999
0 0.614815 0.45696699999999996 0.029629599999999933 0.07459019999999995
0 0.551543 0.0885246 0.054938299999999926 0.0377049
0 0.549074 0.379098 0.06111110000000003 0.040163899999999995
0 0.564506 0.722541 0.03888889999999997 0.0598361000000001
0 0.439506 0.877459 0.05185190000000002 0.04344260000000006
0 0.511728 0.436475 0.022222200000000056 0.02704919999999995
0 0.566667 0.80123 0.019753099999999964 0.07786879999999995
0 0.369444 0.831967 0.027777799999999943 0.04590160000000001
0 0.700309 0.138525 0.048765400000000084 0.049180300000000024
0 0.376852 0.732787 0.04876539999999994 0.05081969999999993
0 0.639198 0.718443 0.04753090000000005 0.04672130000000003
0 0.360802 0.0168033 0.029012299999999974 0.0319672
0 0.674074 0.168852 0.03580250000000006 0.0622951
0 0.541049 0.152049 0.04629629999999999 0.05327869999999997
0 0.524691 0.318443 0.05432099999999997 0.04508200000000001
0 0.589506 0.590574 0.05061729999999996 0.05327869999999997
0 0.45463 0.763525 0.029012299999999974 0.07950819999999999
0 0.469136 0.9553280000000001 0.034567900000000006 0.0598361000000001
0 0.450617 0.05409839999999999 0.04938270000000004 0.0393443
0 0.597531 0.860246 0.03827160000000001 0.07131150000000003
0 0.495679 0.8405739999999999 0.05679010000000006 0.031967200000000036
0 0.538272 0.045082 0.05185190000000002 0.044262300000000004
0 0.508333 0.137295 0.04876539999999994 0.05
0 0.671605 0.810656 0.023456799999999976 0.05737700000000003
0 0.743827 0.965164 0.0506173000000001 0.0401638999999999
0 0.886728 0.377869 0.025308600000000105 0.07868849999999997
0 0.571296 0.925 0.05 0.035245899999999816
0 0.416049 0.843852 0.05185190000000002 0.056557399999999945
0 0.4104940000000001 0.9573770000000001 0.044444399999999974 0.07213109999999993
0 0.566049 0.858607 0.044444399999999974 0.05819669999999996
0 0.689815 0.902459 0.05740740000000002 0.036065599999999934
