0 0.6628420587762746 0.3097508697416642 0.026919317552549303 0.042453039483328465
0 0.4832080430265249 0.8832778769680246 0.03590636841461928 0.03469404317480927
0 0.5466046917387173 0.8691114186465551 0.05946143916038465 0.03705714972198494
0 0.583127770164609 0.4886155320582877 0.041152659670781855 0.04244053588342447
0 0.4932767846346347 0.5040374243243243 0.05135934364364362 0.040330113690739945
0 0.5000113471314452 0.784188162970106 0.02870824255628177 0.08272058823529418
0 0.5780429180497803 0.3186666602383383 0.048210144315822774 0.0467171531505036
0 0.49669883863516645 0.9547561401943411 0.054942720663561 0.032787722687010606
0 0.5392995461046255 0.9007114244517578 0.055969207790748834 0.03628275109648447
0 0.5296273602033406 0.782832087753134 0.025304103122730577 0.07669358727097392
0 0.5940041707791124 0.4129236454031901 0.05281581593259928 0.0464389298404962
0 0.5337230444954022 0.9861647648632854 0.0547761332314178 0.026031126011133946
0 0.5242349511821189 0.6765881147540984 0.0612694666343904 0.04682377049180337
0 0.23933167599935748 0.6900419927174113 0.026637487874615635 0.04687682875251392
0 0.550960219478738 0.6357923497267759 0.05802469135802469 0.040983606557377046
0 0.4901601271238235 0.9211167018341179 0.03575357535753581 0.038954715143645596
0 0.3761925959818853 0.6064538559636893 0.03277691718587748 0.07635228500842647
0 0.5641956658901184 0.7850183674346218 0.03378187083414221 0.0735264281008621
0 0.4495905899054427 0.19625004207762478 0.03270210662407784 0.03904803581647422
0 0.39558508230933426 0.5911636648919871 0.024711916839736867 0.05790554902711808
0 0.5363133248190719 0.18880723572639913 0.05159642401021713 0.04070096099491238
0 0.6092592592592593 0.47012750455373403 0.05253772290809333 0.05573770491803279
0 0.5863664707428694 0.08704069604296212 0.033737897169008046 0.0533917565856416
0 0.6071094082588335 0.26116449971735445 0.03601532567049813 0.05291124929338606
0 0.5537829496162829 0.42340496233938857 0.029821488154821434 0.0814133805937085
0 0.5862408154395686 0.5950693429998738 0.05495321137051974 0.046655485220653235
0 0.5960834397616007 0.04454494064443188 0.0500638569604087 0.05110231769361222
0 0.555502373829289 0.10905902265404184 0.040634247658578045 0.052543345308083654
0 0.47292083750417085 0.47871898537882146 0.056410577243910624 0.04887571998227732
0 0.6050077594793042 0.9269369175406761 0.06114932944201238 0.055516255036446846
0 0.6463664918803316 0.8105280508306903 0.06213770201026592 0.03324568127507977
0 0.6364878710562415 0.531557 0.044444400000000044 0.07459019999999991
0 0.5561802676678711 0.9503067208485838 0.04692883533574222 0.0629088416971673
0 0.48688803746275006 0.04844544940644432 0.02869306087696892 0.07857546636517806
0 0.5178324685268602 0.4330834085954807 0.05322416294627952 0.06061741533008427
0 0.35504049490202044 0.17002131600717 0.02736418980404089 0.07938713201434007
0 0.45114864559309004 0.3362006845613403 0.05098810654366211 0.054494685642226634
0 0.6298896019007456 0.6926676962668398 0.058519292714826976 0.033671262230157456
0 0.3418900716251298 0.54718653443389 0.05986183241606096 0.05024866255553859
0 0.6621931931348015 0.4798247678370994 0.023761761878545062 0.026507112777531695
