0 0.5609011075539293 0.4000664601567711 0.05724279109764144 0.04903005999697898
0 0.5104424649176954 0.7262978842896175 0.05901904821673521 0.02918929517304204
0 0.5606244064577398 0.0248266078184111 0.038532763532763525 0.052017654476670866
0 0.4819060683258214 0.4859484777517565 0.026128421190149586 0.04640471853586612
0 0.39265994869820314 0.07623761761483525 0.02827257296174063 0.08027918775361143
0 0.45071526553008034 0.4578671177031832 0.029721079103795157 0.06743863301240348
0 0.5385085817182703 0.29484578050134447 0.02952147396629426 0.04089218433515484
0 0.6249705022079771 0.019439616929382092 0.03478121780626785 0.040723540416141235
0 0.5730667002269907 0.29458749294821757 0.026706105718858033 0.07089960860438889
0 0.7045174864038745 0.1585314427283749 0.05577388749950387 0.033472141689947804
0 0.4224603238357169 0.0763918104934264 0.02661094993277107 0.07867231149164096
0 0.7203961732364733 0.13125296505192136 0.039895200666904954 0.043750988350640445
0 0.512881584692946 0.1677560487059196 0.03136040649438293 0.0624637604765168
0 0.5936867202299301 0.5086087258218406 0.03902932915278593 0.04965738572295945
0 0.5397761105156603 0.14851615623846925 0.05180421579135407 0.05561119603605503
0 0.5071181145257692 0.28501825919854273 0.02796117117055329 0.07746109631364391
0 0.536096534244562 0.256405407225258 0.04763235257038346 0.053534207632925684
0 0.3717394541865297 0.025888629439214415 0.045422203960396104 0.052101981504625874
0 0.5440556742640076 0.08630201765447668 0.04466405508072178 0.057140605296343
0 0.5581275720164609 0.6425318761384335 0.027091906721536368 0.07331511839708563
0 0.5151748971193415 0.6913706739526412 0.05435528120713305 0.048041894353369745
0 0.37134002817730816 0.8988108006185257 0.03403735635461637 0.035326201237050936
0 0.42532170618590365 0.3187613843351548 0.03445685544450977 0.0767629456154046
0 0.4388717421124828 0.7904143897996356 0.030006858710562398 0.08037340619307831
0 0.36744359301830565 0.17771339739966083 0.05587484035759898 0.04381006218202373
0 0.6701128531394379 0.8997535954943174 0.030296144815572235 0.05958966106808807
0 0.29776310964429775 0.06248985554293135 0.055249969441388554 0.045771790293783476
0 0.5018861454046639 0.7901867030965392 0.05178326474622773 0.05669398907103822
0 0.4840649291266575 0.36152745251105906 0.026056568031876736 0.07883597883597883
0 0.5030537592265987 0.41710035562494574 0.04033575021229342 0.05746378697198369
