0 0.5877184940716293 0.3361873072553157 0.0340728517296174 0.0361142671644214
0 0.625 0.543852 0.04629630000000006 0.02704919999999995
0 0.5097988632266206 0.2906219171749518 0.03153437731044136 0.06553389180659722
0 0.5274293110314616 0.3977723426758329 0.047291915571485474 0.05189053410893712
0 0.5777080844285145 0.6487143046007403 0.04455396256471529 0.06626784769962984
0 0.4993830000000001 0.44836099999999995 0.044444399999999974 0.06557379999999997
0 0.440123 0.529918 0.05555560000000003 0.031967200000000036
0 0.5978693747510951 0.6368984664198837 0.03584229390681007 0.07436541512427289
0 0.6223093611310234 0.6364423921470121 0.03475204635603347 0.06800627863564261
0 0.48865511156909597 0.7039498568746694 0.017313432775786505 0.03445882670544685
0 0.5180234497809638 0.4328365289925965 0.04644015738749504 0.0640598875462718
0 0.34784000000000004 0.991393 0.05617279999999996 0.015573799999999926
0 0.47079427325800377 0.3199153620241734 0.06211585348399255 0.04049757595165327
0 0.622222 0.516393 0.05679010000000006 0.036065599999999934
0 0.689192460792513 0.708993142371761 0.02284927841497415 0.03611161525647803
0 0.6214857596870798 0.3797070280798572 0.031016990587947664 0.052548287615646824
0 0.536111 0.191393 0.035185199999999965 0.03688520000000002
0 0.43613330105704834 0.6279688560305725 0.04572473708276181 0.03589413907639558
0 0.4067656347638107 0.5078379045098785 0.048132948269747226 0.06570832679240204
0 0.6325410612060778 0.937417211443884 0.025575522412155837 0.06991652288776788
0 0.5179910458582238 0.5823208488630354 0.05820349171644766 0.036772897726070806
0 0.5285622957164993 0.11604976201632707 0.027495791432998355 0.06324792403265414
0 0.653987464456392 0.6727093001322051 0.054988071087216366 0.0316295997355896
0 0.48394584258263634 0.6574630485325226 0.04863559480286733 0.040838048889476564
0 0.616484169716849 0.22855419949890488 0.023092039433698225 0.07186219899780978
0 0.607078853046595 0.7201877313590693 0.03136200716845875 0.07271285034373351
0 0.7567050885589612 0.8989258591577163 0.022392722882077467 0.044770881684567554
0 0.566358 0.9799179999999998 0.04382720000000004 0.0401638999999999
0 0.4438164384400943 0.9349957287556441 0.027724167509113766 0.0776959687588983
0 0.365622032288699 0.9424259142496846 0.03679962013295348 0.048470996216897926
0 0.544753 0.654508 0.05 0.041803299999999946
0 0.5335347675328553 0.5388188807112639 0.05225543506571094 0.05304706142252772
0 0.4810142342467637 0.2633771270956395 0.0490979941595442 0.05784869900444685
0 0.4459321470492014 0.5873833988838614 0.03900000590159726 0.07277430223227727
0 0.42314820709876544 0.860947493221942 0.048765314197530885 0.031730486443883946
0 0.508333 0.503279 0.04135800000000006 0.04918030000000007
0 0.47354885558542414 0.4596443233870967 0.036852788829151766 0.07251445322580642
0 0.534937771779877 0.06719984071148868 0.05897935722497126 0.03716731930709497
0 0.489815 0.543852 0.04259259999999998 0.041803299999999946
0 0.37854591996979253 0.6874659166429664 0.026858060060415082 0.07096896671406726
0 0.4668653076532747 0.38231441583078635 0.05224971530654941 0.040039131661572656
0 0.6282357626443648 0.5916181914331041 0.05699920350457987 0.03437334743521951
0 0.6039290744539411 0.933472368001261 0.027599364482431117 0.07115343713745259
0 0.6969088089406611 0.6233211581173982 0.055306237156511215 0.04698539397144361
0 0.420401886393597 0.3804250156293415 0.05561807278719393 0.04937503125868289
0 0.5271481495121465 0.7063328577472237 0.04224930579450412 0.05029131041776835
0 0.475 0.9139339999999999 0.029012299999999974 0.0803279000000001
0 0.5174333160394265 0.621849980790587 0.058323332078853096 0.05025826158117407
0 0.4907657319938021 0.109096037698281 0.037361923326835585 0.078150925864472
0 0.47169377814539104 0.8397063011023879 0.02619244554728428 0.08359435382174675
0 0.609568 0.46885199999999994 0.04629630000000006 0.05081969999999993
0 0.5167278952366671 0.02206809583858764 0.05691258059679109 0.04413619167717528
0 0.2746079366449783 0.6362982289211342 0.03303304229229225 0.03666362190961454
0 0.5408242917382853 0.9523254857168736 0.06773411652342956 0.037972228566253145
0 0.3648567655001046 0.41742848472492355 0.034881572577945046 0.07233947400666854
0 0.6831192751891677 0.5993852459016393 0.049780963759458445 0.05618720253833947
0 0.333951 0.245902 0.025925900000000064 0.05245900000000004
0 0.6830250000000001 0.238934 0.05864199999999994 0.03852459999999998
0 0.6651622790123456 0.8931077775851198 0.03155815802469146 0.0812970551702396
0 0.545062 0.720902 0.05802469999999998 0.05819670000000005
0 0.38683504316239314 0.913551972005044 0.048979486324786256 0.04631976343001259
0 0.40925899999999993 0.67582 0.03703699999999995 0.0647541
0 0.113272 0.045082 0.056172799999999995 0.034426200000000004
0 0.587963 0.179098 0.04135800000000006 0.0729508
0 0.3866630767094017 0.8702752466582598 0.04148854658119658 0.06928630668348049
0 0.735494 0.34877 0.03271610000000001 0.06639340000000002
0 0.15463 0.465164 0.052469099999999984 0.03360660000000008
0 0.1508450197770586 0.35293649530479065 0.041112309720723966 0.03803915327073052
0 0.683642 0.0741803 0.0438271999999999 0.0598361
