0 0.509259 0.35082 0.028395100000000045 0.040983600000000016
0 0.538889 0.991803 0.05308640000000005 0.016393400000000106
0 0.501852 0.306557 0.023456799999999976 0.04754099999999996
0 0.5709314021043772 0.19213845812220567 0.03344529579124581 0.04031268375558869
0 0.39074099999999995 0.588525 0.04938270000000004 0.0393442999999999
0 0.527469 0.647131 0.030246900000000035 0.04344260000000006
0 0.6246909999999999 0.186885 0.028395099999999975 0.04754100000000001
0 0.512037 0.481967 0.05493830000000007 0.032786899999999966
0 0.32345699999999994 0.327049 0.03703699999999999 0.06721310000000004
0 0.5695847365600448 0.36106537622950824 0.026262626879910187 0.06639304754098363
0 0.589506 0.12254100000000001 0.03209880000000005 0.038524599999999985
0 0.500617 0.420082 0.04691359999999995 0.033606600000000035
0 0.516358 0.682377 0.054938299999999926 0.035245900000000004
0 0.6774689999999999 0.586066 0.029012299999999974 0.040983600000000016
0 0.516049 0.446311 0.06049380000000007 0.040163900000000086
0 0.483642 0.317623 0.027777799999999943 0.07295079999999995
0 0.532716 0.343443 0.03333329999999994 0.06885249999999998
0 0.523765 0.289344 0.026543200000000024 0.040983600000000016
0 0.322531 0.269262 0.03271610000000001 0.03852459999999998
0 0.558333 0.132787 0.026543200000000024 0.06885249999999998
0 0.497222 0.0860656 0.03888889999999997 0.05901639999999998
0 0.461728 0.0770492 0.04938270000000004 0.0491803
0 0.530864 0.0963115 0.04814809999999998 0.041803300000000015
0 0.542593 0.569262 0.039506200000000075 0.05819670000000005
0 0.507099 0.527049 0.05123460000000006 0.05901639999999998
0 0.522222 0.152459 0.03580250000000006 0.06885249999999998
0 0.48642 0.148361 0.03333329999999994 0.07049180000000001
0 0.700617 0.244672 0.05679009999999992 0.033606599999999986
0 0.42962999999999996 0.0758197 0.03703699999999995 0.06803280000000002
0 0.6658733835006345 0.19714248950130228 0.05396916700126917 0.05002327900260454
0 0.551543 0.256967 0.029012299999999974 0.0647541
0 0.607716 0.288934 0.027777799999999943 0.06803279999999996
0 0.583333 0.568443 0.03827160000000001 0.0647541
0 0.410185 0.55082 0.045061699999999934 0.0606557000000001
0 0.566667 0.302459 0.05308640000000005 0.04426229999999999
0 0.569136 0.67623 0.025925900000000064 0.07213109999999993
0 0.33765400000000007 0.566393 0.05432099999999997 0.032786899999999966
0 0.35925900000000005 0.869672 0.03209880000000005 0.0459016000000001
0 0.4685190000000001 0.804098 0.059259300000000036 0.04262289999999994
0 0.600617 0.737295 0.04814809999999998 0.04672130000000003
0 0.111728 0.4 0.0395062 0.06393440000000002
0 0.4049380000000001 0.218852 0.05061729999999996 0.05081970000000002
0 0.0469136 0.806148 0.054321 0.03688519999999993
0 0.7206789999999998 0.12417999999999998 0.04259259999999998 0.053278699999999984
0 0.668827 0.790984 0.048765400000000084 0.055737700000000015
