0 0.34427256606796697 0.12961130220178052 0.02871120916718404 0.009993294142680806
0 0.6305528823438803 0.5752708298405886 0.04766962528554591 0.020093770831302617
0 0.4127921465799807 0.18505940154870762 0.02461687527037372 0.030444609881619775
0 0.5895838922626137 0.4309833902184344 0.027304346400227313 0.03258617728872066
0 0.7013042297777065 0.25800149860843496 0.02805904561835438 0.034013498004780096
0 0.5454615387504692 0.5705354101613498 0.04225722414758503 0.027790326714337413
0 0.5126763860238273 0.1374450917815697 0.039900516112473326 0.017506798943648268
0 0.6694580796874999 0.2939859824074074 0.03761380156249992 0.026404045370370367
0 0.5570823350304482 0.2432438624829593 0.0209620208146152 0.029078026371561806
0 0.4148309777597877 0.3269639809865705 0.021294680001799016 0.035933717317903166
0 0.5524065901540853 0.3878889213327957 0.033368968523230555 0.0313854243431267
0 0.5740633863029695 0.5273816849636521 0.03049768518518512 0.03425392605720474
0 0.6358611714252438 0.23541516307523114 0.042335061645202995 0.025926212324294613
0 0.7464778241632769 0.29746587770372473 0.0481851673446086 0.01940513668221429
0 0.509027244829623 0.2715339353427042 0.027058817718212325 0.03360240460070337
0 0.60703385677344 0.5580165206189796 0.04698292042042051 0.019063940990170426
0 0.6874462789934715 0.30752500012612566 0.04479176135147919 0.024388407308105937
0 0.577051057473129 0.20697258308416674 0.030620991189977076 0.03339906175894422
0 0.6789155180983995 0.16704113253370906 0.04473267840504474 0.025621198061655838
0 0.571659128114247 0.5767695554720909 0.02074424377150592 0.016892427151290794
0 0.5847714690874849 0.14604648418075747 0.04682870919117453 0.019723255533273757
0 0.6610012420777965 0.34379815892416005 0.023377678529356297 0.022819219075163252
0 0.6245372829948953 0.2930571177047632 0.034071488002878424 0.028719491087731374
0 0.4954293326345213 0.1716163464732905 0.024615532067707176 0.024672264800113013
0 0.72460780625 0.21779128055555555 0.04523825640624999 0.019614427129629644
0 0.5653288140333715 0.3122607008603156 0.020461409914772116 0.03565888965199188
0 0.66227394443156 0.3995072109386138 0.04256090448811965 0.024705376321672173
0 0.7169718666065875 0.3657535589807051 0.022601656005560262 0.0176363049634543
0 0.6061135912523201 0.5250980242602028 0.03123920054507619 0.034743399123959975
0 0.6818356116533199 0.5543464571128505 0.040251449366032685 0.017432801654113126
0 0.4857763598221305 0.13207684566274014 0.04314510655120672 0.015026006466961108
0 0.8295501882090425 0.4077095794565057 0.04189997288955626 0.021281271025123543
0 0.577479819736669 0.13162593423134258 0.04593025395782888 0.013996072333044072
0 0.6314769579215334 0.2553935972780699 0.05110348865262395 0.0162674273407339
0 0.6365080311704835 0.35862705207710527 0.04365126696352846 0.020083792182872436
0 0.7166885561192947 0.3912202992321165 0.034645401042660735 0.028834110609841184
0 0.574135220820375 0.37694721376363216 0.026384765809065888 0.031817333852435827
0 0.7571310322130336 0.4223696971593042 0.027451796779285807 0.01814019939098154
0 0.608594326644439 0.41289496565163003 0.040399383898622195 0.026976914807850853
0 0.6045850936888619 0.3019890168468806 0.03434924469855396 0.031880009245711466
0 0.468747283264284 0.2945116764614909 0.020345490790655892 0.03695756148972978
0 0.5427548100143719 0.4133355899229225 0.044136281040901025 0.017492335127017908
0 0.691842148730051 0.3226620522874084 0.04143217954489297 0.022620330599939953
0 0.4601285801323188 0.4723236667929088 0.03837373754736581 0.028383439436839967
0 0.6055386885678227 0.16373730990500165 0.042697091684027674 0.01819818723768773
0 0.5441838974391058 0.4846152504963981 0.025414737654320934 0.03007413150855782
0 0.5881445247330662 0.4928219202809367 0.04244948073073071 0.0199814568667028
