0 0.6369703036369703 0.8500959976369813 0.030919808697586437 0.05198641264215033
0 0.4574712643678161 0.23425664217071793 0.028948488718603647 0.0336913510457886
0 0.4573174914150808 0.991258569458563 0.05943909124391252 0.015843516820578756
0 0.5245311632278183 0.9726161438538772 0.04133025759323338 0.049492313801123206
0 0.5256693055057746 0.7615349538075092 0.031148445937873387 0.06603638535166581
0 0.5420604484780759 0.2340445481628038 0.030566192826734867 0.0773598707744488
0 0.4866138730072111 0.79080628464096 0.060971776088325526 0.04153655816387602
0 0.6462066905615292 0.11852194606028556 0.05406212664277176 0.037414066631411946
0 0.544622603293605 0.989337357771286 0.04285279341279006 0.019686684457428223
0 0.48361652658546767 0.28010388033961875 0.05413774291250452 0.0611602438430915
0 0.43848446147296727 0.19496890898812888 0.028267347807577732 0.07427925381571507
0 0.5608343976160068 0.15528547201808932 0.048531289910600205 0.0475975127190503
0 0.5624521072796935 0.270096099491238 0.040017028522775694 0.06986998304126625
0 0.49612601106853976 0.17111362351611079 0.04819071945508721 0.03289994347088751
0 0.544699973520647 0.5879310820237421 0.027671147041294163 0.06438656404748433
0 0.550872711792252 0.539287733182589 0.059883638427699684 0.03806293574524219
0 0.3380503144654088 0.02459016393442623 0.027370137433030517 0.04825239715434581
0 0.49745369351851854 0.7345453371232152 0.04906907560732774 0.056478299841353795
0 0.5012770262452106 0.1020067851328434 0.04929734750957846 0.05500282973431316
0 0.5512459756128476 0.6631433668832262 0.0362511724592491 0.03770155182280269
0 0.6035387614334983 0.6520873432003716 0.041985305143199876 0.07267538328798036
0 0.6373870109799271 0.9834592072923379 0.05979387927471385 0.03144224115302934
0 0.6316352675026242 0.7002242531575629 0.024278822719547805 0.07197467016327064
0 0.4761600681140912 0.08196721311475409 0.029374201787994905 0.0637648388920294
0 0.5435602997466171 0.8685303171307895 0.04699265009793878 0.05142338988713111
0 0.6535244922341696 0.08666049709148597 0.05336519315013941 0.04455314648334215
0 0.48259424855931476 0.8514010828365193 0.052155259556153584 0.042617313594078006
0 0.3506865709246662 0.7167949146871864 0.027399848828420274 0.050602208096353345
0 0.5261283510536399 0.29074320782928204 0.032119628246062105 0.08623546110797073
0 0.6026617865417722 0.8082860654048182 0.033977495823488524 0.03638968765786487
0 0.5325670498084291 0.4934991520633125 0.05676174258549734 0.04710759374411151
0 0.5252767144210302 0.12983313952798192 0.054257128842060444 0.04491257905596382
0 0.5363275152547182 0.39532692670058406 0.04129416773094933 0.06971923874128512
0 0.43679781280704005 0.8505871007998185 0.05617497543679779 0.04878325486414422
0 0.5064566482191003 0.5812134916148483 0.036611323967645854 0.0778217448652723
0 0.5156067210517493 0.9180759345532392 0.044793342103498536 0.06402096910647895
0 0.6253706399266806 0.9392822201541507 0.047262206408251996 0.05261650798196007
0 0.4205191149744128 0.32347160483054915 0.05160176675349711 0.04218347689299446
0 0.42204752068350493 0.9724253425448016 0.0487242217361224 0.05805372992698121
0 0.49056644171579306 0.9304159319147428 0.038333105568371176 0.07088348332009747
0 0.5344376967977597 0.902783228660003 0.04757554407802507 0.06351290055622019
0 0.349691 0.0721311 0.033950600000000046 0.0377049
0 0.48275862068965514 0.42924439419634447 0.040584645948630635 0.07009609949123799
0 0.13052858683926644 0.517348400445647 0.056814095649047096 0.03485596052841003
0 0.48747339293316305 0.026286037309214246 0.04284802043422732 0.05257207461842849
0 0.6986304793322338 0.7104931306829494 0.05922926975558556 0.04081768102475608
0 0.2218463140670087 0.26025560737866527 0.03282172706703784 0.04354363075020933
0 0.17165116626196544 0.9353921681780306 0.05330485205025996 0.036057002799688063
0 0.6993220965445047 0.5470166818525737 0.045799506910990107 0.06170503629485259
0 0.3806437957754125 0.8876059121021894 0.035462299980749255 0.0731095501212901
0 0.3214706148691479 0.32626558178684517 0.043164598991819854 0.06252755621467794
0 0.0253086 0.0516393 0.034567900000000006 0.0426229
0 0.1678634416729655 0.8226831716293074 0.041194255479969764 0.03680160588825696
0 0.7512300401460955 0.8190709046454767 0.03335446285731532 0.06813900356727727
0 0.553185727493969 0.358361442971547 0.019781517908329757 0.036998613962690774
