0 0.596628779630317 0.008030605159187994 0.038285788095630886 0.017163807024352842
0 0.47526739805878626 0.7547738143050129 0.03656960598311749 0.03815400343203479
0 0.4415848662322307 0.6697031655043996 0.05801644257472016 0.03669356310927741
0 0.5814817055555555 0.4817166417577413 0.05925881111111126 0.040209703734061984
0 0.5345507544581618 0.4099499089253188 0.030006858710562398 0.078551912568306
0 0.3179186208504801 0.5772314878870675 0.03947235829903977 0.040619624225865146
0 0.5360334350683275 0.8960714155317829 0.035469768209189095 0.03705867318996666
0 0.4767804728903737 0.022955397482565993 0.02886914578074732 0.04427139496513199
0 0.42074618646527406 0.6372940677725445 0.05102598061230416 0.03506172388752989
0 0.44500723347287524 0.4793291046670196 0.06299496416316086 0.035536540383000435
0 0.791855169478738 0.9834925140255009 0.029869461042524022 0.0330141719489983
0 0.5369957931205147 0.6824820183285261 0.026396106574280317 0.08050677279199682
0 0.59321 0.279508 0.03827160000000001 0.05737700000000003
0 0.4835897453600594 0.8592608917868488 0.052370125711457466 0.03473682389645475
0 0.5082625312766367 0.7319544342619299 0.054716929252935184 0.04253532440030665
0 0.5767318244170095 0.4414845173041894 0.054698216735253755 0.05555555555555555
0 0.6369170096021949 0.6777094717668488 0.05024005486968452 0.03301457194899822
0 0.5583738898512469 0.060151885793566756 0.03588220737441221 0.07101391069407424
0 0.43576680280321156 0.22618867511592244 0.05178020560642309 0.047823460312534274
0 0.6272290809327846 0.6181693989071038 0.037722908093278516 0.07194899817850642
0 0.613889 0.187705 0.026543200000000024 0.07868850000000002
0 0.4076273749621931 0.1951513381284457 0.03217025488740412 0.08908685968819599
0 0.34185531114540463 0.5954235148907104 0.03851159993141299 0.05642072978142079
0 0.566049 0.21188499999999996 0.04567900000000003 0.06639340000000002
0 0.538272 0.323361 0.04567900000000003 0.04836069999999998
0 0.42949848925061335 0.770724560955128 0.04566694468121505 0.056911533827449
0 0.7064471879286693 0.7745901639344263 0.05521262002743492 0.042349726775956255
0 0.4355025408115428 0.2624202510223082 0.052450818376914406 0.053848497955383566
0 0.4837224009458605 0.6230603526963379 0.0556792873051225 0.056592062506845814
0 0.5741153179905963 0.09921866442732483 0.045368308174544306 0.057139727627879805
0 0.6514917695473251 0.8054417122040073 0.052297668038408816 0.040755919854280565
0 0.43890401165828036 0.4135784439008361 0.054029530644229974 0.05860016795063711
0 0.4421347851191949 0.8580999671400927 0.043443592070169616 0.06188615867684117
0 0.6923527472908092 0.8399588090163933 0.05836720775034286 0.045492218032786955
0 0.2124545510568805 0.38685524126455906 0.034818512355949974 0.05387196203049565
0 0.13789216090626633 0.8661323889152579 0.04014407874838462 0.06188615867684117
0 0.7772633744855966 0.28301457194899815 0.03600823045267485 0.07103825136612019
0 0.23641005752698593 0.661209338254227 0.04750824122551871 0.04441678825851853
0 0.39319200417938355 0.946730439227427 0.040968957078830866 0.07229179597648688
0 0.45388872442327255 0.015141128980612654 0.02873441565344101 0.03142134567527109
