0 0.466358 0.322131 0.026543200000000024 0.03442619999999998
0 0.7608019999999999 0.813525 0.03271610000000001 0.06311479999999997
0 0.592593 0.35041 0.05802469999999998 0.028688499999999967
0 0.515432 0.55 0.020987700000000026 0.06885250000000008
0 0.636728 0.570902 0.021604899999999955 0.07131149999999994
0 0.521296 0.770082 0.04753090000000005 0.05163929999999992
0 0.6413579999999999 0.416393 0.04691359999999995 0.05245900000000004
0 0.44290099999999993 0.635246 0.04259259999999998 0.02950819999999999
0 0.5573192607142857 0.5266978037470725 0.028218621428571303 0.04028120749414519
0 0.579012 0.772131 0.03827160000000001 0.06393440000000007
0 0.567284 0.834426 0.04197530000000002 0.02459019999999991
0 0.554321 0.773771 0.04567900000000003 0.06557379999999993
0 0.661728 0.0327869 0.024691399999999895 0.0639344
0 0.533333 0.993033 0.06049379999999993 0.013934400000000065
0 0.438272 0.268033 0.04814809999999998 0.05081970000000002
0 0.529321 0.810656 0.054938299999999926 0.02950819999999999
0 0.6330958571699905 0.03571880334174023 0.029154914339981092 0.06979820668348045
0 0.672531 0.153689 0.029012299999999974 0.0729508
0 0.495062 0.606967 0.04691359999999995 0.045081999999999914
0 0.539815 0.22909799999999997 0.031481499999999954 0.06147540000000003
0 0.497531 0.8516390000000001 0.04074069999999996 0.06393440000000007
0 0.62037 0.610246 0.03703700000000002 0.06967210000000008
0 0.354938 0.23442599999999997 0.05061729999999996 0.055737700000000015
0 0.470988 0.662295 0.05185190000000002 0.05409840000000009
0 0.536111 0.308197 0.05617279999999996 0.03770489999999995
0 0.377469 0.43401599999999996 0.05370370000000001 0.04508199999999996
0 0.498765 0.227049 0.04567900000000003 0.06229509999999998
0 0.712346 0.206148 0.055555599999999886 0.04508200000000001
0 0.433642 0.319262 0.05246909999999995 0.04344259999999996
0 0.485802 0.4237699999999999 0.06049379999999993 0.03606559999999998
0 0.645062 0.903689 0.06543210000000006 0.03688520000000012
0 0.541358 0.634836 0.059259300000000036 0.04672130000000003
0 0.68642 0.695902 0.04320990000000008 0.05901639999999998
0 0.661728 0.966803 0.03456789999999986 0.06475409999999981
0 0.633642 0.128689 0.04382719999999997 0.05409839999999999
0 0.379938 0.704098 0.05617279999999996 0.04262289999999994
0 0.384568 0.0885246 0.03827160000000001 0.06393440000000002
0 0.459877 0.9118849999999998 0.04691359999999995 0.05163929999999992
0 0.859568 0.607377 0.0561728000000001 0.04590159999999991
0 0.31142 0.135656 0.04753089999999998 0.05163930000000002
0 0.734259 0.9573770000000001 0.05864199999999994 0.0459016000000001
