0 0.622222 0.293443 0.029629599999999933 0.031147500000000012
0 0.6521864543671397 0.749961697563965 0.031729548863505264 0.03677033859353464
0 0.4892435610216914 0.1739081272943159 0.02416662204338296 0.06585005458863183
0 0.491358 0.00737705 0.05185190000000002 0.0147541
0 0.6487649999999999 0.42418 0.024691399999999895 0.07622950000000002
0 0.593827 0.313115 0.030864199999999994 0.031147500000000012
0 0.44573938138340835 0.46257856999387165 0.03074263723318342 0.0748430600122567
0 0.3340195950819199 0.5518693318293244 0.03347229016383981 0.07750846365864864
0 0.6646272951742239 0.5290637798567488 0.02646249745586708 0.07102825459629238
0 0.526235 0.267623 0.05123460000000006 0.05
0 0.541667 0.322541 0.05617279999999996 0.035245900000000004
0 0.527469 0.596721 0.024074099999999935 0.06721310000000004
0 0.481173 0.975 0.030246900000000035 0.048360700000000076
0 0.467593 0.957787 0.030246900000000035 0.03852459999999998
0 0.571914 0.52418 0.029012299999999974 0.04672130000000003
0 0.65 0.368852 0.05185190000000002 0.031147500000000012
0 0.33240699999999995 0.382787 0.03395060000000001 0.04426229999999999
0 0.550926 0.595902 0.026543200000000024 0.06721310000000004
0 0.47253100000000003 0.32459 0.04876539999999994 0.031147500000000012
0 0.49625861070151145 0.5788687849739543 0.05563017859697701 0.043902730052091325
0 0.583951 0.82377 0.027160499999999983 0.04590159999999991
0 0.489198 0.744672 0.05 0.05163929999999992
0 0.318827 0.361066 0.040123500000000034 0.04836069999999998
0 0.500926 0.377869 0.04753090000000005 0.04426229999999999
0 0.557716 0.981967 0.05493830000000007 0.032786900000000146
0 0.291667 0.648361 0.021604900000000028 0.08032789999999992
0 0.158333 0.15082 0.027777800000000016 0.0377049
0 0.517901 0.9536889999999999 0.025925900000000064 0.06967209999999989
0 0.678086 0.9352459999999999 0.026543200000000024 0.07213109999999993
0 0.566975 0.354508 0.04135800000000006 0.05491799999999999
0 0.434877 0.0209016 0.05370370000000001 0.0336066
0 0.591049 0.357377 0.04629629999999999 0.05737700000000003
0 0.540741 0.056967199999999996 0.06790119999999995 0.0368852
0 0.608333 0.9491800000000001 0.03271610000000001 0.07213109999999993
0 0.621914 0.875 0.05740739999999995 0.0401638999999999
0 0.482407 0.922131 0.04259259999999998 0.06557379999999993
0 0.583333 0.9118849999999998 0.044444399999999974 0.05327870000000016
0 0.560802 0.8922130000000001 0.04382720000000004 0.0598361000000001
0 0.171605 0.12131100000000002 0.04814809999999998 0.04754100000000001
0 0.441358 0.0471311 0.05061729999999996 0.035245900000000004
0 0.389506 0.9758200000000001 0.05555560000000003 0.035245899999999816
0 0.425309 0.642623 0.03580250000000006 0.06393440000000007
0 0.56142 0.709016 0.04876539999999994 0.0606557000000001
0 0.614506 0.0872951 0.05123459999999999 0.05655739999999999
0 0.80463 0.487705 0.0561728000000001 0.05245900000000004
