0 0.341358 0.283607 0.03209880000000005 0.05245900000000004
0 0.520679 0.00696721 0.022839500000000016 0.0139344
0 0.339815 0.24016399999999996 0.05493830000000003 0.027868899999999974
0 0.5224358974358975 0.3406368221941993 0.055318138651472004 0.032471626733921836
0 0.5023515579071134 0.6785714285714286 0.04820693709582597 0.0448868071818891
0 0.48256188179012344 0.2742589202748313 0.05462993641975308 0.04164705945033751
0 0.493519 0.738934 0.026543200000000024 0.03852459999999998
0 0.366975 0.55 0.054938299999999926 0.03114749999999992
0 0.4387225797720797 0.416425075851198 0.0588316742640076 0.03461559936948304
0 0.612346 0.629508 0.044444399999999974 0.036065599999999934
0 0.478704 0.378279 0.030246900000000035 0.041803300000000036
0 0.737037 0.319672 0.023456799999999976 0.040983600000000016
0 0.387346 0.272541 0.05617279999999996 0.030327900000000015
0 0.386111 0.222131 0.031481499999999954 0.03278689999999999
0 0.358642 0.20737700000000003 0.05555560000000003 0.04426230000000001
0 0.6462375437683714 0.672014212177986 0.030864270370370258 0.03879813551912565
0 0.540123 0.884836 0.03333329999999994 0.04672129999999984
0 0.7106886246284012 0.2956913939299404 0.027550949256802303 0.0684328878598809
0 0.528086 0.191803 0.030246900000000035 0.07377049999999997
0 0.564506 0.381557 0.04876539999999994 0.0598361
0 0.501235 0.423361 0.027160499999999983 0.04016390000000004
0 0.3759259999999999 0.510656 0.05185190000000002 0.057376999999999935
0 0.35925900000000005 0.616803 0.023456799999999976 0.07295080000000005
0 0.49382699999999996 0.602869 0.022222200000000056 0.07459019999999991
0 0.525309 0.603689 0.03580250000000006 0.06803279999999996
0 0.534568 0.512295 0.05061729999999996 0.027868900000000068
0 0.522222 0.730328 0.05555560000000003 0.04590159999999991
0 0.273457 0.212295 0.022222199999999987 0.07049180000000001
0 0.579012 0.741393 0.05308640000000005 0.02868850000000006
0 0.539506 0.4274589999999999 0.06049380000000007 0.03852459999999998
0 0.5809228988242211 0.6923303140515222 0.05543780235155803 0.0333725718969556
0 0.299074 0.21065599999999998 0.029012299999999974 0.08360659999999999
0 0.632407 0.864754 0.04629630000000006 0.04426230000000017
0 0.629321 0.588115 0.049999999999999926 0.031967200000000036
0 0.49660499999999996 0.8754099999999999 0.026543200000000024 0.032786900000000146
0 0.450309 0.731148 0.05864199999999994 0.036065599999999934
0 0.794136 0.688525 0.030246899999999893 0.0540983999999999
0 0.590123 0.32418 0.05308640000000005 0.031967200000000036
0 0.6231480000000001 0.404918 0.029012300000000046 0.06393440000000002
0 0.5025404685897435 0.22206785198612863 0.030721962820512805 0.07717479602774273
0 0.516049 0.384836 0.05432099999999997 0.041803300000000036
0 0.555556 0.555328 0.04567900000000003 0.054918000000000085
0 0.553086 0.171311 0.04074069999999996 0.06393440000000002
0 0.561728 0.288934 0.04814809999999998 0.05819669999999996
0 0.475617 0.316393 0.03765430000000005 0.06393439999999997
0 0.443827 0.605738 0.022222200000000056 0.0852459
0 0.321605 0.585246 0.03703699999999999 0.06557379999999993
0 0.570988 0.894262 0.044444399999999974 0.06229510000000014
0 0.5548450762986257 0.07631456236467676 0.028208752597251315 0.07394062472935352
0 0.18642 0.0868852 0.030864199999999994 0.027868899999999995
0 0.485494 0.931557 0.040123500000000034 0.06803279999999996
0 0.580247 0.966803 0.03209880000000005 0.0663934000000001
0 0.415741 0.127869 0.05246909999999995 0.04262289999999999
