0 0.539815 0.993443 0.021604899999999955 0.013114799999999885
0 0.39537 0.57459 0.029012299999999974 0.05081969999999993
0 0.6976312028780205 0.5464936505919854 0.05412069424395904 0.0365209988160291
0 0.540741 0.969672 0.04567900000000003 0.036065599999999934
0 0.5372693323309065 0.6059757969595069 0.041511335338187134 0.07001520608098641
0 0.570679 0.135656 0.040123500000000034 0.06147540000000003
0 0.32963 0.231148 0.02962959999999997 0.0393443
0 0.605556 0.154918 0.03703699999999995 0.07049180000000001
0 0.602778 0.988934 0.026543200000000024 0.022131099999999935
0 0.566667 0.43032799999999993 0.05061729999999996 0.06557379999999997
0 0.6 0.50082 0.05432099999999997 0.04590159999999991
0 0.478086 0.0348361 0.03641980000000002 0.0418033
0 0.712346 0.64959 0.0493826999999999 0.054918000000000085
0 0.46821 0.097541 0.022839500000000016 0.07049180000000001
0 0.541975 0.0663934 0.06419750000000007 0.02950819999999999
0 0.628395 0.0413934 0.04320990000000001 0.0663934
0 0.525926 0.434836 0.03333329999999994 0.06967210000000003
0 0.492593 0.85 0.03333329999999994 0.040983600000000016
0 0.60463 0.0286885 0.040123500000000034 0.052459000000000006
0 0.3450619999999999 0.2 0.039506200000000075 0.05901639999999998
0 0.5 0.406557 0.027160499999999983 0.06557379999999997
0 0.539506 0.513115 0.04567900000000003 0.057376999999999935
0 0.46358 0.541393 0.04567900000000003 0.05163929999999992
0 0.480556 0.573361 0.04629629999999999 0.054918000000000085
0 0.427778 0.0487705 0.03333329999999994 0.06639340000000002
0 0.539815 0.46885199999999994 0.04382720000000004 0.06721310000000004
0 0.534259 0.262705 0.024074099999999935 0.0942623
0 0.4700619999999999 0.876639 0.04135800000000006 0.06475410000000018
0 0.466358 0.422131 0.040123500000000034 0.06885250000000004
0 0.531173 0.727459 0.06358019999999998 0.04344260000000006
0 0.583951 0.738115 0.04320989999999994 0.056557399999999945
0 0.607099 0.794672 0.033950600000000046 0.056557399999999945
0 0.6462960000000001 0.9602460000000002 0.04938269999999997 0.03360659999999989
0 0.067284 0.52623 0.04938270000000001 0.03770490000000005
