0 0.40095975772423453 0.4782815207829635 0.012925121394551198 0.037893484213783885
0 0.4002571534660547 0.34916631880320426 0.019409388489583415 0.029590172499999734
0 0.4199459220416562 0.3391465465967808 0.011503474846728779 0.035994479759116765
0 0.32801033860037027 0.3635839430891278 0.012447568945092632 0.0330464181226999
0 0.35480478263836407 0.4078379985874131 0.010798073087259634 0.03416694546671129
0 0.45760361406249994 0.5351138277777778 0.011698819531250019 0.03737703750000008
0 0.30062450134374735 0.5846320768744655 0.008681867808851962 0.015573770491803253
0 0.32549269544515896 0.601254700336953 0.011861739886706602 0.02030945364377717
0 0.35412651171579745 0.47648972157168873 0.021704669522129905 0.02431415189026435
0 0.5054686204849531 0.20725829599703036 0.01606634156866189 0.035889791003030067
0 0.2870150421013947 0.43774664080145936 0.017453237695387477 0.0324984794333389
0 0.4959046324595642 0.16893719144963495 0.015590028815181612 0.020605963742636655
0 0.3834277719659916 0.36986893484556804 0.015518751498960625 0.04018202176271331
0 0.3718158173763333 0.5066440373963793 0.017363735617703924 0.025347106055536982
0 0.41652454270833333 0.6137614777777778 0.021536458333333286 0.02569673999999993
0 0.3435399857728909 0.35767213008875137 0.01542131446244852 0.03951436537805285
0 0.4228076355340848 0.25261918903936015 0.02330515297906608 0.02782965074839628
0 0.45338341662479664 0.23981432943618416 0.022955527293281718 0.01595858749523447
0 0.3800664085724916 0.544096653645752 0.022361443163291504 0.019729260642773423
0 0.3619673235806669 0.6050130571354223 0.02110779111027128 0.023281197724991615
0 0.3402517272767594 0.4474199813397968 0.0254268714511421 0.016344565776597462
0 0.4044813450071387 0.33835196646964794 0.010960858108675472 0.01644780863164941
0 0.4505280328462348 0.19687885772494584 0.0237529834171981 0.024541605158884303
0 0.34563455976526414 0.38829132745994566 0.019914034286554028 0.02765138842422219
0 0.3494871386054422 0.5781959778446898 0.015681623729738803 0.025585480093676824
0 0.3662145669133667 0.2940666342075242 0.015870131413131598 0.029301860570650613
0 0.3876059644536827 0.4136781625218393 0.023441043083900343 0.027413014386082298
0 0.44957503744829413 0.2813883124944563 0.010346286204514499 0.03001342807198855
0 0.42874952473608874 0.27652154114199734 0.02455364331723023 0.018485388453314308
0 0.3664059051003087 0.16134335777777778 0.01701650770061735 0.01713115999999999
0 0.25558321686466334 0.1837416658074716 0.014347605598260671 0.018144911846582117
0 0.41705649322916666 0.5479621027777778 0.013028222031250062 0.01790982749999991
0 0.33149392250456344 0.41092880646023844 0.02494942748162193 0.0176557880683339
0 0.4304455559229865 0.36572525184937366 0.02143336115310319 0.019069923051187567
0 0.40507803630977723 0.1632497958670938 0.013587497339293365 0.020944036178631997
0 0.35848097288457875 0.4966244637555296 0.014786229803759099 0.024250421955503466
