0 0.6318367616033755 0.6296807390499027 0.01348892405063277 0.018440893684720235
0 0.6182316018418758 0.5969028326356061 0.026392934483434872 0.010491646331110958
0 0.5679729166366694 0.6467135675317993 0.01328939879417194 0.014004633084549469
0 0.7455831645447532 0.622666351840608 0.02380521797839504 0.012112370415345531
0 0.48928385989583334 0.6552216 0.024348941718750024 0.007905275555555556
0 0.7760856722608025 0.6395713868087881 0.01651114004629631 0.010369583305223766
0 0.5354438324340528 0.5899671519614909 0.013807703836930389 0.016587822638064468
0 0.6071661304912038 0.560920207994987 0.023499290878241298 0.013933720306322442
0 0.5519715168609457 0.5197756907623288 0.02386904231977501 0.014821648804656909
0 0.562644388640559 0.6333986681589848 0.019711245635548616 0.013196976317969752
0 0.5482588622865627 0.4816348953283489 0.01556700074239051 0.016768018520546893
0 0.538639859828092 0.6740198961436982 0.012488212833267493 0.0038120825274185572
0 0.6264339398734177 0.6442857362446489 0.0166073312236288 0.009148970510248681
0 0.5545471859452736 0.4490528912812984 0.027311878109452792 0.0055131899700042565
0 0.49995714662447255 0.6216277389653608 0.013996571729957866 0.009577828502916667
0 0.6240189528899446 0.5856960831397185 0.02544784243863821 0.011713516405701322
0 0.597278305621536 0.5860537477627933 0.017827098178939002 0.01707848575182393
0 0.5455727848958334 0.6573860888888889 0.024635407499999987 0.00997570814814813
0 0.5565845503670634 0.5011656956860477 0.026811057996031805 0.008308588970422403
0 0.577750148456057 0.582253561142623 0.014833234362628645 0.008226286330721502
0 0.6997047862787356 0.4602911772711094 0.012717762212643653 0.011277034524632011
0 0.509979352264291 0.48756658187999236 0.02870963251670382 0.007922888750958371
0 0.5797376198743386 0.5210992087585895 0.02574714781746034 0.007991923747843648
0 0.5827499793320106 0.5130699395726719 0.016880580357142943 0.009186977766212736
0 0.578308277654046 0.4816348953283489 0.01339782850779514 0.019031701020820697
0 0.5230272032374101 0.5836366971996174 0.010819469424460415 0.01848357379670031
0 0.5644957544543431 0.48119473484218456 0.011930447290274652 0.017899859770683795
0 0.5587354957805907 0.6667531299716399 0.022046413502109747 0.007862396532245039
0 0.5622318328373016 0.5295952959204326 0.025860821759259287 0.008776177947398281
0 0.5599867724867723 0.5086258324418617 0.026145006613756648 0.008738832509324316
0 0.548533077061632 0.5372383804320988 0.017901554255538934 0.010967673942714437
0 0.566754797925995 0.4566919988785127 0.028104978314676524 0.010251014794062504
0 0.5175630635883084 0.46023729258987395 0.027844177549751235 0.008006416007394745
0 0.5561138432265296 0.6509854372736391 0.022749838351793273 0.012332077502094307
0 0.5854486418776371 0.6696133745282947 0.013293117088607668 0.012248660779476212
0 0.5859731636754337 0.5047437279122814 0.017184835564459416 0.008319786653098155
0 0.5292948082010582 0.5147131388479294 0.02819113756613755 0.012622758069023928
0 0.4862758067708333 0.6478810296296296 0.024635407499999987 0.01054036740740748
0 0.5288041863276306 0.663047067188098 0.02237630514471256 0.010985942172649848
