0 0.5437006781250001 0.5304919333333333 0.028613011510416737 0.018966286111111157
0 0.35459775625000006 0.3004576611111111 0.017241163697916603 0.021675783888888925
0 0.5292111666666667 0.27038239444444445 0.029713541666666583 0.01354735666666666
0 0.5394819494791666 0.45611693333333336 0.018708537239583243 0.021946707222222195
0 0.5174074752298172 0.363923027534153 0.014651734362442426 0.012909864785974522
0 0.5746984390625 0.524531025 0.01870853723958336 0.011379771666666674
0 0.494544971875 0.4779279805555556 0.02567838328124997 0.016798734166666635
0 0.5033490942708333 0.32660394444444446 0.02494469651041668 0.02086294777777777
0 0.4862911442708333 0.45571035000000004 0.03118085578125 0.018424406388888894
0 0.5282182817559781 0.3203882513479053 0.03243246341512732 0.015412203970856124
0 0.47381918229166664 0.3091278027777778 0.015773849583333367 0.015714941666666645
0 0.4580448572916667 0.2652346527777778 0.016507536354166595 0.01788252666666668
0 0.6460471895833333 0.2632023972222223 0.013939692083333217 0.013276400277777769
0 0.533246265625 0.4362022833333334 0.03338185666666676 0.010837891944444409
0 0.4233143526423687 0.3616917555555555 0.01980900796874998 0.013547356666666711
0 0.43016582968749995 0.26415076111111113 0.03338185666666664 0.011379771666666674
0 0.4304462743043546 0.4627230916495902 0.017241150858731954 0.02632977298497268
0 0.5249924380208334 0.22581170472222223 0.013206005312500047 0.012734520555555557
0 0.5908388348958333 0.4860563416666667 0.02384422578125 0.022217663611111136
0 0.5989090328125001 0.49730085 0.03191454255208323 0.016527777777777797
0 0.4894092833333333 0.5237181888888889 0.02861301151041662 0.016798734166666742
0 0.5996429572916667 0.5103062277777778 0.03118085578125 0.013818313055555496
0 0.557360100754641 0.31792574595628414 0.01588149904748389 0.025214081857923478
0 0.5182058651041667 0.4879530694444445 0.033381856666666584 0.012463564166666772
0 0.539115284375 0.4095138888888889 0.024577853125000063 0.021946707222222195
0 0.5405825390625001 0.2947678083333334 0.03338185666666676 0.015173028888888917
0 0.5535838081576135 0.37288813321493625 0.020585977486856186 0.020958415792349718
0 0.5040830187500001 0.5266984777777779 0.01540700619791675 0.022217663611111032
0 0.4747361421875 0.470070675 0.02494469651041668 0.013005476944444446
0 0.37037208125000004 0.30099944166666665 0.012105534583333247 0.013005476944444446
0 0.5860592755262893 0.44173275270947177 0.02900134274950427 0.017117600136612003
0 0.506164969611843 0.35987479967896174 0.020305545525769374 0.02291888880236791
0 0.6616378848958333 0.3061475138888889 0.012105534583333365 0.010295979166666682
