0 0.5601367812971082 0.28130052451191884 0.09122469886411674 0.04441146764282911
0 0.7518652343175163 0.6661383675899691 0.0761300396983008 0.05173933370895051
0 0.8537662291666666 0.9312975666666666 0.03976660624999996 0.00962658555555562
0 0.5400326504222775 0.4961254660884945 0.07624037844274992 0.05060792032259498
0 0.21069859635416668 0.41765009444444445 0.07639366328125004 0.0316302216666667
0 0.8699869791666667 0.14432373611111113 0.09523045000000015 0.03644351444444443
0 0.9217889479166668 0.6136204111111111 0.06906821796874993 0.05500913222222215
0 0.8490979826569333 0.6555064685335963 0.0943937917594654 0.03782641855408292
0 0.830557312906999 0.6901124698979517 0.07362742861308529 0.06017654242631878
0 0.7836514947916666 0.4008035277777777 0.0711612507812499 0.05569668555555559
0 0.39906646354166664 0.7697082722222223 0.05755687656250004 0.05225866722222221
0 0.6210379203442493 0.1801493705907887 0.052674066512689306 0.05252818446983988
0 0.49063537760416676 0.8236865777777778 0.10255589531250008 0.03369304944444435
0 0.9440744521433087 0.7919572334392152 0.10301742211773804 0.02925038843655801
0 0.7568959252101936 0.46591657293439476 0.07928905295886442 0.05466893728705973
0 0.8344057604166667 0.5902414166666666 0.059649909374999886 0.027504566111111076
0 0.6661371764071049 0.25741021334599046 0.08320637940278791 0.047780739226210074
0 0.582407949548202 0.12730725419453165 0.08425207431501806 0.04611145215470728
0 0.7642910260416665 0.9120442277777778 0.08895152109374997 0.030255031111111025
0 0.6031329244791667 0.7769285888888888 0.05127794765625022 0.04469490944444435
0 0.4074379166666667 0.3035066777777778 0.06174294218749997 0.05913478777777778
0 0.6037906596277048 0.4507537494776897 0.09369457848717318 0.03476355065496679
0 0.5056677304160135 0.24255530403527772 0.10348356429926575 0.03369154689027633
0 0.6103712418792876 0.5998724600327229 0.08075178082475792 0.03437135160122074
0 0.7695244557291667 0.931641511111111 0.04709205156249988 0.007563749388888739
0 0.3310454401041667 0.7903373888888889 0.07430079999999997 0.05500913222222215
0 0.7280172919989002 0.3726122445307271 0.04847826886678265 0.0680720637163237
0 0.597692199134216 0.5647973890899681 0.0642503967836511 0.04538720904228584
0 0.6446651955491263 0.12229867814647304 0.04364317498824981 0.05184058919206208
0 0.6986179118147764 0.700686216064879 0.044348870753025696 0.04731641700269978
0 0.8049310109571337 0.7562748224145135 0.08297330831202387 0.04793388262116573
0 0.6839614340585335 0.40293704286969423 0.04660285656877055 0.07236489105052307
0 0.683944970480714 0.6342041184655539 0.07034318067107073 0.057397936770053726
0 0.8222948072190602 0.3742586236972669 0.06549297650471561 0.0581944900832045
0 0.7571514373504906 0.8008395503466516 0.05826777269102799 0.04456472793213809
0 0.6883954655750777 0.8197527596236931 0.04521579160823788 0.06646423341081778
0 0.20808272916666667 0.3684861722222222 0.04604553515624996 0.06532327111111111
0 0.9233441586460365 0.5097905282331512 0.09019084531351519 0.040713977566868155
0 0.705642726291622 0.19722485912836052 0.08949929885341916 0.04379901095735919
0 0.6748773423107591 0.5866685125009635 0.09416072066870124 0.030628678991160257
0 0.7716150202174296 0.3467884409315327 0.0443098577243088 0.06634920327352621
0 0.5145991904242796 0.15246867822984997 0.07723008501522581 0.041731622570811075
0 0.6448111716021886 0.309478967630963 0.07924417085979817 0.0490058863858564
0 0.6988570404336776 0.6659209056881665 0.056349955513344936 0.031702055351002685
0 0.8548122369791665 0.568237361111111 0.09627696640625001 0.03575587722222222
0 0.7590592916666666 0.5737387944444445 0.09104455390625006 0.04950820222222226
0 0.5235584792571293 0.5301150446597377 0.07003277752467531 0.031022075986141914
0 0.6633046510416667 0.896573438888889 0.05441749687500005 0.041944444444444506
0 0.7019947576833552 0.4666460144763865 0.056240866276997654 0.06484895221971716
0 0.49763359044447736 0.48253549509079074 0.08228772035938275 0.04932115549531241
0 0.5470378490266437 0.6777122608021875 0.04871185796969956 0.07121167865444757
0 0.5565631223042051 0.10891163555555555 0.04604484028742289 0.02337882666666665
