0 0.529938 0.24836100000000003 0.017901199999999947 0.036065600000000024
0 0.5831517792302107 0.3476374156219865 0.03267973856209153 0.07135969141755064
0 0.6136166882897603 0.4025794637897782 0.0494550765795208 0.040549847733847656
0 0.6093680562273058 0.4322085267598843 0.043428012454611434 0.054580053519768655
0 0.59537 0.992623 0.03271610000000001 0.014754100000000183
0 0.583642 0.467213 0.03765430000000005 0.04426229999999999
0 0.5326758048981881 0.43445796478603366 0.020907809796376554 0.06891672957206721
0 0.527778 0.990574 0.025925900000000064 0.018852500000000084
0 0.574074 0.415984 0.025925900000000064 0.07950819999999999
0 0.3852578068264343 0.549903567984571 0.037763253449528 0.06894889103182257
0 0.4790560712658295 0.494262 0.024074099999999935 0.06721310000000004
0 0.51142 0.452049 0.027777799999999943 0.07786879999999999
0 0.304938 0.746721 0.02592590000000003 0.03442620000000007
0 0.4865649963689179 0.07666345226615236 0.042846768336964464 0.06268081002892961
0 0.554321 0.24836100000000003 0.04197530000000002 0.06721310000000004
0 0.44357298444081333 0.1714078406219865 0.05257806888162676 0.047733981243973024
0 0.527469 0.381967 0.054938299999999926 0.036065600000000024
0 0.4907921799303237 0.42035302262541335 0.02726425986064753 0.08168894525082668
0 0.550309 0.213525 0.05123460000000006 0.04508200000000001
0 0.3 0.260656 0.033333299999999975 0.032786899999999966
0 0.508025 0.514344 0.03209880000000005 0.07131149999999994
0 0.601852 0.936475 0.03333329999999994 0.03852459999999998
0 0.4536054581584803 0.40164620138605506 0.05289081631696071 0.03608000277211
0 0.5709433866843033 0.9628217906908664 0.06181622663139332 0.03337191861826695
0 0.498765 0.586066 0.023456799999999976 0.07213109999999993
0 0.535494 0.179508 0.05864199999999994 0.040983600000000016
0 0.4175745927378359 0.23020730998071356 0.057370785475671794 0.039103219961427176
0 0.514198 0.0930328 0.034567900000000006 0.06639339999999999
0 0.4030501089324619 0.5773866923818708 0.042120551924473504 0.06123432979749271
0 0.504321 0.9114750000000001 0.05802469999999998 0.03770489999999986
0 0.430556 0.296721 0.033950600000000046 0.06721310000000004
0 0.471296 0.262295 0.04753090000000005 0.05409839999999999
0 0.514506 0.025 0.05987649999999997 0.0385246
0 0.399074 0.9631150000000002 0.05370370000000001 0.049180299999999885
0 0.6526323591866376 0.3037369869093539 0.029302481626724823 0.05974012618129215
0 0.69321 0.201639 0.025925899999999925 0.05245899999999999
0 0.379321 0.0282787 0.030246900000000035 0.054918
0 0.531482 0.762295 0.034567900000000006 0.03442620000000007
0 0.489815 0.731148 0.05 0.0393442999999999
0 0.559259 0.870492 0.04197530000000002 0.0540983999999999
0 0.259568 0.135246 0.024074100000000005 0.06557380000000002
0 0.396605 0.798361 0.033950600000000046 0.06229509999999996
0 0.522222 0.954918 0.05185190000000002 0.049180299999999885
0 0.373148 0.256148 0.05370370000000001 0.05163930000000002
0 0.237963 0.788525 0.035185200000000035 0.07377049999999997
0 0.445062 0.919262 0.04691359999999995 0.054918000000000085
0 0.364198 0.0688525 0.03827160000000001 0.034426200000000004
0 0.447531 0.8598359999999999 0.04691359999999995 0.05081970000000002
0 0.38845679012345685 0.9942213114754097 0.021358024691357967 0.010573770491803167
