0 0.439506 0.00655738 0.03209880000000005 0.013114800000000001
0 0.4259256774691358 0.2855294506935687 0.024691854938271612 0.08089570138713749
0 0.59784 0.507377 0.05246909999999995 0.03114749999999992
0 0.581173 0.327459 0.04259259999999998 0.027049200000000044
0 0.474691 0.0696721 0.028395100000000045 0.0737705
0 0.558951 0.27623 0.029012299999999974 0.07704919999999996
0 0.504321 0.990984 0.03333329999999994 0.018032799999999967
0 0.407407 0.319262 0.024691400000000033 0.05
0 0.389815 0.20409799999999997 0.05123460000000006 0.040983599999999995
0 0.665432 0.9885249999999999 0.0493826999999999 0.02295080000000005
0 0.4104940000000001 0.856557 0.04197530000000002 0.04262289999999994
0 0.637037 0.526639 0.034567899999999936 0.06803279999999996
0 0.48708431023266857 0.15403512698612862 0.031529385232668565 0.08411133493064314
0 0.596605 0.159426 0.022839500000000016 0.06639340000000002
0 0.509259 0.304918 0.044444399999999974 0.04262290000000003
0 0.456481 0.097541 0.03271610000000001 0.07377049999999999
0 0.532099 0.473361 0.025925900000000064 0.06803279999999996
0 0.522222 0.620492 0.027160499999999983 0.06557379999999993
0 0.559259 0.161066 0.029629599999999933 0.08114750000000001
0 0.458642 0.758607 0.03333329999999994 0.06639339999999992
0 0.397531 0.244262 0.034567900000000006 0.049180299999999975
0 0.369136 0.694262 0.05555560000000003 0.036065599999999934
0 0.511728 0.121721 0.023456799999999976 0.08114750000000001
0 0.529321 0.19221299999999997 0.029012299999999974 0.06639339999999999
0 0.512037 0.258197 0.05123460000000006 0.0393443
0 0.503704 0.431967 0.05061729999999996 0.040983600000000016
0 0.570679 0.443852 0.033950600000000046 0.0729508
0 0.43179 0.130738 0.04753090000000005 0.04508200000000001
0 0.33827199999999996 0.517213 0.03333329999999994 0.03442620000000007
0 0.434568 0.8790979999999999 0.03580250000000006 0.05
0 0.650617 0.0684426 0.05185190000000002 0.03360660000000001
0 0.454012 0.394262 0.05864199999999994 0.036065600000000024
0 0.486728 0.827869 0.022839500000000016 0.06557379999999993
0 0.424691 0.755328 0.05061729999999996 0.056557399999999945
0 0.42407399999999995 0.827869 0.05185190000000002 0.049180299999999975
0 0.19074099999999997 0.37459 0.029629600000000006 0.040983600000000016
0 0.553704 0.594262 0.04074069999999996 0.05245900000000004
0 0.491975 0.651639 0.03827160000000001 0.07049180000000001
0 0.259259 0.22582000000000002 0.024691400000000033 0.040163899999999995
0 0.453395 0.027049199999999995 0.04753090000000005 0.0508197
0 0.422839 0.47950800000000005 0.03209880000000005 0.08360660000000007
0 0.46821 0.30041 0.04135800000000006 0.07295079999999995
0 0.713272 0.814754 0.04259259999999998 0.03770490000000005
0 0.647222 0.118852 0.036419799999999954 0.0409836
0 0.482407 0.520082 0.04382720000000004 0.06803279999999996
0 0.37037 0.884836 0.05308640000000005 0.03360659999999989
0 0.66821 0.24959 0.04135800000000006 0.05819669999999996
0 0.557407 0.8762299999999998 0.05432099999999997 0.03934430000000009
0 0.40463 0.0647541 0.03888889999999997 0.06721309999999998
