0 0.278395 0.994262 0.0604938 0.009836070000000157
0 0.739506 0.9922130000000001 0.023456799999999976 0.015573799999999926
0 0.42962999999999996 0.00778689 0.04567900000000003 0.013934400000000001
0 0.5399150998133793 0.012708070056551021 0.03415199962675845 0.025416240113102045
0 0.27716 0.711885 0.024691399999999964 0.035245900000000004
0 0.5829125150231973 0.38708864806828863 0.05392756995360544 0.042215303863422766
0 0.4281904816721711 0.3795970260285058 0.027569136655657717 0.0408062479429884
0 0.546296 0.917213 0.03827160000000001 0.03114749999999992
0 0.443827 0.12541 0.030864199999999994 0.03278690000000001
0 0.581481 0.9893439999999999 0.044444399999999974 0.019672099999999894
0 0.5940750696823149 0.2292548162315965 0.025186339364629995 0.06670703246319307
0 0.3 0.038934399999999994 0.030864199999999994 0.0647541
0 0.542593 0.880738 0.05432099999999997 0.04180330000000013
0 0.512346 0.337295 0.034567900000000006 0.05491799999999999
0 0.556173 0.21188499999999996 0.05061729999999996 0.05163930000000002
0 0.539506 0.164344 0.05185190000000002 0.033606599999999986
0 0.52716 0.39877 0.04938270000000004 0.05
0 0.702022856520799 0.4751229434661167 0.034225786958402185 0.08254201306776644
0 0.433535699060313 0.20010434019264906 0.028580092010694315 0.0602695487052313
0 0.41450600000000004 0.159016 0.05246909999999995 0.040983600000000016
0 0.320062 0.109426 0.04135800000000003 0.05655739999999999
0 0.358951 0.804508 0.04259259999999998 0.048360700000000076
0 0.489815 0.203279 0.05 0.049180300000000024
0 0.485494 0.0913934 0.021604899999999955 0.06967210000000001
0 0.554321 0.0938525 0.03703699999999995 0.04672130000000001
0 0.5225051016827869 0.5898977780620237 0.04634699663442642 0.056270443875952925
0 0.542593 0.561066 0.05802469999999998 0.04672130000000003
0 0.111111 0.20942599999999997 0.02345680000000001 0.07622949999999999
0 0.402778 0.22909799999999997 0.05 0.031967200000000036
0 0.521296 0.440164 0.05 0.057376999999999984
0 0.589198 0.937295 0.030246900000000035 0.07950819999999999
0 0.655556 0.8422129999999999 0.06172839999999999 0.03688520000000002
0 0.651235 0.108197 0.04197529999999995 0.03606560000000002
0 0.203704 0.852869 0.059259299999999966 0.03524589999999991
0 0.494444 0.872131 0.05185190000000002 0.0540983999999999
0 0.585494 0.147541 0.040123500000000034 0.0606557
0 0.6903476983486672 0.7785397010963767 0.024243403302665806 0.08062539780724655
0 0.619136 0.288934 0.05555560000000003 0.04508200000000001
0 0.66358 0.906148 0.032098799999999914 0.06803279999999996
0 0.3740740000000001 0.9479509999999999 0.05308640000000005 0.04180330000000013
0 0.179012 0.17418 0.027160499999999983 0.07459019999999998
0 0.349691 0.0790984 0.03641980000000002 0.06639340000000002
0 0.428704 0.8397540000000001 0.05617279999999996 0.048360700000000076
0 0.259877 0.24057400000000004 0.04320990000000001 0.056557400000000035
0 0.727778 0.945902 0.04691359999999995 0.05737700000000012
0 0.6713454431076512 0.428109011172601 0.02476999292285924 0.03341338623786149
