0 0.6097519550086636 0.25660767418751795 0.059465117489711714 0.036108781622088
0 0.5971093082768214 0.19307328793003922 0.04643518278560252 0.044469909939967675
0 0.45121981468554073 0.2515624091494292 0.04876539999999994 0.031147500000000012
0 0.5203283562794906 0.13840013732726802 0.05170965031348977 0.0407690327010557
0 0.44980380897693556 0.8149065955013343 0.03158196956646567 0.032405642394205104
0 0.6025125559433779 0.13351026143678651 0.031481499999999954 0.0647541
0 0.5603118641090056 0.4463684110179184 0.04312399883720938 0.029870879069767396
0 0.6766246644726767 0.5091181155801244 0.05168937105464636 0.04733776883975086
0 0.4623122082926596 0.7731003815923243 0.040807783414680825 0.05871823681535134
0 0.495988 0.295082 0.029012299999999974 0.040983600000000016
0 0.385802 0.207787 0.034567900000000006 0.0745902
0 0.5406015146904011 0.5043748928707588 0.06666670000000005 0.02540980000000009
0 0.333025 0.461066 0.03271610000000001 0.041803299999999946
0 0.5566586001268065 0.47751611429660695 0.05473715901521667 0.04128242384038628
0 0.48262518591252745 0.6138043621076376 0.055421462800267995 0.04891942421527514
0 0.420988 0.22991799999999998 0.023456799999999976 0.07786880000000002
0 0.4252629605488563 0.7609196347757021 0.02707002109771272 0.07429746955140414
0 0.4959378371789414 0.4228567065338233 0.02770712683411371 0.0719425130676465
0 0.5078116592060451 0.47965883528358766 0.05422130337022851 0.03224022568306002
0 0.45461785997224613 0.5932582006544669 0.0512588800555077 0.036433798691066256
0 0.8036871300722556 0.519694469904054 0.042065877667719485 0.059861282583555664
0 0.5425733298687868 0.013069707522959401 0.06539305973757344 0.024500015045918803
0 0.43916026609624453 0.28488091870654875 0.051160432192489155 0.035336437413097575
0 0.548765 0.965984 0.022222200000000056 0.0663934000000001
0 0.478086 0.37418 0.025308599999999966 0.07950819999999999
0 0.604938 0.977869 0.020987700000000026 0.03934430000000009
0 0.488272 0.560656 0.05185190000000002 0.04590159999999991
0 0.666975 0.611885 0.03765429999999991 0.035245900000000004
0 0.433333 0.027868899999999995 0.044444399999999974 0.04590160000000001
0 0.39351899999999995 0.70123 0.05370370000000001 0.040163900000000086
0 0.515741 0.745082 0.040123500000000034 0.06229509999999996
0 0.512654 0.365574 0.04382720000000004 0.05737700000000003
0 0.469444 0.531557 0.05246909999999995 0.04672130000000003
0 0.454012 0.19016399999999997 0.05864199999999994 0.040983599999999995
0 0.6564819999999999 0.580328 0.05370369999999994 0.040983600000000016
0 0.35 0.65082 0.04567900000000003 0.05245900000000004
0 0.710742731651354 0.7738056132450121 0.0303281073739114 0.07711872649002417
0 0.529938 0.9553280000000001 0.025308599999999966 0.07131150000000012
0 0.40201194593980283 0.4075773402020587 0.0293086081203943 0.07173111959588253
0 0.474383 0.025 0.021604899999999955 0.05
0 0.532407 0.69918 0.054938299999999926 0.04590159999999991
0 0.393827 0.0245902 0.034567900000000006 0.047541
0 0.5982629916738443 0.7272207396111322 0.051918843908507976 0.03494726140551529
0 0.3692454509081507 0.0815144380975882 0.06688690181630146 0.03352077619517637
0 0.6895060000000001 0.746311 0.030864199999999994 0.07622950000000002
0 0.391667 0.570492 0.05493830000000007 0.03770490000000005
0 0.457716 0.44877000000000006 0.04753090000000005 0.05163929999999992
0 0.5787298433079721 0.620971369522811 0.05735441338405589 0.04166316095437796
0 0.519444 0.0901639 0.030246900000000035 0.0655738
0 0.675 0.381148 0.033950600000000046 0.06393439999999997
0 0.62037 0.792213 0.04320990000000001 0.05327869999999997
0 0.4565195209900469 0.7036503130099124 0.05362665801990626 0.050076073980175426
0 0.582716 0.10123 0.04320989999999994 0.06967210000000001
0 0.18791284485650572 0.320702102051326 0.044961589713011424 0.05124020410265212
0 0.63642 0.965984 0.05432099999999997 0.05163929999999992
0 0.739506 0.884016 0.03950619999999993 0.06475410000000018
