0 0.9298083584893442 0.4854707547744426 0.05718695375047839 0.17007263119185545
0 0.849358584139244 0.02229658814814812 0.09857467125276263 0.04459317629629624
0 0.6073361661458333 0.9817380544444444 0.08536519859375022 0.03652389111111116
0 0.8159491453125 0.6575084888888889 0.10137124895833338 0.08015796444444437
0 0.9210542692708334 0.9436139699999999 0.051219084583333206 0.11277206000000024
0 0.7289827020833334 0.6672829777777778 0.10030415588541668 0.10361864592592575
0 0.7673966697916668 0.30070625185185185 0.042682685729166774 0.1798663377777778
0 0.6916353088541667 0.9944464999999999 0.09176758416666679 0.011107000000000063
0 0.7583264651041668 0.9328613166666666 0.05655454994791664 0.13427736666666684
0 0.6402492673834371 0.550877103120941 0.05155317122270873 0.18784337598034068
0 0.5000961645833333 0.9602320322222222 0.08216409223958342 0.07953593555555556
0 0.7167110453125001 0.39846068148148156 0.06509094880208342 0.1915969170370371
