0 0.6254806125 0.34277022129629625 0.07130533520833342 0.052563707222222325
0 0.6366972083333332 0.029337807685185194 0.03765554770833326 0.05867561537037039
0 0.5926316395833334 0.6919444444444445 0.07771470729166659 0.06758197472222217
0 0.4816675520833333 0.9536031393055556 0.030444971666666612 0.09279372138888907
0 0.41443085817242836 0.7422521343151014 0.035128380113476375 0.09560852714872155
0 0.5072098143460103 0.9778751592737969 0.04787931931702083 0.04424968145240621
0 0.6310154665235754 0.24677363454338686 0.07531122520833336 0.052563707222222644
0 0.7592776499999999 0.03058990254629629 0.06008873937499999 0.06117980509259258
0 0.5822158583333333 0.6055902842592593 0.06649824124999999 0.07258806388888893
0 0.5918308250000001 0.8540167148148148 0.03605326958333326 0.10137288574074095
0 0.5321653711127504 0.7511269285346917 0.07695809160050059 0.05434365756024619
0 0.7488631666666667 0.12125302777777786 0.06810051937499999 0.05006073898148147
0 0.42318212916666653 0.2895808101851852 0.05768512750000016 0.07884556083333329
0 0.5247510264593658 0.858484550576475 0.036493860835398094 0.11746659125445767
0 0.6090554770833332 0.9122111462962963 0.03685447354166674 0.12515177111111125
0 0.5429590708333334 0.17631893981481478 0.0536792375000001 0.10763053537037034
0 0.4936862604166668 0.8934385027777777 0.03685447354166674 0.1126366245370371
0 0.5998428645833335 0.1293865675925925 0.053679237499999984 0.09136086009259259
0 0.8594261979166667 0.0468591961111111 0.050474551458333274 0.0937183922222222
0 0.5081074125 0.7100910787037037 0.07691363312500006 0.04880917851851842
0 0.9989117688647047 0.6101094183288588 0.002176462270590799 0.08663348999105087
0 0.63148866875 0.29521336666666675 0.06729944520833324 0.05006073898148147
0 0.46444290000000005 0.7557714324074074 0.05367923749999986 0.07759415305555527
0 0.6675421979166668 0.7363727796296297 0.07210653916666677 0.056318235925925816
0 0.6567266583333333 0.10873742314814817 0.05848633145833351 0.08260024222222219
0 0.7676907458333333 0.5530253555555555 0.052878033541666744 0.1026244462037038
0 0.5265339354166667 0.047484938171296315 0.054480441458333334 0.09496987634259263
0 0.5157523588042207 0.32114294784589137 0.09060085823344129 0.04576041616006895
0 0.6847681479166667 0.06868809907407399 0.07130533520833318 0.04755761805555557
0 0.5914297687500001 0.2188707740740741 0.025637877708333316 0.08760617870370374
0 0.8463978350965592 0.4559448063831484 0.038072578556881356 0.11120957739592667
0 0.3759120041666666 0.7276132305555556 0.03685447354166674 0.10888209583333319
0 0.5109109125000001 0.38657407407407407 0.0440650495833335 0.06758197472222217
0 0.41076366250000007 0.12938656759259257 0.03445086166666667 0.12890629981481475
0 0.4378965713053889 0.8930248349137466 0.034665874889222084 0.1042985518645297
0 0.5277358062499999 0.2332628796296296 0.04726986541666657 0.10137288574074074
0 0.43761407519532824 0.5417883651519193 0.03974301737031224 0.06291154971018616
0 0.4932852041666667 0.22888234166666666 0.03925795562500009 0.10012147796296304
0 0.6363076827165475 0.8424882135176153 0.048093351891428424 0.11191443639069541
0 0.8341882083333334 0.07557114722222222 0.07531122520833324 0.05131229944444437
0 0.7963185727689568 0.5037056838769219 0.04849989404541961 0.10911099043902915
0 0.4968908166666666 0.4428920046296296 0.054480441458333216 0.09761835703703725
0 0.46931164042422857 0.5019604832028516 0.06702848574036034 0.07734736611522701
0 0.5601837229166667 0.8921880111111111 0.033649657708333315 0.13766691768518521
0 0.5605847791666666 0.5267436546296297 0.07290761333333329 0.05006073898148137
0 0.7072013395833333 0.9773814902777779 0.07130533520833318 0.04523701944444438
