0 0.44208544985287107 0.6796948331186833 0.03312455820223238 0.054244613739058235
0 0.6248456790123457 0.19930327868852457 0.062283950617284006 0.036967213114754094
0 0.6275531045751633 0.2932135969141755 0.04936002178649233 0.03646335583413694
0 0.5097360232861587 0.3711848593895775 0.057111311853859266 0.04451552712248434
0 0.3647530864197531 0.1892622950819672 0.05580246913580245 0.050327868852459046
0 0.5195714981899192 0.49763621781525147 0.028340527244035966 0.07646428321579307
0 0.5486555020868746 0.25035665274937213 0.05918863271804444 0.03629248042218147
0 0.5022223351851852 0.008524595163934426 0.05629607037037048 0.017049170327868853
0 0.626141975308642 0.019549180327868853 0.03376543209876546 0.039098360655737706
0 0.4417636899661099 0.9907989035278045 0.03869562006778023 0.01840269294439093
0 0.3317901234567901 0.5587542311010817 0.029052331683910682 0.035342138448264414
0 0.5849402442833423 0.6013839470869442 0.05482402064736726 0.034052956713453174
0 0.45002905699423107 0.3464549886130507 0.05598786693314053 0.03811334249308315
0 0.2817587440753855 0.3155551133112764 0.03653122014275274 0.03582178661160724
0 0.4789038122371456 0.24144298324626196 0.054945054945054916 0.03702035669248783
0 0.40476798637718175 0.07676653476540418 0.030651340996168605 0.04409270774448841
0 0.41557758379773474 0.476195673528192 0.03583699100787428 0.037108991290301485
0 0.6060931628036639 0.9598890669090427 0.029788874392672304 0.07366496618191429
0 0.5111702914632342 0.6723276069066382 0.060166691325146696 0.0390735849468468
0 0.645216049382716 0.23803278688524587 0.05709876543209876 0.03770491803278689
0 0.5126226654004432 0.7495271122320303 0.03343621399176953 0.07408575031525849
0 0.38882505229885056 0.015333510698134541 0.059131504597701154 0.029027721396269076
0 0.5806790123456791 0.06799180327868852 0.028395061728395062 0.07631147540983606
0 0.34935185185185186 0.13295081967213113 0.032654320987654306 0.07327868852459017
0 0.4131528332593579 0.43461177446464827 0.04578257796189439 0.05260745235860378
0 0.5911459617629169 0.6380017899631093 0.05244036757574262 0.04398506908821021
0 0.3436111111111111 0.21286885245901643 0.04401234567901232 0.04000000000000001
0 0.35177451559380185 0.4137103700660966 0.05406507494586461 0.046211583703648404
0 0.5858811831966194 0.8703377709318956 0.028999917143093898 0.043019033997139286
0 0.554321 0.677869 0.024691400000000033 0.07213109999999993
0 0.5808940661091199 0.9408381808566896 0.02718040621266426 0.08077736647276569
0 0.4719222107149315 0.6484250507520029 0.04939915503608359 0.05042457051799783
0 0.23966049382716048 0.38397540983606554 0.03117283950617284 0.03942622950819674
0 0.5555555555555556 0.3936425429828069 0.03834186490013049 0.0662401705984273
0 0.36641708581008986 0.5602357822303177 0.02714906264288983 0.07969034608378876
0 0.5331574361756342 0.6221213245727009 0.04824842596702339 0.06112069153696714
0 0.568771232082194 0.8220376279018594 0.03471704366558955 0.07228517988777636
0 0.4769705603038937 0.2853089533417402 0.05284221950888622 0.05863808322824717
0 0.38361004682843763 0.04731486715658565 0.06189868028948493 0.03810062182023743
0 0.48815146242439306 0.8897568489382772 0.034551329853343304 0.08075695896138191
0 0.5735802469135802 0.01930327868852459 0.05827160493827159 0.03860655737704918
0 0.44731789099616864 0.04641037430751837 0.027969581992337112 0.06659134861503675
0 0.5371198939431602 0.9118164814611068 0.04267130665340957 0.0643635163384309
0 0.925258379668897 0.250385850748759 0.03290610372883484 0.04901347349101072
0 0.7196282643886646 0.8781368969000077 0.06484894583894053 0.041825292000103736
