0 0.48754096333395164 0.2619803497632667 0.031121828562006584 0.05240975396152058
0 0.5600067162400297 0.17526743589794466 0.06413841444588726 0.035528987672076434
0 0.5316794168047569 0.6593925159815539 0.03002726255899744 0.07917331391390019
0 0.37144157896146324 0.2721275914796771 0.029458236255054768 0.08445645602930192
0 0.509824870781893 0.6816356574551132 0.028263250793650843 0.08286451647150668
0 0.47549809934053716 0.34808425680719035 0.03371229868107443 0.04206981361438069
0 0.2883339564667842 0.2631585446135832 0.036911887066431504 0.0359775107728337
0 0.48737736381589386 0.9766688415714949 0.04499835878796534 0.04502297259471535
0 0.6212973144747419 0.2747263198226552 0.05000000000000007 0.05819669999999996
0 0.5616963515916444 0.6768864988190699 0.036771356257342395 0.06690080295848272
0 0.4931688987881036 0.031469093060839094 0.028728465125002628 0.06541781705301185
0 0.5430275333410622 0.2812897468889406 0.04234023331787544 0.05709220622211889
0 0.5377790144067272 0.22010728262951915 0.04297285599455884 0.055146555734968114
0 0.5972237220207547 0.6883684514792413 0.05083790808858382 0.05926298756944636
0 0.4275977366255144 0.5214432084309134 0.03361992945326283 0.0446428571428572
0 0.5666429173895793 0.21276671205629596 0.04501544925390051 0.05313320606338436
0 0.554304803419279 0.6304223610546266 0.03583399316144187 0.05063097789074691
0 0.5862519085183124 0.2750574720175703 0.03053004598610841 0.0796231440351405
0 0.3635482171786385 0.8995150139326101 0.026044692983751887 0.024831269565585942
0 0.5624918655985284 0.8266809952434385 0.0330403688029432 0.07778520951312304
0 0.4830066571858447 0.15517666055447601 0.028648570663039205 0.07307260735104956
0 0.470238223015873 0.49295491590554247 0.053056769723692034 0.04111983251366131
0 0.5336053917022198 0.02175757409890802 0.05420556895236921 0.030378499685267794
0 0.508616255144033 0.5884074941451991 0.031415343915343896 0.06196330991412957
0 0.4134195656249163 0.327779950926354 0.05048070485525297 0.05956402688382348
0 0.4870296884185773 0.6884270101483216 0.029027042915931802 0.07806401249024196
0 0.4688704425070591 0.03373108185774105 0.030333477606710783 0.0674621637154821
0 0.4772921382367907 0.30783665535009425 0.06199267647358132 0.04682091070018842
0 0.5041324017395248 0.1304770245491119 0.03483171541045776 0.0734831276170667
0 0.4698300031871846 0.9614067278214421 0.04309077218731159 0.06348520750769102
0 0.2856223332304527 0.29685810013661207 0.058899366460905336 0.03469910027322404
0 0.7480331135350548 0.28136166498458853 0.027115301657730937 0.04909849704045173
0 0.5814217110822565 0.7998987383343824 0.03359508646097403 0.07129368619830866
0 0.5558647127929265 0.10098798544021456 0.03029740926235079 0.07143052628698103
0 0.4565732385949442 0.45863563875878216 0.04437850811287481 0.0546256779859485
0 0.35392783656672544 0.4334992193598752 0.028108465608465638 0.06976971116315377
0 0.5521548259444753 0.7401680396288897 0.031740143036748485 0.041325706779058016
0 0.4531341857730747 0.4058108899297424 0.04464285714285713 0.05391295862607338
0 0.5153219642416226 0.5297568450234192 0.042989228483245184 0.06607179004683846
0 0.394444 0.795902 0.03209880000000005 0.07704919999999996
0 0.6979399140651085 0.8018801729822929 0.043626071869783026 0.0421412540354143
0 0.6751478802118757 0.7195736062836968 0.043797275294214635 0.061167519636552654
0 0.2568342151675485 0.3861729117876659 0.04850088183421519 0.03415300546448089
0 0.8083209941003324 0.38144487109074043 0.03520921179933513 0.07481505781851924
0 0.6364516993342814 0.9047866663017597 0.036274449184855374 0.06130435972522514
0 0.5342125471647658 0.9642415624452984 0.04220996232094896 0.05748341394374121
0 0.363272 0.11352499999999999 0.04629629999999999 0.051639300000000006
0 0.8363395363397348 0.2309803793412265 0.05448062732053041 0.0478745413175471
0 0.175 0.46024600000000004 0.04753089999999998 0.05983609999999991
0 0.5753695957094418 0.478578669412376 0.03427211096331076 0.06454665563380282
