0 0.5406847 0.7846098083333335 0.07786005333333344 0.03256755537037043
0 0.5085456333333334 0.7613967833333334 0.07876542666666672 0.030488789629629625
0 0.26529446206016527 0.4472966459126942 0.07028685745366398 0.04891310280424132
0 0.16903870000000001 0.08925776490740742 0.08419752000000003 0.03464632111111111
0 0.5741833666666667 0.14434573333333334 0.03802465333333345 0.06167044481481482
0 0.42770294254506 0.0587286992453333 0.07205650157654624 0.023478905712888833
0 0.11426603333333318 0.8594453750000001 0.0506995866666666 0.04919776583333333
0 0.4134836333333332 0.5309986972222223 0.04255137333333335 0.05196948166666668
0 0.3143487 0.5109033981481481 0.07423870666666647 0.04919776583333344
0 0.5311792333333333 0.36573555277777775 0.03711927999999982 0.06652092638888889
0 0.6189988333333333 0.22749636296296297 0.03168718666666663 0.036725086851851836
0 0.29488309999999995 0.6287006870370371 0.046172866666666576 0.05751291333333336
0 0.44969709999999996 0.42775276851851857 0.08057617333333317 0.03672508685185181
0 0.4732370999999999 0.25763888888888886 0.05160496 0.030488789629629677
0 0.34277162882381074 0.7173795598591078 0.048172755685711506 0.06302402369969726
0 0.6601916333333333 0.8206420296296295 0.06337451999999986 0.056127013148148275
0 0.3523720333333333 0.6688904398148149 0.08148154666666668 0.02979583953703708
0 0.2889988333333334 0.37786154537037037 0.0760494533333335 0.04919776583333328
0 0.22200296666666663 0.8688002435185185 0.08148154666666656 0.04296146861111115
0 0.3224960333333333 0.22056770740740742 0.034403306666666585 0.031181655185185203
0 0.3713844333333333 0.5258013601851853 0.04526749333333342 0.05266243175925922
0 0.5144299 0.2766943824074074 0.0506995866666666 0.06028462916666665
0 0.4605621666666666 0.3182696972222222 0.07695467999999993 0.02841002388888888
0 0.3206861666666667 0.4069642657407408 0.034403306666666585 0.05474119749999996
0 0.6004381666666667 0.6747809805555556 0.04707824000000009 0.07345017370370362
0 0.3808913666666667 0.5933616694444445 0.08238677333333323 0.039496802685185156
0 0.3052949666666666 0.31896290092592594 0.04707824000000009 0.04919776583333333
0 0.3790800333333334 0.6307794527777778 0.06971198666666668 0.04504023435185184
0 0.40216683333333336 0.31549857314814816 0.03983540000000012 0.03533927120370371
0 0.34829910000000003 0.1942361111111111 0.07152258666666651 0.0436543341666667
0 0.22109656666666666 0.0577295924074074 0.03802465333333321 0.021480692037037032
0 0.017749826666666618 0.14192036574074077 0.035499653333333235 0.040189752777777775
0 0.16270123333333342 0.5018951314814815 0.04255137333333323 0.031181655185185123
