0 0.6344181614583334 0.6703641388888888 0.018322371875000108 0.026639340000000043
0 0.22194087395833334 0.6943397138888889 0.01742864531250001 0.012254092499999926
0 0.41320907291666664 0.9332946638888889 0.032622793229166606 0.01118851499999999
0 0.5377498894554902 0.7717829341670945 0.039161363797353015 0.01613788694358894
0 0.5879422083333333 0.8336636388888888 0.021003696354166716 0.02344260750000002
0 0.47577355208333333 0.9201081138888888 0.04066676666666661 0.011454917499999918
0 0.397567953125 0.659308938888889 0.041560565625000004 0.010922144999999946
0 0.52828225 0.6703641388888888 0.031282167187499904 0.019713102500000024
0 0.5504035208333333 0.8331306388888889 0.018322371874999986 0.03036884500000004
0 0.44538467708333335 0.6687657888888888 0.03887924114583333 0.010655742500000016
0 0.593974953125 0.8476490388888889 0.016981745833333405 0.02424181500000002
0 0.5670537142100633 0.8033056754679977 0.04311775907987325 0.010633719341782396
0 0.55107390625 0.6252106213888889 0.03217589375000003 0.021045082499999996
0 0.51353521875 0.7164504388888889 0.03932614062500003 0.011188515000000095
0 0.5235902760416666 0.6245446313888889 0.019216170833333438 0.021311485000000033
0 0.490967265625 0.8003641388888889 0.04066676666666661 0.011721319999999954
0 0.5106306979166667 0.6959380638888889 0.04066676666666661 0.011721319999999954
0 0.618543948760241 0.83347768581551 0.01899410229603665 0.022344803557220523
0 0.5334216302083334 0.6894114138888889 0.013853521875000042 0.018381154999999937
0 0.5533080416666666 0.616952413638889 0.025025719270833236 0.006127062500000012
0 0.49655332812499997 0.6662353388888889 0.03306969270833336 0.017315577500000002
0 0.46862301562500003 0.8544421888888889 0.03977304010416667 0.01545082499999995
0 0.43501533287457855 0.7607310902858556 0.0296796137979058 0.023272890721781365
0 0.5800801414090861 0.7942805618902854 0.04298355416099445 0.01124800090516342
0 0.488956109375 0.6164196281388888 0.02681324479166663 0.005061485000000074
0 0.5687261822916667 0.6924748638888889 0.027260144270833446 0.021844257500000006
0 0.5238139791666667 0.8369932638888887 0.020556869270833406 0.026372937499999905
0 0.479795140625 0.6574440888888889 0.04066676666666661 0.010389339999999981
0 0.5803891028290132 0.8570908279784394 0.025384392258640056 0.02080922432089907
0 0.5881651874999999 0.6916756888888889 0.022344394791666625 0.021311484999999925
0 0.5691728645833334 0.6527822888888889 0.029941468750000054 0.021311485000000033
0 0.3910565410734852 0.7402705862224744 0.0213882186053036 0.023810689075127952
0 0.41879513541666663 0.7497496138888889 0.02681324479166663 0.022377062499999968
0 0.5642571874999999 0.895733113888889 0.0245788197916666 0.022377062499999968
0 0.6270446458333333 0.7048622388888889 0.03217589375000003 0.01678277249999993
0 0.5711840208333334 0.8266039888888889 0.01876927135416674 0.024774587499999993
0 0.65408159375 0.7984996138888889 0.020109969791666533 0.02290983500000005
0 0.5083958385416667 0.6426593838888889 0.021003696354166657 0.025573762500000003
0 0.5425833229166667 0.9287657888888889 0.019663070312500017 0.020245907500000094
0 0.5501798177083334 0.7554770888888889 0.04200746510416664 0.010389339999999981
0 0.4391282291666666 0.6474545638888889 0.03441039114583339 0.016516402499999992
0 0.6204553136388852 0.7584030963710727 0.02200277931707646 0.01299727157630257
0 0.5324441565975602 0.7908216240699868 0.04317987309095355 0.015013092862195916
0 0.3832676041666667 0.6510506888888888 0.0281539432291666 0.023176237499999978
0 0.6040300104166667 0.8043603388888888 0.03083526770833321 0.017049174999999965
0 0.5874795221619356 0.8785007193159537 0.04241165041545436 0.012386446695207361
0 0.601375625926008 0.7500329111322845 0.03796008271326426 0.016163453894747843
0 0.5785575364583333 0.7255078638888889 0.024578819791666835 0.014918019999999985
0 0.511747765625 0.7061940888888889 0.038432341666666696 0.011454917500000024
0 0.5760996979166666 0.7116553888888889 0.05005143854166671 0.010655742500000016
0 0.5609052604166667 0.680487238888889 0.02949456927083318 0.02290983499999994
0 0.5086195416666667 0.823274038888889 0.025919518229166747 0.02290983499999994
0 0.5164397395833332 0.9034586888888889 0.03530411770833328 0.01491802000000009
0 0.6313386128630208 0.8012075429512256 0.019119471669791704 0.020690351875326328
0 0.2860689583333334 0.772659513888889 0.0330696927083333 0.017049174999999965
0 0.585990934369174 0.7371806857206212 0.032295296342514844 0.02116726777539942
0 0.5950920208333333 0.9082537388888889 0.029941468750000054 0.02344260749999981
0 0.5331986510416667 0.825272138888889 0.019663070312500076 0.021045082499999996
