0 0.599748236758724 0.4900856198995547 0.055052873517448156 0.03754883979910924
0 0.5798526331335189 0.21911552561356964 0.04489046626703782 0.043148651227139206
0 0.513889 0.251229 0.029012299999999974 0.04508200000000001
0 0.787654 0.632787 0.023456799999999976 0.07704919999999996
0 0.725 0.268443 0.024074100000000074 0.028688499999999967
0 0.591975 0.802869 0.059259300000000036 0.03688519999999993
0 0.571914 0.259426 0.035185199999999965 0.06147540000000003
0 0.600617 0.455738 0.05555560000000003 0.040983600000000016
0 0.5139797878666238 0.6056546007628163 0.023891924266752296 0.07229659847436748
0 0.5802041792210805 0.3042145131123851 0.059173458442160855 0.030251917582677843
0 0.544136 0.268852 0.030246900000000035 0.07868849999999997
0 0.529938 0.355738 0.026543200000000024 0.06229509999999996
0 0.670062 0.785246 0.03271610000000001 0.06885250000000008
0 0.6846145034004139 0.8150147119468398 0.038035675993720125 0.06143271957263342
0 0.58858 0.8524590000000001 0.05617279999999996 0.036065599999999934
0 0.5719098933044315 0.944759892964086 0.06482171339113678 0.03507081407182784
0 0.465123 0.9647540000000001 0.04259259999999998 0.04426230000000017
0 0.6205043040159137 0.3411587678953852 0.02638595416042272 0.08049872498815502
0 0.555864 0.906148 0.05123460000000006 0.04180330000000013
0 0.531173 0.8811479999999999 0.04876539999999994 0.04426230000000017
0 0.50463 0.95123 0.022839500000000016 0.06967209999999989
0 0.5491436510882752 0.7613924638775703 0.039984297823449734 0.05590347224485923
0 0.45448556540355384 0.344262 0.034567900000000006 0.0754098
0 0.4581206230642974 0.27480860324078454 0.025925900000000064 0.08196720000000003
0 0.48487699999999995 0.863115 0.05493830000000007 0.040983600000000016
0 0.5659030899878684 0.5955652421112481 0.030685791764789846 0.0758078271581541
0 0.60463 0.022541 0.03641980000000002 0.0418033
0 0.506173 0.311066 0.03827160000000001 0.07131150000000003
0 0.486728 0.417213 0.03888889999999997 0.057376999999999984
0 0.30648099999999995 0.789344 0.04999999999999997 0.04590159999999991
0 0.478395 0.655328 0.03333329999999994 0.05
0 0.556173 0.452049 0.04691359999999995 0.06147540000000003
0 0.554012 0.669262 0.04876539999999994 0.041803299999999946
0 0.35956800000000005 0.759836 0.04382720000000004 0.06065569999999991
0 0.6629629999999999 0.646311 0.032098799999999914 0.06803279999999996
0 0.743827 0.770492 0.03950619999999993 0.06557379999999993
0 0.424383 0.9524589999999998 0.035185199999999965 0.06557379999999993
0 0.40813888308534935 0.48161183687576997 0.035574133829301344 0.06300572624846017
0 0.674074 0.92541 0.05308640000000005 0.04262289999999994
0 0.32314800000000005 0.165574 0.03395060000000001 0.057376999999999984
0 0.423457 0.0967213 0.05555560000000003 0.04262290000000001
0 0.765432 0.868033 0.0493826999999999 0.05081970000000011
0 0.819444 0.11393400000000001 0.03271610000000001 0.07377049999999999
0 0.8728400000000001 0.8553280000000001 0.05308640000000005 0.0647540999999999
