0 0.5853034985754986 0.28890296595208065 0.03888889999999983 0.05409839999999999
0 0.487654 0.994672 0.04691359999999995 0.010655699999999909
0 0.543827 0.22663899999999998 0.024691400000000033 0.06311479999999997
0 0.543827 0.534426 0.024691400000000033 0.05081969999999993
0 0.463889 0.313115 0.045061699999999934 0.05245900000000004
0 0.6103515288698955 0.3867277301702396 0.028109857739791005 0.08656976034047922
0 0.48179000000000005 0.44917999999999997 0.03641980000000002 0.03770490000000005
0 0.430556 0.381967 0.027777799999999943 0.07377049999999997
0 0.397222 0.389344 0.022839500000000016 0.07704919999999996
0 0.504938 0.47868900000000003 0.020987700000000026 0.08032789999999992
0 0.555556 0.312295 0.029629599999999933 0.06557380000000002
0 0.4645059999999999 0.39385200000000004 0.03641980000000002 0.05327870000000002
0 0.478395 0.9647540000000001 0.03209880000000005 0.03442620000000007
0 0.650309 0.0118852 0.036419799999999884 0.0237705
0 0.494444 0.29959 0.044444399999999974 0.0598361
0 0.575 0.404098 0.027777799999999943 0.07213110000000003
0 0.655413148622982 0.6350565412042875 0.04966770275403615 0.038082817591424976
0 0.5780150882003798 0.5000316016708701 0.030104676400759655 0.07055470334174016
0 0.615432 0.992623 0.044444400000000044 0.014754100000000183
0 0.582099 0.863115 0.05185190000000002 0.036065599999999934
0 0.267901 0.716803 0.025925899999999995 0.07786879999999995
0 0.591667 0.652459 0.04382720000000004 0.03934430000000009
0 0.473148 0.231557 0.033950600000000046 0.07131150000000001
0 0.537654 0.863115 0.03333329999999994 0.03770489999999986
0 0.483025 0.358607 0.04506170000000007 0.035245900000000004
0 0.503704 0.556967 0.03827160000000001 0.056557399999999945
0 0.440432 0.451639 0.029012299999999974 0.07868850000000002
0 0.634568 0.681557 0.03827160000000001 0.06967210000000008
0 0.391358 0.231557 0.059259300000000036 0.031967200000000036
0 0.495988 0.643852 0.025308599999999966 0.07131149999999994
0 0.0234568 0.0155738 0.045679 0.026229499999999996
0 0.555247 0.761066 0.05617279999999996 0.02704919999999995
0 0.510494 0.211066 0.05802469999999998 0.04672130000000001
0 0.44321 0.014754099999999996 0.059259300000000036 0.027868899999999995
0 0.549691 0.688115 0.033950600000000046 0.05819670000000005
0 0.542593 0.354098 0.04320989999999994 0.06885249999999998
0 0.47963 0.511475 0.04938270000000004 0.05081969999999993
0 0.599074 0.9389339999999999 0.03271610000000001 0.06147540000000003
0 0.657099 0.547541 0.033950600000000046 0.07377049999999997
0 0.491358 0.902869 0.05185190000000002 0.031967200000000036
0 0.209259 0.973361 0.027160499999999983 0.05327870000000016
0 0.49691399999999997 0.754508 0.028395100000000045 0.07459019999999991
0 0.573148 0.918443 0.05 0.0663934000000001
0 0.333025 0.0754098 0.031481499999999954 0.04426229999999999
0 0.712654 0.915574 0.04135800000000006 0.06393440000000007
0 0.6583570750237416 0.2938209331651955 0.06125356125356129 0.03909205548549814
