0 0.5987795664801728 0.5925257847882754 0.027411420632116167 0.043587716758385096
0 0.48137749108169037 0.8845211950144218 0.033423081572218113 0.06673109567709654
0 0.5723968214688333 0.8898645441600641 0.05073001732244493 0.03705867318996666
0 0.47957710916437635 0.3438162699907316 0.028647740119094333 0.07476108079128774
0 0.46789043526423596 0.856075416988572 0.034001086632846664 0.048044865026105485
0 0.45856623332750984 0.9801678675791319 0.03441656665501977 0.035746335158263656
0 0.5056643987949903 0.8357371841241008 0.049464735363908836 0.034685038813027175
0 0.47482594247298526 0.8015051708158385 0.038552354928647906 0.04436634243857015
0 0.45292937224621554 0.23518507791229798 0.056493478166034145 0.03939060418235533
0 0.5495064477989496 0.9182518529336594 0.037394484313563715 0.0405272189565153
0 0.591049 0.4766389999999999 0.04259259999999998 0.06147540000000003
0 0.5055592258819324 0.7925783256544597 0.0455506895377932 0.05820382187374485
0 0.5744132431880643 0.5511076980377106 0.0577825566985123 0.04330327187916351
0 0.5060366049033721 0.5935874642993686 0.05582839019325575 0.039054671401262765
0 0.5408752900038494 0.7894822806948044 0.028535652772965908 0.06877723276132752
0 0.5597215201282555 0.43939369317326077 0.04497634741525976 0.05853598160806359
0 0.505120277471317 0.4091323051280195 0.0419777410919164 0.07207889898337484
0 0.4776861667321031 0.20129757284365407 0.04057060594163072 0.040549151364189316
0 0.535907247411988 0.6247871190045183 0.024900594823975834 0.07580373800903663
0 0.5417048379356977 0.2768927764583213 0.02770143523971561 0.08341539709204657
0 0.5187055809034922 0.748426279984855 0.0594020582430582 0.0388004394096028
0 0.5901489133781517 0.9281957874566432 0.048495926165140646 0.04765749588155817
0 0.4501113765519348 0.3222252745814749 0.030354062269336415 0.08023807160980136
0 0.48701070597107704 0.5470819105152639 0.04896859809143657 0.05221861539419555
0 0.47426981045533284 0.7525769996403665 0.042548254637191044 0.06369940071926687
0 0.5159848485909349 0.4647264463896773 0.04773191255507563 0.04662310791577352
0 0.6561242890830906 0.737244428071468 0.048272992093216734 0.03407625713759442
0 0.5880301564216778 0.8599521150735695 0.05768271006076595 0.05014944103472194
0 0.6207991264134276 0.528614905322076 0.030486552826855053 0.08509771064415228
0 0.6328169127733398 0.16098789242472944 0.03187283143710161 0.07125254473374049
0 0.5808804773400307 0.09029784319082824 0.028427054680061285 0.06584168638165648
0 0.3905466125725254 0.33235822278862304 0.031191379836845085 0.07327810925099928
0 0.5834385256908357 0.819464117991712 0.05164154861832884 0.04631806401657601
0 0.6384558277654045 0.8242360071561575 0.046468145948472636 0.05513162218408853
0 0.4458467376062031 0.8875826061557559 0.042343754296241286 0.07375223629924407
0 0.45881865375387165 0.07154028847824827 0.03860751210574526 0.07704338759195967
0 0.4829515937911705 0.49072279860539875 0.04455781394014746 0.0644555027892023
0 0.5908577422738642 0.2234008357441337 0.05608004518679897 0.04821600771456123
0 0.2988265061292152 0.06111336384174246 0.0584565720019195 0.054451717546197057
0 0.176543 0.439754 0.0395062 0.0647541
