0 0.5939315068422883 0.5266739815746941 0.05452961368457664 0.03531516314938809
0 0.254321 0.388934 0.07160490000000003 0.027049200000000044
0 0.37642584237958615 0.4854018113484185 0.03309858475917236 0.034737822696836826
0 0.3827335910580769 0.5382302180905103 0.054286517883846246 0.04321176381897947
0 0.836111 0.628689 0.026543200000000024 0.036065599999999934
0 0.6836813279516606 0.44788706902562914 0.02456918203790666 0.07975114479335026
0 0.611111 0.991393 0.04691360000000002 0.01721309999999985
0 0.526543 0.303279 0.03827160000000001 0.02622950000000002
0 0.5224831572291776 0.2666818398984068 0.05484241445835504 0.0415612797968137
0 0.483498667366545 0.9613080447933504 0.04760882071813598 0.048060428538443736
0 0.588272 0.806557 0.05802469999999998 0.02622950000000002
0 0.721914 0.409016 0.026543200000000024 0.07377049999999997
0 0.582099 0.565164 0.05432099999999997 0.040163900000000086
0 0.608025 0.60082 0.05308640000000005 0.036065599999999934
0 0.526543 0.511885 0.04320989999999994 0.06311480000000007
0 0.521914 0.8790979999999999 0.026543200000000024 0.07950819999999999
0 0.559568 0.834836 0.05617279999999996 0.031967200000000036
0 0.520062 0.697131 0.05493830000000007 0.031967200000000036
0 0.383333 0.45245900000000006 0.04691359999999995 0.057376999999999935
0 0.557716 0.665984 0.03888889999999997 0.0647541
0 0.64537 0.415574 0.06358020000000005 0.032786899999999966
0 0.53642 0.788525 0.04938270000000004 0.055737700000000015
0 0.447839 0.9573770000000001 0.031481499999999954 0.06229510000000014
0 0.740123 0.584016 0.03950619999999993 0.045081999999999914
0 0.563889 0.388115 0.04753090000000005 0.04344259999999996
0 0.6365064497348287 0.22577374382936968 0.06066819946965754 0.036792387658739385
0 0.45740699999999995 0.585656 0.030864199999999994 0.07459019999999991
0 0.64321 0.290984 0.03209879999999998 0.06885249999999998
0 0.4645059999999999 0.48688499999999996 0.031481499999999954 0.07049180000000001
0 0.536728 0.475 0.033950600000000046 0.07459019999999991
0 0.552778 0.765164 0.04135800000000006 0.0647541
0 0.568827 0.322131 0.030246900000000035 0.07868849999999997
0 0.509259 0.822541 0.04691359999999995 0.056557399999999945
0 0.3374617219810567 0.18964314300789803 0.04282534396211321 0.0481378860157961
0 0.6766170396974439 0.8204630309281921 0.02824712060511204 0.07546773814361571
0 0.255864 0.09631149999999998 0.025308600000000035 0.03524589999999999
0 0.6703699999999999 0.163934 0.023456799999999976 0.08032790000000001
0 0.698148 0.985246 0.0493826999999999 0.027868900000000068
0 0.353395 0.333197 0.05246909999999995 0.04344259999999996
0 0.4077160000000001 0.223361 0.05740740000000002 0.04836069999999998
0 0.474383 0.256557 0.05246909999999995 0.05409839999999999
0 0.18179 0.23729500000000003 0.059876499999999985 0.033606599999999986
0 0.7086419999999999 0.331148 0.04691359999999995 0.055737700000000015
