0 0.44160165360574677 0.4814856299293884 0.01918322604720603 0.08988348405390162
0 0.3486986781189084 0.1305247671511692 0.016508479844554457 0.042895437416576324
0 0.3624260449020397 0.007916567672447928 0.013645031296296396 0.015833135344895857
0 0.35367795098689025 0.9928259257006329 0.016777295076083238 0.014348148598734227
0 0.28579733345358344 0.932058456765717 0.021370701058201172 0.08270814535451557
0 0.3373558944087201 0.9859784574255076 0.022873966146284275 0.028043085148984633
0 0.5049382208333334 0.126326375 0.029828322343749984 0.03898222444444445
0 0.35738326302083334 0.9597323741666666 0.020943266093750048 0.08053525166666672
0 0.40937684734045204 0.2624537740907221 0.023607260864695334 0.0618669758798989
0 0.33598749896200164 0.8717737421890958 0.027653746257336565 0.07539226923291972
0 0.3313983204385167 0.5463578852887647 0.012764000616616518 0.09651079831135942
0 0.31199534791445577 0.8987806060817443 0.018426622556505023 0.04059350327459952
0 0.36261898958333333 0.4156944444444444 0.025068463437499845 0.07196722111111108
0 0.4066263549422486 0.8102735898517861 0.020827465375919493 0.04625702831843457
0 0.3278930708138649 0.6241628432616612 0.021536071913936656 0.07709275207887774
0 0.2857384609988776 0.7824976513208364 0.02655147707231033 0.05841494571002765
0 0.32362770873270924 0.028783669055994335 0.02451204204875168 0.04215488411023354
0 0.39599825890563883 0.1930792974555227 0.014665134985243473 0.04822101240918349
0 0.4014435547256543 0.7636019566476048 0.02317831515918106 0.07469479949343283
0 0.4121099189460349 0.03551884914050574 0.021283834243346907 0.07103769828101147
0 0.3133376751045488 0.9992237530879219 0.022336594636180724 0.0015524938241564237
0 0.3079922488776655 0.9824410464632946 0.028317650713484 0.03511790707341081
0 0.37694085477026085 0.30316103509313114 0.015930102859916435 0.07516736808860693
0 0.3060999766445519 0.865814080375757 0.028805337716187297 0.05332640785959716
0 0.3161391176648673 0.5851338990136873 0.020459398049831636 0.08299446719404134
0 0.5013502797429902 0.6472905874113585 0.02431112749318641 0.04738197315605059
0 0.38402948936375786 0.8621980390143427 0.019774214314010646 0.06538052943468213
0 0.31502274739844577 0.08940181157800713 0.013648889858619739 0.08953004202838434
0 0.4282708347242957 0.01413184051880305 0.014355313482382689 0.0282636810376061
0 0.5020687807087104 0.5751457309603447 0.01494693029511455 0.09491897335664123
0 0.30154476553166076 0.2518739166519772 0.029429105684985992 0.05602286415183028
0 0.351446292562724 0.3295602984164757 0.027253910916965416 0.06589739776132564
0 0.3802391829488335 0.9111032125378428 0.02480616772546907 0.04858648225117956
0 0.38213434427083326 0.7025638722222223 0.030462983906249973 0.04198083833333339
0 0.4114867989583333 0.394204175 0.030780263281249987 0.046978609444444375
0 0.344399514495187 0.5821030739462945 0.01464950638620716 0.09698630071852234
0 0.3359778515842315 0.7186786938266856 0.023771849904453763 0.07421035959781531
0 0.28611360026202154 0.026331325501247203 0.02957275458012359 0.0448986123913833
0 0.21095936850629518 0.47554836426265573 0.01947920486493094 0.06828572201482443
0 0.35227811604811515 0.7183306964688458 0.016615450794737186 0.09236038644090624
0 0.3949859067708334 0.4511778388888889 0.02697239671875001 0.06297125750000003
0 0.3887930399944804 0.22528911163677245 0.025395987146455804 0.06662991371457491
0 0.36958094977805656 0.4928586200672845 0.0232029071105534 0.0683669076345689
0 0.41452838879926496 0.7419715158510434 0.0242425850758328 0.07045569936229562
0 0.3580550888019467 0.6257959609703545 0.013401809999726667 0.10555787833706884
0 0.36989633706327785 0.2097396904935731 0.013553654658369633 0.09327734268415892
0 0.36059825239085425 0.8928144570337743 0.028618943454147092 0.04288269922158179
0 0.39912941459218776 0.98651534832333 0.014357544019429132 0.02696930335333992
0 0.42012836522842 0.15146664343709207 0.017664715786974483 0.08639788573999102
