0 0.7927919020833333 0.474763688888889 0.10892490583333346 0.12076495888888922
0 0.0070792279993668805 0.3667638064225 0.014158455998733761 0.1757428960438894
0 0.2710416666666667 0.7404474333333336 0.09149699854166649 0.10466289888888865
0 0.01788170916666676 0.10743713333333334 0.03576341833333352 0.16303268222222217
0 0.26451919525425577 0.5080677098430554 0.0610225603001781 0.09441304920277936
0 0.4887299948332641 0.3420618025945443 0.0563175111248615 0.07620444481091185
0 0.5580582041666666 0.7434653111111114 0.044659133750000045 0.16705831999999973
0 0.27594367916666673 0.8571869999999996 0.09476465395833328 0.07648441666666654
0 0.38105637916666674 0.9517390755555556 0.07189036020833335 0.09652184888888887
0 0.030408000989583427 0.7513732142824614 0.06081600197916685 0.08625955634270044
0 0.15067943750000007 0.2624170666666668 0.040302201041666784 0.19121116444444405
0 0.15667019791666661 0.7615799444444445 0.0827829566666665 0.1509562600000002
0 0.4137329333333334 0.22216314444444465 0.09367537666666668 0.11472674777777772
