0 0.3678941696418933 0.7127820279383816 0.043168805177986394 0.054077360885726636
0 0.6362110779946507 0.6120144184102333 0.05825872232910368 0.052113768425167
0 0.41090727900085094 0.35923483944969753 0.05155246810586848 0.05648113174875312
0 0.5987693405551521 0.7061560234294082 0.05906307996449615 0.028371548983892266
0 0.38374499965514874 0.5831385488428258 0.05904070970411735 0.041521659492627594
0 0.540123372737298 0.728853262616522 0.05922992482315278 0.0325234829815352
0 0.5934303050781354 0.6300372334726241 0.06974115091852937 0.02671077538483507
0 0.5337832681083408 0.7642139004964463 0.02219036620135017 0.02740276438444219
0 0.7982463080168777 0.7121265745928539 0.042459270979840605 0.02959120149408576
0 0.5307637671698575 0.30539285075332884 0.0441638255561184 0.05944044835850946
0 0.6320548898571775 0.7426930426086646 0.04755078471717897 0.05134558377084899
0 0.5317400416869267 0.6412563240740741 0.0520756065625001 0.03239755749999999
0 0.48473049257417006 0.7663464966383541 0.052588595857246644 0.0392110233500091
0 0.6402260876210162 0.11070396280437042 0.05957885590380071 0.020718784960592696
0 0.9820446167708333 0.2553442990740741 0.035910766458333396 0.026680304999999977
0 0.29199376188372034 0.40553543746797893 0.07408997482659778 0.03252018064791429
0 0.49721168481946504 0.6709798384593201 0.071445912756903 0.028319618770491516
0 0.46438048340512156 0.7784410371507064 0.07313773417350973 0.045549891046112456
0 0.47638600905962564 0.2715045995461521 0.07223077197341811 0.028663839055844024
0 0.6693447157669652 0.7530036787028109 0.03503742031792143 0.05452873316904164
0 0.22691792396117408 0.49002944964356127 0.041292319140200935 0.05371675557805381
0 0.5427333882465046 0.4246376240740741 0.059733736562499945 0.04383198499999997
0 0.4833363191138281 0.3103955117849199 0.03486664010567739 0.0491182954216917
0 0.5019189541666667 0.10542653207407408 0.02833525468749999 0.012704884999999987
0 0.28565854157089504 0.7690223416811123 0.028438479444983265 0.02783402619264587
0 0.5867565107318647 0.6747397228472446 0.04838500901046305 0.05549751776849171
0 0.9472454324822832 0.5809290164784228 0.06585291430626701 0.02735813980869792
0 0.4977070322916666 0.701287049074074 0.07198689343749981 0.036844274999999926
0 0.3605351554417545 0.6778043836262309 0.07166173098144692 0.02714877736056428
0 0.3643536678689586 0.6396061058618409 0.05705153188937627 0.02369598771121454
0 0.49866198241013887 0.23641086502141193 0.06980464055500933 0.036315827651240376
0 0.42338329231129884 0.7224191664168839 0.05467358180965789 0.04985474164764475
0 0.2919622719101886 0.2783914268033121 0.05596361585944898 0.04834151504233467
0 0.5602864388089169 0.18574527603863236 0.05162294759334228 0.05400876086812237
0 0.5614124770017687 0.5161206865223508 0.06557465651729603 0.03114230739655326
0 0.3752791654994447 0.39698240168864585 0.029354844884430874 0.05513814723165069
0 0.47592453455259653 0.3670701549362629 0.045271074209359816 0.0306469182756224
0 0.39750058602906707 0.7130110942027315 0.045949074074074045 0.05837829425191932
0 0.7605878301984658 0.11456944475171395 0.05319429762390193 0.030990741355279756
0 0.6872459979166666 0.5431110990740741 0.04211996312500001 0.054631144999999985
0 0.327913024174081 0.7407079233276688 0.06845299675839721 0.025196904478432064
0 0.6180784005853622 0.5146320785958497 0.0686471793501088 0.03832898404355113
0 0.4112517934322684 0.48107714131608686 0.0411874905312961 0.027120556984025487
0 0.4640104166666666 0.7263792240740741 0.06126541218750011 0.03112702250000007
0 0.3691412532591471 0.6186447785601763 0.07370194068496119 0.028071256027795737
0 0.4948663670840206 0.15976963390682114 0.05038275666016905 0.05478031459480985
0 0.5514034797569337 0.5761382507639037 0.04801982164345387 0.055202169663201586
0 0.5071174965716106 0.4453559378193832 0.0391025188014094 0.051362798284613806
0 0.2747443762115707 0.7023215353491451 0.06693435211967168 0.03844509027154499
0 0.368319369687144 0.5130320073935418 0.038206675244489216 0.039883896248926895
0 0.9516929819520548 0.4935165179938633 0.05083210536672382 0.02785984283957848
0 0.2928308633354024 0.6830389518101304 0.061607697082557304 0.04329608938547477
0 0.38713769900953293 0.7775345744078388 0.0397284033987475 0.0562349659960846
0 0.7247711822916667 0.4119330490740741 0.031398481874999835 0.04129099249999997
0 0.4969270055665601 0.555284109897326 0.05793510402319934 0.04925038065450325
0 0.47745513968442704 0.6358396732473086 0.0634776789644795 0.04311445108606546
0 0.5555251197916665 0.4681523240740741 0.07581595843749997 0.03176228999999998
0 0.5091939791666665 0.6101292240740741 0.05054393093749994 0.0374795425000001
0 0.47291829481501796 0.13226373815082293 0.023539237453297564 0.028264595653497714
0 0.5210642791666665 0.5678855240740741 0.0543731200000001 0.050819694999999804
0 0.5552669336002669 0.8556540890275521 0.03241272522522512 0.03556947828976518
0 0.4851442227242303 0.5285347446251307 0.05835901476275491 0.04037255579695837
