0 0.21797330458636208 0.4642870020836525 0.03442359082727589 0.03536119583269492
0 0.32482949149615814 0.7004470938897168 0.02633169299835967 0.06763728075203489
0 0.6493829999999999 0.0655738 0.029629600000000075 0.06885250000000001
0 0.555406935065281 0.286499217195424 0.05832252986943782 0.03519916560915205
0 0.624383 0.647541 0.026543199999999954 0.07049180000000001
0 0.5695504538094621 0.5503268904906569 0.042803607618924315 0.051472780981313755
0 0.6026267636934897 0.4617555628022172 0.04796611911803875 0.05891604741125134
0 0.610494 0.606557 0.029629599999999933 0.03442620000000007
0 0.258333 0.761066 0.03641980000000002 0.05819670000000005
0 0.589198 0.0565574 0.03271610000000001 0.06885250000000001
0 0.5462186628852629 0.9879544699214718 0.040896274229474255 0.022452560157055955
0 0.508642 0.695492 0.022222200000000056 0.07950819999999999
0 0.54537 0.129918 0.05246909999999995 0.03196719999999999
0 0.430864 0.631148 0.025925900000000064 0.04918030000000007
0 0.753704 0.638115 0.025925899999999925 0.04344260000000006
0 0.528704 0.313934 0.07098770000000003 0.036065600000000024
0 0.380556 0.827049 0.05493830000000007 0.031147500000000012
0 0.559877 0.027459000000000008 0.04197530000000002 0.05327869999999999
0 0.6101849999999999 0.77418 0.04753089999999998 0.05
0 0.532716 0.638934 0.05432099999999997 0.041803299999999946
0 0.58179 0.640164 0.029012299999999974 0.08032789999999992
0 0.453086 0.572131 0.027160499999999983 0.06393440000000007
0 0.627778 0.0471311 0.03333330000000002 0.06967209999999999
0 0.53642 0.74918 0.05308640000000005 0.05081969999999993
0 0.545988 0.0872951 0.05123460000000006 0.041803299999999995
0 0.596914 0.296721 0.05185190000000002 0.04262290000000003
0 0.548765 0.805328 0.04320989999999994 0.0598361000000001
0 0.520679 0.568852 0.04135800000000006 0.06065569999999991
0 0.42654300000000006 0.8811479999999999 0.05802469999999998 0.040983600000000016
0 0.631481 0.152869 0.03333329999999994 0.058196700000000004
0 0.325617 0.191803 0.030246900000000035 0.03278690000000001
0 0.562963 0.22622999999999996 0.05432099999999997 0.049180299999999975
0 0.42037 0.794262 0.03580250000000006 0.06229509999999996
0 0.6399143328153328 0.9236241625587528 0.051432665630665536 0.048888325117505314
0 0.36186586826094674 0.35801086130734755 0.054045263478106426 0.03315817738530495
0 0.42376499999999995 0.948361 0.033950600000000046 0.0540983999999999
0 0.6215231313994648 0.8291443635704459 0.05078173720107054 0.03843317285910802
0 0.5222805920335837 0.8680640709331653 0.04309351593283253 0.0589528581336697
0 0.336728 0.109426 0.033950600000000046 0.0745902
0 0.0506173 0.689344 0.035802499999999994 0.040983600000000016
0 0.410185 0.0618852 0.033950600000000046 0.0598361
0 0.42121601370156286 0.008765280015161567 0.025333618782559037 0.015635364351369276
