0 0.6397031832127986 0.7210124738182746 0.05067785569922331 0.08002446621614362
0 0.6247264260727659 0.27540137908453133 0.02746599534467329 0.11756778671566698
0 0.06351917479166666 0.34372391203703706 0.034378872499999984 0.06496882712962965
0 0.4314329666666667 0.6539846416666667 0.05729812083333332 0.06496882712962976
0 0.5517575294756447 0.5319930816027977 0.0422152256179564 0.09942483163152128
0 0.47455751666666673 0.9403777925925926 0.05186983666666674 0.05170990592592586
0 0.2670777791666667 0.45775124907407416 0.034982026041666656 0.09413855083333354
0 0.6111684229166666 0.48095399722222215 0.046441650208333365 0.0822055702777778
0 0.38619791666666664 0.5638232657407408 0.05367929729166671 0.051709905925926065
0 0.4242485925153565 0.5109047328076226 0.03547824288595377 0.104512419292162
0 0.5701553500000001 0.11832208981481485 0.039204003125000025 0.08353134916666649
0 0.6231659006155188 0.5691008275190038 0.047777677935629016 0.05971730440643741
0 0.5834241416666667 0.2635074953703703 0.028347434791666733 0.1325895355555556
0 0.5828212812500001 0.9357369194444445 0.024728611249999824 0.05038396527777759
0 0.6034418115878715 0.010684596199222716 0.046920959017894504 0.02136919239844543
0 0.4573676895833333 0.15213301018518519 0.025934918333333338 0.10341981185185181
0 0.6404203437500001 0.9705203005787036 0.02774437895833337 0.058959398842592624
0 0.49114350625 0.9957122023379628 0.04885416666666664 0.008575595324074188
0 0.54210915 0.976486426898148 0.03739454250000005 0.04702714620370372
0 0.5393948124999999 0.43985258703703717 0.05247299020833331 0.08485728981481497
0 0.31281333127930744 0.900844810164294 0.048045026308614895 0.060154082735995526
0 0.7503826532151144 0.2592873370675989 0.02615518648643717 0.0694309982722096
0 0.5508550229166667 0.8588349499999999 0.042822826666666695 0.09811621101851845
0 0.4282262934829726 0.7613471786216497 0.03476107428405489 0.08890465840484896
0 0.6108665041666667 0.20914667870370363 0.028950588333333253 0.05303584657407412
0 0.3321362659017733 0.36146384709464835 0.025493415904786567 0.10374050099588895
0 0.22727140416666666 0.0038050852777777883 0.031363202499999986 0.007610170555555577
0 0.5241076195450262 0.6309760123510215 0.04203449861828066 0.09507463622388299
0 0.5113486125000001 0.3536688712962963 0.021712941250000086 0.12993781601851834
0 0.5354747541666666 0.26019304814814814 0.053076143749999895 0.07027242796296312
0 0.43565494375 0.24892328055555563 0.025934918333333397 0.0795536889814817
0 0.5237136020833333 0.1474921370370369 0.040410212500000084 0.09944215166666681
