0 0.3575378385416667 0.40880462870370365 0.05272960000000009 0.061221172870370384
0 0.5631131620672598 0.43565080637188786 0.037588636113686506 0.039553741793261356
0 0.621399028663861 0.0040431489920273915 0.036111273032306455 0.008086297984054783
0 0.6831985104166667 0.24539135740740736 0.0549575468750002 0.05839559972222222
0 0.4551991041666666 0.07821027222222221 0.08020837343750019 0.03108153444444447
0 0.5547167916666667 0.3094384481481482 0.06386957500000014 0.05839559972222227
0 0.3649647291666667 0.9202368157407409 0.03787617968750005 0.07817472666666656
0 0.3990355625049235 0.6646392717708522 0.07519202863598622 0.03997286390384937
0 0.6928535885416667 0.6739396824074074 0.062384317187499976 0.037674576759259275
0 0.4312658900556131 0.012968440856481467 0.051652823340392943 0.025936881712962934
0 0.2743585885416667 0.35606097962962957 0.03639080156249979 0.08947701925925916
0 0.4925384015108661 0.0495332690129702 0.06442145177756965 0.03757602854813369
0 0.5035307267980214 0.9213441597489107 0.056326610987290714 0.07097033959041393
0 0.4344042916666667 0.04571675555555555 0.06386957499999989 0.04709319222222224
0 0.5573155416666666 0.18134541574074076 0.06164162812499991 0.039558253888888825
0 0.21420233854166662 0.5161775574074073 0.04678820781250011 0.07440725750000005
0 0.1358512291666667 0.09751931296296297 0.04901615468750009 0.06593042314814818
0 0.2894102877211043 0.08409346583208162 0.0612449500786249 0.05603400629379294
0 0.4637388854166667 0.30237394074074075 0.06758290000000003 0.0536862345370371
0 0.5237188925353282 0.20527345891690865 0.06792934993394889 0.05727654033381721
0 0.46673167505292157 0.5977077722517362 0.030491791772509914 0.0865328226261575
0 0.7056183475936076 0.028706312303591414 0.041869519666381784 0.04720685622615056
0 0.5490041803994418 0.3883476127729538 0.04947564152805046 0.06822798223187013
0 0.30109443229166666 0.20159439907407406 0.04530282968749996 0.040500149907407385
0 0.5937337998893596 0.3734406530238384 0.031561551536645284 0.09068504885150554
0 0.6304691510416667 0.3056706342592592 0.06535495312499992 0.04709319222222227
0 0.41249538541666675 0.7525857592592592 0.06164162812500003 0.051802557407407336
0 0.3382276822916667 0.6098925916666667 0.06461226406250008 0.05839559972222206
0 0.6055897291666668 0.6668763240740742 0.06906827812500005 0.04803508824074061
0 0.5387489166666667 0.10646715277777775 0.06312688593749982 0.0480350882407408
0 0.3144623541666667 0.1653330685185185 0.06461226406249997 0.04709319222222222
0 0.4830490416666667 0.35558985925925923 0.04827358593750001 0.07158168435185183
0 0.5536026979166666 0.021916510486111127 0.05718561406250006 0.043833020972222254
0 0.38303527359606265 0.33611900216904567 0.06263306739120758 0.0401742190603136
0 0.28846883854166666 0.7054921074074075 0.034905423437500006 0.040500149907407385
0 0.6326973385416667 0.1540307759259259 0.06684033125000007 0.045209515092592606
0 0.44368760416666675 0.6221371249999998 0.027478773437499982 0.09983753074074066
0 0.24811026816973095 0.3891589961523768 0.03541443136887163 0.08597596434179078
0 0.4081228566769581 0.212953877338561 0.07072062689558294 0.04980508347102609
0 0.5082990260416668 0.012968527037037044 0.028964151562500005 0.025937054074074088
0 0.17669732291666668 0.9616793212962964 0.05941356093749981 0.04803508824074083
0 0.3766429354218175 0.6224995003473156 0.0255850812603016 0.04636798189796139
0 0.5168400104166666 0.14225736296296299 0.060898939062499956 0.051802557407407385
