0 0.4873101113329137 0.63040707624269 0.025298253584172592 0.12277809010721259
0 0.5734816978911279 0.8960065391277164 0.04672275720655937 0.10092065518376479
0 0.5398130424316766 0.9676829618342595 0.05044346674844361 0.06194124320831941
0 0.5385850526118758 0.5622355575900336 0.02742286307176857 0.13384640326533728
0 0.5786696682502747 0.3700305290914466 0.04749797335875717 0.06333803011663279
0 0.4695686603834055 0.36624618138007536 0.0434304673528968 0.0764836590087641
0 0.6197354141111374 0.8842817603490417 0.042893011534504664 0.0843766541341679
0 0.6950472215006192 0.7413781215132311 0.025928518840589377 0.12144350632356038
0 0.5355672255752697 0.3973176678523858 0.02217446822549712 0.14898379411082172
0 0.1810095023088983 0.9820902383101852 0.025717541232379983 0.03581952337962956
0 0.40497813749999995 0.37680282407407406 0.04561114333333336 0.039564405092592694
0 0.5583291555612766 0.8066256470384674 0.036865846047437145 0.13726635261557507
0 0.3351853112644234 0.8967187816231534 0.023586903897361407 0.1402356631784469
0 0.43370064114778517 0.010661673763480978 0.04779266679755588 0.021323347526961956
0 0.5383088676797957 0.026646711628651048 0.023029692306904083 0.053293423257302096
0 0.4577061731757175 0.19139638584975918 0.03734593117082223 0.08155549206122444
0 0.6021424310168922 0.9723379260008133 0.021465227671421873 0.05532414799837334
0 0.5804054244791667 0.6491876435185187 0.03658916161458332 0.11564969953703694
0 0.5675058456631599 0.00753745896493882 0.04294680132143848 0.01507491792987764
0 0.7480341164707336 0.05915515720322611 0.045488379954599506 0.08862941726237086
0 0.527811693092875 0.23300294785660342 0.04913938311950285 0.06531069892707814
0 0.6370853963048698 0.641150187598275 0.03068376480558198 0.11998067582083967
0 0.7204616996247495 0.41386972039294445 0.04546337926690924 0.07803621191599325
0 0.5438065623353168 0.7706124921836807 0.028871277633068893 0.1262630489136228
0 0.6601221897962335 0.7020969210513872 0.047262891300220274 0.07514796818165895
0 0.4278363553184985 0.46734371352838483 0.02321441845115532 0.14087859409812115
0 0.5402980008573717 0.9976197495835474 0.045630056201922994 0.00476050083290526
0 0.5765703103117661 0.4337669115987499 0.049072491812638695 0.06413473489797392
0 0.6596402052474493 0.7784351217869416 0.04501390073228286 0.09707759087258494
