0 0.710494 0.0057377 0.04691359999999995 0.0114754
0 0.5350075052653095 0.5069453929785039 0.027196991758646084 0.07773878737922062
0 0.5054336446131983 0.060764837725557255 0.03274226757260864 0.0726756160533868
0 0.5882043101708773 0.5140237725599827 0.0389458069332025 0.06846749124959287
0 0.5264710567793149 0.8945427171732473 0.03511092001969552 0.0773430915194236
0 0.5581105387948655 0.4946531321246336 0.02391464311994112 0.09038106611659971
0 0.4143351985078604 0.10329441364940833 0.030494123219942555 0.03754373550340055
0 0.5498323930995013 0.5696992726088373 0.05682282724225329 0.038540875040712214
0 0.671914 0.990984 0.026543200000000024 0.016393400000000106
0 0.5328919954954555 0.0777233610380548 0.028747790990911005 0.08318204703974526
0 0.45289895289250076 0.06594918489601762 0.03123829421499838 0.041872030207964775
0 0.5805433657100809 0.660720751392357 0.0426172685798382 0.04904979721528606
0 0.679803735359291 0.4362827518565224 0.06753191938377127 0.03748073420204572
0 0.5835314262052634 0.7004657733719529 0.04462867576900538 0.06192588302538094
0 0.591008674541848 0.17445060345166488 0.05403084939455845 0.046192554153398575
0 0.5027185021666258 0.482303767234828 0.03699615730520804 0.0743676039517967
0 0.6259205698829704 0.5153621848440666 0.040304223239870415 0.06703175562746695
0 0.603180443136293 0.6352459016393442 0.03924454255580084 0.056182824883291654
0 0.5664692470248025 0.7263513513513512 0.04657435212990764 0.05852163639048887
0 0.5017686471388054 0.8001036197755131 0.05224070594483369 0.046152234677300126
0 0.6416539460646474 0.584972084918744 0.04632977156476799 0.06507592190889365
0 0.4621487994789354 0.09553013327043285 0.05417887911892706 0.040885324527263435
0 0.6617728839951061 0.7293974302171022 0.04254254254254257 0.053167922020380974
0 0.4984016634793678 0.8868262906263953 0.03797160288706337 0.06860697303693299
0 0.4788028836190307 0.024865353618744354 0.02886431595464373 0.05169634783976098
0 0.5171254263342461 0.962716080882822 0.05284142767930056 0.04688397014734958
0 0.49307351190078963 0.7714074062435384 0.05132331120008898 0.05337455255501409
0 0.6271842731517511 0.9350369608088283 0.03063889953403467 0.06907259876251835
0 0.5976700121384374 0.13012540787042498 0.05403084939455838 0.05189291189998821
0 0.375 0.957787 0.024074099999999935 0.06967209999999989
0 0.6049178317390238 0.45380523287373786 0.05539203662823972 0.04179785039626527
0 0.5137560297604448 0.4135001628487678 0.056209631264818885 0.03664097274997284
0 0.26728395061728394 0.3285714285714286 0.061552028218694856 0.034192037470726
0 0.26873903077601413 0.2845432931498829 0.05405632998236333 0.03700240667447311
0 0.6707027540360875 0.5207019756200084 0.03983328057402133 0.06690486198682921
0 0.444136 0.227049 0.04876539999999994 0.03442619999999998
0 0.5938837143140222 0.921604812830899 0.040628071371955586 0.05970512862792621
0 0.573319122479794 0.06142626882100877 0.04796163069544369 0.06349019145339466
0 0.7821568006753192 0.44153706038951945 0.035876332172628374 0.07391060669749196
0 0.417901 0.265984 0.04320989999999994 0.07786880000000004
0 0.3783639754862777 0.08471910995793529 0.03878378778458717 0.06486613987498527
