0 0.37363523234220136 0.2696776805356731 0.029985664684402745 0.06558576107134614
0 0.513889 0.990164 0.026543200000000024 0.019672099999999894
0 0.551852 0.9864749999999999 0.03333329999999994 0.02540980000000009
0 0.6313725741740567 0.2972352115273609 0.05947615165188659 0.03339907694527819
0 0.3744101868011117 0.4960947558149515 0.028117122357960055 0.0652304523216892
0 0.4999130585985046 0.3861694758716232 0.029560076508433304 0.07619487416301084
0 0.400926 0.47540999999999994 0.026543200000000024 0.07377049999999997
0 0.555864 0.295492 0.026543200000000024 0.04344259999999996
0 0.358025 0.172951 0.04567900000000003 0.04426229999999999
0 0.5571714821278521 0.6904986696420907 0.03296490207484971 0.07467170199982834
0 0.6066106639405985 0.7426550823899236 0.047201398510115684 0.05618841903270097
0 0.49321 0.246311 0.023456799999999976 0.07295079999999998
0 0.6197311260693792 0.32572144195913183 0.060536847861241465 0.033802616081736285
0 0.446914 0.244262 0.04567900000000003 0.036065600000000024
0 0.41358 0.268443 0.027160499999999983 0.07295079999999995
0 0.433333 0.393033 0.05555560000000003 0.035245900000000004
0 0.432716 0.321721 0.034567900000000006 0.06147540000000003
0 0.593827 0.720492 0.04567900000000003 0.06557379999999993
0 0.360185 0.9143440000000002 0.03641980000000002 0.0663934000000001
0 0.46821 0.197541 0.026543200000000024 0.07049180000000001
0 0.5187124297071941 0.5209853231482277 0.03037941955917519 0.07381340657454295
0 0.551235 0.8635249999999999 0.04814809999999998 0.056557399999999945
0 0.534259 0.24180300000000002 0.026543200000000024 0.0819672
0 0.383025 0.425 0.03641980000000002 0.05983610000000005
0 0.408333 0.806557 0.05864199999999994 0.036065599999999934
0 0.526852 0.702869 0.030246900000000035 0.07622950000000002
0 0.43857999999999997 0.847541 0.027777799999999943 0.06721309999999994
0 0.46975300000000003 0.429098 0.05555560000000003 0.04344260000000001
0 0.391667 0.8700820000000001 0.03271610000000001 0.058196699999999865
0 0.566667 0.535246 0.022222200000000056 0.09180329999999995
0 0.45 0.127459 0.05432099999999997 0.04836069999999999
0 0.46265400000000007 0.281148 0.06234569999999995 0.040983600000000016
0 0.492284 0.135246 0.05 0.05245899999999999
0 0.44814800000000005 0.0487705 0.04074069999999996 0.0647541
0 0.519444 0.29918 0.05 0.05245900000000004
0 0.399074 0.394262 0.04382720000000004 0.06065569999999996
0 0.494753 0.876639 0.04382720000000004 0.0598361000000001
0 0.546914 0.79877 0.05185190000000002 0.048360700000000076
0 0.712963 0.25 0.03950619999999993 0.06393439999999997
0 0.5811771211441489 0.4001906687427846 0.03395944228829766 0.06431503748556913
0 0.628086 0.562705 0.04629629999999999 0.048360700000000076
0 0.283951 0.153689 0.03703700000000002 0.06147539999999998
