0 0.6029862702701277 0.31509724911377335 0.045478340540255374 0.036752398227546605
0 0.5720612982958743 0.3778200507706319 0.05464280340825155 0.031246098458736143
0 0.48393478949034513 0.28758582037270564 0.024533080088635632 0.07636261734622392
0 0.7262350000000001 0.0127049 0.021604899999999955 0.0237705
0 0.35679000000000005 0.234016 0.05555560000000003 0.031967200000000036
0 0.530556 0.571311 0.033950600000000046 0.04754099999999996
0 0.486728 0.562295 0.025308599999999966 0.032786899999999966
0 0.57963 0.0122951 0.05308640000000005 0.0229508
0 0.6351376848290599 0.3588832469980384 0.03095913034188031 0.03961040600392321
0 0.49104899999999996 0.108607 0.029012299999999974 0.040163899999999995
0 0.51142 0.415574 0.05246909999999995 0.04590159999999996
0 0.49286943577081355 0.36531476039652516 0.04623327154162708 0.04210412079305034
0 0.464815 0.722951 0.020987700000000026 0.08360660000000007
0 0.48456800000000005 0.42418 0.027160499999999983 0.03852459999999998
0 0.4410490000000001 0.416803 0.05987649999999997 0.03688519999999998
0 0.490123 0.747131 0.027160499999999983 0.03852459999999998
0 0.633642 0.787705 0.025308600000000035 0.07868850000000006
0 0.4278252244301995 0.10146084326397646 0.05792965113960116 0.034783813472047065
0 0.569753 0.42663900000000005 0.05308640000000005 0.030327899999999967
0 0.468827 0.06106559999999999 0.029012299999999974 0.040163899999999995
0 0.529938 0.11229499999999999 0.06111110000000003 0.0377049
0 0.525617 0.197541 0.05 0.027868899999999974
0 0.469444 0.0159836 0.029012299999999974 0.0319672
0 0.348765 0.302049 0.024691400000000033 0.07295079999999995
0 0.46296300000000007 0.785246 0.030864199999999994 0.03442620000000007
0 0.560802 0.580738 0.04629629999999999 0.06311480000000007
0 0.510802 0.0237705 0.054938299999999926 0.0327869
0 0.605864 0.8770489999999999 0.03271610000000001 0.027868900000000068
0 0.623148 0.55082 0.04629629999999999 0.04426229999999999
0 0.366358 0.195082 0.05246909999999995 0.055737700000000015
0 0.784568 0.375 0.029629600000000075 0.05491799999999999
0 0.554938 0.0655738 0.04938270000000004 0.059016400000000004
0 0.534259 0.806557 0.029012299999999974 0.04262289999999994
0 0.435494 0.816393 0.03641980000000002 0.07049180000000001
0 0.505864 0.0688525 0.054938299999999926 0.042622900000000005
0 0.618827 0.273361 0.05 0.031967200000000036
0 0.570679 0.656967 0.033950600000000046 0.07295080000000005
0 0.515123 0.288115 0.035185199999999965 0.06967209999999999
0 0.534568 0.8717210000000001 0.020987700000000026 0.07786880000000004
0 0.545679 0.239344 0.04567900000000003 0.055737700000000015
0 0.616975 0.745902 0.04753090000000005 0.05901639999999998
0 0.575309 0.811475 0.029629599999999933 0.05081969999999993
0 0.310802 0.270082 0.03765429999999998 0.0647541
0 0.433642 0.290984 0.022839500000000016 0.0852459
0 0.558333 0.725 0.04629629999999999 0.05327869999999997
0 0.613272 0.0885246 0.029012299999999974 0.0622951
0 0.478086 0.8237699999999999 0.03888889999999997 0.07049179999999991
0 0.489506 0.9241800000000001 0.05432099999999997 0.03360659999999989
0 0.475617 0.618443 0.040123500000000034 0.06803279999999996
0 0.587037 0.937705 0.039506200000000075 0.06885250000000008
