0 0.6128349182291667 0.16420734814814814 0.05373907322916658 0.12277321833333346
0 0.7299501730197574 0.13921288878240062 0.05978967760215307 0.12928497021517737
0 0.3129627580214125 0.8203946811418562 0.0625171638548687 0.11602769250865398
0 0.39196708697916666 0.051409759907407385 0.03976690026041669 0.10281951981481477
0 0.32931817752338244 0.6334255581711027 0.06063670702593183 0.13226100078742384
0 0.555852398466452 0.5507670376353632 0.06659839974540395 0.10913475935890336
0 0.3447034644890039 0.49074506184608857 0.09602459411990918 0.08143582884255311
0 0.30144007196157163 0.0043847983899254405 0.05745618133727284 0.008769596779850881
0 0.4027151802083334 0.4418742981481482 0.09995465531249993 0.07566252833333341
0 0.556730304151868 0.7344342946578061 0.046858198772486405 0.12724866948068375
0 0.6035647837346846 0.7815598532937813 0.08678756236520234 0.09295930387540015
0 0.20662183497146516 0.3474763617205253 0.04739674166168039 0.13026333285524563
0 0.32205299810514887 0.07295450161094989 0.07641564649803563 0.12871115609227024
0 0.2608448765625001 0.9839719219907407 0.06771124619791671 0.032056156018518536
0 0.23053430567852065 0.9173688064983538 0.0646581626170216 0.10749624453007624
0 0.45127127805649836 0.6139336400602808 0.06337356335972982 0.13650316765723985
0 0.19507073984489776 0.08355631758451473 0.09392977301853804 0.07906936421654912
0 0.4708138880692239 0.9801552139952635 0.04484193145094769 0.03968957200947287
0 0.5757554765625 0.1477903981481482 0.05266426390625002 0.12420086250000016
0 0.24112561106122515 0.05506991699852538 0.087151926599534 0.08350042926019986
0 0.4927918417029062 0.7713331091016292 0.056551991999562526 0.12483202975970428
0 0.25821542538205505 0.40607344793439926 0.06349803470325112 0.1233761001858412
0 0.31247026220706237 0.7356487425635329 0.0677841530078748 0.0591509286692302
0 0.6370176927083334 0.05713664814814818 0.09350597348958327 0.08851097749999995
0 0.7462579606817407 0.06302104235472349 0.05403906240514793 0.05390162408684926
0 0.410806401451806 0.8007723507911282 0.06294536360729926 0.08929582217577756
0 0.45591763229166665 0.0171481286574074 0.04299132822916671 0.0342962573148148
0 0.6216947795238799 0.9901085699702704 0.08392715147639909 0.019782860059458934
0 0.25654598749999996 0.5603651064814815 0.0612625643749998 0.12134557416666696
0 0.18702699674767514 0.8603218227055062 0.09497027692131657 0.07598683328138278
0 0.6294023750676307 0.923340820083358 0.06508636236945217 0.10578995493436057
0 0.04129564560687295 0.900021528941913 0.0825912912137459 0.06825158382861997
0 0.2126695938264959 0.011209956772787395 0.10172269682617525 0.02241991354557479
0 0.34360327916666666 0.005727149490740718 0.054813882552083255 0.011454298981481436
