0 0.5707358410874144 0.2715812958084065 0.032830582174828975 0.03332719161681299
0 0.455556 0.208197 0.04938270000000004 0.02622950000000002
0 0.5283118298826868 0.18637849884235883 0.03810455976537368 0.039021418910729536
0 0.5011788300040957 0.30826079061650224 0.056679260008191554 0.034554481233004385
0 0.3407785465274121 0.8862929321187166 0.025656326569539492 0.045447335762566925
0 0.587654 0.46311500000000005 0.028395100000000045 0.06885250000000008
0 0.5280353266119595 0.7345193459637946 0.03924266957755549 0.06464167478828366
0 0.3738837358814581 0.8533351687533992 0.032760291387279844 0.036006999141480985
0 0.44777086764964025 0.235735513031233 0.060599367971446855 0.03094581434620462
0 0.412197716362413 0.025466153179628626 0.028100032724825953 0.04929300635925724
0 0.630864 0.706148 0.05679010000000006 0.04672130000000003
0 0.476543 0.340164 0.044444399999999974 0.06229509999999996
0 0.6227398290489147 0.41440052940913685 0.02612444190217067 0.07283804118172638
0 0.63858 0.766393 0.04135800000000006 0.05901639999999998
0 0.500309 0.564344 0.035185199999999965 0.05163929999999992
0 0.689815 0.501639 0.048765400000000084 0.040983600000000016
0 0.6775230550772336 0.14174131566894568 0.04569111996664914 0.06614055256390336
0 0.46327199999999996 0.8213109999999999 0.027777799999999943 0.07049179999999991
0 0.5015357500980048 0.6491199469543937 0.052454800196009635 0.047420893908787225
0 0.645988 0.367213 0.029012299999999974 0.07704919999999996
0 0.48083794813059505 0.6676639201091601 0.050670103738809896 0.041722059781679706
0 0.449074 0.166393 0.05 0.04262289999999999
0 0.698148 0.22418 0.028395100000000045 0.04672130000000001
0 0.509875214710959 0.7152356596107529 0.043213070578082054 0.06461008077849421
0 0.588889 0.72582 0.025925900000000064 0.07295080000000005
0 0.448765 0.9631150000000002 0.04074069999999996 0.0459016000000001
0 0.5389241805789597 0.1375088610714008 0.053156261157919445 0.041973964594825594
0 0.559568 0.545082 0.06111110000000003 0.03770490000000005
0 0.575 0.397131 0.027777799999999943 0.07131149999999999
0 0.6151229999999999 0.793033 0.05740739999999995 0.035245900000000004
0 0.604012 0.251639 0.031481499999999954 0.07213110000000003
0 0.6114561186457786 0.842032424059902 0.04500655037446621 0.06016636934581627
0 0.576543 0.20942600000000003 0.03703699999999995 0.06967210000000001
0 0.656173 0.838934 0.03333329999999994 0.06311479999999997
0 0.6387384254139606 0.2768474233625981 0.04661185082792119 0.04765702958589076
0 0.521914 0.438525 0.04876539999999994 0.055737700000000015
0 0.53858 0.517623 0.05740740000000002 0.040163900000000086
0 0.682099 0.788525 0.032098799999999914 0.07213109999999993
0 0.663272 0.959836 0.048765400000000084 0.05901639999999998
0 0.6759260000000001 0.55123 0.04320990000000008 0.056557399999999945
0 0.452778 0.781557 0.04259259999999998 0.06803279999999996
0 0.485185 0.396721 0.05679010000000006 0.0393443
0 0.42685199999999995 0.746311 0.05740740000000002 0.03852459999999998
0 0.429012 0.827869 0.03950619999999993 0.05245900000000004
0 0.608951 0.658607 0.05123459999999999 0.05163929999999992
0 0.304321 0.709016 0.05308639999999998 0.04262289999999994
0 0.483642 0.49057399999999995 0.03888889999999997 0.06803279999999996
0 0.603395 0.8909839999999999 0.035185199999999965 0.05901639999999998
0 0.458333 0.940574 0.045061699999999934 0.058196699999999865
0 0.456481 0.44958999999999993 0.04382720000000004 0.06147540000000003
0 0.221914 0.509836 0.026543200000000024 0.07049180000000001
0 0.04197530000000001 0.267213 0.0246914 0.040983600000000016
0 0.545679 0.607377 0.06296300000000005 0.05081969999999993
0 0.539815 0.7504735893869939 0.04259259999999998 0.06721310000000004
0 0.3237800704830028 0.18589444974943672 0.04256335903399449 0.03148900050112658
0 0.553395 0.4368850000000001 0.040123500000000034 0.07213109999999998
0 0.719444 0.361885 0.05370369999999987 0.041803300000000036
0 0.6028156116508689 0.9756605604129439 0.05297777996898951 0.0485940599914536
0 0.5639428850155053 0.9270218980693031 0.024182570031010504 0.0704375961386061
0 0.32345699999999994 0.763525 0.05308640000000001 0.03688519999999993
0 0.41759300000000005 0.343033 0.04753090000000005 0.06147540000000003
0 0.664506 0.695492 0.04629630000000013 0.0647541
0 0.49104899999999996 0.057377 0.045061699999999934 0.0622951
0 0.22438299999999997 0.077459 0.030246900000000035 0.0647541
0 0.717901 0.95 0.055555599999999886 0.04426230000000017
0 0.602161 0.0938525 0.04135800000000006 0.056557400000000015
0 0.3005750821733661 0.03986480786069458 0.05934453565326772 0.05797528427861084
0 0.191667 0.177459 0.0450617 0.04344260000000001
