0 0.21895445496266935 0.06870576411384288 0.04358029510411612 0.13741152822768576
0 0.2412584536413666 0.18210401780847546 0.05431389849851662 0.09892786510924355
0 0.32963443177715906 0.5627455353330278 0.0386904673043181 0.19853737516727835
0 0.3631992791990079 0.6163193675581115 0.04159908878951839 0.17609951132694185
0 0.4306242319673067 0.5310709805188403 0.09176472479423849 0.07426981328392977
0 0.46433372270804757 0.6456586924426179 0.0834413937471421 0.12434888738395113
0 0.5411164516175125 0.4971190658747583 0.09259705789894852 0.09888495140088954
0 0.30032039966645935 0.9592135832791162 0.0717145042310154 0.08157283344176773
0 0.18750747343833118 0.9414872006831001 0.07785498916902836 0.1170255986337997
0 0.17144827600247556 0.42049154295088387 0.04111154543579047 0.10533603914048587
0 0.2580001156623223 0.5856157828580769 0.09505597978143462 0.091226691721612
0 0.30688793124567754 0.6927397796295204 0.048731130259122915 0.19101096815361795
0 0.5369556096425507 0.01411635531461215 0.07631330621518634 0.0282327106292243
0 0.5970950915077052 0.9901284161036743 0.08864490718207693 0.019743167792651554
0 0.34578692336612477 0.13042439039238207 0.09224403007155502 0.09852326048960859
0 0.18137617683380078 0.1587199870921345 0.04241761966988212 0.2129608031814172
0 0.2265599350521624 0.3567313050889259 0.0711813761360523 0.10358993850968713
0 0.2752806107708724 0.09185657871241172 0.09553297805216161 0.09161166322332484
0 0.28823075975601825 0.019356954276825388 0.04702133009218568 0.038713908553650776
0 0.19084778650498938 0.5294960013649188 0.04599354145629064 0.1084803985178135
0 0.34200923773125774 0.9148776428682992 0.07672576607840813 0.1458688877791619
0 0.43379132531461395 0.28528408972578273 0.08273698518952817 0.13258715374399463
0 0.44023644140626755 0.8271908105413919 0.08275672591787687 0.093287433243801
