0 0.44376100471781305 0.23394519164436267 0.05166914977324255 0.05345411697892268
0 0.5011020473985891 0.14579723809802608 0.02576264745527833 0.04422017753429244
0 0.6068292367587049 0.00893308282148532 0.021854250090551884 0.020608240512934348
0 0.5148999574286931 0.9905455059355566 0.0319284802043423 0.017269643866591494
0 0.5758190574766944 0.59439630025092 0.03285420049130762 0.07877180230846442
0 0.525624798115982 0.7178709418266688 0.027752981337499705 0.038028016346662356
0 0.337525025025025 0.3669140451927337 0.026484818151484825 0.07421355782011523
0 0.5581538170823885 0.04213365674138508 0.05401234567901234 0.03366510538641686
0 0.6401656490182667 0.2324046606179882 0.027261698009621717 0.07842436568141348
0 0.5391440075963719 0.5592672679909669 0.058509733509700124 0.04376036401806621
0 0.5500922378317014 0.8478424722065196 0.057471264367816036 0.041266252119841786
0 0.5140458903899764 0.7559085546922669 0.05269123548693437 0.03803441402595287
0 0.5900467210801972 0.1839664373365373 0.03330305782621858 0.0788403984455264
0 0.6496284453918347 0.4022683492550222 0.05521508718950765 0.04973070723748872
0 0.5757779610283522 0.3867585912848425 0.031214650829536207 0.039949228972953374
0 0.5605589223107686 0.16656444729632872 0.029181221349764048 0.07181652580720162
0 0.5555612140261713 0.3641440741842064 0.03233596545936047 0.04669327842995292
0 0.6094104308390023 0.6010580461692874 0.037163013353489587 0.05875710940113756
0 0.5642153611927061 0.8868852045081965 0.03576717761458781 0.036065490983606674
0 0.4003033205619413 0.7601399095534201 0.048424861643252444 0.06288863764838896
0 0.5187327677626608 0.1628933105219137 0.037843464474678755 0.06273877895617262
0 0.6867692207198379 0.2839578454332553 0.050133908158599534 0.035779339058027604
0 0.5030736242819349 0.5940614959350954 0.055026059347442674 0.041000208330545275
0 0.5113257368782649 0.06662321856407709 0.03062402396341234 0.07696377308205601
0 0.5171613345112119 0.21307706527266643 0.05580163097757622 0.04433746945466714
0 0.5148005685149709 0.8860041285707554 0.027188762970058213 0.03618764285848895
0 0.261538185472294 0.13224361418223407 0.02673700832615564 0.08149065955013343
0 0.4473313111962538 0.7656161673261731 0.05574180502341423 0.03497738835500277
0 0.49660499999999996 0.111066 0.05617279999999996 0.041803299999999995
0 0.3179612645536111 0.41624402344298445 0.03407067725537045 0.06930683288508274
0 0.5571611123078347 0.09684192169227678 0.03214104252531377 0.06771788099566713
0 0.5987732412573465 0.1456350396503802 0.03261224764403695 0.07507317931416102
0 0.3994677611740993 0.5910545706507192 0.05693501844293278 0.044604959300769506
0 0.592708696156972 0.4918032786885246 0.03444405743256319 0.07400174726347705
0 0.5239827412446459 0.6160086985613917 0.044879062736205635 0.05896620943459352
0 0.5850559507690047 0.02629552253407818 0.04272508510850105 0.05363177192749437
0 0.4580813807004283 0.5515013382402141 0.06109851347946586 0.039938106390096983
0 0.600535583081453 0.920472729503486 0.047687170718035916 0.05240294875635919
0 0.4443814562862182 0.18996738039478087 0.057634164777021865 0.036174305787888925
0 0.305247 0.696721 0.027777799999999978 0.07049180000000001
0 0.3765998414316457 0.3101970221085878 0.04077471967380224 0.0679300145385271
0 0.45627078215146044 0.04205317626949222 0.03476346430292083 0.07263095253898441
0 0.39043199999999995 0.95041 0.024074099999999935 0.06475409999999981
0 0.35712140827008215 0.4412883266463433 0.043781083459835536 0.05512774670731323
0 0.46170616278659615 0.24868702228169953 0.04660531111111115 0.06050484469722316
0 0.4695891209120685 0.12926563289561727 0.04600615817586294 0.06114083420876548
0 0.42756054887881073 0.6235741017062564 0.04277509775762165 0.04801740381398449
0 0.6180713025951121 0.664310806289729 0.05668934240362814 0.043074606891937185
0 0.25238659201837493 0.03526496378192909 0.0410924490381855 0.04908501715592833
0 0.39145647083865476 0.8429903900508763 0.059998935717326514 0.038157150932730456
0 0.6181263976962902 0.7824512874750844 0.0461048310510677 0.05369564333075707
0 0.6676590305109833 0.14014830035288336 0.0358260167524473 0.07526689596640908
0 0.2489220932848384 0.5025898561940028 0.04144510271961252 0.07423987112993866
0 0.4413818892212725 0.46361479353269686 0.04078797844254518 0.0649339870653936
