0 0.4761038072764684 0.2669897530551416 0.03245381455293672 0.06512630611028315
0 0.5011048594198648 0.24642839584971438 0.02566581883972958 0.0764629916994288
0 0.7110598351279929 0.2339862776933955 0.04319015501124119 0.049494579165139045
0 0.31092757586380315 0.518679809328026 0.03289970963002404 0.050473618656052044
0 0.5993068921636493 0.3346866884211491 0.05200391567270146 0.05029832315770179
0 0.562090088877056 0.015188837653852202 0.03899577775411193 0.03142507962865972
0 0.4536921872120877 0.18297345241008073 0.05332135618205268 0.038995595791534124
0 0.49975815367606413 0.06659836065573771 0.029136723788465105 0.04174822608270125
0 0.5677829053760897 0.059969622374692305 0.023665838362323954 0.04032891635677998
0 0.47183066150727837 0.06583374113041351 0.02740925004606601 0.050617812576461946
0 0.45511792393587613 0.14804860654514315 0.05784043736871199 0.042170464913139194
0 0.3873873873873873 0.3492467877713779 0.04671338004671342 0.062250775365529455
0 0.6290182621386029 0.6626774210443618 0.02780736007573067 0.04006704027654117
0 0.3022087906620673 0.00904854638219222 0.03485458844912451 0.019404246569163185
0 0.3205438554022432 0.03803707275259831 0.057492132655531304 0.037233472624022275
0 0.5116759456563326 0.6007461783860577 0.06094113124482305 0.03562004754883993
0 0.5389531878801325 0.6303162405763892 0.02807713703900929 0.04298664627612212
0 0.44254411221669426 0.11578764633594324 0.059586105398931236 0.034609302948372896
0 0.5089689066865593 0.4226935721406786 0.056123285667117925 0.0458664210092043
0 0.6137877780219274 0.08091203530095425 0.035849003620785004 0.03612062063861023
0 0.49951282846901746 0.5448947512255801 0.03477704885615107 0.07817781541402623
0 0.45793397231096916 0.6171109830828052 0.023665838362323954 0.06730215262137952
0 0.5473151489163018 0.4061908136516001 0.030062002167396375 0.059749772696799805
0 0.46006082101526447 0.5122494557023517 0.05750183372381961 0.051367397237207346
0 0.5309375637783894 0.03016122015910339 0.03610718311209891 0.061625198536699
0 0.6555219292598509 0.4970617569370973 0.05438784148029803 0.041942086125805356
0 0.5509957994014515 0.4498338656562615 0.05053472944227513 0.05146619211491121
0 0.3129807123417347 0.47242444875085116 0.050487121839624456 0.04713769444298956
0 0.6437108034552124 0.6008746661079977 0.0603478878239262 0.03744827947415276
0 0.638272 0.10163899999999998 0.04814809999999998 0.054098399999999984
0 0.5387922533822428 0.6905672235897973 0.02958229795290496 0.07856282407164923
0 0.5922453442472292 0.42383605508563355 0.053627088494458255 0.05422911017126698
0 0.5895751982013963 0.5103964803854817 0.051867629077426716 0.02985387314722676
0 0.6771061827623949 0.5354045428154297 0.047988557442906234 0.05316305075420306
0 0.36266894269218625 0.463993217200021 0.0524392146156273 0.050701565599958066
0 0.6747722163057626 0.6883412769077673 0.02859622135447479 0.07201592206567854
0 0.533960478049935 0.5276803016812445 0.0404291405356368 0.07175404598543969
0 0.539198 0.215574 0.04135800000000006 0.057377000000000004
0 0.46169108669108666 0.7579715366600611 0.041547958214624925 0.06125022518465143
0 0.41553267857847204 0.6214319384067459 0.06034788782392613 0.035615146912480994
0 0.5074742030587801 0.1324321017861512 0.05355168601437257 0.056887692684120375
0 0.403201575900288 0.4726038338658146 0.04832804371869202 0.04730267637354016
0 0.6501203013450085 0.3852197140313204 0.053050920995542865 0.035615146912480994
0 0.3089616616573976 0.6633191330147175 0.060592829882065304 0.03663669477295345
0 0.16064699568858262 0.033133144770618884 0.029935791377165292 0.06462708954123776
0 0.607099 0.9004099999999999 0.03271610000000001 0.07131150000000012
0 0.2610156869897054 0.5720134836327451 0.056598373979410664 0.05222296726548995
0 0.247531 0.9102459999999999 0.03209879999999998 0.06803279999999996
