0 0.38108246666666673 0.5758914092592592 0.05118346369791667 0.08687461648148151
0 0.34696006979166666 0.46729906296296303 0.03655963572916659 0.093945800462963
0 0.3823012177083333 0.8663156092592593 0.03899687458333325 0.08990510629629629
0 0.38189452864583334 0.10919351296296292 0.03655963572916659 0.10101698444444443
0 0.30270279039998244 0.0005524565972222251 0.07641075428954783 0.0011049131944444502
0 0.3363979994791666 0.7743903407407408 0.046308854375000055 0.0838441266666666
0 0.2949644125 0.06676665555555557 0.033309808437500026 0.09293559611111114
0 0.18437691833946654 0.006047329829568524 0.036750579883567266 0.012094659659137048
0 0.58378471875 0.4859860564814815 0.056870529843749885 0.06465086018518523
0 0.13450780937499995 0.8890448990740741 0.0357471789062501 0.04242710388888895
0 0.2913081593750001 0.7799460333333332 0.05524561619791667 0.04646779805555565
0 0.26449826875000004 0.09353577685185184 0.03737209255208332 0.08586441212962963
0 0.46882596093750006 0.42487097314814815 0.07230681463541669 0.04545759370370364
0 0.3071506067708334 0.3324404175925926 0.04305915869791678 0.0848543310185184
0 0.400174478125 0.6390276407407407 0.04874609322916659 0.043437308240740644
0 0.17756683645833332 0.920359138888889 0.0617451391666665 0.05252877768518492
0 0.3644279572916667 0.06222030462962963 0.03737209255208332 0.08182371796296298
0 0.40911110833333336 0.055654037962962956 0.04712131119791678 0.08485433101851851
0 0.3944874119791667 0.361735974074074 0.06499483484375 0.05454918638888884
0 0.20817054857144868 0.09412764582391164 0.03466024343001924 0.08300745590708258
0 0.25766947323013717 0.7274171127090923 0.07156109660050684 0.05050882254781418
0 0.331929684375 0.09151586111111108 0.034122265260416756 0.11212886259259251
0 0.2519053854166667 0.14858988055555558 0.03330980843749991 0.08485433101851851
0 0.2523107583333334 0.3804242 0.055245616197916785 0.0899051062962962
0 0.2913081593750001 0.668827251851852 0.0601202255208334 0.05858988055555564
0 0.14303906666666666 0.0020677631249999915 0.03818441776041676 0.004135526249999983
0 0.2571857625 0.9148034462962963 0.0812435764583333 0.045457593703703954
0 0.48295995165801175 0.17287920519280855 0.07295415961810695 0.056479892021790205
0 0.2779032140625001 0.18344112962962966 0.04630885437499994 0.08182371796296295
0 0.23484418697916656 0.007623856249999992 0.05605807302083328 0.015247712499999984
0 0.26550177046934387 0.2659237231421925 0.0758412417853234 0.04568340502217896
0 0.024422739583333394 0.13798255 0.015436284791666683 0.045457593703703746
0 0.045546880208333404 0.6294308842592592 0.047933768020833274 0.08283392231481491
0 0.25312413645833326 0.9859393798842592 0.08936788145833319 0.02812124023148162
