0 0.669444 0.992623 0.033950600000000046 0.014754100000000183
0 0.6054597933582161 0.6368472314525353 0.02611721328356785 0.08040433709492946
0 0.61358 0.709426 0.048148100000000055 0.045081999999999914
0 0.502778 0.622131 0.05370370000000001 0.027868900000000068
0 0.553086 0.312295 0.05802469999999998 0.032786899999999966
0 0.614506 0.559426 0.033950600000000046 0.04344260000000006
0 0.583333 0.496721 0.03209880000000005 0.04918030000000007
0 0.48651296838931957 0.2463875801277164 0.026112736778639074 0.07146426025543275
0 0.67963 0.8 0.025925899999999925 0.07377049999999997
0 0.5245551137453345 0.5747809497045369 0.025088790032539013 0.06683220059092643
0 0.332716 0.21721300000000002 0.033333299999999975 0.0393443
0 0.551543 0.761475 0.05 0.04426229999999999
0 0.350926 0.831967 0.04876539999999994 0.05245900000000004
0 0.48148100000000005 0.678279 0.025925900000000064 0.03852459999999998
0 0.40246899999999997 0.790984 0.024691400000000033 0.06885250000000008
0 0.4932316569265001 0.7782690554041175 0.02464878614699967 0.06969098919176511
0 0.498457 0.172131 0.03271610000000001 0.06885249999999998
0 0.529938 0.79877 0.05246909999999995 0.040163900000000086
0 0.654938 0.80082 0.024691399999999895 0.07213109999999993
0 0.557407 0.618033 0.04197530000000002 0.0540983999999999
0 0.550617 0.34877 0.05061729999999996 0.033606599999999986
0 0.325 0.17459 0.056172799999999995 0.0393443
0 0.549074 0.691803 0.04506170000000007 0.06065569999999991
0 0.39537 0.542623 0.027777799999999943 0.0606557000000001
0 0.5135037786989186 0.2983735433409582 0.029782942602162937 0.06554871331808361
0 0.4803331344961241 0.4829520773668827 0.05091378651545598 0.03803535473376536
0 0.37808600000000003 0.822541 0.04135800000000006 0.07459019999999991
0 0.585185 0.790574 0.03333329999999994 0.0647541
0 0.514198 0.670082 0.029629599999999933 0.07131149999999994
0 0.4036727033352474 0.5928741229921208 0.053024006670494825 0.04312454598424205
0 0.674383 0.365574 0.024074100000000074 0.07049180000000001
0 0.654012 0.537705 0.04382719999999997 0.06229509999999996
0 0.350926 0.95123 0.026543200000000024 0.05163929999999992
0 0.448765 0.17582 0.022222200000000056 0.08442619999999998
0 0.3754618132811752 0.43121750312936835 0.02932347343764951 0.07199149374126325
0 0.662654 0.0831967 0.024074100000000074 0.07622949999999999
0 0.59784 0.739344 0.03888889999999997 0.06229509999999996
0 0.349074 0.635656 0.027777799999999943 0.03852459999999998
0 0.772531 0.345492 0.033950600000000046 0.06967209999999999
0 0.473148 0.976229 0.033950600000000046 0.04754099999999996
0 0.219753 0.983197 0.04938270000000004 0.031967200000000036
0 0.428086 0.9508199999999999 0.030246900000000035 0.06721309999999985
0 0.21172800000000003 0.24180300000000002 0.035802499999999994 0.07868849999999997
0 0.895988 0.461066 0.0438271999999999 0.06147540000000003
0 0.526543 0.0934426 0.05185190000000002 0.0491803
0 0.46535553641496796 0.5791714322023127 0.05694324815771848 0.03875968992248066
