0 0.43848782326291247 0.4489178951904323 0.05430933620610332 0.03358585318036031
0 0.5544720570928109 0.5699464136431922 0.03673578581437819 0.03715707271361555
0 0.5660860003928957 0.2768838976899965 0.034514514239416025 0.07930373485035867
0 0.6348945975821646 0.9484470392731686 0.032442523734056435 0.03826775415647911
0 0.5155872243751329 0.4010639610218498 0.028832342442457543 0.038857667444574695
0 0.534809472926559 0.9065469397435898 0.027642845853118155 0.04588047948717941
0 0.5411056251549636 0.5320549656896506 0.0576389824364803 0.04096934838420329
0 0.4480766940574015 0.23390965157345422 0.06133142789091342 0.039270465447261586
0 0.6003679962013295 0.283864018495166 0.03620607787274456 0.05753467843631777
0 0.566049 0.0688525 0.028395100000000045 0.0377049
0 0.5047087685976575 0.43860340479192933 0.052627413738524864 0.038619167717528394
0 0.562432723235201 0.8466686171605715 0.04540992257043371 0.06239986567885664
0 0.5653645966919911 0.8974831091635141 0.02826099338398221 0.06873701832702815
0 0.5045140373448492 0.5695967356560617 0.027850175479012532 0.037339131081002924
0 0.5141499985074035 0.2986674656317537 0.04549620003969671 0.05787565331295136
0 0.4173734450825692 0.3063967516564757 0.04215359016513831 0.04557980331295134
0 0.3716264606302038 0.012271254288982082 0.0333764212604077 0.024542508577964164
0 0.545679 0.0454918 0.028395100000000045 0.04508199999999999
0 0.49319405464650073 0.27590953791708395 0.054706159390258406 0.04156658519055394
0 0.4828466286799619 0.7756672971836907 0.030666350110794556 0.07645018915510715
0 0.29616412199595094 0.37967052475093566 0.030116279845976722 0.07350909018501932
0 0.5287928426134334 0.24026123570581417 0.057625381943948305 0.044593948929945726
0 0.5913133566253821 0.6039176485780929 0.047177581934024014 0.05092807852248178
0 0.5003721429645458 0.6991068609920135 0.03999721407090856 0.0657210780159731
0 0.32748349124318116 0.0477744948532215 0.026198679299454537 0.07553373999237514
0 0.5830435139653051 0.17414491322940276 0.034341696613870105 0.07393356714195354
0 0.39114434947768284 0.4426754939050021 0.04827477049699277 0.06357713324926438
0 0.39045303923325797 0.27324451672157507 0.056044024558374 0.04361622758157187
0 0.6039333159702438 0.8923760352038672 0.044903231940487405 0.05793393211433366
0 0.3803937914334485 0.6332033103157452 0.027589218371640654 0.06773496389225662
0 0.6087765115542894 0.34560214375788145 0.056188667299778464 0.04439890710382515
0 0.6398149999999999 0.0840164 0.05246909999999995 0.04836069999999999
0 0.6347918568801028 0.8676476849280075 0.037000648379712245 0.058525563309180434
0 0.3565210509654954 0.8707702816309374 0.05579297245963918 0.03809373686422879
0 0.519871943328585 0.850467045958686 0.03309621334283005 0.07119770808262785
0 0.46790914846470405 0.8410834384195041 0.05341880341880342 0.03599201345102989
0 0.844753 0.9409840000000002 0.026543200000000024 0.03934430000000009
0 0.3821422918645141 0.8149432534678436 0.05005539727761953 0.038881883144178245
0 0.3079242032730405 0.09745520396492566 0.03481194372667239 0.06862371330537552
0 0.5980732093383982 0.9488859345418245 0.036047313516935714 0.07364469249684727
0 0.3474913867355728 0.12283168128097599 0.04360465116279075 0.055518490278307284
0 0.616690408357075 0.7930065153425809 0.04273504273504277 0.06751786464901213
0 0.6091722063944286 0.4647435897435897 0.045900601456156945 0.053593947036569965
0 0.3816104402564408 0.525149063955511 0.059001119487118385 0.03822707208897782
0 0.23858 0.18442599999999998 0.03888889999999997 0.07049179999999998
0 0.43179911302888657 0.145498434930235 0.04255064125614285 0.06605124940315138
