0 0.3641661625000001 0.3910750518518519 0.08402784499999996 0.03317095888888886
0 0.594309675 0.906438674074074 0.051350282500000094 0.07038709166666676
0 0.5163508875 0.4918021814814816 0.06162030874999994 0.06472376925925924
0 0.5504275125 0.8854029407407407 0.05321761500000003 0.034789008703703383
0 0.6475269874999999 0.3081481481481481 0.04201392249999998 0.06634181907407408
0 0.4990781375 0.1863862722222222 0.07189048625000005 0.04611565351851849
0 0.40190458579881655 0.5721463266545235 0.07955292570677178 0.04308532997057602
0 0.3031268593561803 0.6150038489845173 0.0870106443371725 0.04512891405282344
0 0.5821859814068551 0.4649452080895918 0.038306739063709946 0.07474819956155695
0 0.49207526250000005 0.3275651407407407 0.08029317999999996 0.056633224074074125
0 0.506524421720585 0.6433598425758955 0.08118105719116973 0.04315562929265329
0 0.6583164795574686 0.47448610784993683 0.061725120364937304 0.04595741022605214
0 0.7100809625000001 0.017700359444444445 0.049483101249999946 0.011326644814814813
0 0.2913423124999999 0.6523980425925926 0.0373457424999998 0.028316612037037062
0 0.5004787125000001 0.5791786481481482 0.07842599874999993 0.04207038092592591
0 0.23789727357544793 0.6907483614458105 0.08635047909910416 0.04064960376290243
0 0.5350227 0.3631636185185186 0.06162030874999994 0.06148757092592587
0 0.70027845 0.8506138333333334 0.033611077500000044 0.04126140537037044
0 0.5388517844146077 0.5286469898081009 0.04873691257921505 0.07193832130972411
0 0.38143891250000006 0.18840969814814815 0.08122684625000005 0.05825137259259255
0 0.553696025 0.2935854037037037 0.07469133374999994 0.043688529444444436
0 0.9150156374999999 0.11155011111111113 0.057885794999999976 0.04530657925925925
0 0.3347571125 0.3704449907407408 0.07935951374999976 0.051778975925925966
0 0.7935827739860313 0.48286339384682275 0.05427089202793762 0.06788291436031234
0 0.6073807 0.985724398148148 0.034544743750000016 0.026698562222222118
0 0.6531292875 0.7563596925925927 0.040146590000000044 0.07281421574074066
0 0.4860071125 0.42343703518518516 0.08496136000000003 0.034789008703703696
0 0.5376648440425512 0.9537972045210992 0.07810677683510245 0.035539157068913384
0 0.5298877625 0.23654749444444445 0.06442130749999997 0.05420610000000002
0 0.623718725 0.23412037037037037 0.03921292375000019 0.07362328999999998
0 0.34736077500000023 0.43031372222222214 0.07842599875000017 0.04854277759259265
0 0.26613498750000003 0.1896227666666667 0.06162030874999994 0.06553274481481484
0 0.39544315 0.8425230907407406 0.03641207624999995 0.03802520703703696
0 0.42812071250000006 0.5100051185185184 0.08309417874999998 0.036407058518518436
0 0.37863776249999986 0.9565989092592592 0.049483101250000064 0.059060446851851814
0 0.422985775 0.8133976018518518 0.07469133375000006 0.05096990166666665
0 0.46266621249999995 0.5439848555555556 0.07375766749999997 0.031552810370370436
0 0.5551987324547081 0.4156148989027252 0.04587536363905329 0.07470511423158652
0 0.4052471750000001 0.46065326666666667 0.04481476999999998 0.07524133981481482
0 0.4467940375000001 0.06745669907407408 0.07562500000000003 0.038025207037037045
0 0.07660512499999991 0.7519101296296297 0.05041661624999989 0.04611565351851855
0 0.4794716 0.9517446611111112 0.04388110375000001 0.04287945518518507
