0 0.2596741463100574 0.5429882835021405 0.07119979262011476 0.030239367004281058
0 0.38065204287371235 0.6381148024590164 0.03290838574742473 0.03524580491803284
0 0.8413517061224489 0.7819672659836066 0.029642187755102137 0.03934436803278699
0 0.5980184005661713 0.6797535762764958 0.05583077769914286 0.0386342278375274
0 0.531173 0.457787 0.03641980000000002 0.02704919999999995
0 0.38818316629511673 0.6917717294585988 0.054497967409766424 0.04596384108280258
0 0.68858 0.60082 0.021604899999999955 0.07377049999999997
0 0.5276931282869387 0.42031961550589947 0.05415215657387748 0.04063883101179911
0 0.586728 0.718852 0.05493830000000007 0.040983600000000016
0 0.5637291288952746 0.9829919295081966 0.0576204991272883 0.030200425890333664
0 0.541358 0.941393 0.04814809999999998 0.056557399999999945
0 0.525 0.8495900000000001 0.05493830000000007 0.033606599999999986
0 0.3890448592982829 0.6050876799604296 0.047226018596565895 0.05607675992085916
0 0.343827 0.342623 0.04320989999999994 0.049180299999999975
0 0.56821 0.541393 0.04753090000000005 0.045081999999999914
0 0.574074 0.47623 0.029629599999999933 0.08032789999999992
0 0.7258847142093261 0.5623472403832098 0.028477771581347858 0.07530531923358051
0 0.640432 0.380738 0.06111109999999996 0.03688520000000002
0 0.541975 0.628689 0.034567900000000006 0.07377049999999997
0 0.5936196759897829 0.9598078563453931 0.056374951979565796 0.03063866831543233
0 0.648148 0.444262 0.030864199999999994 0.06721310000000004
0 0.675309 0.318443 0.023456799999999976 0.08114750000000001
0 0.687654 0.025409799999999996 0.032098799999999914 0.0491803
0 0.531173 0.664344 0.04382720000000004 0.06311480000000007
0 0.6126540000000001 0.753689 0.05246910000000002 0.03688519999999993
0 0.6824070000000001 0.969262 0.027777799999999943 0.06147540000000003
0 0.261728 0.25041 0.024691400000000033 0.035245900000000004
0 0.51358 0.9729509999999999 0.04567900000000003 0.05081970000000011
0 0.526543 0.09672129999999998 0.05802469999999998 0.045901599999999994
0 0.562963 0.818443 0.039506200000000075 0.0647541
0 0.651235 0.568033 0.06419749999999994 0.032786899999999966
0 0.558333 0.9176229999999999 0.04135800000000006 0.06475409999999981
0 0.35925900000000005 0.48729500000000003 0.05308640000000005 0.04344260000000006
0 0.412963 0.378689 0.05555560000000003 0.049180299999999975
0 0.713889 0.484426 0.04753090000000005 0.057376999999999935
0 0.18703700000000004 0.390984 0.05925930000000002 0.03442619999999998
0 0.4700619999999999 0.639344 0.031481499999999954 0.07049180000000001
0 0.46265400000000007 0.738115 0.031481499999999954 0.07295080000000005
0 0.47963 0.41024600000000006 0.05061729999999996 0.05327870000000002
0 0.508333 0.126639 0.04629629999999999 0.05491799999999999
0 0.745062 0.737705 0.04074069999999996 0.04426229999999999
