0 0.4722196229166667 0.7369686666666667 0.02728914104166679 0.045856090740740756
0 0.3811026324289406 0.617356522076785 0.04759725811082412 0.05074854209909492
0 0.5888809937499999 0.07728443888888889 0.03274688083333312 0.034593198148148145
0 0.6584558218788878 0.0809888662967199 0.030739895863240344 0.028531438415159344
0 0.562273103125 0.26231735185185184 0.03547586125000019 0.03620214074074081
0 0.3910343343749999 0.988373185185185 0.06549387218750008 0.017698859259259177
0 0.4495013025536909 0.7080874083636917 0.03315589728845166 0.06532487969034591
0 0.5480461044160101 0.09780838310670566 0.05226983348509714 0.06645486508239085
0 0.4759718052083334 0.03826652592592593 0.0347936161458333 0.04344262777777778
0 0.30746179583333333 0.7639191666666666 0.03752248604166676 0.08044928888888886
0 0.5040909745315773 0.9511098939624739 0.061786527707678944 0.04936582496198496
0 0.4872283520833333 0.373740037037037 0.06276489177083337 0.03700666111111112
0 0.2115618737096238 0.6037651112611574 0.04356819596091412 0.051607925625833044
0 0.48637964722231947 0.2980287211875715 0.033778562048805465 0.07579967984707923
0 0.3104204697892665 0.13287861122689598 0.04616980905770009 0.053732540509171006
0 0.358810991998427 0.373576543241941 0.05933739934760531 0.02708125078896102
0 0.5569031861052118 0.5214209195874105 0.03155682043959042 0.03287233860295668
0 0.4696533647059527 0.55128987164824 0.05017544292516026 0.050046949351181313
0 0.4492817621124779 0.5773375128484135 0.04314696223337767 0.07091731273386417
0 0.582704939096669 0.21394544774943167 0.042226393818337725 0.07180583598261821
0 0.5670332618093463 0.4117619268301422 0.03271543518119261 0.05911181485823407
0 0.5871745520833334 0.5519348703703704 0.026606895937499906 0.08447179259259265
0 0.49950079151279425 0.21502597338783694 0.05077036771790369 0.06027119184140304
0 0.5073345273770217 0.023458260967792043 0.047398936202028945 0.014499583456884263
0 0.425145484375 0.6693917037037037 0.03547586125000007 0.06355494999999994
0 0.36715630833333335 0.349203 0.05184930166666651 0.039420124074074074
0 0.45550555729166664 0.8568379814814814 0.03888697624999994 0.05872802407407402
0 0.39956212187500006 0.638418111111111 0.0347936161458333 0.03861570185185199
0 0.5568355359556685 0.32151837140290307 0.04089369788032945 0.048409650213213556
0 0.27082020836712845 0.2221965183631974 0.05389592645833344 0.04102916481481487
0 0.3954695354166667 0.7341527962962964 0.04707369645833334 0.06435947037037029
0 0.3263180938548918 0.1765459292926886 0.0629709835036401 0.03479873883629149
0 0.09665325312499995 0.4385021111111111 0.027971275625000184 0.06677293333333326
0 0.2160433833333333 0.4340775925925925 0.055260416666666735 0.03539771851851841
0 0.5213395020833332 0.057976637037037045 0.053213681354166674 0.04907407407407409
0 0.48407386113333745 0.9303745238500143 0.051335611483325154 0.048120121774102624
0 0.2601073198847799 0.9350164344865429 0.06152119820705989 0.03591747547135871
0 0.42548699374999993 0.9630313333333334 0.06754049697916666 0.031375214814814895
0 0.3755018180796982 0.5580159502557503 0.03599898559474894 0.06933578703880214
0 0.49166355312500004 0.9843500925925925 0.037522486041666706 0.025743768518518412
0 0.46505676770833326 0.4976324444444443 0.04025146645833336 0.06275042962962969
0 0.548287796875 0.3729352222222222 0.04434482656250006 0.04344262777777775
0 0.5547687385416668 0.17100816666666666 0.06003602187499991 0.04344262777777775
0 0.8764396239583334 0.09176531481481481 0.05116705656249998 0.045856090740740756
0 0.42821575312500004 0.03826652592592593 0.030700256041666544 0.04344262777777778
0 0.4193475614583333 0.8238543148148147 0.026606895937499906 0.06516389259259255
0 0.44117874166666665 0.23818272222222223 0.06344713687500002 0.03781118148148147
0 0.4210528979166666 0.30213998148148147 0.04229809125000005 0.07240437962962963
0 0.3410289876230076 0.8623411613628068 0.06099417764184866 0.04289454208920063
0 0.5708019958333334 0.760700888888889 0.027971275625000066 0.06757745370370372
0 0.4176411197916667 0.1368172777777778 0.06276489177083348 0.04424714814814817
0 0.5673902177083333 0.03705979444444445 0.05526041666666662 0.04263810740740741
0 0.33722315543173464 0.9903769121653205 0.02200032320914834 0.012081634078587858
0 0.5469239697916667 0.21927742592592595 0.044344826562500175 0.061141487037037034
0 0.6697247729166667 0.9216000555555554 0.03342912593750012 0.03378867777777775
0 0.4868913603862212 0.11208810520749495 0.05252328506089086 0.0575400178223973
0 0.44288407812499997 0.7522542592592593 0.06685825187500012 0.031375214814814895
