0 0.765123 0.596311 0.04629630000000013 0.04672130000000003
0 0.477469 0.841803 0.04753090000000005 0.03114749999999992
0 0.531173 0.49467199999999995 0.027777799999999943 0.040163900000000086
0 0.468827 0.869262 0.05740740000000002 0.03360659999999989
0 0.4971848706455925 0.970249034144304 0.047605567350790294 0.05786258744909692
0 0.590741 0.905328 0.030864199999999994 0.035245899999999816
0 0.4340646378862939 0.6476454004385506 0.029881261303766657 0.07674637151508819
0 0.559259 0.772541 0.05185190000000002 0.041803299999999946
0 0.657716 0.909836 0.045061699999999934 0.0459016000000001
0 0.5217425493433986 0.9400125300198391 0.055044428717464816 0.039156311997494114
0 0.5495398185617678 0.8195886165344054 0.03908120982149884 0.03951136693118943
0 0.625 0.884836 0.03148150000000002 0.07295080000000005
0 0.617767728389164 0.024798997598412864 0.02812735677832832 0.04959799519682573
0 0.412963 0.584016 0.05679010000000006 0.041803299999999946
0 0.316667 0.246311 0.02592590000000003 0.0745902
0 0.553395 0.593033 0.025308599999999966 0.08114749999999991
0 0.145988 0.623361 0.022839500000000016 0.04344260000000006
0 0.7391980000000001 0.9856559999999999 0.05370369999999987 0.02704919999999995
0 0.532099 0.115164 0.04814809999999998 0.03852460000000001
0 0.6647736666784619 0.9790122917693433 0.02971246664307621 0.041975716461313664
0 0.5009043013289298 0.5259997911663361 0.06526696547927964 0.04228881695729355
0 0.35249855814854136 0.23551475039156308 0.04517981222379498 0.05731966910305939
0 0.34716524895808754 0.8204994792132192 0.042478497916175265 0.032802858426438264
0 0.46975300000000003 0.79959 0.04938270000000004 0.041803299999999946
0 0.7159471835829991 0.8573092438133026 0.029834132834001836 0.046037512373394464
0 0.596914 0.843033 0.03580250000000006 0.06967209999999999
0 0.642901 0.49016400000000004 0.030246899999999965 0.07377049999999997
0 0.2780802835554769 0.10985715959590686 0.03517386711095383 0.036106919191813705
0 0.0641975 0.9 0.0246914 0.040983600000000016
0 0.5003931744908391 0.238525 0.04938270000000004 0.055737700000000015
0 0.137346 0.19016400000000003 0.02654319999999999 0.04426230000000001
0 0.594444 0.0786885 0.05802469999999998 0.0393443
0 0.4380945449359125 0.9707708793698445 0.04973631012817483 0.05681794126031122
0 0.6965460769127938 0.7748904377362431 0.04764904617441216 0.06497352452751391
0 0.5107160960564598 0.6907984457789496 0.044000407887080324 0.06594480844210104
0 0.18765400000000002 0.412705 0.03209879999999998 0.041803299999999995
0 0.321914 0.67582 0.05740740000000002 0.054918000000000085
0 0.246296 0.712705 0.030864199999999994 0.0647541
0 0.22993800000000003 0.10532799999999999 0.027777800000000016 0.0336066
0 0.6231326202425885 0.7288844672157252 0.04256074048517729 0.05940763443145033
0 0.473765 0.0807377 0.033950600000000046 0.0860656
0 0.213889 0.811066 0.0450617 0.045081999999999914
