0 0.392284 0.308197 0.026543200000000024 0.031147500000000012
0 0.507407 0.740574 0.04814809999999998 0.054918000000000085
0 0.547222 0.369262 0.05617279999999996 0.035245900000000004
0 0.587963 0.0303279 0.031481499999999954 0.059016400000000004
0 0.5081024739038884 0.5082887176497625 0.027985660245759676 0.08193643018231951
0 0.628704 0.8200819999999999 0.03888889999999997 0.04836069999999998
0 0.459259 0.343033 0.03333329999999994 0.03852459999999998
0 0.386728 0.390984 0.06111110000000003 0.0393443
0 0.49629600000000007 0.380328 0.05555560000000003 0.032786899999999966
0 0.550926 0.011475399999999998 0.04135800000000006 0.0213115
0 0.480556 0.663115 0.03888889999999997 0.04262289999999994
0 0.499691 0.013524599999999998 0.05740740000000002 0.023770500000000003
0 0.452161 0.0590164 0.026543200000000024 0.0786885
0 0.514815 0.103689 0.022222200000000056 0.07622949999999999
0 0.570988 0.411885 0.05308640000000005 0.041803300000000036
0 0.6558639999999999 0.659016 0.03765429999999991 0.05081969999999993
0 0.549074 0.115164 0.035185199999999965 0.06311480000000001
0 0.6533950000000001 0.832377 0.04135800000000006 0.06311480000000007
0 0.478395 0.10532799999999999 0.04938270000000004 0.028688500000000002
0 0.526543 0.154918 0.04814809999999998 0.040983600000000016
0 0.583642 0.688115 0.029012299999999974 0.06967210000000008
0 0.693519 0.736475 0.024074100000000074 0.08114749999999991
0 0.41358 0.290164 0.03580250000000006 0.07377049999999997
0 0.507716 0.44917999999999997 0.04259259999999998 0.06721310000000004
0 0.566975 0.856557 0.06234569999999995 0.027868900000000068
0 0.37129600000000007 0.9799179999999998 0.03888889999999997 0.0401638999999999
0 0.504321 0.823361 0.03580250000000006 0.03852460000000007
0 0.629938 0.943033 0.035185199999999965 0.07131150000000012
0 0.639506 0.707377 0.05432099999999997 0.04590159999999991
0 0.491975 0.0430328 0.04691359999999995 0.04508199999999999
0 0.494444 0.8872950000000001 0.023456799999999976 0.06967209999999989
0 0.526235 0.691803 0.04876539999999994 0.06065569999999991
0 0.453395 0.8393440000000001 0.033950600000000046 0.06557380000000002
0 0.595679 0.92541 0.039506200000000075 0.06393440000000007
0 0.7191360000000001 0.601229 0.03703700000000009 0.06967210000000008
0 0.621605 0.662705 0.05061730000000003 0.054918000000000085
0 0.608951 0.115574 0.040123500000000034 0.07377050000000002
0 0.328395 0.370492 0.030864199999999994 0.07704919999999996
0 0.60463 0.236885 0.040123500000000034 0.06229510000000003
0 0.452469 0.187705 0.05802469999999998 0.0393443
0 0.5665166724356755 0.5258924467596138 0.02653744086765894 0.03294009499004134
