0 0.27604874194197737 0.7100402700435082 0.011305346383954884 0.038183093235164625
0 0.24971080097023127 0.6807900185624056 0.008423926419629198 0.03364579768036657
0 0.26052780395418007 0.6799319368498382 0.008066268654139907 0.016858657041064116
0 0.22451981371252205 0.48069658629510154 0.017117818111987405 0.015043483455175356
0 0.263520206404321 0.44005646630236794 0.015152231224279836 0.012862477231329687
0 0.3077328675452721 0.7832043803378724 0.018783224331628882 0.015478006610729794
0 0.2428731692708333 0.621646413888889 0.01770028333333332 0.01737174092592597
0 0.29232978536685084 0.4769792879126015 0.00768874833786839 0.03703204471409191
0 0.3052130625 0.6985256768518519 0.011281516927083382 0.036591511574074
0 0.29705046508178656 0.7454820254286623 0.008189841888672333 0.03290133645668776
0 0.26037484279079404 0.5072681654186698 0.00936955709338155 0.034210147447693635
0 0.2514993207931321 0.8756534576489977 0.010562315203859344 0.012768676687432671
0 0.30361569159580376 0.7273820614139291 0.014287713294912052 0.025796677684549515
0 0.31630000260416663 0.7037005027777777 0.008558386718750022 0.030677753333333366
0 0.3695364350086743 0.533335999599192 0.010392869210441446 0.01709150822846842
0 0.26386022707967544 0.6899492386698527 0.013929153214462798 0.029787655765631443
0 0.2974732695679763 0.8107715892421079 0.015723973352407526 0.02313443708756019
0 0.2731668477576215 0.7509313470379044 0.01730730872595953 0.02549564452374766
0 0.22494623478340714 0.5865634293405352 0.016899940126829924 0.015282657766010533
0 0.281900793859288 0.47928117946830806 0.013810133333333379 0.022546296296296266
0 0.24739241700479414 0.5989503414724252 0.01701327775958828 0.02668209655596172
0 0.24151139434515448 0.7058296203240729 0.015436733468842305 0.017555140030201612
0 0.2845951666666667 0.8391627092592593 0.012448568229166608 0.02365512314814819
0 0.24887369791666666 0.47912439283545843 0.0178364519032922 0.025133576199149948
0 0.2764842874815137 0.4433644847677596 0.014315697156314281 0.024135632771706148
0 0.289069271534015 0.5074974742946577 0.012357311766816537 0.026189814686117602
0 0.18685458072916666 0.5556709907407407 0.011087003125000017 0.033265031018518486
0 0.3140842713091196 0.7483870078666008 0.01783105951376823 0.017111017591378713
0 0.27880736785454924 0.8735310391612625 0.01663294947608674 0.017013513662903035
0 0.2942475881647701 0.8293048655541511 0.010817161276719863 0.023433709963498157
0 0.34661236151133334 0.7739852397883121 0.012952412986976232 0.031040592492556234
0 0.22721501302083333 0.545691549074074 0.017116773437499986 0.022176672314814835
0 0.1939103455307159 0.5190893762615074 0.011425198346494626 0.019646012132350975
0 0.2278638252571394 0.6257844591573556 0.007526335955732637 0.028111920174381706
0 0.2652318118770898 0.4601448577792957 0.010017343324009727 0.01873927654826954
0 0.28873129221989285 0.6376270176765073 0.011450326112275751 0.027616249097845068
0 0.263239020587396 0.8124240490340765 0.00922851709170649 0.03574708937727964
0 0.22176283568220082 0.8651484989145042 0.0085702205626817 0.03451772680062138
