0 0.1960942395833334 0.8665417962962964 0.0391666275000001 0.08202035462962988
0 0.28134992094369243 0.5832204932813811 0.056328203529281494 0.07409053378498422
0 0.5159549427083333 0.07638513796296298 0.07670140031249997 0.038167890740740736
0 0.30461753333333336 0.4292347777777778 0.029374970625000073 0.04385246388888888
0 0.41110249583333336 0.25179509259259264 0.039982620937500005 0.07714779259259265
0 0.2589242802083333 0.44547698148148146 0.04732642968750002 0.056845731481481386
0 0.37322475221730134 0.7721098464975888 0.06129159572971936 0.05217985994609017
0 0.1469458124029104 0.1873636431053469 0.07544903811084562 0.0392386584329161
0 0.2635728663936991 0.18773597746474482 0.07066793731676858 0.05297699104060077
0 0.34296909270833337 0.23920773148148144 0.05711808656249993 0.04872492685185184
0 0.3074741052083334 0.015478855555555556 0.0318229509374999 0.021926182407407412
0 0.5759284114583333 0.3975637685185185 0.05956593468750005 0.05197326851851861
0 0.15896673645833345 0.9749545925925928 0.06772573687499986 0.032483317592592625
0 0.2319963645833333 0.9668334907407407 0.04243060124999995 0.038980000925926
0 0.2952993650124402 0.9623672103673346 0.06967472082459748 0.0358091655581079
0 0.3103293552083334 0.3756376851851852 0.03263894437500004 0.06821497685185184
0 0.48056661358811054 0.5558681292757726 0.04937411535739565 0.07913925724826841
0 0.15685979332907612 0.11354954980639378 0.047462067196014486 0.07514083479797276
0 0.1455815598673589 0.5590335822197713 0.03737906099444892 0.08418785240250559
0 0.3417450364583334 0.5858559443970703 0.08078123531250014 0.041416232407407466
0 0.32881411840930214 0.6489190831662662 0.03483763172306264 0.07717836633253292
0 0.36173575208333336 0.39512753703703707 0.06201391499999988 0.060094073148148235
0 0.2722153958612549 0.8599467034905436 0.08043872349334294 0.03349234579669087
0 0.4576126677083333 0.18357962037037037 0.041614607812499926 0.04304035370370369
0 0.09695361458333321 0.8494881759259261 0.0546701062500001 0.06415452500000018
0 0.3494965114583333 0.07110657037037037 0.07506941343750016 0.03735578055555556
0 0.34372247486652957 0.031741248612247135 0.07193053005860754 0.03496091852079054
0 0.24464406458333332 0.9274475833333333 0.07425341999999992 0.03816789074074073
