0 0.7075809843749999 0.16234772499999997 0.007587461458333422 0.010211735925925931
0 0.6449530820236695 0.37320245467820995 0.011318286443172572 0.01875762879172811
0 0.6771363697916667 0.17698460555555556 0.014985201041666585 0.013161813888888903
0 0.6157310788606988 0.15572935074651023 0.009708140012271944 0.017398016307835305
0 0.6527643510756148 0.3113953119041695 0.010057767156203094 0.021613966470697854
0 0.6816888958333334 0.3546692314814815 0.009674002604166532 0.019969628611111106
0 0.6704973333333334 0.13829347953703702 0.01460584947916672 0.01611186416666665
0 0.6451743489583334 0.251190037962963 0.011760543749999996 0.017700357037037037
0 0.6674731224030251 0.128614646080932 0.015022868955212824 0.005377429235938088
0 0.6931585487832062 0.16589483732947238 0.007599985246087708 0.008682302251537337
0 0.665565609375 0.34150741759259257 0.016123317187499944 0.012707942962962949
0 0.6638582968750001 0.35160558888888893 0.015743965624999964 0.016111864166666597
0 0.6997341532757403 0.26219869168148785 0.009244163240186154 0.02020201752964244
0 0.6765672656249999 0.29249079722222227 0.00967400260416665 0.019969628611111054
0 0.69970909375 0.18072902685185185 0.012329617187500001 0.015204149999999993
0 0.6209892656250001 0.14725713962962964 0.00853588645833329 0.01996962861111113
0 0.6403372708333334 0.14975334666666668 0.017640815624999934 0.009984828148148153
0 0.6318962760416668 0.3890486944444444 0.01479550989583333 0.015204149999999993
0 0.6698406274621419 0.29610930655279993 0.01022861903404942 0.01949117375374801
0 0.6667035104166668 0.255615237962963 0.010053384895833399 0.011573321018518514
0 0.6542909263522055 0.21354157827924064 0.017095038641911368 0.011757287608185335
0 0.6252572395833333 0.3854177824074074 0.008346195312500033 0.011573321018518514
0 0.6928804583333333 0.32539547037037037 0.01157085260416674 0.01906194212962965
0 0.6982163274079208 0.15725859096499417 0.011063040203862683 0.019071678471085582
0 0.6812147447916668 0.1625747435185185 0.014036776041666718 0.01565802092592592
0 0.6340777395833332 0.3354936416666666 0.013467733333333362 0.011119450092592614
0 0.6920268020833333 0.25867860370370366 0.008346195312500033 0.02178505694444447
0 0.696484375 0.3655616907407407 0.018399549479166666 0.01134638555555559
0 0.6817835416666667 0.2606074305555556 0.007208079166666674 0.023827420740740707
0 0.6601914131005154 0.2971794379711496 0.00763143081533227 0.01921564553918229
0 0.6372075052083334 0.40028168148148147 0.017830506770833428 0.004538543148148135
0 0.6132120208333334 0.2982775546296296 0.013467733333333362 0.01565802092592595
0 0.6247830885416666 0.16575757908231828 0.010432736458333262 0.016338799629629627
0 0.6935442083333333 0.23507809074074076 0.01441615833333323 0.01543108546296297
0 0.6462176041666666 0.3316419485267627 0.015364583333333333 0.009984828148148127
0 0.6561760052083334 0.24948795277777774 0.009863693750000024 0.019288849907407427
0 0.696389421875 0.1302375612962963 0.007587461458333304 0.00816939981481484
0 0.72275596875 0.13330106546296297 0.014795509895833447 0.011573321018518514
0 0.7199107552083334 0.1639363009259259 0.017071772916666818 0.009757892685185175
0 0.6721096927083334 0.27422328148148145 0.01745112447916668 0.01248103518518517
0 0.6334136822916666 0.23746095462962968 0.012898659895833357 0.01883500666666667
0 0.64953696875 0.2584518620370371 0.007587461458333304 0.02042349953703706
0 0.6640478958333332 0.39812583611111113 0.018778931770833295 0.007488621111111081
0 0.7066326822916668 0.14691675027777779 0.007966813020833286 0.02110427824074074
0 0.6931650104166667 0.34003235092592593 0.012898659895833357 0.01248103518518517
0 0.6953461666666667 0.35342090648148144 0.016123317187499944 0.010211735925925957
0 0.6873793229166668 0.2833004231481482 0.011191501041666758 0.017927292500000015
0 0.7304707388874976 0.3474731908913144 0.012015191837495227 0.010307381272926732
0 0.7119439114583332 0.2366666666666667 0.011381161458333367 0.008623243055555594
0 0.6994245416666668 0.138520415 0.012898659895833357 0.016111864166666677
0 0.7763424114583334 0.2684365240740741 0.01043273645833338 0.01815422796296294
0 0.694872015625 0.3752061018518518 0.015174892187499959 0.01111945009259256
0 0.6585470677083334 0.20092564629629628 0.014605849479166603 0.008850178518518492
0 0.6491577708333334 0.1580363111111111 0.012139926041666627 0.014750306759259264
0 0.6589265729166667 0.188784862037037 0.014605849479166603 0.017700357037037037
0 0.6511560763114008 0.22449371197378476 0.01457250407483291 0.014305163177664669
0 0.6508647760416667 0.346840137962963 0.015554274479166708 0.013842592592592635
0 0.6297148124999999 0.24926121111111113 0.01157085260416674 0.010211735925925903
0 0.6546585989583333 0.14430706166666668 0.01631300833333332 0.01543108546296297
0 0.6714417873445896 0.2465562755281522 0.016415422833883635 0.011536685702954809
0 0.6735324531250001 0.19457161944444445 0.013467733333333242 0.01838113574074072
0 0.5977032319688161 0.1871920943367141 0.007109236333465674 0.019070491789534783
0 0.6658950007801376 0.38463431285375965 0.01600196497181751 0.011507710414166815
0 0.67429115625 0.15224955370370372 0.015743965624999964 0.011800228796296292
0 0.6683158697916667 0.26616716944444446 0.014416158333333347 0.009984828148148127
0 0.6601594270833334 0.3283456037037037 0.01745112447916668 0.01316181388888885
0 0.6934492552083334 0.3930198574074074 0.014985201041666703 0.015431085462962917
0 0.6649965052083334 0.3163183287037037 0.00777712187500003 0.019969628611111106
0 0.6727318139542559 0.36082457898694703 0.009538287085856585 0.019549258218695166
0 0.677507665754637 0.3259470716159192 0.010037181509273789 0.019319909453346894
