0 0.17534934201600866 0.41749234372185196 0.03120336453669788 0.03873176004323547
0 0.5937153761951667 0.17886315570282524 0.029406652390333562 0.07739751140565052
0 0.525 0.134426 0.025308599999999966 0.031147500000000012
0 0.6873586849356448 0.7124692684077432 0.03639323012871023 0.04719176318451343
0 0.400926 0.009836069999999999 0.05 0.0180328
0 0.4945823541699501 0.7084060456138822 0.054045191660099835 0.05040120877223584
0 0.5351131387181507 0.8424485061824205 0.02578107743630155 0.05211031236484121
0 0.491358 0.238115 0.059259300000000036 0.035245900000000004
0 0.6924743892828998 0.7647366585280782 0.037431048069345954 0.03749564004185565
0 0.523148 0.194262 0.04135800000000006 0.057377000000000004
0 0.491358 0.862295 0.05308640000000005 0.03934430000000009
0 0.559259 0.845902 0.027160499999999983 0.0754098000000001
0 0.549691 0.715984 0.05246909999999995 0.03852459999999998
0 0.602778 0.462295 0.030246900000000035 0.07213109999999993
0 0.616049 0.407787 0.04074069999999996 0.05327869999999997
0 0.530864 0.0852459 0.059259300000000036 0.04262289999999999
0 0.551543 0.206557 0.05123460000000006 0.050819699999999975
0 0.494444 0.185246 0.034567900000000006 0.06885249999999998
0 0.660185 0.507377 0.03148150000000009 0.06885250000000008
0 0.5910165484633569 0.7584147192186954 0.0380877331231941 0.06060341820718525
0 0.594444 0.688115 0.030864199999999994 0.08114749999999991
0 0.489198 0.819672 0.05246909999999995 0.04754099999999996
0 0.579012 0.790984 0.05308640000000005 0.06229509999999996
0 0.42376499999999995 0.759016 0.033950600000000046 0.03114749999999992
0 0.594444 0.8709020000000001 0.04197530000000002 0.06803279999999996
0 0.458333 0.202459 0.04382720000000004 0.057377000000000004
0 0.6112422169490412 0.10595585938262991 0.031127333898082536 0.07584551876525983
0 0.0669753 0.272951 0.020370399999999997 0.07868849999999997
0 0.483333 0.531148 0.04814809999999998 0.040983600000000016
0 0.640741 0.57623 0.05185190000000002 0.06557379999999993
0 0.516581427239296 0.6229161236135333 0.05168085447859207 0.03599544722706648
0 0.334568 0.0307377 0.03209880000000005 0.0598361
0 0.368519 0.175 0.04320989999999994 0.035245900000000004
0 0.271296 0.652459 0.03148150000000002 0.06721310000000004
0 0.428704 0.496311 0.04753090000000005 0.05983609999999991
0 0.321296 0.0889344 0.05493830000000003 0.04836069999999999
0 0.22993800000000003 0.9176229999999999 0.03641980000000002 0.06803279999999996
