0 0.49782155014524326 0.9831603547974928 0.02650650029048648 0.028616609594985406
0 0.7151229999999998 0.991393 0.05123459999999992 0.015573799999999926
0 0.537963 0.60041 0.033950600000000046 0.03852459999999998
0 0.440432 0.368443 0.024074099999999935 0.06311479999999997
0 0.5796114742193175 0.4020009643201543 0.05265068990559219 0.03977820636451309
0 0.5876815466957153 0.9797250519527483 0.054266506608569444 0.03563139609450333
0 0.401543 0.203689 0.04876539999999994 0.04672130000000001
0 0.427161 0.894262 0.029629599999999933 0.040983600000000016
0 0.512346 0.3836069999999999 0.025925900000000064 0.08196719999999999
0 0.555864 0.183197 0.033950600000000046 0.040163899999999995
0 0.579938 0.510656 0.04135800000000006 0.04262289999999994
0 0.518519 0.518852 0.05555560000000003 0.03770490000000005
0 0.563889 0.106557 0.06111110000000003 0.02950819999999999
0 0.394444 0.588525 0.023456799999999976 0.0393442999999999
0 0.54537 0.384836 0.03641980000000002 0.06967209999999999
0 0.6 0.440164 0.04814809999999998 0.032786899999999966
0 0.6423904733290762 0.14356974296212552 0.0374416533418477 0.075155314075749
0 0.416049 0.9233610000000001 0.05308640000000005 0.058196699999999865
0 0.583642 0.312705 0.05740740000000002 0.035245900000000004
0 0.7040120000000001 0.931148 0.035185199999999965 0.04754099999999996
0 0.707716 0.552869 0.030246899999999893 0.06967210000000008
0 0.543519 0.141803 0.05864199999999994 0.0377049
0 0.495062 0.827869 0.04938270000000004 0.032786900000000056
0 0.467593 0.313525 0.05740740000000002 0.04508200000000001
0 0.553086 0.8495900000000001 0.034567900000000006 0.06803279999999996
0 0.453704 0.858197 0.05802469999999998 0.04262289999999994
0 0.494753 0.860246 0.04629629999999999 0.04344260000000006
0 0.580556 0.563115 0.05617279999999996 0.0393442999999999
0 0.513272 0.871311 0.04629629999999999 0.05245900000000004
0 0.48858 0.763115 0.04259259999999998 0.05901639999999998
0 0.391358 0.172951 0.05432099999999997 0.04590160000000001
0 0.621296 0.0151639 0.04753089999999998 0.028688500000000002
0 0.567593 0.816393 0.04629629999999999 0.06065569999999991
0 0.4 0.656148 0.034567900000000006 0.06311480000000007
0 0.461728 0.180328 0.023456799999999976 0.0754098
0 0.6342589999999999 0.657787 0.05246909999999995 0.05327869999999997
0 0.658642 0.606967 0.04814809999999998 0.05163929999999992
0 0.6870369999999999 0.44180299999999995 0.05185190000000002 0.049180300000000024
0 0.539815 0.465574 0.04259259999999998 0.06229509999999996
0 0.6280859999999999 0.797951 0.04012349999999996 0.041803299999999946
0 0.810802 0.597951 0.030246899999999893 0.03688519999999993
0 0.540123 0.726639 0.03703699999999995 0.06803279999999996
0 0.308025 0.244262 0.04938270000000004 0.036065600000000024
0 0.4050571232668566 0.10452507381899312 0.0503801534662868 0.04996585236201378
0 0.760494 0.0622951 0.0506173000000001 0.0508197
