0 0.5657198506706095 0.1144493727469745 0.03267380134121899 0.035456245493949025
0 0.450617 0.0504098 0.04938270000000004 0.028688499999999992
0 0.5239445391458213 0.5799671929705603 0.038013578291642355 0.06485318594112091
0 0.33440298660073686 0.731134633355506 0.025020826798526283 0.042648633288988214
0 0.610494 0.635656 0.05802470000000005 0.031967200000000036
0 0.4952606120548122 0.15177427210325292 0.055952824109624405 0.036336444206505863
0 0.605864 0.685656 0.045061699999999934 0.05819670000000005
0 0.369444 0.697131 0.029012299999999974 0.031967200000000036
0 0.625617 0.547541 0.05617279999999996 0.04918030000000007
0 0.445062 0.0155738 0.04814809999999998 0.027868899999999995
0 0.583333 0.568852 0.024691400000000033 0.07377049999999997
0 0.49537 0.4060704091494292 0.03641980000000002 0.05163929999999997
0 0.634877 0.608197 0.04259259999999998 0.05901639999999998
0 0.457716 0.665574 0.029012299999999974 0.07049180000000001
0 0.44321 0.806967 0.04074069999999996 0.045081999999999914
0 0.5823684569597957 0.30368645221225643 0.02975600832202183 0.07153877697622515
0 0.684259 0.345492 0.04753090000000005 0.04508200000000001
0 0.4430531501842156 0.07854904953437475 0.06018030036843117 0.03430178076989098
0 0.650617 0.682377 0.03333329999999994 0.06311480000000007
0 0.598457 0.734426 0.035185199999999965 0.05901639999999998
0 0.534568 0.359836 0.05802469999999998 0.040983600000000016
0 0.523621578831362 0.02893097419534803 0.03736675766272374 0.039125434666552224
0 0.476235 0.511475 0.05 0.040983600000000016
0 0.6582266905128951 0.8034653390910651 0.05021331897420971 0.06028232181786969
0 0.6183681095695172 0.2566047427238005 0.02691836039687153 0.07729776714874255
0 0.488889 0.9684429999999999 0.03209880000000005 0.03852459999999998
0 0.6399894740821537 0.2072592528216462 0.029898151835692697 0.07892499435670756
0 0.424383 0.671721 0.04135800000000006 0.05327869999999997
0 0.670679 0.393852 0.04259259999999998 0.05491799999999999
0 0.555247 0.388934 0.06234569999999995 0.03852459999999998
0 0.569444 0.23975400000000002 0.026543200000000024 0.07131150000000001
0 0.471914 0.181967 0.04506170000000007 0.06229509999999998
0 0.676852 0.631557 0.03148150000000009 0.07295080000000005
0 0.453086 0.784836 0.04567900000000003 0.056557399999999945
0 0.599383 0.0930328 0.03209880000000005 0.07131150000000001
0 0.5051902931872536 0.559203044418934 0.041471013625492874 0.06356101116213199
0 0.541049 0.45041 0.06604939999999995 0.05163929999999992
0 0.548765 0.278689 0.04074069999999996 0.07213110000000003
0 0.603395 0.501639 0.05123460000000006 0.05245900000000004
0 0.559259 0.771311 0.023456799999999976 0.06885250000000008
0 0.779012 0.9840160000000001 0.03456789999999986 0.031967200000000036
0 0.517284 0.280738 0.04938270000000004 0.056557400000000035
0 0.495679 0.492213 0.05185190000000002 0.048360700000000076
0 0.478704 0.333197 0.03888889999999997 0.06803279999999996
0 0.632407 0.118852 0.04629630000000006 0.04590160000000001
0 0.421914 0.590164 0.05617279999999996 0.03934430000000009
0 0.447531 0.625 0.04197530000000002 0.0647541
0 0.692901 0.0659836 0.027777799999999943 0.04508199999999999
0 0.480556 0.238525 0.05740740000000002 0.0393443
0 0.551235 0.97418 0.034567900000000006 0.05163929999999992
0 0.491358 0.905328 0.028395100000000045 0.07459019999999991
0 0.56142 0.8729510000000001 0.05740740000000002 0.036065599999999934
0 0.455556 0.9758200000000001 0.03209880000000005 0.048360700000000076
0 0.317284 0.606557 0.05185190000000002 0.036065599999999934
0 0.41294664320341284 0.18605259401124366 0.05058528640682557 0.06390888802248731
0 0.0364198 0.109426 0.0246914 0.041803299999999995
0 0.5348911853144593 0.593794556862072 0.04197530000000002 0.06885250000000008
0 0.215741 0.352049 0.026543200000000024 0.06967209999999999
0 0.59784 0.8204144091494292 0.05246909999999995 0.05081970000000011
0 0.570679 0.05 0.03641980000000002 0.07049180000000001
0 0.714506 0.20409799999999997 0.05370369999999987 0.040983599999999995
0 0.712963 0.793852 0.055555599999999886 0.04344260000000006
0 0.298765 0.552049 0.05308639999999998 0.04344260000000006
0 0.31905491509113826 0.029926627626384 0.04057933018227644 0.031984355252768
0 0.659568 0.539344 0.04629630000000013 0.06229509999999996
0 0.451543 0.292213 0.04382720000000004 0.06147540000000003
0 0.186111 0.0213115 0.04629629999999999 0.0409836
