0 0.3211303891996791 0.6977678819023377 0.03952254723306048 0.04802829205446244
0 0.5560094058841307 0.2431401025994342 0.025496178023405255 0.06408953343960903
0 0.28036149654528403 0.538188327817 0.048422978507234524 0.03735352371785186
0 0.5415981645833334 0.9261951888888889 0.035473275416666714 0.03326050546296307
0 0.4083318276739679 0.40899560660582085 0.03277258243126925 0.06014405021428433
0 0.7250613958333333 0.2980571064814815 0.027713479583333367 0.05474119750000002
0 0.5515758145833334 0.5218731388888889 0.04434154937500002 0.05335538185185176
0 0.6334196368414783 0.3911779169724315 0.03806480235871004 0.02756095292634447
0 0.36035278750000005 0.8277999953703703 0.049884299166666445 0.03880385259259272
0 0.4898848922878756 0.567267554457191 0.053568603587621055 0.03382949948613451
0 0.34703367518274325 0.5417354939985207 0.026573304740486612 0.06767891903999577
0 0.43601034791666654 0.745341724074074 0.057089721250000024 0.04296146861111115
0 0.5239995180505788 0.43374089253639925 0.051825542440509055 0.028149613406131695
0 0.5230301458333334 0.37393332407407404 0.043787265416666624 0.03603213675925932
0 0.45831049856472567 0.6020899979248484 0.04323298145833334 0.047119000092592636
0 0.42935858125 0.600866237037037 0.036027559375 0.06028462916666671
0 0.4860401582373065 0.27968276387451263 0.04075330230794609 0.05545791502875259
0 0.72727925 0.662536850925926 0.024387865624999942 0.05889872898148151
0 0.3841861895833334 0.445304562962963 0.028822047500000045 0.06097749472222215
0 0.8148530624999999 0.22356814166666666 0.021062251666666636 0.03603213675925922
0 0.49836527291666666 0.5201401296296296 0.03990736749999998 0.052662431759259325
0 0.36700365625 0.582850549074074 0.022170819583333314 0.0602846291666666
0 0.46760354583333336 0.8371540185185185 0.034918991458333375 0.05196948166666668
0 0.33734995833333337 0.9289671583333333 0.029376331458333384 0.029102889444444537
0 0.6553168921706705 0.2670339715445296 0.05302448107532598 0.050747854419811306
0 0.47603283774790583 0.780582702958135 0.04752287000567191 0.03940859270093921
0 0.4431740745142271 0.34933208266179133 0.047029488403454243 0.035343396435676605
0 0.30048343253446574 0.4217970875003158 0.025480005693931555 0.04008595722159051
0 0.5163792770833334 0.6126464731481481 0.03935317333333342 0.05196948166666668
0 0.4684350166666667 0.11408549305555556 0.02660491166666663 0.030488789629629625
0 0.47641429867202184 0.4925753705639809 0.052130436112806024 0.032243470102125533
0 0.3744859958333333 0.9022898055555555 0.05043849333333353 0.03118165518518523
0 0.5169332916666667 0.4092723416666667 0.04378726541666668 0.02633117361111114
0 0.39915086874999994 0.6233860583333334 0.025496433541666738 0.05820586342592591
0 0.4517028274670878 0.39033899209452466 0.03538696990360872 0.03404522950128281
0 0.37975137916666674 0.788302600925926 0.046558685208333256 0.044347284259259295
0 0.30714224583333327 0.6559539518518518 0.04212450333333327 0.034646321111111114
0 0.5102824229166667 0.9203054935185184 0.02494214958333334 0.046426050000000094
0 0.3977653833333334 0.8447767231481481 0.022725013750000043 0.06028462916666671
0 0.6358246416666666 0.8769971694444445 0.04766716333333344 0.03187460527777767
0 0.3678351270833333 0.11893597462962965 0.02715919562499991 0.040189752777777775
0 0.49559430208333327 0.13903085101851853 0.05875257312500004 0.034646321111111114
0 0.330145075 0.8198315342592594 0.04157021937500017 0.05474119750000012
0 0.25753504375 0.2007008731481482 0.04267878729166673 0.04157556842592593
0 0.35314700625000006 0.8783835768518518 0.03658175354166661 0.04989071592592588
0 0.3858491312499999 0.3122627101851851 0.03769032145833329 0.04850481574074074
0 0.35425503541666664 0.46678542407407414 0.041015935416666593 0.037418036944444406
0 0.3805831797903807 0.9310458724510473 0.03381039250257191 0.02355943906876161
0 0.4223727597953499 0.6938008237805644 0.05554204186763331 0.03273134533890654
0 0.5743002895833332 0.18857488055555557 0.05099277729166675 0.03533927120370371
0 0.4767488270833333 0.7079230953703705 0.03214766145833335 0.04296146861111104
0 0.54326110625 0.8624458092592592 0.050992777291666694 0.03187460527777767
0 0.44127573124999997 0.8662575842592591 0.037690321458333405 0.057512913333333256
0 0.4105140041666667 0.567952587037037 0.023833581666666603 0.05959167907407416
0 0.7541610791666666 0.38259414351851856 0.039353173333333304 0.03672508685185176
0 0.8882941156249999 0.4581237592592593 0.021616535624999975 0.03395337101851852
0 0.4919909625 0.647638888888889 0.03491899145833326 0.05681996324074082
0 0.6532837333333333 0.8302253629629629 0.048221447291666664 0.03533927120370377
0 0.41509525368064476 0.4630439652279368 0.030779663194622723 0.02965546084042285
0 0.31711899791666665 0.3524524629629629 0.04101593541666671 0.05404824740740732
0 0.4476500416666667 0.19619758518518518 0.022725013750000043 0.06721387648148149
0 0.31462548333333334 0.8984780305555556 0.028267763541666706 0.060977494722222
0 0.49420881666666666 0.7966185092592594 0.04489583333333336 0.034646321111111114
0 0.44266121666666675 0.6694663518518519 0.05154706125000003 0.03395337101851857
0 0.520259175 0.891549375 0.038244605416666626 0.05543414759259256
0 0.4520839541666667 0.853091786111111 0.03270194541666681 0.05196948166666678
