0 0.2766023954826041 0.12212424794392007 0.09274428310886655 0.04578112638221929
0 0.9937769866878663 0.9226340515047253 0.012446026624267385 0.05471738228265266
0 0.17420384399551042 0.3381616713583927 0.10508908529741905 0.03390278007764346
0 0.6325526382413713 0.13362453944136965 0.05562937429850715 0.07615695851236906
0 0.8651536389621811 0.21934980527480202 0.045751184892016045 0.04869651865629202
0 0.2211443466083485 0.753132683902089 0.039531697616124246 0.08053568014169407
0 0.6180891671343062 0.9530173215661983 0.05099704607806454 0.08028882224389236
0 0.3271834210029396 0.4776373668737186 0.08350499283787076 0.06350864930299283
0 0.13809538855186598 0.9186376251259112 0.052628223889598286 0.043178471480713604
0 0.3359524060044894 0.1627085978178874 0.09875841750841753 0.04083181542197936
0 0.43892132343749996 0.44955877777777786 0.060584542968750196 0.036748588148148124
0 0.6909099726409722 0.073550639823456 0.10168889035107398 0.05102641983048998
0 0.28223687679108794 0.019190958148148148 0.06894059826967597 0.038381916296296295
0 0.49237494967793877 0.7640875372878223 0.06449023752012882 0.07432573937682026
0 0.3131620019640854 0.31217778881713304 0.05760907687991015 0.07201247447149096
0 0.37267027918069595 0.3097031333370131 0.043681607744107724 0.07795164762377879
0 0.42268255471380467 0.31230152159113905 0.048746141975308535 0.0811686997479347
0 0.4676462062500001 0.015107762314814817 0.09087672984375009 0.030215524629629634
0 0.2671684763147125 0.7813314514587044 0.05078524657253934 0.07241443508538875
0 0.4496842290660226 0.41305227774697956 0.06327915324745029 0.035505926453895144
0 0.1477735759952387 0.010801860146133465 0.03703494660327233 0.019970491773748416
0 0.36621172462572726 0.9674621510839401 0.07185053258478777 0.05603501780783349
0 0.2341869421875001 0.011841205648148148 0.08147561296874978 0.023682411296296297
0 0.567764945652174 0.8111920663833231 0.09537288647342995 0.044974173508267275
0 0.3438657407407407 0.39660119849000813 0.10112553676865256 0.036689457335691546
0 0.24455683038110584 0.45471256478621647 0.10415324745034897 0.05586265762079489
0 0.4202474696918194 0.7477787161112871 0.05648225822421828 0.034984704116663615
0 0.5894130770263017 0.7630223594942055 0.0932534889962426 0.05183865262268689
0 0.36441645077313567 0.5192266775837271 0.09514556061153895 0.03765964152033119
0 0.4284902542941493 0.48217048124389533 0.09234517579173367 0.03455910174845792
0 0.35567381239935597 0.42938500391577133 0.09688674181427798 0.03881981292292527
0 0.2014257154882155 0.21999687218266448 0.1012906846240181 0.03514010781770341
0 0.1903152890625 0.05716449259259259 0.07311925265625009 0.07513050444444444
0 0.3812962047087194 0.20477755723675736 0.10271586620756175 0.050235873732774015
0 0.5997083684173059 0.11912786504178159 0.04149925404733755 0.058560158945440574
0 0.5282533212560385 0.6557944616034422 0.08659252549651081 0.062253724382496135
0 0.43468878431564584 0.031498076304547505 0.08576081886870845 0.04013035557205797
0 0.3135731396976274 0.5520461298057073 0.0647620201359955 0.04724658220022354
