0 0.67963 0.46762299999999996 0.018518499999999907 0.03032789999999992
0 0.537097387714446 0.02860335606238024 0.04332967542889205 0.03753461212476049
0 0.5963876087334248 0.5277398213873709 0.05537238253315056 0.03468425722525806
0 0.523148 0.447131 0.031481499999999954 0.03688519999999993
0 0.6014964966317767 0.5558982280114041 0.052374693263553346 0.023271256022808228
0 0.504012 0.136066 0.026543200000000024 0.036065600000000024
0 0.532407 0.584016 0.054938299999999926 0.031967200000000036
0 0.591358 0.280738 0.03950619999999993 0.06639340000000002
0 0.509259 0.00860656 0.04814809999999998 0.0155738
0 0.262037 0.156557 0.05987649999999997 0.03442619999999998
0 0.5634394661298979 0.44576800985388465 0.05267018207192699 0.041286503456877864
0 0.524691 0.409836 0.04197530000000002 0.06229509999999996
0 0.488272 0.568443 0.03333329999999994 0.041803299999999946
0 0.4606479824074074 0.370260247790449 0.05038882579173372 0.034889704419101907
0 0.353395 0.317213 0.05493830000000007 0.027868899999999974
0 0.263889 0.122131 0.05246910000000002 0.0377049
0 0.557407 0.328279 0.028395100000000045 0.0745902
0 0.513889 0.0680328 0.05370370000000001 0.0360656
0 0.476235 0.409426 0.06234569999999995 0.05327869999999997
0 0.495988 0.933197 0.035185199999999965 0.028688499999999877
0 0.515432 0.485246 0.05061729999999996 0.04262289999999994
0 0.643519 0.8643439999999999 0.05 0.035245899999999816
0 0.626543 0.9012300000000001 0.05185190000000002 0.03852459999999998
0 0.6 0.591393 0.05555560000000003 0.048360700000000076
0 0.475 0.44467200000000007 0.03888889999999997 0.06147540000000003
0 0.473457 0.057377 0.027160499999999983 0.06885250000000001
0 0.451543 0.986885 0.05123460000000006 0.026229499999999833
0 0.442593 0.428689 0.025925900000000064 0.07213109999999998
0 0.45 0.0872951 0.04567900000000003 0.05
0 0.569136 0.0418033 0.025925900000000064 0.0803279
0 0.561728 0.819672 0.03333329999999994 0.03770490000000005
0 0.633951 0.203279 0.05061730000000003 0.03606559999999998
0 0.590432 0.82541 0.03765430000000005 0.0540983999999999
0 0.309259 0.79918 0.04567900000000003 0.05081969999999993
0 0.589506 0.773361 0.03827160000000001 0.0647541
0 0.442284 0.032376999999999996 0.035185199999999965 0.0631148
0 0.376852 0.726639 0.05370370000000001 0.041803299999999946
0 0.49629600000000007 0.286885 0.04197530000000002 0.0606557
0 0.397531 0.904098 0.027160499999999983 0.04262289999999994
0 0.641975 0.316803 0.044444400000000044 0.05163930000000002
0 0.451543 0.293033 0.04876539999999994 0.05163930000000002
0 0.598457 0.8643439999999999 0.05 0.04344260000000006
0 0.508025 0.908197 0.04938270000000004 0.040983600000000016
0 0.72284 0.21516399999999997 0.05679009999999992 0.030327900000000015
0 0.579321 0.9102459999999999 0.04629629999999999 0.048360700000000076
0 0.153395 0.285246 0.02901230000000001 0.06885249999999998
0 0.555247 0.172131 0.05 0.057376999999999984
0 0.680864 0.922131 0.04320990000000008 0.049180299999999885
0 0.456173 0.8536890000000001 0.03333329999999994 0.06639340000000002
0 0.512963 0.642623 0.03703699999999995 0.06721310000000004
0 0.396605 0.766393 0.03271610000000001 0.05081969999999993
0 0.182716 0.42172100000000007 0.03209879999999998 0.0729508
0 0.893827 0.833197 0.029629600000000075 0.07786879999999995
0 0.191358 0.023360699999999998 0.04938270000000004 0.0434426
0 0.314815 0.9340159999999998 0.04814809999999998 0.03852459999999998
0 0.722531 0.954098 0.0438271999999999 0.06229510000000014
