0 0.504321 0.169672 0.017284000000000015 0.03442619999999998
0 0.492284 0.558607 0.04135800000000006 0.056557399999999945
0 0.566358 0.43442600000000003 0.040123500000000034 0.027868900000000068
0 0.6148150000000001 0.257787 0.054321000000000036 0.033606599999999986
0 0.567284 0.602049 0.025925900000000064 0.031967200000000036
0 0.480864 0.372541 0.05061729999999996 0.03688520000000002
0 0.480864 0.336885 0.06049379999999993 0.03442619999999998
0 0.544753 0.588525 0.03271610000000001 0.07049180000000001
0 0.6622746897435897 0.08874525186002523 0.03442497948717938 0.07093320372005045
0 0.6413579999999999 0.009836069999999999 0.028395100000000045 0.0180328
0 0.507407 0.404508 0.05679010000000006 0.028688499999999967
0 0.522839 0.578279 0.03209880000000005 0.07950819999999999
0 0.568827 0.327869 0.021604899999999955 0.07049180000000001
0 0.570988 0.72582 0.024691400000000033 0.03852459999999998
0 0.6131289538698955 0.3090481315889029 0.03300135151946815 0.07547246317780577
0 0.507407 0.480738 0.06049380000000007 0.035245900000000004
0 0.667039253138831 0.48096983472780686 0.052340793722338796 0.03478223054438596
0 0.49691399999999997 0.513934 0.04814809999999998 0.036065599999999934
0 0.4672839999999999 0.563115 0.04320989999999994 0.06721310000000004
0 0.588272 0.380738 0.024691400000000033 0.07622950000000002
0 0.445988 0.611066 0.026543200000000024 0.07295080000000005
0 0.35 0.180738 0.024691400000000033 0.040163899999999995
0 0.44321 0.377459 0.023456799999999976 0.07622950000000002
0 0.65216 0.695902 0.04753090000000005 0.03934430000000009
0 0.71142 0.491393 0.036419799999999884 0.05327869999999997
0 0.415123 0.351639 0.03888889999999997 0.03770489999999995
0 0.600617 0.681967 0.029629599999999933 0.07377049999999997
0 0.675617 0.9856559999999999 0.03765429999999991 0.028688499999999877
0 0.544444 0.527459 0.059259300000000036 0.03688519999999993
0 0.508642 0.131967 0.030864199999999994 0.040983600000000016
0 0.574383 0.47090200000000004 0.045061699999999934 0.056557399999999945
0 0.228086 0.322131 0.017901200000000016 0.03442619999999998
0 0.481173 0.256148 0.06234569999999995 0.031967200000000036
0 0.447531 0.229508 0.029629599999999933 0.02950819999999999
0 0.547531 0.710246 0.034567900000000006 0.0647541
0 0.635494 0.209016 0.05617280000000003 0.04590160000000001
0 0.614506 0.520902 0.048765400000000014 0.04672130000000003
0 0.559568 0.265164 0.04753090000000005 0.05491799999999999
0 0.503395 0.9803280000000001 0.031481499999999954 0.03770489999999986
0 0.407099 0.602869 0.035185199999999965 0.0647541
0 0.476852 0.678689 0.05740740000000002 0.04262289999999994
0 0.5975072221984805 0.9255358509457756 0.06044614439696107 0.037957301891551054
0 0.30463 0.4237699999999999 0.027777800000000016 0.07049180000000001
0 0.8040119999999998 0.872131 0.027777799999999943 0.07377050000000007
0 0.6484569999999998 0.77418 0.033950600000000046 0.07295080000000005
0 0.490432 0.0303279 0.05617279999999996 0.03278690000000001
0 0.572222 0.04754099999999999 0.05308640000000005 0.050819699999999995
0 0.567901 0.811475 0.04567900000000003 0.05081969999999993
