0 0.6240885680950331 0.6560950909931377 0.03263019389893779 0.042174932272207456
0 0.6102210197746195 0.1896778809378574 0.028940460450760777 0.04195583812428514
0 0.5595033017513638 0.42020110560426993 0.025839793281653766 0.05170606176134191
0 0.5357916534811944 0.6080396914220358 0.027224995162216433 0.06853839923751431
0 0.4137272192827748 0.6654957064793131 0.05621693121693121 0.03854410616705698
0 0.511111 0.681967 0.05679010000000006 0.032786899999999966
0 0.5534309460091875 0.28520289501524976 0.026500152196382486 0.07627739715974076
0 0.5073782150445019 0.07691569287075867 0.05 0.03278690000000001
0 0.5438307493540051 0.021325772016774686 0.03457507895492391 0.04265154403354937
0 0.44927616108171664 0.5788934426229508 0.03251763668430336 0.07123341139734585
0 0.5898328597329888 0.3043318628860084 0.04987777751937982 0.036589800724361396
0 0.5140143449827734 0.19924202655356463 0.026736700301464286 0.08443525402211208
0 0.582217944016624 0.7381106963155332 0.058214154748808256 0.03936049342639175
0 0.370836725897215 0.22081578224361417 0.05648905179443015 0.03015646448722834
0 0.43540398497703137 0.020782514887533358 0.05475906995406258 0.039925629775066716
0 0.5560041630778065 0.5395777735417461 0.030684754521963793 0.0764868471216165
0 0.469444 0.678689 0.027777799999999943 0.07704919999999996
0 0.515123 0.736475 0.029012299999999974 0.07786879999999995
0 0.5687122385730692 0.22201679148875336 0.042822122853861604 0.06088451702249333
0 0.5649871606589147 0.628869529288982 0.05255510733563031 0.0432521728364468
0 0.5687662744438332 0.8920834521790293 0.032251096143503265 0.07592074375101458
0 0.5486792222939995 0.4770394857319862 0.055383444587998924 0.04096487146397266
0 0.4104003945736434 0.2789317164982844 0.03191238914728681 0.07261693299656881
0 0.47588285960378984 0.1085350743423561 0.02871088142405972 0.07696340068623712
0 0.5763388652167671 0.03637535039077392 0.036311646540338735 0.06878570791078917
0 0.5244257055196669 0.3059807431376287 0.04431539918173994 0.0595024862752573
0 0.6152203560149296 0.36420606176134196 0.03391472868217055 0.05027640106747997
0 0.49559818248089366 0.6153734974434036 0.055717235038212756 0.04466190511319274
0 0.5343846925136376 0.11250013565573769 0.05920936892047096 0.04282283200533741
0 0.39178169559473375 0.5282499546306939 0.03143364766981 0.0765228963765047
0 0.44275908872683345 0.7879190897668139 0.036135377453666774 0.06272357953362813
0 0.47453703703703703 0.28521730842546705 0.03319695664656901 0.07005337399923751
0 0.5062087281079529 0.041221883339687376 0.055986218776916424 0.04956157072054899
0 0.551543 0.682377 0.033950600000000046 0.06967210000000008
0 0.5439861248410952 0.8666287300925175 0.0434789114594793 0.06510293981496527
0 0.46381618924393764 0.7766628033755233 0.037800621512124724 0.07126449324895359
0 0.522222 0.263525 0.044444399999999974 0.05327869999999997
0 0.8275911570485215 0.7307948913457872 0.027275337352856706 0.08149065955013345
0 0.6799379999999999 0.05409839999999999 0.022839499999999874 0.06557380000000002
0 0.6829792174619761 0.6563800811963616 0.03463756337319559 0.06295287527622177
0 0.4952268067039908 0.4497665711303851 0.046583386592018355 0.06604095773922983
0 0.34650445018662074 0.24959492947007245 0.05347401665231121 0.05885436523065196
0 0.7228076357173265 0.6004689248471144 0.0443804714346529 0.055036249694228816
0 0.5698020730992543 0.7941650927203376 0.044542046198508746 0.048985185440675164
0 0.26815181518151815 0.39685116052588865 0.03330888644419997 0.07425742574257425
0 0.6262987409852097 0.7875142022398961 0.05469991443588805 0.058634961856841424
0 0.455864 0.891803 0.05 0.0459016000000001
0 0.23890435893533798 0.4582089544960234 0.04077091787067592 0.06231930899204681
0 0.6202555268446741 0.5848646587876477 0.037840941716910804 0.030232558139534904
