0 0.8218987124999999 0.25735786203703703 0.09241642322916661 0.06871435277777767
0 0.9655143890364584 0.5766430675925927 0.06897122192708333 0.0793768500000002
0 0.990584573828125 0.5576870351851853 0.01883085234375 0.06042125120370361
0 0.793387640625 0.32607221481481474 0.08258495322916677 0.06871435277777778
0 0.6808166083333334 0.03449274393518517 0.05997231739583349 0.06898548787037034
0 0.9402714969985385 0.6464417413187177 0.09752536662792353 0.05114369967737957
0 0.6498463947916666 0.5955990999999999 0.07668588010416677 0.07937684999999987
0 0.8935508931601885 0.2731103064240681 0.08176866374627778 0.05476389162863355
0 0.6336246604166668 0.45343102499999993 0.09339960208333326 0.060421251203703716
0 0.80174458125 0.6252161842592593 0.09339960208333326 0.043835048055555284
0 0.7329236541666667 0.246102762962963 0.050140847395833174 0.0983325933333332
0 0.7570101822916667 0.427959262962963 0.04719131083333312 0.101886759074074
0 0.7712665145833332 0.08912686851851856 0.05210720510416671 0.10188675907407417
0 0.6419816010416668 0.5018715987674989 0.07865223781250007 0.060421251203703716
0 0.71031038125 0.3953791694444445 0.04817448968750012 0.10307152916666645
0 0.7717586614583333 0.7235490666666665 0.05505658239583345 0.0983325933333333
0 0.4576399458333333 0.3586523083333334 0.05997231739583331 0.050943379537037106
0 0.9570830177083333 0.2944356100829934 0.06980394666666688 0.05923648111111117
0 0.759959878125 0.002505324537037031 0.09045006552083332 0.005010649074074062
0 0.7947028885181471 0.1924901804937969 0.04456049650537229 0.10604212929018386
0 0.6378489895682997 0.38862172489780816 0.0855343305208334 0.05568231537037036
0 0.8602415729166667 0.16812801533197372 0.05112402625000006 0.11254925629629632
0 0.31213329791666666 0.9983144083796297 0.05997231739583337 0.003371183240740602
0 0.8700733614583332 0.35569074444444443 0.08258495322916654 0.07345328861111114
0 0.9025168302083332 0.4913416444444444 0.05898913854166672 0.09596305314814799
0 0.7368560510416666 0.06839303055555555 0.05210720510416659 0.10544092481481476
0 0.9817364817708333 0.8556472462962964 0.03652703645833336 0.10425615472222194
0 0.6508306885416668 0.31896388333333325 0.06685441010416669 0.06634481259259246
0 0.9138234666666667 0.7122939675925926 0.06193867510416654 0.07819222444444471
0 0.7912895646427842 0.5527898717940323 0.08481442894359871 0.060738718078602004
0 0.8218987124999999 0.09623519999999999 0.0393261985416667 0.10425615472222226
0 0.8430371375 0.9533875268518517 0.06587123124999993 0.08411578583333312
0 0.7030483141053503 0.704860513211815 0.07449868147679932 0.0812122995022961
0 0.6523055364583333 0.2425485972222223 0.058006118958333394 0.0983325933333332
0 0.7997775864583334 0.6862296037037038 0.081601774375 0.06397541694444453
0 0.8042021302083333 0.37938470092592597 0.08061859552083324 0.08530055592592589
