0 0.613272 0.00860656 0.031481499999999954 0.0155738
0 0.5 0.607377 0.05432099999999997 0.03770490000000005
0 0.522222 0.779508 0.03333329999999994 0.06229509999999996
0 0.7262350000000001 0.00655738 0.038888900000000115 0.013114800000000001
0 0.497531 0.790164 0.03827160000000001 0.06721310000000004
0 0.565818125308642 0.489344456967213 0.02793165061728396 0.07049141393442628
0 0.540123 0.607377 0.023456799999999976 0.06557379999999993
0 0.48858 0.9799179999999998 0.026543200000000024 0.03852459999999998
0 0.6381172410493828 0.09334017950819672 0.028703617901234574 0.07397544098360655
0 0.577469 0.8467209999999998 0.033950600000000046 0.0540983999999999
0 0.715432 0.778279 0.029629600000000075 0.04672130000000003
0 0.49321 0.310656 0.04814809999999998 0.05409839999999999
0 0.580247 0.414754 0.05061729999999996 0.036065600000000024
0 0.386111 0.213934 0.021604899999999955 0.03442619999999998
0 0.526543 0.9885249999999999 0.04567900000000003 0.02295080000000005
0 0.504938 0.577049 0.05308640000000005 0.05081969999999993
0 0.271605 0.661475 0.028395099999999975 0.04426229999999999
0 0.40709878364197527 0.9754099889344262 0.05370366728395064 0.04754067786885239
0 0.674691 0.365164 0.025925899999999925 0.07622950000000002
0 0.533642 0.559426 0.05864199999999994 0.04344260000000006
0 0.825 0.9848359999999999 0.04629630000000013 0.03032790000000011
0 0.525 0.830328 0.045061699999999934 0.04590159999999991
0 0.605556 0.80041 0.05308640000000005 0.03852459999999998
0 0.467593 0.741803 0.03888889999999997 0.07049180000000001
0 0.566358 0.894262 0.027777799999999943 0.0754098000000001
0 0.444444 0.47909799999999997 0.025925900000000064 0.06147540000000003
0 0.6854939999999999 0.765984 0.04753090000000005 0.045081999999999914
0 0.6845679999999998 0.11721299999999998 0.025925899999999925 0.0622951
0 0.601235 0.592213 0.04567900000000003 0.03688519999999993
0 0.493519 0.352869 0.05370370000000001 0.040163899999999995
0 0.50216 0.944672 0.04753090000000005 0.058196699999999865
0 0.522222 0.665984 0.04814809999999998 0.05163929999999992
0 0.584259 0.75123 0.04753090000000005 0.05327869999999997
0 0.6895060000000001 0.560246 0.05432099999999997 0.05983609999999991
0 0.281481 0.359016 0.024691399999999964 0.08196720000000003
0 0.501543 0.231557 0.024074099999999935 0.08442619999999998
0 0.535494 0.909016 0.035185199999999965 0.0754098000000001
0 0.315432 0.686066 0.04567899999999996 0.0606557000000001
0 0.558333 0.308197 0.03888889999999997 0.06393439999999997
0 0.393827 0.435656 0.04814809999999998 0.031967200000000036
0 0.633642 0.333197 0.048765400000000014 0.05819669999999996
0 0.46018499999999996 0.054918 0.025308599999999966 0.0770492
0 0.726852 0.19221299999999997 0.026543200000000024 0.07459019999999998
0 0.360185 0.143852 0.05617279999999996 0.033606599999999986
0 0.688889 0.637705 0.04444440000000011 0.06557379999999993
0 0.31790099999999993 0.22418 0.03827160000000001 0.04508200000000001
