0 0.5829103615688722 0.33092664186774734 0.05887107686225554 0.036507916264505516
0 0.474074 0.492623 0.029629599999999933 0.07213109999999993
0 0.674383 0.010245899999999999 0.024074100000000074 0.0188525
0 0.649691 0.00942623 0.021604899999999955 0.0172131
0 0.5890242559404911 0.36551410392797934 0.055825811880982026 0.034306107855958765
0 0.46250858357338825 0.6295649388888889 0.034242132853223584 0.07857432222222217
0 0.5720224074618736 0.40163925409836065 0.05639091492374732 0.049180508196721325
0 0.608333 0.773771 0.05617280000000003 0.02950819999999999
0 0.5632211732429597 0.8151183970856102 0.04357298474945529 0.07125254473374049
0 0.594444 0.939344 0.029629599999999933 0.07213109999999993
0 0.597531 0.886066 0.04938270000000004 0.032786900000000146
0 0.671914 0.0368852 0.05987649999999997 0.0377049
0 0.645062 0.647131 0.03580250000000006 0.054918000000000085
0 0.6262349999999999 0.665984 0.03395059999999998 0.06803279999999996
0 0.664815 0.941393 0.029629600000000075 0.06311479999999989
0 0.525617 0.45327899999999993 0.030246900000000035 0.08196720000000003
0 0.54321 0.513115 0.04074069999999996 0.057376999999999935
0 0.523765 0.0172131 0.04259259999999998 0.0344262
0 0.524691 0.70041 0.05432099999999997 0.03852459999999998
0 0.541667 0.82459 0.04135800000000006 0.06393440000000007
0 0.498148 0.097541 0.03703699999999995 0.07049180000000001
0 0.603704 0.720492 0.023456799999999976 0.07213109999999993
0 0.7141979999999999 0.384016 0.05308640000000005 0.041803300000000036
0 0.569444 0.070082 0.027777799999999943 0.0745902
0 0.520988 0.0704918 0.03333329999999994 0.06721310000000001
0 0.6895060000000001 0.882377 0.03703700000000009 0.06475410000000018
0 0.525926 0.8770489999999999 0.059259300000000036 0.03770489999999986
0 0.676235 0.258607 0.04135800000000006 0.056557400000000035
0 0.362037 0.44057399999999997 0.029012299999999974 0.040163900000000086
0 0.274383 0.47909799999999997 0.04135799999999999 0.04672130000000003
0 0.427469 0.116393 0.04382720000000004 0.05081970000000001
0 0.639506 0.8176230000000001 0.04074069999999996 0.06803280000000006
0 0.754938 0.728279 0.04074069999999996 0.0647541
0 0.365741 0.9463110000000001 0.04753090000000005 0.05
0 0.361111 0.0467213 0.03580250000000006 0.0672131
0 0.43642000000000003 0.827459 0.04320989999999994 0.0647541
