0 0.6871253333333336 0.6611695361111111 0.031381804166666784 0.06272464796296291
0 0.17151493229166667 0.2574703425925926 0.06130406927083338 0.034279759814814764
0 0.4773052135416666 0.1710417398148148 0.06860211927083336 0.029174269351851873
0 0.460154890625 0.5707296481481481 0.03284146145833328 0.0452201219444444
0 0.4951850104166668 0.5517659148148149 0.05619538697916677 0.04084392370370354
0 0.4186940711350806 0.33001594666759826 0.04424213950067208 0.05548319499813672
0 0.44300456770833335 0.11561099287037038 0.06422326562499994 0.03063294277777777
0 0.5969945104166666 0.10758806657407406 0.029192436458333405 0.04522012194444442
0 0.5345796642482398 0.35153183153629897 0.03597166149825443 0.06878764204341087
0 0.5491909114583333 0.09591832324074075 0.05035687604166649 0.03209170518518519
0 0.37330729166666665 0.05106293638888889 0.04743767968750004 0.02990365055555556
0 0.6668515287659166 0.5643657330839714 0.06819413982350006 0.029575033945720586
0 0.39666109895833335 0.5922453703703704 0.03430100052083329 0.05470172166666674
0 0.5415284791666667 0.7935472861111111 0.05692509739583329 0.056160484074073924
0 0.6479735937712178 0.9219159826968996 0.03378605985339789 0.00801904113397848
0 0.5802760385512661 0.4986943405671665 0.03051762914746791 0.06238276775455599
0 0.5257892631643054 0.24739613699195653 0.07361358257861106 0.031635785650579736
0 0.6121554823841479 0.17906853413355317 0.042000739247462705 0.03209837345229155
0 0.6012879484201221 0.578679886007314 0.06147324534725567 0.03223726002240889
0 0.7064652604166668 0.6877910157407406 0.03795014374999977 0.050325612407407315
0 0.7772573385416667 0.7891711768518519 0.02773277916666667 0.05907783092592606
0 0.4375682685288797 0.15536053333333333 0.034301000520833354 0.03282099740740736
0 0.02372356822916665 0.17067780555555556 0.0474471364583333 0.05470172166666663
0 0.5783840572916666 0.6939903555555554 0.04743767968750004 0.045220121944444296
0 0.41052701562500005 0.7209766592592592 0.02554329322916663 0.026256833518518593
0 0.39625301843236044 0.10990400032003468 0.06576925532277897 0.05079914639696762
0 0.5705288430931529 0.9053501227698465 0.057309083361019 0.039692893500987085
0 0.4389906875 0.3548401083333333 0.04889721875000011 0.052513667037037026
0 0.31930139062500007 0.04304000119444444 0.02846260781249992 0.013857797962962963
0 0.477844807439192 0.3143106434499392 0.03249222053828286 0.06209590828530685
0 0.4601548906249999 0.0521569637037037 0.02992214687499993 0.03209170518518518
0 0.3671038072916667 0.36286267870370376 0.048167390104166624 0.03209170518518526
0 0.29740653125 0.6177732675925925 0.05473572968749997 0.035738433240740726
0 0.504963508162122 0.591071770826501 0.06407465122007755 0.03630893693077976
0 0.4565051562499999 0.7104012101851852 0.0532760723958333 0.047408176574074055
0 0.5597736041666667 0.8737765490740741 0.06422326562499994 0.03427975981481487
0 0.5222523190027067 0.12890377044820828 0.059242826547080206 0.046702598175916564
0 0.4973746145833334 0.6330896500000001 0.05619538697916677 0.05178428583333338
0 0.39264721874999997 0.2618473416666667 0.07006177656250004 0.034279759814814764
0 0.35748690228621477 0.32133975764864925 0.061563871469236746 0.043661481647146005
0 0.6776374427083334 0.41975298888888884 0.035760657812499846 0.07293562888888895
0 0.5575840000000002 0.6527821416666667 0.061304069270833254 0.050325612407407315
0 0.35834657291666666 0.6611695361111111 0.030651975520833416 0.06855951962962963
0 0.44227391145833334 0.538637587037037 0.05108670468750003 0.055431102870370334
0 0.6216362057870294 0.2664131528854218 0.029534674363441128 0.036816901914341546
0 0.6717992864583332 0.7209766592592592 0.038679972395833435 0.05251366703703697
0 0.6502785963717198 0.4237450789810769 0.03147843784319946 0.05904685878542277
0 0.47110172916666654 0.7559855333333333 0.05619538697916677 0.0437613595370371
0 0.35506216666666657 0.7089428037037037 0.03138180416666672 0.03282099740740736
0 0.30871869791666656 0.7147773194444444 0.06422326562499989 0.031362323981481505
0 0.48089541316703305 0.6758431815097462 0.061421601790934116 0.039212584758285346
0 0.6137795052083334 0.6695569305555555 0.06714246197916664 0.03427975981481487
0 0.3846194583333334 0.7687499268518517 0.048167390104166624 0.04886685000000002
0 0.39848537500000003 0.9211849925925926 0.03795014375000007 0.009481599722222131
0 0.4973250438092646 0.08985879676606827 0.028563404568970916 0.06463271998638195
0 0.40176978124999996 0.08206052527777778 0.0620337796874999 0.03209170518518518
0 0.5525654949973671 0.21291954782068215 0.06571745850642638 0.03076432232092243
0 0.6962478958333332 0.26950508796296296 0.05984441197916688 0.03792648787037039
0 0.4853329739583333 0.8121461953703702 0.05108670468750003 0.05834853870370359
0 0.41089234374999994 0.16557204814814816 0.043788536458333326 0.06637146499999999
0 0.5426232812499999 0.8318386870370371 0.056195386979166886 0.029174269351851953
0 0.6677199369267818 0.5303364024557846 0.04975881364643667 0.039941588884727146
0 0.3911870885416666 0.6928967731481481 0.04086934010416669 0.06053659333333325
0 0.3857142604166666 0.6330896500000001 0.048897218750000054 0.05178428583333338
