0 0.5641301874656316 0.007516648997422865 0.044579131241576385 0.01610708428019185
0 0.4783968123918966 0.8981849120816792 0.049529771783506 0.054089991910212784
0 0.5347606469594048 0.0714224599828191 0.03592913467572372 0.057956855394086924
0 0.3865281164131739 0.3565188344724806 0.04237780099849069 0.05986946914024359
0 0.5064289180009703 0.14970649294867205 0.041916006253706395 0.0427732836996206
0 0.5045728882365627 0.021669399772710998 0.039158714335004605 0.04435538042451142
0 0.7133632935585515 0.7563961862953563 0.02686089157497811 0.08059537691199667
0 0.5851158851229782 0.9873553204187316 0.05816362975404348 0.029101287679501913
0 0.4501626949947363 0.6624094548227221 0.028950138769260232 0.07815478459778873
0 0.637903309471937 0.3711771593883455 0.02723311546840959 0.042877806860449105
0 0.5915995289309981 0.8547815666666666 0.03284974213800371 0.04289646666666671
0 0.6190256743372572 0.7945863797845978 0.0266629780553162 0.07495228808616095
0 0.12561010623026128 0.8095056551023001 0.025361278591252756 0.049561570720548995
0 0.49624598475173193 0.3890230741559176 0.05785827624908084 0.03391746749576034
0 0.40832408466494147 0.01875401570799628 0.02841086350207553 0.039448085700479626
0 0.570679 0.9454920000000001 0.03765430000000005 0.04180330000000013
0 0.4159488946310652 0.7084762994027195 0.051918843908508046 0.048926165967721404
0 0.4007872606906423 0.2575433594678071 0.025049203793165126 0.07032549299120933
0 0.5013073481050191 0.20232300093063213 0.054315596528114705 0.055301023695325385
0 0.589138110266052 0.05288315184336746 0.03877052053210418 0.054946703686734905
0 0.562654 0.8745900000000001 0.05 0.049180299999999885
0 0.49419598825654926 0.8452120910535785 0.05975602348690148 0.03908471789284277
0 0.60463 0.889754 0.03641980000000002 0.06967209999999989
0 0.538889 0.8885250000000001 0.03580250000000006 0.05737700000000012
0 0.5628529045841708 0.5961685093404498 0.048569241075701 0.06258736815351382
0 0.4304920286052782 0.5266807003475007 0.05106494269374066 0.06622177378714376
0 0.13874351737020865 0.02319065034361801 0.0335809473610437 0.04739778156632544
0 0.4901207612270203 0.06970792469038585 0.052967814976548594 0.056732765409120194
0 0.5971931050547403 0.3157284256108877 0.022711390635918965 0.041911537271883736
0 0.26939655172413796 0.5167114188807236 0.04709450830140486 0.050522894290559665
0 0.528962291759977 0.8091718749841149 0.05414355697195899 0.05467696422671243
0 0.527778 0.62623 0.04567900000000003 0.05081969999999993
0 0.5318069918413244 0.7564749150050832 0.05538353100775193 0.04770646998983361
0 0.46296296296296297 0.7937793874698182 0.05263661594410945 0.05242089210827298
0 0.5825102173868313 0.8021892095374253 0.0489713347736625 0.05847581907485062
0 0.4874343557732797 0.5399925677659169 0.052292388453440565 0.05444186446816629
0 0.1685283166764648 0.34087952120739 0.025475210660395844 0.07285974499089255
0 0.2578294717557603 0.7625537824737214 0.05149969382255523 0.04397908610642119
0 0.37872760443822373 0.962028414430042 0.05745530887644751 0.03553142886008371
0 0.033642 0.534016 0.0327161 0.06639339999999992
0 0.7295482295482296 0.19771212394163215 0.027133360466693773 0.041433975860205384
