0 0.57716 0.171311 0.059259300000000036 0.03442619999999998
0 0.50216 0.986885 0.020370400000000066 0.026229499999999833
0 0.433642 0.9856559999999999 0.03641980000000002 0.02704919999999995
0 0.5191708368972746 0.5387722305675843 0.053016726205450865 0.042128438864831495
0 0.591358 0.727049 0.04938270000000004 0.032786899999999966
0 0.45740699999999995 0.47172100000000006 0.03333329999999994 0.07459019999999991
0 0.55679 0.657787 0.04074069999999996 0.06803279999999996
0 0.598148 0.559836 0.023456799999999976 0.07049180000000001
0 0.566667 0.238934 0.05555560000000003 0.04508200000000001
0 0.581173 0.204918 0.05123460000000006 0.036065600000000024
0 0.601235 0.866393 0.05185190000000002 0.03114749999999992
0 0.472222 0.894262 0.05061729999999996 0.04262289999999994
0 0.536728 0.665574 0.04135800000000006 0.06557379999999993
0 0.469136 0.331148 0.030864199999999994 0.07377049999999997
0 0.6027780000000001 0.614344 0.05864200000000001 0.03032789999999992
0 0.48425900000000005 0.9647540000000001 0.04629629999999999 0.05573769999999983
0 0.620679 0.904098 0.019135800000000005 0.049180299999999885
0 0.641049 0.488115 0.035185199999999965 0.05327869999999997
0 0.478704 0.929098 0.05 0.04672129999999984
0 0.537654 0.352049 0.04197530000000002 0.05491799999999999
0 0.58858 0.779508 0.029012299999999974 0.07213109999999993
0 0.621605 0.505738 0.03333329999999994 0.06721310000000004
0 0.660185 0.781557 0.030246899999999893 0.06311480000000007
0 0.684877 0.722951 0.03765429999999991 0.06557379999999993
0 0.521296 0.291393 0.030246900000000035 0.08278689999999997
0 0.749074 0.568033 0.04135800000000006 0.06393440000000007
0 0.633951 0.657787 0.04074069999999996 0.06803279999999996
0 0.520988 0.718033 0.059259300000000036 0.03770490000000005
0 0.747531 0.863934 0.024691399999999895 0.07049180000000001
0 0.35648100000000005 0.279508 0.029012299999999974 0.0393443
0 0.43209900000000007 0.668033 0.04320989999999994 0.06229509999999996
0 0.360494 0.786885 0.04691359999999995 0.04918030000000007
0 0.709259 0.222131 0.05308640000000005 0.040983600000000016
0 0.671914 0.0971311 0.04135800000000006 0.05655739999999999
0 0.269753 0.318852 0.04074069999999996 0.04754099999999996
0 0.383333 0.869672 0.05061729999999996 0.06229510000000005
