0 0.458333 0.568443 0.029012299999999974 0.02704919999999995
0 0.6928579670012691 0.5193810326336755 0.031152647975077934 0.0781369695112609
0 0.346914 0.327459 0.03333329999999994 0.07622950000000002
0 0.574074 0.462705 0.025925900000000064 0.041803299999999946
0 0.714815 0.619672 0.04814809999999998 0.04918030000000007
0 0.567593 0.570082 0.054938299999999926 0.03688519999999993
0 0.555864 0.634016 0.04506170000000007 0.05163929999999992
0 0.688889 0.65082 0.03580250000000006 0.06229509999999996
0 0.540432 0.797541 0.05370370000000001 0.04426229999999999
0 0.48858 0.634016 0.027777799999999943 0.07131149999999994
0 0.523765 0.620082 0.05 0.05
0 0.526852 0.9159839999999999 0.022839500000000016 0.028688499999999877
0 0.554938 0.526639 0.05308640000000005 0.04344260000000006
0 0.628395 0.662705 0.03333329999999994 0.03360660000000008
0 0.487963 0.45696699999999996 0.06358019999999998 0.02704919999999995
0 0.46574100000000007 0.536885 0.04876539999999994 0.040983600000000016
0 0.669444 0.404508 0.06111109999999989 0.03688520000000002
0 0.486111 0.780328 0.024074099999999935 0.05081969999999993
0 0.321914 0.890574 0.03641980000000002 0.03852459999999998
0 0.535494 0.207787 0.04135800000000006 0.05819669999999998
0 0.3756169999999999 0.479918 0.031481499999999954 0.06803279999999996
0 0.18796299999999996 0.0180328 0.05123459999999999 0.03278690000000001
0 0.564815 0.858197 0.059259300000000036 0.03934430000000009
0 0.809259 0.0241803 0.0506173000000001 0.0467213
0 0.629321 0.937705 0.031481499999999954 0.07377050000000017
0 0.529938 0.361885 0.04135800000000006 0.0598361
0 0.644136 0.0647541 0.05493830000000007 0.0377049
0 0.459877 0.168443 0.04691359999999995 0.05655739999999999
0 0.901543 0.8577869999999999 0.025308600000000105 0.07950819999999999
0 0.589815 0.921721 0.04629629999999999 0.045081999999999914
