0 0.6523276329919069 0.006343436379138786 0.02789124106952181 0.014179467200427879
0 0.5188255158651843 0.4671257607081502 0.025875490647545078 0.07759951081734275
0 0.5351936643924335 0.5536717250403238 0.059275428784867246 0.035212050080647504
0 0.47985327871916345 0.6049017081996539 0.0372235867786391 0.03920681850494145
0 0.5404888568674597 0.319702108171515 0.05797445027419227 0.03873910491616562
0 0.4824500839612601 0.1865930603778029 0.052199307031360935 0.041831780130016975
0 0.6199294532627866 0.3762685402029664 0.05914168136390354 0.03466042154566744
0 0.4895511260224108 0.4693096118568558 0.028068328838015043 0.08196721311475409
0 0.5296802801254445 0.5853418401837298 0.05668823974911112 0.03751261963254055
0 0.5536425333725347 0.7087157780352796 0.039383366745069474 0.046834258176192904
0 0.48612747847622517 0.6390208931288308 0.054711186292762705 0.03489994223877535
0 0.227816778288819 0.3745669488196007 0.027434842249657036 0.04732311868281009
0 0.5670202648967759 0.011852895723152318 0.0463862297935517 0.022066491446304636
0 0.6362243506625298 0.49477282594197924 0.06211969867494019 0.033404548116041655
0 0.5728809772792023 0.17277759429382095 0.03924516794871792 0.04497129312736444
0 0.58179 0.940164 0.029012299999999974 0.06721309999999985
0 0.5539109269127032 0.4686544565122441 0.03311185667609591 0.07250385813702938
0 0.5136089055794596 0.3607940466559617 0.060551811158918944 0.04617769331192354
0 0.5236023360846088 0.6763629345882578 0.0540290278307825 0.03743803082348457
0 0.5836157387592643 0.09526464014604266 0.05368495173123395 0.04749089625268136
0 0.385185 0.27623 0.023456799999999976 0.05737700000000003
0 0.5990146828110161 0.1526089158259773 0.053086345679012395 0.0537991683480454
0 0.364815 0.290164 0.030864199999999994 0.0754098
0 0.4623100415034767 0.16286983272564534 0.05581066055768422 0.04827593829847369
0 0.490123 0.904508 0.030864199999999994 0.03360659999999989
0 0.447222 0.920902 0.03641980000000002 0.07131150000000012
0 0.608642 0.9106560000000001 0.022222200000000056 0.07868849999999987
0 0.5946606648876962 0.6125735566930115 0.06092712977539259 0.05465581338602306
0 0.391667 0.920082 0.05370370000000001 0.05
0 0.5459484529251971 0.6346227162086865 0.0494710572229952 0.06363822986011322
0 0.5759442054051014 0.27866985324321303 0.05483843752636468 0.04649165390791291
0 0.403395 0.9684429999999999 0.05493830000000007 0.04344260000000006
0 0.626235 0.214344 0.04259260000000005 0.07622950000000002
0 0.5433163048105577 0.10658093084605237 0.030509436639704852 0.08267382702091577
0 0.5078613016567334 0.11564447327586205 0.05219202292464875 0.06170160907292254
0 0.4409259745279042 0.023482538251573423 0.05222324905580851 0.04532577650314684
0 0.427161 0.813525 0.04938270000000004 0.0598361000000001
0 0.3312707739791073 0.23023723203026483 0.06068969610636273 0.0518206179066835
0 0.6521450938945093 0.1638924915452814 0.023315462733298466 0.025501586896826828
0 0.4731774111619073 0.569004956157072 0.035336469444996584 0.03680459837531892
