0 0.47831893246758284 0.5784231765015868 0.03793687883376044 0.13361715411669026
0 0.3965733590148602 0.32236741095920546 0.03517067660569649 0.10786160474825582
0 0.5044548356335896 0.6402636010585284 0.049955050372699955 0.12341936740328326
0 0.23895787787208506 0.30524534748123094 0.04491874928555095 0.0670928865373311
0 0.4924586493167107 0.7899007237536082 0.02310459934607003 0.05951295423664036
0 0.373753848862271 0.5795086616699459 0.03566306475701732 0.05770834139072199
0 0.6170281796553496 0.3293866879174256 0.06607532793209915 0.0777463570127503
0 0.410822264992833 0.22175184025432682 0.0527712754889721 0.09872256673693396
0 0.5780662300901938 0.13463519792620274 0.03737719620887449 0.07084844690665916
0 0.3273678019935555 0.7295596052284888 0.06443477511841002 0.06981561673024714
0 0.47139329085721626 0.8506129165789054 0.05000352780818271 0.11434725204669954
0 0.4591698080660983 0.6749097877418921 0.04090459925719685 0.1451226293254171
0 0.4055871227359369 0.6560438164940687 0.06727310583645725 0.1049330220622116
0 0.4282841607268372 0.3546081162701052 0.06068469217315974 0.09436832944212462
0 0.22441638445930495 0.19580695058837136 0.03623953332190209 0.13638553984637775
0 0.4057177307291667 0.9063870277777778 0.047580369374999994 0.11502582666666651
0 0.421775607335585 0.47213086114261504 0.05951166870486837 0.05700301291083852
0 0.3494062504104034 0.5106731093766109 0.03466507574898448 0.12467416779722437
0 0.5023043724206315 0.4459824641885475 0.05917908321215736 0.08001385523175349
0 0.457091715849554 0.40154392672144035 0.06735955979867919 0.07632640461350548
0 0.08109691979166668 0.6236731962962964 0.03990616437499999 0.06236331037037036
0 0.20465276406250002 0.7345401388888889 0.05065002651041664 0.10116733203703684
0 0.46648407567049816 0.9887413474067894 0.07018981185847413 0.022517305186421397
0 0.6081644161522634 0.38336566484517304 0.0667660108024691 0.06291772920461464
