0 0.665123 0.995492 0.038888900000000115 0.009016389999999878
0 0.5219054777694361 0.4510636129486044 0.033933455538872184 0.03983112589720866
0 0.625867716299633 0.5736707015396544 0.05320356740073418 0.03790409692069112
0 0.475309 0.167623 0.05679010000000006 0.03852460000000002
0 0.516049 0.48729500000000003 0.016049399999999957 0.035245900000000004
0 0.7934474354760891 0.1490627207697381 0.030105270952178333 0.07025594153947617
0 0.360494 0.5 0.022222200000000056 0.040983600000000016
0 0.502469 0.875 0.04197530000000002 0.056557399999999945
0 0.4934269267600934 0.6894438144439522 0.05351985352018686 0.03626522888790434
0 0.63858 0.19877 0.024074100000000005 0.07786879999999999
0 0.6233985848181515 0.6250110815684538 0.033149443643643535 0.07297296313690738
0 0.517901 0.722131 0.05555560000000003 0.02950819999999999
0 0.666049 0.190164 0.032098799999999914 0.07213109999999998
0 0.6720733948701575 0.4055867618475598 0.03303498974031513 0.06691202369511959
0 0.49104899999999996 0.653279 0.05987649999999997 0.03442620000000007
0 0.598765 0.69877 0.025925900000000064 0.07622950000000002
0 0.578395 0.644262 0.022222200000000056 0.07213109999999993
0 0.57716 0.75 0.04074069999999996 0.02622950000000002
0 0.6484569999999998 0.302049 0.036419799999999954 0.06967209999999999
0 0.477778 0.8799179999999999 0.04320989999999994 0.06967209999999989
0 0.480864 0.203279 0.04938270000000004 0.03278690000000001
0 0.239815 0.638525 0.017901200000000016 0.03442620000000007
0 0.454012 0.694672 0.025308599999999966 0.07459019999999991
0 0.458025 0.547131 0.029629599999999933 0.031967200000000036
0 0.66358 0.286475 0.03456789999999986 0.06311479999999997
0 0.507099 0.832377 0.04876539999999994 0.040163900000000086
0 0.554938 0.903689 0.034567900000000006 0.07131150000000012
0 0.4234485932015349 0.6685866243243243 0.04075771359693027 0.03987595135135123
0 0.518827 0.797131 0.05987649999999997 0.035245900000000004
0 0.577778 0.918852 0.025925900000000064 0.03442620000000007
0 0.500309 0.348361 0.054938299999999926 0.031147500000000012
0 0.678086 0.79918 0.05 0.032786899999999966
0 0.491975 0.57377 0.06172839999999999 0.03114749999999992
0 0.555864 0.843033 0.05864199999999994 0.03524589999999991
0 0.570062 0.582787 0.04629629999999999 0.055737700000000015
0 0.533025 0.8946719999999999 0.03271610000000001 0.07950819999999999
0 0.530556 0.19590200000000002 0.05123460000000006 0.034426200000000004
0 0.7216049999999999 0.806967 0.03580250000000006 0.05327869999999997
0 0.550926 0.0651639 0.024074099999999935 0.06967209999999999
0 0.6243830000000001 0.836475 0.05000000000000007 0.04672130000000003
0 0.610802 0.9803280000000001 0.030246900000000035 0.03934430000000009
0 0.35709899999999994 0.292213 0.05370370000000001 0.031967200000000036
0 0.584259 0.787295 0.045061699999999934 0.056557399999999945
0 0.592593 0.0438525 0.030864199999999994 0.05327869999999999
0 0.457099 0.927459 0.027777799999999943 0.07295080000000005
0 0.363889 0.23442599999999997 0.040123500000000034 0.05901639999999998
0 0.421605 0.0209016 0.05185190000000002 0.03524589999999999
0 0.583333 0.366803 0.05308640000000005 0.05
0 0.519136 0.11721299999999998 0.04814809999999998 0.07213109999999999
0 0.6462960000000001 0.527459 0.055555599999999955 0.04672130000000003
0 0.487963 0.9856559999999999 0.05617279999999996 0.02704919999999995
0 0.316049 0.740164 0.028395099999999975 0.06885250000000008
0 0.402778 0.12459000000000002 0.045061699999999934 0.0606557
0 0.416975 0.918033 0.035185199999999965 0.06393440000000007
