0 0.6560707166666667 0.24874771388888886 0.035520826874999877 0.015847009722222243
0 0.681074533325911 0.4278229957182124 0.019270021524530754 0.014621684169796789
0 0.5752651590129321 0.27463083386334036 0.01585180786487198 0.032779313716582534
0 0.5406022327405754 0.5142281078728098 0.019862002772817532 0.015933475467841796
0 0.4953255897266314 0.528941871223292 0.025699496619635553 0.021616684014224924
0 0.536209997743423 0.5026507384317084 0.01762685909648738 0.015805062025471956
0 0.5519440692250854 0.4397020313514938 0.027468943382285005 0.02231159351166704
0 0.6450870490981964 0.43688711667414976 0.026963649521264916 0.024810550061872366
0 0.6087516529513813 0.5206197471898439 0.029035473846568512 0.022193501665662377
0 0.6536954028406234 0.6076213487706978 0.018025860985419938 0.011874788797402086
0 0.589523731181306 0.46300159210352987 0.03104795880668689 0.026757446093327635
0 0.4473209422657952 0.4507956505359063 0.017565359477124193 0.014158051727653847
0 0.4944667599080198 0.3004865495072521 0.023123437740645632 0.019192700557702783
0 0.6045411220043574 0.4311584617033026 0.019238624937154232 0.018374626016863207
0 0.5901049781504315 0.2821776185169676 0.017174241312196158 0.030369222642173732
0 0.6459498858828768 0.39494074670287754 0.021930434943962022 0.030103467408405197
0 0.5319883065108759 0.49107992164686154 0.02797756834215169 0.024367898343308103
0 0.6341272109079154 0.49758044551644565 0.01467396324004812 0.03219126591535742
0 0.5340301391602367 0.5353116505039827 0.018768241667768967 0.03206593194083043
0 0.6201649960197755 0.6076960423723925 0.023373711664152808 0.011725401594012995
0 0.5186061548608017 0.322613629162724 0.03296034762393797 0.01934692190100138
0 0.5184622556584362 0.5412240780495562 0.015875312316284605 0.018799964582068344
0 0.5968466045207758 0.40873911607772045 0.029825792416781856 0.024028809511225626
0 0.568049240080838 0.2264419312700557 0.019737791800709323 0.0284557669137245
0 0.5783957870753269 0.24623183265860302 0.016513617692320657 0.016097597261650547
0 0.5747415472599295 0.607247880762225 0.030262275850511125 0.012621724814347864
0 0.6305266783567134 0.35418528313457515 0.027466970978995066 0.01925298684801299
0 0.5979744156359718 0.545603871885973 0.03303823769357403 0.01635145477085892
0 0.5620838405636712 0.5488199297527558 0.018297181643795332 0.025648771036074332
0 0.4748782354166667 0.5770778194444444 0.026192113125000086 0.018158027777777697
0 0.40449459876543215 0.5385056162720098 0.028361992945326264 0.01650728597449908
0 0.4808777158063576 0.34911592121681506 0.030935586176727863 0.01774208295684353
0 0.6580296008684035 0.38332940927392123 0.02581320047502421 0.028449430737613725
0 0.42927900326797386 0.4447816108639825 0.01606753812636163 0.03220017074342515
0 0.5672460232756605 0.5026162320683081 0.015482567933051665 0.02892528127410022
0 0.4890980728780005 0.3250444724362173 0.0208565330363772 0.027573417552058603
0 0.5667522455435486 0.4807026718268083 0.03346379421815833 0.013913871968530547
0 0.6393109713028428 0.5986708006135179 0.03244243447764781 0.014589126550742161
0 0.5723675167150525 0.3585003937195245 0.018408551068883484 0.031759861376114674
0 0.6658670349959177 0.46139994013527963 0.033722537667928286 0.01786359604454817
0 0.5454364882994635 0.3638721233596823 0.02999912026040293 0.02148691856063065
0 0.5972633520365752 0.49506936211384106 0.026305763369354314 0.025028503422681876
0 0.5499496050894993 0.2627653133253009 0.02461230718469049 0.025955777055671196
0 0.5212618834034479 0.2539050551519061 0.019338241359399492 0.03235280992774876
