0 0.7545686647843852 0.27928289804317713 0.04765237043122922 0.05290890391364581
0 0.466049 0.526639 0.04814809999999998 0.03032789999999992
0 0.52037 0.177459 0.030864199999999994 0.03852459999999998
0 0.580864 0.589754 0.03209880000000005 0.035245900000000004
0 0.491975 0.981967 0.05061729999999996 0.03114749999999992
0 0.42359607476091116 0.3316036303509582 0.027438349521822395 0.07796106070191644
0 0.5403624579899148 0.5042020779208035 0.040905754094939996 0.040960147529439044
0 0.486728 0.659426 0.04382720000000004 0.06311480000000007
0 0.4587769276908364 0.5549933031112907 0.05705925538167276 0.03293650622258135
0 0.5122936376282385 0.9662895651119835 0.05174727525647715 0.04733313022396677
0 0.6854939999999999 0.868033 0.04259259999999998 0.0540983999999999
0 0.46025450373848026 0.48388384112214267 0.051094992523039444 0.04534791775571467
0 0.51142 0.62582 0.05370370000000001 0.031967200000000036
0 0.633642 0.731967 0.025308600000000035 0.07049180000000001
0 0.336111 0.504508 0.04135800000000003 0.031967200000000036
0 0.66821 0.9893439999999999 0.03271610000000001 0.019672099999999894
0 0.548765 0.4573769999999999 0.05308640000000005 0.040983600000000016
0 0.706303224447922 0.5416763019856845 0.029368751104155807 0.047794996028630694
0 0.59784 0.779918 0.029012299999999974 0.06803279999999996
0 0.613889 0.570082 0.031481499999999954 0.07131149999999994
0 0.5848941574161016 0.7138362464673286 0.026508885167796845 0.07232730706534282
0 0.586728 0.528279 0.03641980000000002 0.06967210000000008
0 0.647531 0.595082 0.044444400000000044 0.04426229999999999
0 0.656173 0.684426 0.028395100000000045 0.07704919999999996
0 0.501235 0.376639 0.04320989999999994 0.06147540000000003
0 0.4672839999999999 0.767213 0.04320989999999994 0.0606557000000001
0 0.495679 0.713934 0.05802469999999998 0.03934430000000009
0 0.511111 0.880328 0.03580250000000006 0.05081970000000011
0 0.532407 0.755328 0.04753090000000005 0.054918000000000085
0 0.490741 0.20737699999999998 0.06543209999999999 0.040983599999999995
0 0.544136 0.27623 0.024074099999999935 0.08032790000000001
0 0.7 0.818033 0.04814809999999998 0.040983600000000016
0 0.549691 0.834016 0.05617279999999996 0.040163900000000086
0 0.729012 0.679508 0.05308640000000005 0.040983600000000016
0 0.403395 0.267213 0.05740740000000002 0.040983600000000016
0 0.0530864 0.584426 0.0246914 0.040983600000000016
0 0.57037 0.861885 0.06049379999999993 0.03852459999999998
0 0.6870196932011825 0.4594322153717386 0.04818301359763522 0.06802166925652266
0 0.23302499999999998 0.82541 0.027777800000000016 0.07049180000000001
0 0.564198 0.754098 0.039506200000000075 0.07049180000000001
0 0.429012 0.659836 0.04814809999999998 0.06229509999999996
0 0.494136 0.808197 0.040123500000000034 0.06721309999999994
0 0.6120369999999999 0.412705 0.04135799999999999 0.058196700000000004
0 0.556481 0.92377 0.06358019999999998 0.05245900000000004
0 0.135494 0.308197 0.02283949999999998 0.04262290000000003
0 0.618827 0.973361 0.05123459999999999 0.05
0 0.633025 0.171721 0.030246899999999965 0.0729508
0 0.235494 0.39631099999999997 0.030246899999999965 0.06475409999999995
0 0.17716 0.0959016 0.03209879999999998 0.0409836
0 0.3114199999999999 0.359836 0.05740739999999998 0.055737700000000015
0 0.20308599999999996 0.495492 0.044444399999999974 0.04344260000000006
