0 0.10999116504567465 0.7556871371206587 0.06293832259134925 0.04895745053761392
0 0.40808628016466997 0.08512244989948693 0.05016139217065986 0.061813369830655746
0 0.528823 0.028500290370370378 0.06427464749999992 0.05284758518518519
0 0.06831364999999999 0.6746451555555555 0.029490772500000016 0.07183973333333332
0 0.27850529363553916 0.7754109784180918 0.07339951272892176 0.04371352760826099
0 0.7484912249999999 0.5383973333333333 0.049907357499999944 0.07183973333333321
0 0.52277395 0.8141952592592593 0.07183644999999987 0.03385553777777806
0 0.46719570000000005 0.9681966222222222 0.03629625999999983 0.06110500148148135
0 0.7491723347800742 0.5932873021512042 0.03493428543985146 0.03637533347536964
0 0.34696317499999996 0.5177535407407409 0.03629625999999995 0.06688520296296284
0 0.46492700000000003 0.5173405037037038 0.04083329249999987 0.07101396148148142
0 0.587048475 0.21016385185185188 0.04007722249999996 0.0660595318518519
0 0.308020425 0.20066802962962962 0.0506635500000001 0.05367335703703702
0 0.47938209357190903 0.4054035603154954 0.07448902038938611 0.036301700752251
0 0.3964936 0.021269004444444444 0.06276238500000003 0.04253800888888889
0 0.1775078724844582 0.13582364909181419 0.06480444548219827 0.03871967666940034
0 0.19807665186326137 0.2600547601094623 0.030089476273477266 0.042245703484779226
0 0.37153912499999997 0.03799631407407407 0.06276238500000009 0.042112954074074074
0 0.24118907917752772 0.22773567805718858 0.038188416678149414 0.03317892149966768
0 0.15427917863484442 0.08168058514789205 0.06682323976968867 0.04525538659208038
0 0.61918635 0.15938044444444444 0.03932102999999998 0.07349117629629631
0 0.5662541 0.13708551111111109 0.051419742500000136 0.061930773333333314
0 0.5957447499999998 0.33485167407407407 0.06049380749999986 0.061105001481481507
0 0.345371010308898 0.9066044365422123 0.03296032996189518 0.0736398735822421
0 0.27739542500000003 0.6304673185185184 0.04385806250000008 0.06771097481481483
0 0.38666297499999996 0.9248448592592594 0.04310186999999992 0.06688520296296316
0 0.337511075 0.15194880000000002 0.0506635500000001 0.06523376000000002
0 0.4054775277514847 0.69622772820357 0.06286267501031256 0.0434515227866262
0 0.597634925 0.06607165037037037 0.05822535250000011 0.06027933037037038
0 0.343182825 0.3170981333333333 0.05746915999999983 0.060279330370370324
0 0.5227290929150942 0.2645241224736632 0.04452466333018847 0.05917564050288183
0 0.35074474999999994 0.1948875259259259 0.03478399750000006 0.07018818962962962
0 0.4309094524917355 0.10774437495846248 0.04539230998347073 0.06435309954655459
0 0.53222605 0.992355828148148 0.0635185775 0.015288343703703806
0 0.39157767499999996 0.43848165925925925 0.03478399750000006 0.07679416296296303
0 0.3318852637901527 0.3382287810655595 0.05350153812679193 0.05030343085627459
0 0.5874269999999999 0.7638248888888889 0.0514197424999999 0.06193077333333324
0 0.6638968583052484 0.3246095086225998 0.0693742633895031 0.04690661238443015
0 0.38885082040920677 0.5028764023304758 0.039915635818413266 0.0387825705868778
0 0.30424163775839624 0.11657704975606949 0.07183258948320757 0.04019145308045361
0 0.55566765 0.07639344592592592 0.06805560999999992 0.04789315555555555
0 0.53714075 0.1643348740740741 0.07183644999999987 0.03385553777777777
0 0.4451876030132819 0.12180918518518521 0.052932127499999856 0.06936251851851856
0 0.5042482749999999 0.09538559407407407 0.031759227500000146 0.07431694814814815
0 0.47313720513665813 0.30204437935939826 0.030462177226683332 0.07221895091083305
0 0.5212613234027778 0.35221346532906306 0.06578653569444436 0.052804707860392305
0 0.5318475250000001 0.21470524444444444 0.05368831999999995 0.058627786666666626
