0 0.5784483545198132 0.19125201217688956 0.030970309039626352 0.0693901243537791
0 0.552469 0.883197 0.03703699999999995 0.03360659999999989
0 0.524074 0.0901639 0.019753099999999964 0.0360656
0 0.586111 0.8577869999999999 0.04135800000000006 0.056557399999999945
0 0.525 0.9618850000000001 0.031481499999999954 0.04180330000000013
0 0.549383 0.991393 0.03580250000000006 0.01721309999999985
0 0.5287036842592593 0.27926555672434733 0.02037033148148144 0.07097798655130544
0 0.37973985890652556 0.3939793130366901 0.03637566137566132 0.06781811085089774
0 0.5970790378006874 0.779956058813588 0.03340969835815192 0.04140611796518511
0 0.505556 0.295082 0.028395100000000045 0.07704919999999996
0 0.315432 0.912295 0.04691360000000002 0.05901639999999998
0 0.5778161031914217 0.31066853435862773 0.0394300936171567 0.04587653128274462
0 0.565123 0.807377 0.06234569999999995 0.03114749999999992
0 0.6074303450845907 0.24593194347298114 0.04942829016918145 0.03940508694596236
0 0.601235 0.991393 0.039506200000000075 0.01721309999999985
0 0.544753 0.0557377 0.05246909999999995 0.044262300000000004
0 0.473765 0.336885 0.025308599999999966 0.06721310000000004
0 0.569136 0.259016 0.025925900000000064 0.08032790000000001
0 0.485185 0.263525 0.025925900000000064 0.08606560000000003
0 0.604012 0.27541 0.04259259999999998 0.05409839999999999
0 0.299691 0.590984 0.025308599999999966 0.03442620000000007
0 0.517284 0.79877 0.05185190000000002 0.048360700000000076
0 0.522531 0.858197 0.026543200000000024 0.06557379999999993
0 0.333951 0.9004099999999999 0.04074069999999996 0.058196699999999865
0 0.5032227198966408 0.3568765552325581 0.033606239793281624 0.0711306104651163
0 0.4404416940848925 0.020466455463072505 0.046315288169784884 0.037654210926145
0 0.498765 0.755328 0.05802469999999998 0.03688519999999993
0 0.4927432389175998 0.42876977845024783 0.02438972216480047 0.07360894309950437
0 0.549074 0.09139340000000001 0.04135800000000006 0.06475410000000001
0 0.425 0.138115 0.033950600000000046 0.06639340000000002
0 0.5300741151234568 0.02272128934426229 0.05767893024691361 0.042163978688524596
0 0.393827 0.807787 0.05432099999999997 0.048360700000000076
0 0.39290100000000006 0.863115 0.03765430000000005 0.06065569999999991
0 0.600926 0.9352459999999999 0.031481499999999954 0.0803279000000001
0 0.522222 0.22377 0.05555560000000003 0.036065600000000024
0 0.5536686990549828 0.7127007175088728 0.04204530189003427 0.059844564982254586
0 0.5273166261232023 0.606274438258408 0.0361138522464045 0.03385977651681593
0 0.616975 0.8901640000000001 0.03271610000000001 0.0754098000000001
0 0.44814800000000005 0.24385199999999999 0.05185190000000002 0.03688520000000002
0 0.48487699999999995 0.577869 0.05 0.04590159999999991
0 0.466049 0.10491799999999998 0.04567900000000003 0.054098399999999984
0 0.391358 0.641803 0.03333329999999994 0.06229509999999996
0 0.438889 0.763525 0.04691359999999995 0.056557399999999945
0 0.441975 0.703279 0.04691359999999995 0.05081969999999993
0 0.3979478930444189 0.42088914965776575 0.04157398608883803 0.05817099931553147
0 0.6884561827605956 0.044097508255872914 0.026294965521191285 0.053768816511745816
0 0.23179 0.631967 0.035185200000000035 0.07377049999999997
0 0.6484569999999998 0.146311 0.026543200000000024 0.0598361
0 0.41172800000000004 0.0721311 0.05555560000000003 0.0393443
0 0.293827 0.102869 0.03333330000000002 0.0336066
0 0.3679555391148021 0.09985213617120163 0.053194178229604164 0.05380257234240323
0 0.2578910525645921 0.006126415413216157 0.017500318187603378 0.012252830826432314
