0 0.6642384880931484 0.4065340688369202 0.03949447077409163 0.04778183513324534
0 0.6506603502727534 0.5209921845215403 0.0570628768303187 0.038362561951963345
0 0.49983850129198976 0.4013772398017537 0.04073356302038473 0.06266679374761724
0 0.5851349649081252 0.40465122016774685 0.028768255656043677 0.04992363667556222
0 0.4559646856158484 0.29772683949675943 0.0570628768303187 0.05599504384292798
0 0.5563019335343096 0.5697628734559665 0.05951786706861898 0.042803646911932926
0 0.514194186757106 0.7379958222645826 0.04288638962101634 0.043261119481509784
0 0.4444185041173929 0.3186734047630404 0.04742113832378977 0.054273538043046014
0 0.5066573356302039 0.7674895158215784 0.045399081251794426 0.05861608844834159
0 0.5267584414872236 0.5336731695482272 0.048636033132357134 0.040849960903545465
0 0.5452018346827447 0.4038173514296607 0.05408384140109101 0.04158374929470073
0 0.6069551005311513 0.6154594275543271 0.03860200106230268 0.05386955510865423
0 0.6558641975308642 0.5773446435379337 0.035529715762273824 0.048608463591307605
0 0.5280574684395636 0.3501192195386961 0.027720836879127252 0.08035629977125427
0 0.44587997678725244 0.24229406369614945 0.025409106603502693 0.07141618686618378
0 0.482701693942004 0.458325390773923 0.025122021246052298 0.07696340068623715
0 0.4589829802956465 0.9813631302415874 0.051494225698505466 0.03692815867126847
0 0.5600811878696527 0.3526543017155928 0.04191054989951191 0.07052059977125429
0 0.49193943578093596 0.7900688245329774 0.04935397368647719 0.0573003989706443
0 0.4392462638076673 0.912532355478861 0.058479532163742666 0.04206212251941325
0 0.5685975975165087 0.6264581756290507 0.03815651326442731 0.074285326210446
0 0.39214278878361564 0.5288156055407294 0.04689443965929754 0.05813953488372094
0 0.6763208764714327 0.013896293747617229 0.057062524978466686 0.02939384025924514
0 0.5784773885371807 0.5515538101124666 0.05751550716336492 0.06778448804803669
0 0.5022609819121446 0.7011294319481509 0.05885730691932244 0.047893633244376684
0 0.593070117786391 0.3441052250285932 0.048427665661785815 0.05616621788028978
0 0.49243491268303186 0.29972350835874956 0.04262084359747354 0.06343899166984372
0 0.581215905828309 0.6994614944719786 0.04521963824289409 0.05980747235989326
0 0.5139716416236003 0.1221023256385818 0.030411583247200724 0.07699245127716356
0 0.5473088048619611 0.8190447705941368 0.03046361184852737 0.07114255544675623
0 0.40354217145494403 0.7260226750421327 0.028845044421368402 0.08388233491650066
0 0.4702304048234281 0.1333158597026306 0.03822136089577951 0.07076820434616851
0 0.5039656904966983 0.5862800228745711 0.04504019523399369 0.06028402592451391
0 0.36426930806775765 0.5658279323929343 0.05287587328931003 0.03494726140551529
0 0.376463731256292 0.41581650601561954 0.04662745721400945 0.06050798564694292
0 0.7194767441860466 0.7141155165840641 0.051859029572207935 0.047178802897445665
0 0.2218778148678006 0.26384296066980933 0.033645949239654534 0.051361429677056224
