0 0.5277002729166667 0.7909193277777778 0.04830887458333339 0.06705372333333354
0 0.6694116897230863 0.25917997804489784 0.08145900088737719 0.04637896315732022
0 0.5615158874999999 0.04528132222222222 0.047430508124999805 0.07778235833333332
0 0.5694216124999999 0.7480052240740741 0.0878343691666668 0.04559656240740737
0 0.6708698791666666 0.7046428259259259 0.03776876166666673 0.08940496444444447
0 0.68272704375 0.22185588703703707 0.06499741041666666 0.06437159185185184
0 0.6120208916666665 0.5884167648148148 0.07114583333333341 0.0572191685185185
0 0.7385025312500001 0.8740654037037037 0.05006560749999996 0.06705372333333333
0 0.5777655958333334 0.6568116629629628 0.03776876166666673 0.07778235833333334
0 0.4569926979166666 0.903122737037037 0.05094397395833342 0.06437159185185196
0 0.4438179125 0.972740609766898 0.04040386104166676 0.05451878046620377
0 0.6493511104166665 0.9841940681944442 0.03864712812499995 0.03161186361111129
0 0.6489114291666667 0.7667801444444444 0.06938910041666671 0.05274898574074082
0 0.47939082916666664 0.8700427518518519 0.062362453333333435 0.06615964314814804
0 0.8108211426416996 0.7625027977860012 0.08397735804229771 0.03621310187837602
0 0.6049945291666664 0.06226851851851852 0.0395254945833333 0.07778235833333333
0 0.6071900895833333 0.011688669675925929 0.036890395208333496 0.023377339351851857
0 0.7178617020833333 0.986876199675926 0.03162033875000011 0.02624760064814811
0 0.8316068145833333 0.01973509138888888 0.05357893104166654 0.03947018277777776
0 0.57996115625 0.005430326527777784 0.06324067749999998 0.010860653055555568
0 0.5000316583333334 0.7328057518518519 0.036890395208333496 0.07957040962962976
0 0.3164583333333333 0.6085332962962963 0.052700564583333255 0.06884188370370381
0 0.7920810354166666 0.7962835907407408 0.08344267916666664 0.034867927407407566
0 0.7007340541666667 0.7632036055555556 0.034255438124999905 0.04559656240740737
0 0.48279762137787097 0.9572004626890412 0.037555129839075246 0.0802707955231462
0 0.6128988312500001 0.7086665685185185 0.03249870520833345 0.07957040962962965
0 0.5483411020833334 0.7073249574074073 0.06499741041666679 0.03933821925925911
0 0.6287088583333333 0.20755191296296294 0.04830887458333351 0.07867632944444451
0 0.7507993770833333 0.09668902407407405 0.04128208520833319 0.08046448981481483
0 0.5804008374999999 0.9075925925925926 0.07641588979166668 0.04649053351851838
0 0.4429399729166666 0.7350406796296296 0.040403861041666704 0.06973585481481503
0 0.4218594625 0.6304375518518519 0.06499741041666661 0.05006674518518505
0 0.7393804708333334 0.03946985555555554 0.08168594625000007 0.03755005888888887
0 0.5527322229166667 0.5803703703703703 0.07729425625000003 0.05364295685185183
0 0.33709916250000005 0.34478782222222226 0.0693891004166666 0.056325088333333315
0 0.6221572761692248 0.8609937506449072 0.03952549458333318 0.08135856999999981
0 0.41351547916666664 0.3255656981481482 0.07465915687499998 0.057219168518518604
0 0.9251507791666665 0.7140308314814814 0.05797062104166682 0.070629935
0 0.5492190416666667 0.49588268333333335 0.05797062104166647 0.0688418837037037
0 0.7648521020833333 0.010794644027777772 0.07114583333333364 0.021589288055555544
0 0.5285782125 0.8687011407407407 0.07992921333333326 0.03844413907407392
0 0.40121863333333335 0.13647488333333335 0.06060572041666668 0.06705372333333338
