0 0.4854332593234853 0.36346522800388514 0.035306681353029314 0.030446043992229686
0 0.6968563363894241 0.2286529618023311 0.055669427221151736 0.039415276395337824
0 0.59537 0.283607 0.021604899999999955 0.06557380000000002
0 0.0185185 0.009836069999999999 0.022222199999999998 0.0180328
0 0.3218439143438236 0.4762984639581161 0.029258720944836888 0.07554672791623229
0 0.404012 0.00696721 0.021604899999999955 0.0139344
0 0.4990740000000001 0.48246700540130766 0.05123460000000006 0.035245900000000004
0 0.34753100000000003 0.25 0.05308640000000005 0.03442619999999998
0 0.5761400832155856 0.4672698280015162 0.03661585868836078 0.06896645600303233
0 0.6934471460269036 0.7037763982919549 0.05384640794619277 0.04490710341609022
0 0.500309 0.515164 0.054938299999999926 0.03852459999999998
0 0.5143633241525726 0.31583447260257747 0.03243084830514516 0.0742914452051549
0 0.457716 0.304508 0.029012299999999974 0.04344259999999996
0 0.346296 0.283197 0.027160499999999983 0.035245900000000004
0 0.6187303769357025 0.462577402160523 0.03765430000000005 0.035245900000000004
0 0.551543 0.270082 0.05370370000000001 0.04672130000000003
0 0.261728 0.0122951 0.025925899999999995 0.0229508
0 0.626708869214301 0.327034880704539 0.059648699878684014 0.04051945492750878
0 0.555279217976165 0.34520017923813134 0.04622455127381724 0.05156874983417038
0 0.492593 0.584016 0.024691400000000033 0.0647541
0 0.462346 0.611475 0.027160499999999983 0.07049180000000001
0 0.6343286211500035 0.512572047368047 0.0365593423000071 0.07596459473609397
0 0.4436750056338028 0.07237356938351419 0.04227958873239432 0.06508886123297158
0 0.462346 0.531967 0.025925900000000064 0.08196720000000003
0 0.485494 0.019672099999999998 0.05246909999999995 0.0360656
0 0.6564819999999999 0.152049 0.026543200000000024 0.03196719999999999
0 0.458642 0.436475 0.03333329999999994 0.06967210000000003
0 0.419753 0.619262 0.044444399999999974 0.04672130000000003
0 0.538889 0.735246 0.03209880000000005 0.07377049999999997
0 0.344444 0.213934 0.059259300000000036 0.0393443
0 0.353086 0.334836 0.039506200000000075 0.05491799999999999
0 0.455864 0.841803 0.04382720000000004 0.06393440000000007
0 0.42376499999999995 0.8745900000000001 0.031481499999999954 0.07213109999999993
0 0.37284 0.77541 0.028395100000000045 0.07213109999999993
0 0.610185 0.142213 0.030246900000000035 0.058196700000000004
0 0.316975 0.9139339999999999 0.025308599999999966 0.07213109999999993
0 0.634568 0.288934 0.05308640000000005 0.04836069999999998
0 0.641049 0.820082 0.027777799999999943 0.05983609999999991
0 0.611111 0.765984 0.04691360000000002 0.048360700000000076
0 0.505556 0.18237699999999998 0.024691400000000033 0.07622949999999999
0 0.487963 0.761475 0.05246909999999995 0.05081969999999993
0 0.50463 0.8864750000000001 0.04259259999999998 0.056557399999999945
0 0.431173 0.147951 0.05123460000000006 0.041803299999999995
0 0.610494 0.943033 0.044444400000000044 0.028688499999999877
0 0.355247 0.0655738 0.054938299999999926 0.040983599999999995
