0 0.6396891529606767 0.6911354149058895 0.02926399407864655 0.03740137018822105
0 0.514198 0.00737705 0.028395100000000045 0.0147541
0 0.612037 0.547131 0.04876539999999994 0.0647541
0 0.526235 0.135656 0.06111110000000003 0.028688500000000016
0 0.571914 0.11065600000000002 0.022839500000000016 0.07049180000000001
0 0.505864 0.69959 0.022839500000000016 0.02868850000000006
0 0.535802 0.182377 0.027160499999999983 0.04672129999999998
0 0.431481 0.145082 0.03580250000000006 0.07049180000000001
0 0.49104899999999996 0.159016 0.040123500000000034 0.04754100000000001
0 0.5766680121355399 0.013925695247645621 0.04839762427107951 0.026212090495291246
0 0.525 0.728279 0.05123460000000006 0.02868850000000006
0 0.545988 0.0946721 0.027777799999999943 0.07950820000000001
0 0.7152456470359246 0.47578282783193027 0.04654129407184964 0.04828665566386056
0 0.490741 0.319262 0.030864199999999994 0.030327900000000015
0 0.52037 0.255328 0.04567900000000003 0.041803300000000036
0 0.41569254747549317 0.5737704918032787 0.05291005291005288 0.042481346331899074
0 0.516689529035208 0.6601396478445658 0.02697759487882944 0.07437765634486938
0 0.5286903736516139 0.5338761505364631 0.048808498420901514 0.04493219323566258
0 0.500926 0.21475400000000003 0.024074099999999935 0.0639344
0 0.413272 0.12008199999999998 0.03641980000000002 0.0598361
0 0.5056013262802926 0.8222222197632059 0.0381802474394147 0.06703096047358839
0 0.612654 0.591803 0.05617279999999996 0.03114749999999992
0 0.505247 0.108607 0.05864199999999994 0.036885200000000014
0 0.562654 0.24303300000000003 0.04135800000000006 0.05327869999999997
0 0.6663580000000001 0.213934 0.03271610000000001 0.0639344
0 0.39598800000000006 0.298361 0.04753090000000005 0.040983600000000016
0 0.560185 0.554098 0.03641980000000002 0.06557379999999993
0 0.47284000000000004 0.510246 0.05555560000000003 0.040163900000000086
0 0.581173 0.173361 0.031481499999999954 0.06967209999999999
0 0.665741 0.495082 0.05370369999999987 0.036065599999999934
0 0.406173 0.327459 0.04567900000000003 0.04836069999999998
0 0.35401199999999994 0.0405738 0.019135800000000005 0.0319672
0 0.533333 0.427869 0.039506200000000075 0.06229509999999996
0 0.5832190214906264 0.6684881602914389 0.031092821216277978 0.038251366120218545
0 0.453086 0.744262 0.020987700000000026 0.057376999999999935
0 0.595062 0.45 0.05679010000000006 0.032786899999999966
0 0.631173 0.354098 0.03765429999999998 0.06721310000000004
0 0.36882699999999996 0.527049 0.022839500000000016 0.08032789999999992
0 0.608951 0.294262 0.04629630000000006 0.06393439999999997
0 0.629938 0.21270500000000003 0.036419799999999954 0.06311479999999997
0 0.422839 0.794672 0.04074069999999996 0.02868850000000006
0 0.537654 0.321311 0.05308640000000005 0.05081970000000002
0 0.456481 0.0959016 0.026543200000000024 0.07377049999999999
0 0.503395 0.355738 0.05617279999999996 0.04590160000000001
0 0.587963 0.386475 0.04259259999999998 0.06967210000000003
0 0.6684043122313671 0.8691105957498483 0.04096957553726559 0.06669720850030374
0 0.649691 0.381148 0.04259259999999998 0.0606557
0 0.446914 0.5441243163226405 0.05061729999999996 0.05819670000000005
0 0.461728 0.606148 0.04938270000000004 0.041803299999999946
0 0.44845699999999994 0.837705 0.05123460000000006 0.04590159999999991
0 0.742593 0.555328 0.04814809999999998 0.06147540000000003
0 0.332099 0.155328 0.04197530000000002 0.05163930000000002
0 0.366667 0.968033 0.03209880000000005 0.06393440000000007
0 0.352469 0.709836 0.039506200000000075 0.06557379999999993
0 0.35 0.876639 0.044444399999999974 0.058196699999999865
0 0.5933927754915409 0.8866120218579234 0.0496113397347965 0.06041287188828172
0 0.435185 0.939344 0.05432099999999997 0.0459016000000001
0 0.257099 0.165574 0.04259259999999998 0.07213109999999998
