0 0.4576775590835812 0.5306075697492074 0.020135481207837577 0.11515443347989644
0 0.3618439291666667 0.3888739861111111 0.03530029411458339 0.06782787638888882
0 0.5113787469531815 0.1241978621609455 0.03659173171874996 0.05275496388888885
0 0.5308813760617109 0.211875384257997 0.02538632592373613 0.11326216434932725
0 0.41996071354166664 0.11065316203703701 0.017219679479166673 0.07913244583333336
0 0.37302490677235944 0.6479584938798532 0.021548597080281222 0.12627604887081742
0 0.5015385911458333 0.022982900694444433 0.01937212197916658 0.045965801388888866
0 0.446593637405288 0.2924958176004753 0.03898440121690593 0.05552591393898646
0 0.5624439016849667 0.4790035681905471 0.037864596442850264 0.07597881593372094
0 0.5256461703125 0.49438330092592586 0.025399016770833307 0.09546147268518512
0 0.430027178848499 0.7838971766555982 0.017428300509611225 0.10678708557769218
0 0.7596182880208334 0.21930391203703703 0.03013440421875006 0.09294924398148147
0 0.3799246135416667 0.8956993472222223 0.04046618401041672 0.04898677407407427
0 0.538904297178033 0.11546481089137231 0.03986231779356579 0.08960621155058887
0 0.5387908291549084 0.9427958680636825 0.021620651404007655 0.0994076514963804
0 0.5156830351103132 0.1940771361842054 0.022334152931377103 0.05937029434281608
0 0.41778770462311127 0.9200277338145859 0.03784252466288933 0.05559627403749422
0 0.4486583239783961 0.09055411034673203 0.029441519907904022 0.056172594209950084
0 0.47915288229166664 0.07987935648148146 0.016789177031249915 0.11304646064814813
0 0.480444459375 0.873716962962963 0.03314785161458348 0.07033995185185181
0 0.4647013961328408 0.14752448858081144 0.03486979166666669 0.07787648472222222
0 0.5116550151041667 0.8517361111111111 0.02927339932291666 0.09420535833333327
0 0.3895333834809455 0.6538970195078646 0.01970804802954286 0.10123561962398808
0 0.5534129854166667 0.01984295960648147 0.030134404218749942 0.03968591921296294
0 0.4917302173438632 0.21993219907407419 0.03960517911458338 0.04898677407407411
0 0.6713670296875 0.36877646296296296 0.03616129901041667 0.06029149675925933
0 0.37884853177083333 0.8391749675925925 0.02970390177083336 0.06405968657407386
0 0.4062235347233261 0.3857577895562486 0.018845539924760266 0.06738581788711955
0 0.5971076239583333 0.9783092207175926 0.03228684671874996 0.043381558564814675
0 0.5144529671875 0.5370899629629631 0.02884289687500002 0.09294924398148173
0 0.47915288229166664 0.9852178113425925 0.03314785161458331 0.02956437731481498
0 0.4905608833333333 0.46800597222222223 0.01808061463541666 0.10551008101851865
0 0.5352463012373365 0.0685620434193006 0.03633329861907685 0.060264323875638105
0 0.4617179864583333 0.3518188425925926 0.04304912895833333 0.056523153703703866
0 0.5015385911458333 0.9070039166666667 0.01937212197916658 0.07410829490740749
0 0.5409282052083333 0.3775694166666666 0.042188124062499985 0.05777926805555572
0 0.5562109375 0.5521627222222222 0.027981961718750153 0.06280357222222221
0 0.4745644885438247 0.9441327907578825 0.038019963329017276 0.06546678660835731
0 0.5895743541666667 0.004769817245370373 0.026690454374999936 0.009539634490740747
0 0.4121960234093733 0.23403150769226008 0.02413915026458658 0.059246359705056185
0 0.5450184317708333 0.9852171600694444 0.02884289687500002 0.02956567986111096
