0 0.5710571715583509 0.33741078690815784 0.037573278204829565 0.08982712994466771
0 0.40366897637827415 0.8139607637985371 0.05587374052844728 0.04863144028103058
0 0.5032698958333334 0.5753387564814815 0.044592307291666584 0.06253646416666672
0 0.5698322191530935 0.885871960350625 0.02938771959401052 0.05318732684330577
0 0.3970029118900646 0.8760008727990284 0.027997470850480138 0.09185938719750177
0 0.9360597135416666 0.5062455231481481 0.025655838541666635 0.08170076722222208
0 0.43409047067901235 0.5240733512591436 0.0330879200960221 0.09005822274264888
0 0.5160978645833333 0.6474566953703704 0.032375307291666704 0.08977001222222232
0 0.2546519270833334 0.5314620675925926 0.05558766666666675 0.04740666055555546
0 0.48838859596479195 0.42911195861161716 0.04496563500228626 0.06664308482956008
0 0.44516483077905494 0.2778904696103679 0.03513463175819484 0.07331857295396008
0 0.6080541724901001 0.336268916612251 0.04310554002639944 0.05328728047565042
0 0.47272739583333323 0.790181450925926 0.054366026041666814 0.04034610194444444
0 0.5633250237416905 0.08535409123200324 0.050822056030389244 0.06125417579257091
0 0.6092819174995101 0.9959879253765865 0.05503502841465817 0.008024149246826979
0 0.31298885416666666 0.7538702175925928 0.025655838541666753 0.09077869861111092
0 0.428394015570906 0.36176842093850287 0.055631338183421516 0.050432604735883464
0 0.48041458926875613 0.2738127720871465 0.025720164609053537 0.09514815306446012
0 0.39439708668103723 0.5873142365628704 0.04993488307531516 0.05363467487784419
0 0.809463079431633 0.7651363685832445 0.025932477288609354 0.05614195621541769
0 0.3615270169240336 0.00519152527151579 0.04134557811652305 0.01038305054303158
0 0.45542187704128284 0.7472176142770406 0.029451884920635035 0.048831569664903055
0 0.5376666864514087 0.24165432979604673 0.041795267489711976 0.08105969263216897
0 0.5155573725627671 0.017154472369097055 0.055447010082798974 0.03430894473819411
0 0.5905576196527993 0.8520736391095599 0.060572068333506125 0.04534696392218107
0 0.5860018814624615 0.8071504785885211 0.05839044722827395 0.043651750317613286
0 0.5075458854166668 0.5491131564814813 0.03970554687500005 0.12910742777777787
0 0.28519442708333315 0.44925726481481476 0.04214892708333326 0.07867483111111119
0 0.6243157109380102 0.9539512678173878 0.03223951188843147 0.09045848151039414
0 0.5659217711301044 0.21449831186134025 0.02930614909781563 0.09290216661873266
0 0.5099891666666667 0.5097759870370371 0.03848380729166661 0.050432596666666676
0 0.7117840816445375 0.4683452475054702 0.059010792763413276 0.04567481183627178
0 0.8287107403525117 0.6592278986378893 0.03054269547325094 0.05290665704368162
0 0.3513706704389575 0.7930472431838552 0.034663535338689634 0.09406081042009991
0 0.5179305729166667 0.7336964898148148 0.026266708333333413 0.08674407611111111
0 0.41190773325129343 0.009164511818233294 0.029953447329072583 0.018329023636466588
0 0.4255457880168529 0.4401190747246075 0.05114689480044407 0.059838685777893266
0 0.5285021573943041 0.849335597306444 0.027862934580275105 0.0814036136278526
0 0.3508252651626494 0.46233343633446083 0.02727026381540263 0.09225964596524702
0 0.3719189354977565 0.4795845276964971 0.02752199879615335 0.09898411631892037
0 0.5567192708333334 0.735714600925926 0.04153805729166678 0.07262295888888876
0 0.586086277593369 0.39610283791262135 0.05610594481326186 0.061128287584502006
0 0.6794549266247378 0.6387693891695592 0.03192576092864362 0.05385821562360352
0 0.5199902083679566 0.058214324026050916 0.05268914576408659 0.05509625675580549
0 0.43588928147326533 0.6684786287940556 0.051548911904864055 0.06386512759707433
0 0.40891360009689404 0.2639606767173335 0.0366086852228784 0.06806654514791796
