0 0.787037 0.708607 0.025925899999999925 0.07131149999999994
0 0.500926 0.475 0.05617279999999996 0.031967200000000036
0 0.547222 0.246721 0.05370370000000001 0.031147500000000012
0 0.6413579999999999 0.47950800000000005 0.03333329999999994 0.0393442999999999
0 0.525617 0.388115 0.031481499999999954 0.03852459999999998
0 0.474383 0.563525 0.029012299999999974 0.03852459999999998
0 0.581173 0.571721 0.03888889999999997 0.07131149999999994
0 0.458333 0.47172100000000006 0.029012299999999974 0.07459019999999991
0 0.33827199999999996 0.983607 0.029629599999999933 0.032786900000000146
0 0.6398149999999999 0.712705 0.030246899999999965 0.07950819999999999
0 0.277778 0.710246 0.028395099999999975 0.031967200000000036
0 0.340123 0.06024589999999999 0.029629599999999933 0.028688499999999992
0 0.530864 0.447951 0.04320989999999994 0.056557399999999945
0 0.563889 0.664344 0.031481499999999954 0.06639339999999992
0 0.56104723624475 0.20855183253337842 0.060620627510500166 0.04191353493324319
0 0.610494 0.4573769999999999 0.029629599999999933 0.06721310000000004
0 0.4949217854174622 0.606510966777928 0.06144827083492434 0.03761183355585612
0 0.616975 0.654918 0.03888890000000004 0.07049180000000001
0 0.431173 0.40082 0.054938299999999926 0.03770490000000005
0 0.592593 0.8598359999999999 0.04320989999999994 0.06229510000000005
0 0.269444 0.433607 0.05 0.031147499999999963
0 0.42654300000000006 0.672541 0.028395100000000045 0.06639339999999992
0 0.512037 0.819262 0.04382720000000004 0.054918000000000085
0 0.636111 0.931557 0.030246899999999965 0.07295080000000005
0 0.348457 0.80123 0.04382720000000004 0.035245900000000004
0 0.622531 0.109836 0.05370369999999994 0.04754100000000001
0 0.475 0.245902 0.03888889999999997 0.07049180000000001
0 0.533333 0.11393400000000001 0.04320989999999994 0.06393440000000002
0 0.503086 0.9196719999999999 0.039506200000000075 0.06721309999999985
