0 0.5679847607680241 0.49967761421078805 0.013600703463951666 0.008947784541387001
0 0.5480820395833333 0.3392987240740741 0.014862386666666675 0.007043106481481495
0 0.5467824849082255 0.34600429971741636 0.01713436518354925 0.0103593431577598
0 0.5150906145833333 0.5760131574074074 0.007349542916666607 0.010344568518518544
0 0.47907791250000004 0.39223210185185187 0.007512870208333311 0.011224960185185172
0 0.5619644625 0.4315193148148148 0.013882449374999932 0.01320582129629631
0 0.5292180416666666 0.5645680925925926 0.013719148541666648 0.011224960185185224
0 0.5532967631500545 0.38174331775256326 0.012272411408224453 0.01899692190228079
0 0.6134928604166667 0.34028915462962966 0.00947274479166668 0.01650728333333336
0 0.5956030374813895 0.5499877147328447 0.011910759129445836 0.017279817428652467
0 0.5085577875 0.4528689537037037 0.014862386666666675 0.010564673148148213
0 0.56670076875 0.33203551296296296 0.012575883958333377 0.016287178703703744
0 0.6007860035291849 0.5038585331114503 0.007121321691630437 0.019514139332654765
0 0.626885275 0.49897922222222224 0.009146090208333272 0.018708249074074115
0 0.5613335867391709 0.5600022182899885 0.006373301381468366 0.01832461468157602
0 0.5584213580977865 0.5822587812954966 0.007249509637760572 0.012820113334932843
0 0.5688240499999999 0.48973520370370366 0.015189041250000083 0.009023994444444417
0 0.526327922857608 0.32514796185220585 0.013391333362266226 0.008777454531421298
0 0.5496958931902661 0.5853225514796319 0.0070613829944677535 0.006692438707403249
0 0.5674357812499999 0.361748537037037 0.010779310208333233 0.016287178703703692
0 0.6442792479166667 0.4003757314814815 0.01061600937500001 0.00990435925925926
0 0.5511033166666667 0.4720172777777778 0.006859561041666614 0.019368536111111178
0 0.5357511333333334 0.33148526481481483 0.0111059647916667 0.01694749259259259
0 0.5704623699450334 0.3265144249851427 0.01029973989006668 0.01228810922954469
0 0.5595144208333332 0.3516240462962963 0.013555821250000004 0.009244072222222196
0 0.5762825561765907 0.3797359415728431 0.007458032855151823 0.016848717780239674
0 0.5497012457059912 0.5348422087073402 0.012930116504684126 0.010370234437171335
0 0.5413857 0.45330905555555556 0.006042951041666692 0.022890102777777793
0 0.58515625 0.5551038888888888 0.008982762916666687 0.010344568518518544
0 0.5732547329818123 0.3941386218876649 0.009678187630291291 0.018119653034589043
0 0.5272582729166667 0.5512522592592592 0.00751287020833337 0.01672738796296303
0 0.6593049354166667 0.529462787037037 0.011595946666666634 0.016727387962962924
0 0.5909543291666667 0.36130843518518524 0.006859561041666732 0.018488171296296336
0 0.5108443166666666 0.46464402777777775 0.008656134791666699 0.01122496018518512
0 0.5483267791666667 0.32730343796296296 0.010779310208333353 0.013425925925925926
0 0.5467752625000001 0.3544853796296296 0.014862386666666675 0.013205821296296258
0 0.566673986694245 0.5859451610410592 0.009531844008120889 0.005284908374917176
0 0.5978290515806949 0.42864379874607383 0.007044877105881634 0.02081586077119016
0 0.5409774479166667 0.3282938685185185 0.008492807500000055 0.015406787037037064
0 0.5586161604166667 0.48643376851851844 0.007512870208333311 0.017827857407407433
0 0.5222769625 0.5217592592592593 0.0076761710416667125 0.018488171296296388
0 0.55428810625 0.4524285833333333 0.00865613479166664 0.018488171296296284
0 0.5556360449158035 0.5724203582165385 0.014126436835059882 0.007405649307663701
0 0.5654209981046374 0.3810122500549371 0.012302898292608215 0.008907980189460022
0 0.5698038020833334 0.5713911481481482 0.01028935479166672 0.014746500000000053
0 0.5629096365412126 0.3394025479585165 0.011991730875908027 0.015199139268152194
0 0.4978601541666666 0.3829880833333333 0.014699085833333273 0.00902399444444447
0 0.47875141666666665 0.4711368055555555 0.00947274479166668 0.021129319444444433
0 0.5454465466687756 0.5613354549412232 0.014387423982663941 0.010210423181036137
0 0.5828709325594391 0.5764096659248009 0.006694021964455033 0.020996589446694452
0 0.5770716416666667 0.5393670925925926 0.008492807500000055 0.01232542962962963
0 0.5555445367189726 0.39789275180548317 0.015088691979611941 0.008900390648003317
0 0.5394318397018186 0.37822680720109486 0.006357444763029107 0.01678581707929186
