0 0.5899926194310251 0.7884574060874846 0.06302334943639293 0.0702977746099628
0 0.6719695240868643 0.5558744620674777 0.04332847383127027 0.04269340843282226
0 0.5732187637786595 0.7065314460635498 0.03769037514697236 0.09858834244080152
0 0.9720083600661027 0.4784822918310075 0.0559832798677944 0.05418477403439323
0 0.8620361860021787 0.021939622843672985 0.07497144305252969 0.04387924568734597
0 0.9477752563915622 0.4446362152135354 0.09802876202974614 0.04269573885231553
0 0.6518512257485407 0.6144276741453663 0.07119775477137011 0.07406960089223487
0 0.7716151248163283 0.559099641758426 0.08235085379932332 0.06624698805722239
0 0.9368730924688609 0.2476388195855865 0.06291845390304947 0.08431608796718885
0 0.5694108337567753 0.016129994761354717 0.050935041685486245 0.032259989522709434
0 0.654032474503489 0.32039063813410146 0.06152534113060426 0.08685700649818896
0 0.6664846685453568 0.4934639397059212 0.05031702898550729 0.08590045141363747
0 0.710258178324947 0.009970733722513635 0.05272132516703785 0.01994146744502727
0 0.7324940500469672 0.7879217305081209 0.04883471845142218 0.088857840427754
0 0.9093134038113919 0.9883192110833064 0.08497269335794791 0.023361577833387166
0 0.32616668229166673 0.2501226453703703 0.04870756562500015 0.05915297194444441
0 0.7364672546995358 0.41809721503766184 0.08524662055878783 0.05820148901402507
0 0.8979504673132579 0.8883047182270074 0.08657516164780017 0.06201996616454006
0 0.7082461084272678 0.6631216176975263 0.05116411701556629 0.04937990021382756
0 0.7976074203641822 0.9976323721416474 0.08367934690120377 0.0047352557167052375
0 0.8136234742464126 0.3161336749540196 0.07005123782489224 0.07529904898349618
0 0.7138368894256576 0.5255265832475383 0.044048577563070526 0.08315712362398034
0 0.7900533183310688 0.7118802636857858 0.08814014272594596 0.06699777031658351
0 0.7166322799248523 0.6094552678123597 0.07742384594739668 0.036692009186663516
0 0.18762746610990105 0.8567497946355224 0.052336752602275285 0.049100860745026814
0 0.9108693562619514 0.7175165481855185 0.08538605551907198 0.039692755639205546
0 0.8818386789879753 0.32525702049606203 0.05829227727535364 0.09068552141668292
0 0.9653350405852047 0.40108656158417355 0.06932991882959065 0.04098790929822287
0 0.6249773550724638 0.7142160977798895 0.07098597691894794 0.06378237110952722
