0 0.5501139296875 0.45351596203703703 0.03131435364583339 0.047319402962962914
0 0.5907118862068589 0.7591272029880302 0.030789319243269966 0.09531413209252011
0 0.5622566330607636 0.3512731748836811 0.03208078492013975 0.09233630217476964
0 0.46008614583333335 0.5675123 0.07045723229166671 0.06452637509259268
0 0.8417280078125001 0.05990485092592595 0.07437149479166662 0.04086667361111112
0 0.30977689322916657 0.7524885296296295 0.034445738281250256 0.10109140407407416
0 0.25127571589656406 0.17632577171229938 0.038864197074406685 0.10214426173598194
0 0.8131548046875 0.2776820064814815 0.0391428786458332 0.09571415148148145
0 0.41154847916666665 0.1228183388888889 0.07045723229166671 0.063451029537037
0 0.5473745546875001 0.6120420618192048 0.07750287942708335 0.048394748518518535
0 0.9497633776041667 0.24756944444444445 0.05558293333333341 0.04194215037037047
0 0.4013709401041667 0.05857644343690101 0.04697140364583312 0.04301762712962961
0 0.2690680052083333 0.7471118018518519 0.03444573828125013 0.09033703009259274
0 0.4185934921875001 0.39490464351851856 0.048537159374999916 0.0763562258333334
0 0.4612592578125 0.6116059287037038 0.06810859869791651 0.04301762712962961
0 0.45842529378125385 0.17960838139518898 0.06460370899400303 0.04715608074236602
0 0.37749398958333324 0.8734754009259257 0.07280573906250006 0.048394748518518535
0 0.4272060364583334 0.5148169564814815 0.05166854401041654 0.0774317025925926
0 0.23931915364583325 0.8508913074074074 0.039142878645833316 0.08711059981481484
0 0.7379995442708333 0.15185503055555552 0.040708634375000115 0.046243926203703725
0 0.5501139296875 0.5449282064814815 0.046971403645833236 0.07528074907407412
0 0.29803811364811583 0.3904031048042291 0.05369336850666843 0.06587775012159175
0 0.49727062499999997 0.4615823657407408 0.036794245052083244 0.09786510499999995
0 0.46399990104166655 0.456742261111111 0.040708634375000115 0.0860352542592591
0 0.4397310677083333 0.7422716972222222 0.040708634375000115 0.05699830018518536
0 0.5140293333526909 0.5614707124591912 0.048537159375000034 0.04731940296296281
0 0.4903852534426055 0.7545241197719833 0.06786241809543192 0.05384510612338957
0 0.7563964765625 0.5180432555555554 0.06810859869791663 0.04086667361111101
0 0.23736227604166668 0.417488737037037 0.06497721406249989 0.05914925370370364
0 0.46791365625 0.32930279166666665 0.05166854401041666 0.0828089551851852
0 0.23863296193201453 0.7552786090152667 0.031507345478612454 0.054644834099095804
0 0.3606620520833334 0.34328385833333336 0.048537159375000034 0.09571415148148145
0 0.63583734375 0.9988445480555556 0.07593712369791655 0.002310903888888805
0 0.7775340520833335 0.5642860009259258 0.07280573906250006 0.04947022527777773
0 0.3691633888954199 0.6693786069008323 0.060685815129516506 0.06647997772854893
0 0.5528545729166666 0.6777457157407407 0.03366286041666674 0.08711059981481463
0 0.2694598880208334 0.8476650083333334 0.04149151223958327 0.08711059981481484
0 0.33600260416666666 0.5556829740740741 0.035228616145833294 0.05377200111111104
0 0.3158675909766661 0.5100528646404535 0.042626796371706514 0.04729684624114272
0 0.6781112265625 0.9843263006250002 0.06810859869791651 0.03134739874999994
0 0.4718286796875001 0.6551616222222224 0.04697140364583312 0.04409310388888912
0 0.4788736927083334 0.390602474074074 0.06576009192708329 0.06560185185185177
0 0.3512682786458333 0.4287814398148148 0.061062824739583375 0.05377200111111104
0 0.4299454114583332 0.8148640824074074 0.07437149479166662 0.04516844944444453
0 0.5074481640625 0.8847681037037035 0.04149151223958327 0.06237555277777755
0 0.5184082005208334 0.6992539388888889 0.035228616145833176 0.09571415148148145
0 0.4769168151041665 0.5228820481481482 0.06810859869791676 0.04194215037037041
0 0.48591997395833336 0.6782836509259257 0.061062824739583375 0.0774317025925925
0 0.5927796953124999 0.4997600194444444 0.0399257565104166 0.09033703009259263
0 0.41937725781250007 0.636340450925926 0.06106282473958326 0.07312992675925929
0 0.4362079270833333 0.36586795185185184 0.06028007369791671 0.0763562258333334
0 0.2530198333333332 0.5008358898148149 0.03366286041666674 0.08603525425925922
0 0.7278232734375 0.8299197074074075 0.051668544010416775 0.06237555277777776
0 0.30273061197916656 0.4820160305555556 0.05480005546875013 0.06775267416666658
