0 0.673148 0.64959 0.08703700000000002 0.07459019999999991
0 0.452469 0.00778689 0.020987700000000026 0.013934400000000001
0 0.6246563702704053 0.24639941594212517 0.026240815714499904 0.07068427689652883
0 0.415123 0.009836069999999999 0.040123500000000034 0.0180328
0 0.43160950228839956 0.31385665811918473 0.04295429542320103 0.03622018376163051
0 0.512654 0.44836099999999995 0.05 0.05081969999999993
0 0.554938 0.513115 0.04197530000000002 0.02622950000000002
0 0.7498809923544278 0.4920614611720666 0.03480621529114401 0.06505747765586681
0 0.518519 0.487705 0.05555560000000003 0.03114749999999992
0 0.545679 0.203689 0.025925900000000064 0.040163899999999995
0 0.663272 0.931967 0.033950600000000046 0.05081970000000011
0 0.544136 0.451639 0.045061699999999934 0.06557379999999997
0 0.483951 0.283607 0.04814809999999998 0.04426229999999999
0 0.568827 0.45 0.03765430000000005 0.06393440000000002
0 0.63642 0.970492 0.027160500000000056 0.05901639999999998
0 0.50463 0.22663899999999998 0.021604899999999955 0.06967209999999999
0 0.675309 0.372951 0.04197529999999988 0.05901639999999998
0 0.650926 0.648361 0.035185199999999965 0.07213109999999993
0 0.48642 0.529918 0.039506200000000075 0.06311480000000007
0 0.445988 0.706557 0.05740740000000002 0.02950819999999999
0 0.46018499999999996 0.340164 0.05123460000000006 0.05245900000000004
0 0.562654 0.8885250000000001 0.06358019999999998 0.036065599999999934
0 0.385185 0.697131 0.029629599999999933 0.040163900000000086
0 0.582099 0.0286885 0.05432099999999997 0.031147499999999998
0 0.634568 0.582377 0.06543210000000006 0.03688519999999993
0 0.609877 0.287705 0.03703699999999995 0.07049180000000001
0 0.604321 0.9487699999999999 0.030864199999999994 0.035245899999999816
0 0.474691 0.0987705 0.059259300000000036 0.035245900000000004
0 0.691358 0.704918 0.05185190000000002 0.03934430000000009
0 0.709568 0.841803 0.05 0.049180299999999975
0 0.459568 0.766393 0.04753090000000005 0.0540983999999999
0 0.557716 0.845492 0.03888889999999997 0.056557399999999945
0 0.630556 0.09139340000000001 0.048765400000000014 0.05000000000000001
0 0.531173 0.312705 0.05987649999999997 0.05
0 0.369136 0.381557 0.05679010000000006 0.041803300000000036
0 0.4645059999999999 0.8700820000000001 0.04506170000000007 0.05163929999999992
0 0.723457 0.635656 0.058024700000000116 0.04672130000000003
0 0.522839 0.682787 0.05802469999999998 0.03442620000000007
0 0.449383 0.590574 0.04691359999999995 0.05163929999999992
0 0.365432 0.109426 0.05432099999999997 0.04508200000000001
0 0.848457 0.284016 0.0561728000000001 0.04508200000000001
0 0.591358 0.736475 0.04197530000000002 0.045081999999999914
