0 0.6516016276041667 0.3635230637962963 0.046664383333333365 0.023489674444444487
0 0.5282740677083333 0.7132843712962963 0.02461417291666663 0.022080303148148114
0 0.5318644791666667 0.8269746111111113 0.028716562760416644 0.03993243509259251
0 0.5551963385416666 0.3372146467592592 0.021024592187499754 0.023489674444444435
0 0.5813485234375001 0.4913069592592592 0.03743406848958332 0.034764702129629656
0 0.5086135470009389 0.3620703029828408 0.05228236778238114 0.018022717428716185
0 0.5139165755208334 0.7337205416666667 0.021537401302083304 0.04322098722222218
0 0.47955927864583336 0.7410023888888889 0.04307488567708339 0.023959483981481407
0 0.6377566953125 0.6237884342592592 0.048715619791666616 0.015973008425926014
0 0.7690318411458333 0.5753998287037038 0.047690001562499994 0.025368855277777675
0 0.490467873242592 0.5811212772498927 0.0328189526041666 0.022550112685185246
0 0.4741744921874999 0.6442246046296296 0.04358761171875004 0.023959483981481407
0 0.46622607552083345 0.3376843989814815 0.04615165729166666 0.02442923620370373
0 0.47853332812499993 0.8927456537037036 0.04102364921875002 0.010805275462963053
0 0.5745770567514015 0.773500742780144 0.03209475178405263 0.039766405736008474
0 0.35366725781249997 0.5115081388888888 0.04153645833333333 0.023489674444444487
0 0.5177620208333333 0.8365832704923597 0.02615260026041657 0.037583502037036996
0 0.43729747397862506 0.816047310855367 0.02503825048024986 0.040628749673696785
0 0.6144240052083333 0.8591551601851851 0.0389724958333332 0.02818759787037032
0 0.5167369010416666 0.5721116777777777 0.0230758286458333 0.023489674444444383
0 0.5508667623934281 0.583604844310583 0.04415952192227308 0.02587145156401915
0 0.719236865182602 0.744272749878601 0.04369508760354617 0.022044494016461157
0 0.43158331736640976 0.38276370891346795 0.02404217040990287 0.01977331559899006
0 0.5492989921875 0.8030147259259259 0.02256301953124999 0.039932435092592616
0 0.4508079444952346 0.6148282122242477 0.035964103978280745 0.02060210389293986
0 0.5172494609374998 0.4062741268518518 0.041536458333333276 0.025368855277777783
0 0.7121119401041667 0.8262696388888889 0.022050210416666733 0.046039787129629625
0 0.48400592753924176 0.4910959371108636 0.026328807682649943 0.03894493614864316
0 0.5051563413150418 0.6171218144525827 0.02518229128934196 0.0396421724837235
0 0.5387131565112051 0.765600395429187 0.027312422528427464 0.04275393322492349
0 0.47725151302083335 0.6010035027777778 0.04051084010416659 0.03335533083333328
0 0.4931483463541667 0.8241558685185185 0.0230758286458333 0.0436907967592592
0 0.721342171875 0.6914388296296297 0.028203753645833392 0.01503338935185186
0 0.5392995052083334 0.3452011223148148 0.01794782057291672 0.0394626828703704
0 0.49237909114583345 0.34191257018518517 0.018460629687500032 0.021610493611111142
0 0.4566739605377521 0.724840564611011 0.020894382533837685 0.03185292198168173
0 0.5190602367427154 0.7949077974133877 0.048235113850014125 0.02138147535840997
0 0.7121119401041668 0.36728142546296294 0.04358761171874986 0.018791751018518498
