0 0.45994908020833325 0.05660642962962965 0.05337776937500003 0.09474197333333326
0 0.22246360208333346 0.06916204444444445 0.07056705906249998 0.058214965925926024
0 0.5468005520833331 0.8459320888888889 0.03890237749999983 0.10729814518518521
0 0.5214686895833334 0.14050456296296301 0.06966247531250017 0.07990278518518529
0 0.4337129270833333 0.8350879703703703 0.08775649531249989 0.035385499259259046
0 0.4576876208333334 0.9030061037037036 0.0796142156249998 0.05935633481481491
0 0.3771676489583333 0.9977324955555555 0.057901274374999784 0.0045350088888887466
0 0.27810312395833336 0.26435339259259255 0.06785301468750002 0.07647840000000002
0 0.6499365833333334 0.40532554074074084 0.0769000246875 0.06848812148148163
0 0.44954460833333343 0.7860046518518519 0.04342588249999982 0.058214965925925864
0 0.3274096802083333 0.02173926444444442 0.04161656843750024 0.04347852888888884
0 0.3364569833333333 0.9452392592592594 0.06513882375000009 0.041092900740740866
0 0.32967113958333333 0.7728780740740742 0.07509071062499993 0.0479416711111111
0 0.41516544270833333 0.768882725925926 0.06513882374999996 0.07876141629629618
0 0.3156735962058365 0.6981199274417849 0.07594432769249361 0.06048213919050425
0 0.548222628511553 0.41029968874860334 0.061650890356439565 0.10354876120091015
0 0.33419405833333343 0.9886001866666666 0.04975884812500008 0.022799626666666746
0 0.5332303302083332 0.9355370666666667 0.08232826000000013 0.051366056296296425
0 0.4961368270833334 0.20785034074074069 0.08775649531250002 0.04565879407407402
0 0.2762930770833333 0.9760601185185187 0.07328125000000002 0.041092900740740866
0 0.36993039270833333 0.8664783999999999 0.04704480375 0.10044923555555556
0 0.22698652083333334 0.15819605925925925 0.07056705906249998 0.07647840000000002
0 0.4875424020833335 0.8801759407407408 0.07418598031249993 0.06392222814814827
0 0.5531335177083333 0.12166974814814809 0.03890237750000018 0.06049784296296284
0 0.33916985520833326 0.28261724444444447 0.05066357843749998 0.09702485037037044
0 0.4065710177083333 0.5046327111111111 0.0606153187500001 0.08218580148148151
0 0.21205913020833336 0.024022245925925927 0.08775649531250002 0.048044491851851855
0 0.7431224864583333 0.40703703703703703 0.04794953406250002 0.1015907437037038
0 0.4727772246434789 0.2734704902464465 0.06686311428801327 0.07906382492903463
0 0.35997879895833346 0.11767440000000001 0.07599544093750008 0.052507564444444516
0 0.36857322395833325 0.18673306666666667 0.08956595593749993 0.04680030222222216
0 0.4983982864583333 0.9846050474074075 0.05609181374999998 0.030789905185185228
0 0.28353179895833325 0.006900145925925919 0.046140073437499866 0.013800291851851838
0 0.3667646427083333 0.2443780444444445 0.07690002468749987 0.06163935111111098
