0 0.5035274461199294 0.4237117105971896 0.04409149223985891 0.04250632119437941
0 0.4891507669285447 0.0849478390461997 0.04152637485970818 0.06408345752608047
0 0.6397212276842499 0.20396189986338795 0.05759434463150025 0.03633910027322403
0 0.5505505505505506 0.770073352040565 0.027805583361138933 0.0765519617978635
0 0.574738225355406 0.08830105797317435 0.030097062196034374 0.04992545484351713
0 0.6455293677515899 0.2604321907600596 0.03666292555181436 0.050422255340288116
0 0.5454356485222597 0.2527198896050671 0.0591474085297417 0.043988934153005456
0 0.5963806494668911 0.2992546697466468 0.038439598933782244 0.055738052459016404
0 0.5369013702347035 0.5046388038191316 0.02984669651336318 0.07341019636101606
0 0.5344368745604191 0.08725781676602086 0.0530865950617283 0.04157974649776453
0 0.47139939331275715 0.1418280578117238 0.025103313374485604 0.07699938437655245
0 0.43346042120551925 0.8908911925425907 0.059912854030501124 0.04399710703953718
0 0.4919375157470395 0.38641686182669793 0.05920886873267827 0.04817664770826363
0 0.5327549771994217 0.841210062521538 0.05375746116486856 0.04406045389651952
0 0.48160745779793396 0.4749079959852793 0.04862685815066771 0.05720976915356301
0 0.4292255218181144 0.5978929749421553 0.05876246616987358 0.041845123812336876
0 0.4964160065129755 0.4532622039645367 0.04297058697404891 0.0574109920709267
0 0.5262438364290216 0.9710862501846108 0.027759240722203673 0.0581573376655344
0 0.5655655655655656 0.931300152611628 0.05338672005338677 0.05193718308472402
0 0.516881952375608 0.21816950095628418 0.04798014118967451 0.0404125240188774
0 0.4937427520763187 0.27080237121212125 0.04547278436213995 0.05973688350720321
0 0.517283948765432 0.037543456395926475 0.02716049753086412 0.07344761279185295
0 0.5347578146961777 0.8904360310096983 0.06258277060764471 0.03716113798060368
0 0.432978162916199 0.014791370119225036 0.04912036702207253 0.030526549379036264
0 0.5589321493640105 0.3105441072652757 0.0377660791245791 0.07488794046199701
0 0.5499439095117845 0.03525831271733731 0.04302276833146273 0.06957279334326875
0 0.5826972731294425 0.0284774108544461 0.04934544625888511 0.0553154217088922
0 0.5713617658062102 0.38474913065077 0.04545454545454545 0.06010928961748632
0 0.4490601712823935 0.6778910057598583 0.0535720906091276 0.056613991040220565
0 0.42527535705640285 0.9646737383477982 0.025992495763737602 0.06901317904210869
0 0.3919123204837491 0.4120107059217129 0.027462836986646512 0.08330545332887256
0 0.353704 0.25041 0.05185190000000002 0.033606599999999986
0 0.6539468761690984 0.09016393442622951 0.041152263374485645 0.05017386984600099
0 0.7091283202394312 0.39915548931942374 0.0520014964459409 0.04719324391455543
0 0.5682753460531238 0.2358420268256334 0.058361391694725005 0.06880278191753601
0 0.5140325510695881 0.7640427312558459 0.04597189782374969 0.05759858218874616
0 0.6379928166963259 0.972193926292276 0.04734958994179362 0.05544973413823673
0 0.47279714354877755 0.9422211507553842 0.0596102638586299 0.04259080681452912
0 0.381481 0.21311499999999997 0.044444399999999974 0.05409839999999999
0 0.6900418937455975 0.919977354403584 0.04615726837949052 0.06178309456997981
0 0.7152522893263635 0.8135184364692561 0.05394283172060953 0.05710628661448336
0 0.36526334487965184 0.1001493886857727 0.046037244278651135 0.05837952588748674
0 0.6169132095058021 0.8898242504799881 0.04337671004337667 0.06498301580268796
