0 0.3969166544068983 0.6497171415370965 0.029636208813796635 0.02894158307419301
0 0.6093927267563956 0.9734874177666046 0.03360095351279114 0.03713873553320962
0 0.5623996317073946 0.3690214910385331 0.03467636341478947 0.0495182820770661
0 0.6087960811728396 0.7099383200819672 0.023765862345678977 0.08217254016393442
0 0.619444 0.601229 0.024074099999999935 0.03852459999999998
0 0.580247 0.632787 0.03333329999999994 0.04590159999999991
0 0.549383 0.781557 0.059259300000000036 0.03688519999999993
0 0.5496913984567902 0.02482150286462734 0.02777769691358024 0.05143439836065574
0 0.701235 0.30123 0.029629600000000075 0.04508200000000001
0 0.548075173641339 0.9740830723762041 0.03594925271732211 0.04855485524759168
0 0.51142 0.520902 0.04506170000000007 0.03852459999999998
0 0.473148 0.519262 0.026543200000000024 0.06803279999999996
0 0.525309 0.761066 0.039506200000000075 0.05163929999999992
0 0.670679 0.288934 0.04629630000000013 0.04508200000000001
0 0.48858 0.0987705 0.05123460000000006 0.05
0 0.418827 0.8754099999999999 0.05123460000000006 0.032786900000000146
0 0.550617 0.420082 0.028395100000000045 0.08114749999999997
0 0.483951 0.128279 0.05308640000000005 0.03852459999999998
0 0.569444 0.27623 0.04753090000000005 0.05737700000000003
0 0.566152964301131 0.5586464918434025 0.0582319286022619 0.03368718368680505
0 0.660185 0.629918 0.021604899999999955 0.031967200000000036
0 0.482716 0.312705 0.03827160000000001 0.07131150000000003
0 0.634877 0.905738 0.05493830000000007 0.036065599999999934
0 0.525 0.128689 0.022839500000000016 0.06721309999999998
0 0.664815 0.982377 0.05432099999999997 0.03360659999999989
0 0.428086 0.0155738 0.026543200000000024 0.029508200000000002
0 0.506173 0.186885 0.04814809999999998 0.050819699999999975
0 0.380864 0.9106560000000001 0.028395100000000045 0.06885250000000008
0 0.509259 0.354098 0.044444399999999974 0.04754099999999996
0 0.519753 0.821311 0.05061729999999996 0.0393442999999999
0 0.506481 0.301639 0.035185199999999965 0.06557380000000002
0 0.515123 0.623361 0.03888889999999997 0.06311480000000007
0 0.590123 0.32459 0.05432099999999997 0.0393443
0 0.520062 0.432787 0.035185199999999965 0.07868850000000002
0 0.483642 0.740164 0.040123500000000034 0.06065569999999991
0 0.48425900000000005 0.588115 0.03888889999999997 0.06803279999999996
0 0.51821 0.0790984 0.05864199999999994 0.04344260000000001
0 0.427161 0.8200819999999999 0.027160499999999983 0.07295079999999995
0 0.579012 0.9717209999999998 0.029629599999999933 0.054918000000000085
0 0.66821 0.9286889999999999 0.03148150000000009 0.07049180000000001
0 0.48642 0.470082 0.04814809999999998 0.05819670000000005
0 0.3903415332426833 0.5048836954574115 0.05030233610463611 0.05252790908517709
0 0.234877 0.580738 0.05740740000000002 0.03852459999999998
0 0.633333 0.8577869999999999 0.03827160000000001 0.06311479999999997
0 0.515123 0.694262 0.06111110000000003 0.05901639999999998
0 0.579938 0.753689 0.05617279999999996 0.048360700000000076
0 0.734568 0.819262 0.020987700000000026 0.07459019999999991
0 0.353395 0.840164 0.04876539999999994 0.05081970000000002
0 0.452161 0.264344 0.03765430000000005 0.06803279999999996
0 0.254938 0.184426 0.028395099999999975 0.04262289999999999
0 0.294136 0.556557 0.03641980000000002 0.0754097999999999
0 0.585802 0.11393400000000001 0.044444399999999974 0.0393443
0 0.648148 0.738525 0.05679009999999999 0.0393442999999999
0 0.674691 0.161066 0.04444440000000011 0.06639340000000002
0 0.839815 0.9295079999999999 0.027777799999999943 0.0754098000000001
0 0.808642 0.520082 0.05185190000000002 0.05327869999999997
0 0.29907400000000006 0.208197 0.046296300000000026 0.0606557
0 0.674691 0.08073770000000001 0.05432099999999997 0.05983610000000002
