0 0.7731035249839109 0.3035568285484502 0.01934801746782166 0.043258782717914494
0 0.6287365343892801 0.6102024130134358 0.03530398315408109 0.04209875922387238
0 0.45711562949708406 0.6811211172200059 0.02706120294630008 0.029311752917556184
0 0.5115809733382372 0.3073437353727222 0.02253989973241115 0.0604978643569116
0 0.5613470333216418 0.17511028224649172 0.028819521695366983 0.026949448469979473
0 0.706647236223367 0.09921609160758825 0.0344085071449013 0.04198553725325751
0 0.5451280800696826 0.5885475546832538 0.050361384015251844 0.029145648136444206
0 0.629076114108713 0.14281645721674027 0.041217257675341304 0.038140707834461024
0 0.5553357338404489 0.19759516755724174 0.04790606272091509 0.030701956516692466
0 0.571287172589256 0.5091429715234361 0.03608440616542481 0.04867657958504952
0 0.4551952630897395 0.8036168618628889 0.02940509688524878 0.06074231565293833
0 0.6406743931866801 0.4223917434495312 0.028896323036676344 0.03360557501270739
0 0.4221226946527305 0.5244311091741444 0.028616444494938047 0.031082261483045933
0 0.4117025762768563 0.6859408349816174 0.03639265223812771 0.05114802522526542
0 0.415309956544026 0.8448257805517608 0.026754107567218573 0.021459393526108185
0 0.6820181999571377 0.3008483697945815 0.03608567767861525 0.0486749960589851
0 0.5256074230122075 0.15781129195004653 0.04048774868993685 0.05182830056537645
0 0.6122159861110407 0.24377838841729174 0.03828173633666457 0.03198689492467576
0 0.5801727554402653 0.8157788952440352 0.033537543434052235 0.04591534189033679
0 0.6601682292852955 0.27702200889345713 0.037570269316417895 0.04765979506996537
0 0.6682040658863159 0.3486918271414099 0.03327903145653473 0.053424138542079114
0 0.5485872098829867 0.43089355226748693 0.048583927742983056 0.03106172670497258
0 0.793451820157513 0.5304532678698826 0.043675430819600555 0.03472256488366281
0 0.5235929783048885 0.8051885985040526 0.03795667084974118 0.034655748165172896
0 0.6218347086551479 0.2745180975724717 0.04274267752486409 0.034090396518909084
0 0.5414269542602864 0.7784590197159631 0.04245443533359421 0.03221796778789812
0 0.5160092223958334 0.8507453148148149 0.02839248869791664 0.009619777314814879
0 0.6575922533759944 0.8091973008620793 0.04436238220634472 0.029133742464899186
0 0.4755452418484436 0.7099410622027035 0.05552212328637432 0.02754124435206601
0 0.4834089951983064 0.8463242399043062 0.045326863853402996 0.018071953853805982
0 0.6020930388025465 0.4231950639677632 0.04106876680670458 0.04886866485911622
0 0.47120496589696687 0.3565946689454077 0.02691527904790926 0.0630233046241951
0 0.4464066828415597 0.23304846616278957 0.034190588339369415 0.03933711721145788
0 0.5778053994331555 0.764997525272929 0.03156474676146104 0.04566580198875935
0 0.5014851448598332 0.4562650919683159 0.031224964453551253 0.044852062267955996
0 0.5847833896542589 0.2737975269613248 0.040840100851033866 0.04517354816626927
0 0.4891914150788649 0.8194433098166487 0.04135790261453612 0.03259755510724039
0 0.551906927567916 0.4562818569923941 0.04887252288500097 0.029823215879468096
0 0.675217557435533 0.19410648166348524 0.024073796518340865 0.056134509514428575
0 0.6104624461927846 0.6768915689802243 0.04323571505213467 0.02793469069995269
0 0.5316078595742517 0.31708634104657185 0.023785595437687292 0.07774985570472318
0 0.5784798691933025 0.307340809013622 0.03324618010297821 0.05014513541619768
0 0.5174590015842359 0.6645963706087661 0.03483741068948968 0.0426889287457023
