0 0.5718287994791668 0.6554355296296296 0.024901595468750058 0.04005768925925921
0 0.6859612197916666 0.2930677481481482 0.01628183828124996 0.06470858074074068
0 0.6079041791666666 0.22188827925925925 0.028732661874999958 0.029581084814814817
0 0.6288151041666666 0.6501973777777778 0.015004798906250016 0.054231901111111085
0 0.5539506619791668 0.7041209444444444 0.018516605468749957 0.027732205925925908
0 0.6648904838541667 0.3919791222222222 0.027136362656249937 0.029581084814814765
0 0.5518805792849508 0.46637739672607786 0.02906203086156817 0.03855012099228856
0 0.5205889651041667 0.8874622740740742 0.01436633093749992 0.04313900370370386
0 0.5944955760416666 0.32911979629629634 0.015962578437500003 0.054231901111111085
0 0.7073510604166666 0.424333562962963 0.022028360312499964 0.052383097407407424
0 0.7506096572916667 0.8326139296296297 0.017239566093749895 0.02341830555555549
0 0.6840455572916667 0.8511019666666666 0.0309673773437499 0.027115988148148168
0 0.6815417747268478 0.6947496532562457 0.02851363237036241 0.029219788302323427
0 0.6326459119791666 0.9167348740740741 0.023305347968749855 0.04622039333333324
0 0.5905049572916667 0.8791422814814814 0.027774882343750088 0.0301973025925924
0 0.6824495166666666 0.8258344814814815 0.027774882343750088 0.02465089148148157
0 0.5430743241591325 0.8466250969190372 0.01528063873493141 0.03483699134711047
0 0.6057425709805865 0.7397648474223449 0.02951755128408955 0.027932504044199145
0 0.6238666541666668 0.6039772851851851 0.02170910046875001 0.048069197037037166
0 0.6691718948722181 0.913239150986857 0.01180083568378431 0.02609667839665656
0 0.5716689885416667 0.9299847592592592 0.013089291562499975 0.05546448703703706
0 0.5777350807291666 0.756812225925926 0.015004798906250016 0.030813595555555597
0 0.5274525604166668 0.8467878407407408 0.016601098125000036 0.030813595555555493
0 0.6537166479166667 0.37102576296296297 0.02841340203125 0.025883402222222192
0 0.5992842151041666 0.7669810222222223 0.021070580781250094 0.02649969518518518
0 0.5778943744791667 0.25116118 0.015324058750000091 0.05484819407407405
0 0.5132459369791665 0.9490453742333355 0.012450823593750115 0.015406797777777852
0 0.5620917104166667 0.5244779740740741 0.02969038968749989 0.024650891481481464
0 0.5135655588541667 0.4579202888888889 0.01692035796874999 0.045604100370370354
0 0.5588991119791668 0.7546551629629629 0.018835865312499915 0.05608077999999984
0 0.6019978979166666 0.9315253037037036 0.01436633093749992 0.053615683333333344
0 0.5576221760416668 0.9352229111111111 0.016920357968750112 0.046220393333333346
0 0.5379881869791666 0.9232060629629628 0.019793593125000026 0.05423190111111098
0 0.6264205260416666 0.9386122592592594 0.026817154531250036 0.038208885555555704
0 0.5775752697916666 0.6788542111111111 0.024263127500000082 0.04375529666666675
0 0.6457354104166666 0.8486366444444444 0.015004798906250016 0.052999390370370256
0 0.6075850744791667 0.2527018748148148 0.024263127500000082 0.040673982222222224
0 0.6932963942618448 0.5429660111111112 0.012131563749999923 0.03697629962962962
0 0.5454905088541667 0.7629751555555555 0.012450823593750115 0.04313900370370365
0 0.5951343026041668 0.8557243518518518 0.028094142187500046 0.032662399259259206
0 0.5913029776041667 0.8113523111111112 0.027455622500000013 0.037592592592592615
0 0.5986460057291668 0.2875213370370371 0.028732661874999958 0.02649969518518518
0 0.6384486060754305 0.7821621180562903 0.015755093817527665 0.05070731439813364
0 0.5255374151041666 0.940461062962963 0.019793593125000085 0.03451120296296292
0 0.6226673534993571 0.8127881290215035 0.021887814425512766 0.03929005449732491
