0 0.5018090660387399 0.9928632356133409 0.02107236792252027 0.015121609723007436
0 0.41091091091091086 0.5754319893664156 0.03003003003003003 0.05383252104563575
0 0.4312812257257257 0.501849635866194 0.04968312746079411 0.03794893385024378
0 0.89537 0.334836 0.05 0.041803300000000036
0 0.5437940345345345 0.5588615449268941 0.051884737070403766 0.038679214089499425
0 0.5755773733503619 0.7562535330695309 0.06265964240102168 0.03462408140192203
0 0.5072399407773592 0.06690052505557098 0.04452827914835738 0.040969719547096405
0 0.6329751014003612 0.5661044934544168 0.05565917636261356 0.05582419310453271
0 0.414198 0.44057399999999997 0.04814809999999998 0.041803299999999946
0 0.5094259992409076 0.4846258178223306 0.05522170151818485 0.038813000287993074
0 0.6551024904631849 0.4318897211306365 0.033004519073629994 0.06572935773872714
0 0.5429171988080035 0.8573876483889203 0.04097488292890597 0.0694248162803843
0 0.5185270709959959 0.5199377424789543 0.05640682801134471 0.042090815042091216
0 0.3986068621871872 0.4839612187970758 0.05180164562896237 0.04324366045635798
0 0.495062 0.120902 0.028395100000000045 0.07131149999999999
0 0.6781278083819211 0.9876977114394849 0.028929483236158043 0.026071395781401243
0 0.4669386901025319 0.13788552375659904 0.02887633396107972 0.07238121700472352
0 0.3091600793439323 0.20354208436529467 0.042780590342540795 0.06152455085112239
0 0.6868771155520029 0.44882267923005864 0.04289023110400573 0.07141545846011715
0 0.6483959935295612 0.9026577013424149 0.04974835172927846 0.04957770268482945
0 0.6426096310356653 0.870583058287796 0.05462984629629638 0.05254973041894368
0 0.5673957002979992 0.837425805539853 0.0417730949340145 0.06271198417184855
0 0.49562313750532144 0.8795576596947429 0.024877607492550028 0.07808083663086504
0 0.4980745533215756 0.22111642029664327 0.028248306643151134 0.06518324059328648
0 0.4179481612261979 0.013732998186996389 0.05236482004603473 0.02866070548763545
0 0.30937859100150267 0.6050706209163113 0.0297592739915731 0.06651277436519426
0 0.6107687890633627 0.9476084342649346 0.0291525872921222 0.04912167512243752
0 0.5811728395061728 0.9783432065456464 0.05123456790123457 0.04372708877093172
0 0.46607158717470465 0.36954043322718877 0.05136631435592261 0.03734717144317329
0 0.3782521582839801 0.8415822215266636 0.02519225669583666 0.08216283892171057
0 0.48511334610472545 0.7305504522328999 0.026474031502767153 0.0634185980780102
0 0.31888661806258695 0.1344447842414593 0.05411769557391127 0.04954420908519088
0 0.5489940058535183 0.2884051072958963 0.05023362262570895 0.05355668626691153
0 0.6208333611111111 0.8403232716757743 0.04756521330589855 0.05769572367941736
0 0.5806327160493827 0.7141216789146411 0.05095253299276292 0.05670576596947426
0 0.2856233531693164 0.27764673507095966 0.04544512538117653 0.04540629791248971
0 0.4191776522284996 0.14740205612670187 0.028562460765850603 0.07641011392053346
0 0.31317844528693173 0.9117507852502044 0.026570752729982855 0.07787960931113119
0 0.6595772874842643 0.7623390715270243 0.0348947635769341 0.06921024076952402
0 0.48112552272441933 0.04335924269241455 0.047833803347980756 0.059488699333148064
0 0.37273884596026885 0.3327829539646971 0.05595523581135094 0.04442347761135354
0 0.7144592415910246 0.8477521334936509 0.0583051745842444 0.043256400480952494
0 0.5095918475947212 0.6525579423403053 0.03685078756917837 0.07172131147540983
0 0.6869450443964482 0.6749460043196545 0.05479561635069188 0.04408171936409028
0 0.22709610089706012 0.47020580257105793 0.038746780353494964 0.04968156622243186
0 0.57963 0.06024589999999999 0.04814809999999998 0.05327869999999999
0 0.42685199999999995 0.791393 0.031481499999999954 0.06967210000000008
0 0.31878201142789475 0.09110744191532019 0.05728750333066882 0.03950937610567284
0 0.882716 0.0340164 0.05432099999999997 0.0418033
