0 0.6514237343966129 0.44939078360870305 0.05599852560920438 0.043919323633164566
0 0.632099 0.203279 0.05185190000000002 0.049180300000000024
0 0.531715722007304 0.25723308961462527 0.054789744014607955 0.03741777922925071
0 0.569136 0.344672 0.05432099999999997 0.03688520000000002
0 0.487654 0.72582 0.03580250000000006 0.035245900000000004
0 0.516975 0.479918 0.05246909999999995 0.045081999999999914
0 0.591049 0.681967 0.024074099999999935 0.03770490000000005
0 0.535494 0.793443 0.029012299999999974 0.040983600000000016
0 0.546605 0.379508 0.04876539999999994 0.031147500000000012
0 0.6598770000000002 0.488934 0.024691399999999895 0.02868850000000006
0 0.6113098095856764 0.22411157489056732 0.05656700460215886 0.03538305021886532
0 0.510494 0.32623 0.03950619999999993 0.06393439999999997
0 0.5841463261893219 0.2922519466547936 0.031371234894318346 0.07638358416015786
0 0.388889 0.689754 0.020987700000000026 0.041803299999999946
0 0.591358 0.901639 0.024691400000000033 0.06229510000000014
0 0.622222 0.261475 0.05308639999999998 0.049180299999999975
0 0.49691399999999997 0.796721 0.05185190000000002 0.03442620000000007
0 0.522222 0.414754 0.05432099999999997 0.04262290000000003
0 0.45933444087624203 0.7474111318972411 0.035651718247515875 0.07239123620551781
0 0.498457 0.195082 0.04135800000000006 0.0639344
0 0.467593 0.29918 0.025308599999999966 0.07377049999999997
0 0.485185 0.24918000000000004 0.028395100000000045 0.07377049999999997
0 0.501543 0.0668033 0.04259259999999998 0.05327869999999999
0 0.42037 0.593033 0.025925900000000064 0.07459019999999991
0 0.602161 0.798361 0.03271610000000001 0.05901639999999998
0 0.6135799999999999 0.866803 0.05185189999999995 0.05819669999999996
0 0.417901 0.309016 0.03950619999999993 0.04426229999999999
0 0.486111 0.12417999999999998 0.05 0.04508200000000001
0 0.6284103075579645 0.9480905985305876 0.04935298488407111 0.057916502938824534
0 0.522222 0.019672099999999998 0.04691359999999995 0.0393443
0 0.6949177238930903 0.5269485777465454 0.0583119522138196 0.04282514450690925
0 0.572839 0.652459 0.04938270000000004 0.05245900000000004
0 0.601852 0.0237705 0.05061729999999996 0.0459016
0 0.527469 0.158197 0.05246909999999995 0.057376999999999984
0 0.4414549423227328 0.064612475517123 0.03105818464546569 0.07676595103424598
0 0.44845699999999994 0.853279 0.026543200000000024 0.07868849999999997
0 0.49691399999999997 0.362705 0.030864199999999994 0.0745902
0 0.802161 0.589344 0.03271610000000001 0.04754099999999996
0 0.6759260000000001 0.0266393 0.04074069999999996 0.051639300000000006
0 0.4243808785178721 0.13936156181014503 0.029009557035744243 0.06888652362029012
0 0.327469 0.315984 0.035185199999999965 0.06803279999999996
0 0.504938 0.92459 0.05555560000000003 0.04426230000000017
0 0.586742938400879 0.4074757531542357 0.051386464999030455 0.04248562355162644
