0 0.577778 0.52623 0.04814809999999998 0.0393442999999999
0 0.598457 0.57623 0.029012299999999974 0.02950819999999999
0 0.500309 0.715984 0.054938299999999926 0.031967200000000036
0 0.55 0.44508200000000003 0.03703699999999995 0.07540979999999996
0 0.474691 0.00860656 0.019753099999999964 0.0155738
0 0.561728 0.597131 0.05185190000000002 0.03852459999999998
0 0.522531 0.561885 0.031481499999999954 0.045081999999999914
0 0.453704 0.203689 0.05061729999999996 0.030327900000000015
0 0.6246910000000001 0.605738 0.030864200000000064 0.032786899999999966
0 0.553395 0.491393 0.035185199999999965 0.035245900000000004
0 0.49870913296857466 0.14535426256735068 0.032210634062850706 0.0683079748652986
0 0.441975 0.253279 0.03209880000000005 0.06885249999999998
0 0.564198 0.630328 0.06172839999999999 0.03114749999999992
0 0.53858 0.734016 0.024074099999999935 0.07295080000000005
0 0.526543 0.014754099999999996 0.022222200000000056 0.027868899999999995
0 0.366358 0.845902 0.029012299999999974 0.027868900000000068
0 0.562346 0.512705 0.05555560000000003 0.040163900000000086
0 0.330395826383493 0.3513985005789293 0.021924347233013848 0.06769439884214146
0 0.561111 0.679918 0.027160499999999983 0.06803279999999996
0 0.312963 0.21270500000000003 0.030864199999999994 0.07131150000000001
0 0.514506 0.677049 0.05370370000000001 0.04590159999999991
0 0.458025 0.170082 0.05555560000000003 0.035245900000000004
0 0.556481 0.555738 0.05246909999999995 0.0540983999999999
0 0.35 0.609426 0.027160499999999983 0.041803299999999946
0 0.515123 0.219672 0.04629629999999999 0.04590160000000001
0 0.329938 0.19877 0.03148149999999999 0.07786879999999999
0 0.420679 0.681967 0.04259259999999998 0.07213109999999993
0 0.691036720781893 0.5095885079234973 0.02533475843621388 0.039839584153005356
0 0.58642 0.987295 0.05802469999999998 0.023770500000000166
0 0.6854939999999999 0.756557 0.04753090000000005 0.05901639999999998
0 0.7135800000000001 0.140984 0.020987700000000026 0.0606557
0 0.510802 0.475 0.03641980000000002 0.07622950000000002
0 0.741667 0.757787 0.026543200000000024 0.07622950000000002
0 0.295988 0.535246 0.04259259999999998 0.0606557000000001
0 0.376543 0.666393 0.05185190000000002 0.06065569999999991
0 0.821914 0.559016 0.05987649999999997 0.032786899999999966
0 0.6518520000000001 0.670082 0.044444400000000044 0.048360700000000076
0 0.602469 0.706967 0.028395100000000045 0.07622950000000002
0 0.579938 0.379098 0.04876539999999994 0.0598361
0 0.537654 0.372131 0.03580250000000006 0.06885249999999998
0 0.610185 0.190984 0.05617279999999996 0.036065600000000024
0 0.241667 0.37582 0.03271610000000001 0.040163899999999995
0 0.764506 0.661066 0.05493830000000007 0.04344260000000006
0 0.492593 0.206557 0.04197530000000002 0.06393440000000002
0 0.366975 0.46393400000000007 0.05 0.05409840000000009
0 0.553704 0.0991803 0.034567900000000006 0.06557380000000002
0 0.39320999999999995 0.11393400000000001 0.03333329999999994 0.06885249999999998
0 0.648148 0.895902 0.055555599999999955 0.04754099999999996
0 0.557407 0.9004099999999999 0.04320989999999994 0.06475409999999981
