0 0.696963374995318 0.7789618243618966 0.024580196773788407 0.04318517307839055
0 0.6158633719728627 0.15106256314511232 0.03643718355199811 0.04077843300677728
0 0.6577281799939646 0.5415077331897341 0.019599756029473288 0.05675573860120835
0 0.524459138669635 0.7814436581165956 0.02438777575389602 0.04598524888769444
0 0.7111353861402087 0.5274381131697463 0.023179378230175494 0.026514895974519677
0 0.682665182689955 0.6064681241972738 0.029297911703423316 0.027386544690843884
0 0.609695165911867 0.6769698413534688 0.016917881823733914 0.05868935433009923
0 0.6054278011246248 0.7942570677320246 0.037754432052033354 0.024538906828444465
0 0.6585019375082966 0.714765177769815 0.02958500597298984 0.04118739257666698
0 0.5770340543459253 0.7257086089506977 0.027893490625000083 0.041287185185185156
0 0.6357337323027702 0.6059891732780138 0.020955744032624204 0.03064528307360185
0 0.5250948977544906 0.5898449222793921 0.020532359069994694 0.05699210295093093
0 0.6605395401852976 0.8151529026114712 0.023075239211585576 0.05341720830388765
0 0.7359585564932539 0.7313863881910987 0.02170137280795679 0.05207223076774575
0 0.5698978492381269 0.21362510051034642 0.034552781948615184 0.03872725184200595
0 0.548206103571973 0.7033654263162461 0.030815150038829783 0.03276761018108916
0 0.5986354904823857 0.5325347622120392 0.0345715631862556 0.03403388686046911
0 0.6211875104166666 0.7084392592592592 0.026731293229166654 0.04432303703703713
0 0.5220666427082971 0.5420254950547726 0.03809793474142017 0.027134763247963177
0 0.6905638975983626 0.5676368449288911 0.026442268436867165 0.04947266635184075
0 0.6593666520647289 0.6624586839402353 0.028246318384506943 0.024671527482506773
0 0.5996855669678536 0.738299386973697 0.019960041988404006 0.027462778727610167
0 0.6332336174015274 0.8500898586567397 0.023703726990554466 0.025746653056890945
0 0.6153400489449954 0.2579482091927993 0.03601876989532945 0.03409947915128245
0 0.6110495229097476 0.4053392342402251 0.029961727357588213 0.0428580240360058
0 0.6318756923789837 0.64818160032038 0.023951468367032665 0.05252579323335222
0 0.5945996460611391 0.7616055943519777 0.021796085221471865 0.03407933685210354
0 0.8528588020833333 0.2694592592592593 0.025956453124999966 0.05525199999999997
0 0.7889360624999999 0.2867637037037037 0.02750613333333322 0.03764422222222226
0 0.6151411950777166 0.2933031288829813 0.024103468177900093 0.0506900549401861
0 0.5378888360423425 0.6515369187095558 0.016466632282390255 0.05225684238029921
0 0.6682386174348737 0.35105107521612167 0.03180654143233592 0.03385644672853964
0 0.5526161067708333 0.7415303703703704 0.02905575078125011 0.03764422222222211
0 0.6698418194992188 0.3148925575762248 0.031118347884278325 0.03838950408470746
0 0.6206341953102161 0.7561783139405642 0.03217831523083502 0.02903109146950429
0 0.43710058580075556 0.5071431719480249 0.03494126194728461 0.02798626600422151
0 0.6188972818778519 0.5941998043243607 0.02123914275471298 0.028351386426499262
0 0.6054035388484501 0.4350483799179524 0.01969465336045341 0.02584487526784303
0 0.6709795898051829 0.7511701707227249 0.032523568566717384 0.03506597107507932
0 0.5831826760856601 0.64732599343449 0.0326533059014037 0.040820433849342266
0 0.5230833863216355 0.42924790303357396 0.021702133106614716 0.052143065956059276
0 0.5858445203754101 0.30373987034575556 0.03587214746864913 0.02883198086611203
0 0.629167913748639 0.5400902850950634 0.03587451154754658 0.025457347371631012
0 0.5834830957386178 0.6804461665017578 0.028943282839615135 0.047337691336607826
0 0.6558137306490953 0.12854001912896504 0.028175954235572457 0.013620170147196383
0 0.566118064885024 0.25387846468599745 0.03536964522995234 0.035018633075698635
0 0.5822744861937192 0.7639414375097046 0.02338305509840737 0.05275189569834098
0 0.621283191430613 0.2117924902990422 0.027650792460971137 0.023247644376617072
0 0.6285379559750941 0.23974136342079783 0.03600849189810459 0.036150870394985136
0 0.6365116873816987 0.7746336462802047 0.023286870857147333 0.06129678151366462
0 0.5804472901768648 0.8456388664934755 0.028930845785828295 0.03343386385579347
