0 0.28838789375 0.658607 0.04048677609375003 0.05491800000000006
0 0.4759861182556014 0.25964415820973197 0.026164909122084978 0.0479768410096279
0 0.4977034627037361 0.5634439137730735 0.02580707986347388 0.08863646142592832
0 0.4017817733473271 0.6251078438093185 0.034824475830795384 0.0711820379206212
0 0.45864596143106495 0.7292925627911993 0.04389655655283799 0.069887695815358
0 0.640236790216958 0.08489309783976098 0.052826963159833915 0.03699919567952196
0 0.44531267381081474 0.5779765261863675 0.05278470625534701 0.04249317316652284
0 0.43166769952367073 0.4899746138290091 0.026414305272026203 0.07938556860720264
0 0.40741359823363205 0.10625820256960708 0.04210753911701251 0.06005710513921418
0 0.4493621756401462 0.3301457194899818 0.04291963163008704 0.06635441061670572
0 0.47264217551122395 0.11943461963960444 0.025903492540509276 0.04411280599791827
0 0.4913275959139367 0.471687965233854 0.04311300400721508 0.06389570156189495
0 0.4369867123084525 0.7475626330241587 0.048066281179607984 0.04887818520276089
0 0.3959064305970124 0.7899482767256256 0.048705696097641867 0.043917078990509034
0 0.41304338549296993 0.16304983272183193 0.03385819016746687 0.07560473216237311
0 0.5711018339624985 0.41123445634869404 0.03719255627382978 0.0471150122628114
0 0.8095104078124999 0.7377050000000002 0.05321114057291668 0.04918030000000013
0 0.47505355547433403 0.8047886108714408 0.026179404916612487 0.07808455565142366
0 0.18109815729166664 0.15450800000000003 0.0248704254166667 0.04016390000000001
0 0.4374587123673382 0.6736410698878343 0.028919110082304536 0.04961173425366696
0 0.4734249434158663 0.6917601646893873 0.04161309643662362 0.07679038977566856
0 0.4442618739583334 0.11024600000000001 0.027183920677083386 0.0713115
0 0.43598238886006374 0.617472158175151 0.04952763483131299 0.04900816449525467
0 0.5437007874015748 0.6591798975947679 0.02641430527202626 0.06540166085796649
0 0.3785310014564401 0.161979622840229 0.030245694899619955 0.038713145680458
0 0.6163892728409865 0.028993198883516137 0.04563255259989537 0.039902504226127296
0 0.3783841217278235 0.0810727296383034 0.0350013038694558 0.05903590944574552
0 0.315152258016118 0.5115632318501172 0.027197734482167134 0.0780640124902419
0 0.40954396361745654 0.7141714792493529 0.02849253926653527 0.0690686031924072
0 0.43473048303898026 0.2419984387197502 0.036607921096250585 0.07318501170960182
0 0.5185084733584641 0.013335935467083006 0.025599872814321856 0.026671870934166012
0 0.5937968836071418 0.47340906157222146 0.04372022941576752 0.03463706380964674
0 0.5143593649673117 0.3292529661556519 0.0412251143726469 0.060015169886115154
0 0.44647963703548316 0.058905835545147014 0.04271727342560438 0.06349212906583399
0 0.40899621981264894 0.8440465918895599 0.04992351635260993 0.034512510785159566
0 0.5354883348336763 0.05399427530575072 0.04877230867055336 0.037080405932864956
0 0.48585533836305445 0.06302042674993497 0.031443794295838975 0.07399817850637527
0 0.3823752337379437 0.7094262090163934 0.02864477113627295 0.05914585634167393
0 0.5986900953125 0.9762289999999999 0.0375948835937501 0.04754100000000002
0 0.39481092447916666 0.0188525 0.03817318713541672 0.03606560000000001
0 0.39885912850919497 0.6654012493313199 0.0521757984413919 0.045383868895599574
