0 0.7588713485799096 0.44544477291050794 0.05650003373136348 0.03538475320254415
0 0.5047890479111636 0.8290213225882485 0.028845254184229646 0.04000954517649698
0 0.6423677850840217 0.9761567451926667 0.026562880533543175 0.047788502201547275
0 0.5915826978939723 0.5718870540019286 0.028935185185185185 0.07609088717454189
0 0.704321 0.832377 0.023456799999999976 0.041803299999999946
0 0.370309253147537 0.25645187469566627 0.029458501405696114 0.08440188281123195
0 0.5554973845095096 0.0793531342711564 0.07295673098098111 0.03066018967656182
0 0.6669097397853089 0.9750373143610538 0.025439779688641594 0.048286027015597324
0 0.6074407741074407 0.07011519716437749 0.04337671004337674 0.06535223748338503
0 0.6667278279048655 0.5910680243249758 0.04703635580973146 0.05430319918032779
0 0.49087656194383567 0.8633299335804373 0.028756627138013094 0.06567327545461331
0 0.6129751400363438 0.8314261548794746 0.025478184304689143 0.07798701460235323
0 0.6053088075586841 0.963096579889425 0.03506168488263168 0.07216694022114958
0 0.5036670333700036 0.3026294432721961 0.059039237257059084 0.03749391332575882
0 0.5072729495171739 0.4334523616296056 0.02762498472069431 0.07709787372179845
0 0.5404596015157072 0.4157604285018666 0.034836817015034875 0.07385164745982795
0 0.45238968341278574 0.42127901314721633 0.051827404962718454 0.05534815776659632
0 0.6000593059372599 0.9112538965397148 0.03243094443976091 0.04634420692056989
0 0.5641880712920812 0.9897765230428615 0.041431838644410704 0.02104661557750194
0 0.5502791394335512 0.5704556412729026 0.03778594771241832 0.056653809064609456
0 0.6658573401833205 0.03883302601058145 0.05377006908869657 0.05462661914566447
0 0.48759320376482096 0.20240220743385814 0.055249969441388554 0.036357734134069154
0 0.5317410912587347 0.8471602115500384 0.045942872279360884 0.05447929828602713
0 0.4937783750398096 0.8024757955608347 0.05535494787275892 0.05391798332048067
0 0.4110230615035876 0.8218488022090102 0.029974334476104838 0.04539913928207174
0 0.4363769710304364 0.43604934263918194 0.053538687202053535 0.06346372342152251
0 0.5058005529774873 0.575027207160077 0.05844206456063913 0.0356619360173577
0 0.6457595683695835 0.9282569218139755 0.06313344199029577 0.04253837160128353
0 0.557099 0.025409799999999996 0.035185199999999965 0.0491803
0 0.5381371470480382 0.2143320889465996 0.029702970297029757 0.06898230806687225
0 0.6165463870733477 0.30564428640308583 0.03347403776325346 0.06915983606557377
0 0.39280039115022614 0.32932965427690314 0.05537220388705534 0.04771952605096578
0 0.6221632171387073 0.45420986017357756 0.04107661583151777 0.06433823529411765
0 0.6557507262164124 0.21297914657666345 0.05287763253449526 0.05800988428158147
0 0.540662058112741 0.785591681385109 0.04365012458082763 0.06368317619841292
0 0.31895220967046967 0.9716790218662157 0.03616965473313474 0.05699271126147424
0 0.3428314505704491 0.8845369287793229 0.054515820828415655 0.042911515211821114
0 0.2844121379946925 0.48446197844849603 0.035190954194069486 0.058092027986313285
0 0.5525197328476017 0.6922422287915435 0.059142323866064 0.040461046910926037
0 0.40076621892504544 0.9348491256001393 0.050113340452237816 0.053981442324435996
0 0.794444 0.651639 0.0506173000000001 0.04754099999999996
0 0.42384998212763614 0.727299280733141 0.04481838928758011 0.07046624557304025
0 0.6575095315904139 0.547929725168756 0.062068809005083485 0.033299180327868855
