0 0.446296 0.994672 0.03209880000000005 0.010655699999999909
0 0.6573168722646423 0.9954935081297102 0.028576755470715504 0.009012033740579354
0 0.379321 0.00778689 0.024074099999999935 0.0155738
0 0.456481 0.769672 0.021604899999999955 0.02950819999999999
0 0.47935289672927267 0.134016 0.029012299999999974 0.03688519999999998
0 0.6350403150269147 0.2588201926287779 0.02498086994617041 0.041375914742444286
0 0.6178294541703235 0.6097547106013519 0.05199499165935287 0.03622917879729627
0 0.498457 0.0180328 0.025308599999999966 0.0360656
0 0.5614065882628284 0.35447906145598634 0.030425370077818745 0.07730557066273018
0 0.419753 0.367213 0.04074069999999996 0.036065600000000024
0 0.5918129421757065 0.9768763086279232 0.0484728810806857 0.0446080384818584
0 0.409568 0.756148 0.026543200000000024 0.03688519999999993
0 0.6740186250658241 0.5554248851740347 0.042086749868351744 0.04488752965193062
0 0.45679 0.145492 0.03703699999999995 0.0745902
0 0.512963 0.151639 0.05802469999999998 0.03278690000000001
0 0.659266477988415 0.43563442799122065 0.02662493421098813 0.06635859259964262
0 0.5766192733017378 0.19870250951752 0.05558481071909191 0.03457384818584414
0 0.70679 0.732377 0.032098799999999914 0.056557399999999945
0 0.498457 0.60082 0.027777799999999943 0.05081969999999993
0 0.5363567998551869 0.6236810743939865 0.05419529971037393 0.040805048787973044
0 0.627021377170733 0.16065974699712532 0.03552485434146636 0.03607309399425068
0 0.449074 0.051639300000000006 0.05246909999999995 0.03606560000000001
0 0.4444078393789128 0.08293061430347293 0.055628621242174194 0.05708957139305415
0 0.51341939660055 0.3126487980498796 0.027482406798900048 0.06978520390024079
0 0.5509799350155052 0.1042831135109937 0.050108470031010495 0.05248575029135266
0 0.67328411243637 0.5936680455053998 0.05767962487274007 0.0332372910107995
0 0.598457 0.739344 0.040123500000000034 0.05081969999999993
0 0.41161887770463984 0.32054832285175977 0.052071644590720216 0.049068054296480465
0 0.628395 0.711885 0.05679009999999999 0.03852459999999998
0 0.614198 0.0803279 0.024691400000000033 0.05081969999999999
0 0.6774689999999999 0.769672 0.03271610000000001 0.05901639999999998
0 0.483951 0.0893443 0.05432099999999997 0.03442619999999999
0 0.5539715353636416 0.2374483121241551 0.062263470727283436 0.03555322424831017
0 0.573765 0.0672131 0.04259259999999998 0.0360656
0 0.425 0.0168033 0.040123500000000034 0.0336066
0 0.46338881787636776 0.33029887866910107 0.03742066424726459 0.062353642661797784
0 0.41234599999999993 0.702459 0.025925900000000064 0.07704919999999996
0 0.56821 0.894262 0.04753090000000005 0.032786900000000146
0 0.51599964461705 0.7189496732887888 0.05195131076590017 0.04406825342242254
0 0.6824070000000001 0.431148 0.030246899999999893 0.08196720000000003
0 0.444753 0.625 0.029012299999999974 0.06147540000000003
0 0.440123 0.738115 0.034567900000000006 0.06803279999999996
0 0.441358 0.253689 0.059259300000000036 0.03852459999999998
0 0.6904320000000002 0.702459 0.026543200000000024 0.07049180000000001
0 0.528086 0.579508 0.04753090000000005 0.04590159999999991
0 0.5298960722968229 0.06040322633439515 0.0241593554063542 0.07263614733120968
0 0.6000572660874144 0.5198646075052443 0.02581226782517106 0.07010758498951125
0 0.435494 0.670902 0.04135800000000006 0.05819670000000005
0 0.480556 0.358197 0.04135800000000006 0.05901639999999998
0 0.582716 0.941393 0.05432099999999997 0.03852459999999998
0 0.360802 0.653689 0.04629629999999999 0.040163900000000086
0 0.529938 0.670902 0.04753090000000005 0.05819670000000005
0 0.49537 0.757787 0.045061699999999934 0.05327869999999997
0 0.37037 0.762705 0.05432099999999997 0.035245900000000004
0 0.580864 0.693033 0.05185190000000002 0.056557399999999945
0 0.434568 0.8233609999999999 0.04074069999999996 0.05491799999999999
0 0.519753 0.872131 0.04320989999999994 0.06557379999999993
0 0.254321 0.24877 0.05185190000000002 0.03852459999999998
0 0.507716 0.809016 0.04753090000000005 0.04918030000000007
0 0.698148 0.262295 0.0506173000000001 0.04262290000000003
0 0.483333 0.564754 0.04320989999999994 0.06229509999999996
0 0.766667 0.846311 0.023456799999999976 0.06639340000000002
0 0.567284 0.851229 0.04814809999999998 0.06311479999999997
0 0.127469 0.15123 0.043827200000000004 0.06147539999999998
