0 0.4828614760394494 0.4693661096570566 0.031155152078898806 0.03545281931411348
0 0.562963 0.234836 0.03703699999999995 0.028688499999999967
0 0.570988 0.177049 0.04814809999999998 0.05409839999999999
0 0.459259 0.3 0.025925900000000064 0.032786899999999966
0 0.543519 0.47540999999999994 0.029012299999999974 0.06885250000000008
0 0.62037 0.443033 0.022222200000000056 0.07131149999999999
0 0.546296 0.422951 0.025925900000000064 0.040983600000000016
0 0.6798272940008873 0.6529914545891823 0.026764811998225748 0.0759838908216354
0 0.6582338641726976 0.29339544404560014 0.02797617165460485 0.04599571190879969
0 0.597222 0.432787 0.020370400000000066 0.07049180000000001
0 0.696914 0.59918 0.022222200000000056 0.055737700000000015
0 0.48734600000000006 0.943443 0.026543200000000024 0.032786900000000146
0 0.666975 0.558197 0.0561728000000001 0.036065599999999934
0 0.56142 0.49057399999999995 0.024074099999999935 0.07622950000000002
0 0.5456258300021286 0.21117414295741474 0.04825463999574287 0.05961981408517053
0 0.51821 0.47459000000000007 0.026543200000000024 0.0754098000000001
0 0.560494 0.853279 0.030864199999999994 0.06065569999999991
0 0.6132720000000002 0.9745900000000001 0.05246910000000002 0.032786900000000146
0 0.664198 0.028688499999999992 0.03703700000000009 0.05409839999999999
0 0.65216 0.65082 0.026543200000000024 0.07704919999999996
0 0.691667 0.779508 0.029012299999999974 0.07377049999999997
0 0.503395 0.20082 0.026543200000000024 0.0770492
0 0.534568 0.319262 0.04938270000000004 0.05163930000000002
0 0.237037 0.515984 0.030864199999999994 0.03032789999999992
0 0.424383 0.506557 0.03888889999999997 0.055737700000000015
0 0.628704 0.289754 0.029012300000000046 0.07295079999999995
0 0.490741 0.340164 0.03703699999999995 0.06393439999999997
0 0.458951 0.892623 0.05123460000000006 0.05245900000000004
0 0.361111 0.47540999999999994 0.027160499999999983 0.07868850000000006
0 0.73179 0.831967 0.0561728000000001 0.04426230000000008
0 0.586111 0.519672 0.05246909999999995 0.04918030000000007
0 0.45463 0.943033 0.05246909999999995 0.04180330000000013
0 0.4993830000000001 0.075 0.029629599999999933 0.07622950000000002
0 0.624074 0.0643443 0.03209879999999998 0.0745902
0 0.530556 0.134426 0.05493830000000007 0.04590160000000001
0 0.799074 0.541393 0.03765429999999991 0.045081999999999914
0 0.044444399999999995 0.377869 0.023456799999999996 0.032786899999999966
0 0.519136 0.852049 0.04567900000000003 0.06147540000000003
0 0.42654300000000006 0.306148 0.06049379999999993 0.04344259999999996
0 0.40524699999999997 0.713525 0.03765430000000005 0.06311480000000007
0 0.654012 0.753689 0.04382719999999997 0.05327869999999997
0 0.332716 0.759426 0.04814809999999998 0.05163929999999992
0 0.258951 0.10041 0.025308600000000035 0.0631148
0 0.555247 0.930328 0.05370370000000001 0.03770489999999986
0 0.417901 0.378689 0.04567900000000003 0.055737700000000015
0 0.376235 0.8577869999999999 0.05123460000000006 0.05327870000000007
