0 0.563272 0.535246 0.019135800000000005 0.04262289999999994
0 0.592284 0.129508 0.022839500000000016 0.031147500000000012
0 0.409877 0.646721 0.020987700000000026 0.0606557000000001
0 0.552778 0.0118852 0.019135800000000005 0.0221311
0 0.57037 0.11926199999999999 0.03827160000000001 0.07622950000000002
0 0.4612434782186949 0.27494136510538636 0.024602990652557312 0.07775193021077284
0 0.49629600000000007 0.011475399999999998 0.034567900000000006 0.0213115
0 0.602161 0.765574 0.05246909999999995 0.03442620000000007
0 0.458333 0.219262 0.05370370000000001 0.03852459999999998
0 0.79321 0.754508 0.029629600000000075 0.04672130000000003
0 0.596914 0.805328 0.05185190000000002 0.04672130000000003
0 0.562654 0.0651639 0.05493830000000007 0.040163899999999995
0 0.568519 0.69877 0.027160499999999983 0.0647541
0 0.42932100000000006 0.143443 0.03641980000000002 0.04754100000000001
0 0.525 0.0409836 0.05123460000000006 0.04754099999999999
0 0.546914 0.125 0.028395100000000045 0.06803280000000002
0 0.469136 0.592213 0.05802469999999998 0.03688519999999993
0 0.603704 0.10082 0.05308640000000005 0.03606560000000002
0 0.426235 0.202869 0.05987649999999997 0.04508200000000001
0 0.37037739383394386 0.33563777334264094 0.0345809876678877 0.05652124668528192
0 0.383333 0.661066 0.028395100000000045 0.06639339999999992
0 0.654938 0.619262 0.025925899999999925 0.07786879999999995
0 0.602161 0.722951 0.04629629999999999 0.05245900000000004
0 0.7351850000000001 0.47623 0.023456799999999976 0.04262289999999994
0 0.637654 0.17623 0.05308640000000005 0.05245899999999999
0 0.531173 0.611475 0.027777799999999943 0.0606557000000001
0 0.469136 0.022950799999999997 0.044444399999999974 0.0442623
0 0.456481 0.853279 0.05987649999999997 0.03442620000000007
0 0.441667 0.671311 0.03271610000000001 0.0754097999999999
0 0.501235 0.140984 0.034567900000000006 0.07868850000000001
0 0.592593 0.303689 0.028395100000000045 0.04344259999999996
0 0.798765 0.0405738 0.04814809999999998 0.0319672
0 0.530556 0.697951 0.05246909999999995 0.054918000000000085
0 0.600617 0.536475 0.04938270000000004 0.05
0 0.292901 0.20082 0.05 0.0622951
0 0.5769354423868314 0.2119620901639344 0.053690843621399156 0.03543374316939892
