0 0.540854067121858 0.11302060293961552 0.04983107883026907 0.045217197234343656
0 0.5762937591603808 0.3492274715065461 0.04271151832076163 0.03943754301309224
0 0.5331963118998628 0.5012066518214936 0.02455448936899866 0.04112004316939885
0 0.48742927195146407 0.3640618001287211 0.048451167734099916 0.06491658439072018
0 0.41495198131001376 0.32301921953551915 0.030521246570644697 0.03219508752276866
0 0.5724023481566235 0.32145957871478414 0.05375178222448239 0.04682807441197434
0 0.7005489490599378 0.2729351856807658 0.029492998119875536 0.036034271361531735
0 0.673765 0.9864749999999999 0.036419799999999884 0.02540980000000009
0 0.5195298518123004 0.2673610537147841 0.03334756252789783 0.06924683131072511
0 0.5462327315874227 0.3999887459203961 0.027120942452750197 0.04295307048805187
0 0.6352979251900629 0.9875566041720641 0.030638717521108805 0.023247447393576808
0 0.43096696831275727 0.34997747764116577 0.056447407681755844 0.038205336156648464
0 0.6660665294924555 0.5076275045537341 0.029663923182441623 0.03711293260473592
0 0.5550926320987655 0.5415298357923497 0.037277012894375794 0.06357056520947177
0 0.4722222604938272 0.43927574275956277 0.030178249931412892 0.06498221211293269
0 0.5057443892318244 0.5789389611111111 0.05572658504801092 0.04203100309653911
0 0.49109184622566887 0.24304108605150615 0.030331492451337615 0.07624667210301232
0 0.48859763906035664 0.5476549896630236 0.04201009293552814 0.06252309408014578
0 0.5099240694919278 0.337412839095374 0.024786238983855537 0.07482587819074794
0 0.42849794238683125 0.42213114754098363 0.027091906721536368 0.07695810564663026
0 0.47367552336709934 0.30186344858483954 0.04346883297457006 0.06672287164074543
0 0.5325788402949245 0.6101775702185792 0.059670851646090546 0.04148456812386151
0 0.5486422827549926 0.18915510718789408 0.05656158833616875 0.05044136191677178
0 0.6108539094650206 0.548155737704918 0.06121399176954737 0.03847905282331513
0 0.7117834844760855 0.3591927073564167 0.05282933581941964 0.06377311775518622
0 0.6263666027517072 0.9602671193103139 0.053486729236048046 0.055612632331263685
0 0.5935681367107344 0.9062178943136643 0.03767618663168166 0.04801893956313931
0 0.44615911097393685 0.28353846571038255 0.0541837912208505 0.0484066217668488
0 0.32553486729236053 0.9748659936570332 0.04185925253136874 0.051755483092866324
0 0.35280791453630955 0.5906055086382955 0.04468553851269901 0.05795661533366458
0 0.42806927297668035 0.4933970856102003 0.03995198902606314 0.06284153005464478
0 0.5289458813771205 0.0883270412342257 0.04781093852473575 0.05045995580257104
0 0.27653073949370244 0.6775404316387923 0.045101217940724095 0.06678809957498485
0 0.6589510000000001 0.256967 0.04259259999999998 0.07131150000000003
0 0.5981881161737276 0.1564158509258167 0.052846611599609246 0.05484137280339664
0 0.27584350926766915 0.9422879349622548 0.044404077101624806 0.05940947871532597
0 0.5995027465706446 0.6837889317395265 0.055658442386831306 0.03697677058287792
0 0.4664780521262002 0.6786202185792349 0.042695473251028786 0.06352459016393443
0 0.46652421652421655 0.8514606977721731 0.03772290809327845 0.056571388538601636
0 0.18216483557971838 0.2748533614077305 0.03586665156491865 0.04887953075650474
0 0.4973593029905473 0.7720998793942914 0.04978638947757934 0.0603028543351052
