0 0.234568 0.584836 0.028395099999999975 0.04344260000000006
0 0.495062 0.386475 0.05555560000000003 0.02704919999999995
0 0.6525556542756421 0.4676076038147774 0.03192659144871565 0.06970359237044514
0 0.489740228036686 0.41179416278066977 0.064964043926628 0.041986274438660515
0 0.545062 0.157377 0.029629599999999933 0.040983600000000016
0 0.5340338756728689 0.1900434521055085 0.06001135461646479 0.025475989115064893
0 0.46235025432391313 0.5309764259789448 0.02715209135217363 0.06591524804211008
0 0.6006085074015565 0.5357004117784167 0.029255163536364225 0.062155232693652446
0 0.426235 0.295902 0.05123460000000006 0.032786899999999966
0 0.5588482254461412 0.5411429826198431 0.04403194910771743 0.03574723476031384
0 0.466358 0.271311 0.04382720000000004 0.031147500000000012
0 0.462346 0.145902 0.04938270000000004 0.03278690000000001
0 0.550926 0.239344 0.054938299999999926 0.04262290000000003
0 0.572531 0.943852 0.05617279999999996 0.031967200000000036
0 0.488889 0.443033 0.05555560000000003 0.05
0 0.411111 0.329918 0.04938270000000004 0.035245900000000004
0 0.505556 0.878689 0.025925900000000064 0.07213109999999993
0 0.6121040998390965 0.19999797773094552 0.02791279967819329 0.0770454554618911
0 0.537963 0.431967 0.05123460000000006 0.034426200000000025
0 0.601543 0.264344 0.05740740000000002 0.035245900000000004
0 0.521914 0.143033 0.04506170000000007 0.05491799999999999
0 0.5884868686618688 0.5908708210997592 0.03660746267626229 0.07071685780048162
0 0.5222205122418232 0.6038517480595914 0.055553124483646306 0.032293396119182693
0 0.490215598826868 0.21415386189495766 0.0331490023462641 0.0716920762100847
0 0.692901 0.9803280000000001 0.026543200000000024 0.03934430000000009
0 0.49537 0.338115 0.03888889999999997 0.0598361
0 0.447531 0.356557 0.04320989999999994 0.06557380000000002
0 0.549691 0.387295 0.045061699999999934 0.056557400000000035
0 0.56358 0.360246 0.04567900000000003 0.0598361
0 0.466358 0.334016 0.033950600000000046 0.07786880000000004
0 0.6810235659499152 0.7164204080782379 0.02684146810016966 0.07863368384352416
0 0.4685190000000001 0.809836 0.023456799999999976 0.08524589999999992
0 0.34537 0.806967 0.05617279999999996 0.03852459999999998
0 0.353395 0.8508200000000001 0.033950600000000046 0.04262289999999994
0 0.533642 0.9323769999999999 0.029012299999999974 0.0663934000000001
0 0.568827 0.981557 0.05123460000000006 0.035245899999999816
0 0.578704 0.32541 0.03888889999999997 0.07213110000000003
0 0.567284 0.470082 0.04074069999999996 0.05983609999999991
0 0.571296 0.22418 0.05246909999999995 0.04672130000000001
0 0.3038793982873397 0.5480751424461588 0.05643950342532076 0.03499631510768243
0 0.856173 0.613934 0.04074069999999996 0.036065599999999934
0 0.51358 0.544672 0.04567900000000003 0.07131149999999994
0 0.517593 0.8065569999999999 0.033950600000000046 0.06885249999999998
0 0.232716 0.8745900000000001 0.035802499999999994 0.08032790000000001
0 0.741667 0.39221300000000003 0.035185199999999965 0.06475410000000004
0 0.791049 0.971311 0.033950600000000046 0.05737700000000012
0 0.17963 0.025409799999999996 0.03827160000000001 0.0491803
0 0.453704 0.0934426 0.05061729999999996 0.04262290000000001
0 0.546605 0.728279 0.05246909999999995 0.04672130000000003
0 0.6994909601544673 0.2029756817652086 0.036861506055818914 0.04078937145520938
