0 0.485802 0.9938520000000001 0.017284000000000015 0.010655699999999909
0 0.505864 0.988115 0.022839500000000016 0.022131099999999935
0 0.6504022819554152 0.8822684312116387 0.03147558353519394 0.0333032432406183
0 0.528704 0.986885 0.03765430000000005 0.02295080000000005
0 0.583951 0.540574 0.03703699999999995 0.035245900000000004
0 0.46358 0.9877049999999999 0.024691400000000033 0.021311500000000125
0 0.554012 0.00819672 0.04135800000000006 0.016393399999999995
0 0.534259 0.8397540000000001 0.031481499999999954 0.06475410000000009
0 0.5388128850315955 0.6300152167314117 0.05076952993680871 0.035572349397871204
0 0.608642 0.9885249999999999 0.04320989999999994 0.021311500000000125
0 0.664506 0.788525 0.04135800000000006 0.04426229999999999
0 0.53642 0.959836 0.05555560000000003 0.03442620000000007
0 0.46697500000000003 0.8377050000000001 0.024074099999999935 0.036065600000000024
0 0.495988 0.357787 0.05 0.04836069999999998
0 0.523765 0.888934 0.05370370000000001 0.03032790000000011
0 0.492593 0.107787 0.05185190000000002 0.036885200000000014
0 0.661728 0.858607 0.04320990000000008 0.05163929999999992
0 0.6214632210988239 0.34939002186116075 0.027332758551284402 0.07660648413099218
0 0.422531 0.286475 0.021604899999999955 0.08442619999999998
0 0.5232140892414137 0.7898046363724653 0.052337721517172725 0.048259727255069475
0 0.50679 0.842623 0.029629599999999933 0.07377050000000007
0 0.4908316332909134 0.40102538797878956 0.045498033418173336 0.056964924042420984
0 0.387037 0.0118852 0.05802469999999998 0.0204918
0 0.503086 0.311475 0.05432099999999997 0.040983600000000016
0 0.634877 0.915164 0.027777799999999943 0.0401638999999999
0 0.521914 0.433607 0.031481499999999954 0.07049180000000001
0 0.700309 0.873361 0.026543200000000024 0.0663934000000001
0 0.483025 0.465984 0.05246909999999995 0.03852459999999998
0 0.46821 0.959426 0.05987649999999997 0.03688520000000012
0 0.545988 0.406148 0.03641980000000002 0.07131150000000003
0 0.623457 0.819262 0.04938269999999997 0.041803300000000036
0 0.495062 0.920082 0.04074069999999996 0.03688520000000012
0 0.459877 0.32541 0.030864199999999994 0.06229509999999996
0 0.532099 0.744262 0.04074069999999996 0.06229509999999996
0 0.5382555516353636 0.9233610000000001 0.054938299999999926 0.045081999999999914
0 0.555864 0.769672 0.04753090000000005 0.057376999999999935
0 0.4574334898323679 0.7604985392393753 0.025979079664735824 0.0701768784787507
0 0.534877 0.0868852 0.05370370000000001 0.0393443
0 0.570679 0.793033 0.03888889999999997 0.0598361000000001
0 0.7010327467790065 0.6282379598088726 0.029682209911649448 0.07830770247843988
0 0.505556 0.0668033 0.05432099999999997 0.040163899999999995
0 0.575926 0.587295 0.05555560000000003 0.04672130000000003
0 0.712963 0.810246 0.0506173000000001 0.045081999999999914
0 0.509877 0.261475 0.04814809999999998 0.05245900000000004
0 0.726852 0.178279 0.036419799999999884 0.06147539999999998
0 0.286728 0.922131 0.05740740000000002 0.03770489999999986
0 0.5981755635723834 0.031100556278062023 0.035857727144766864 0.05892241255612405
0 0.545988 0.133197 0.04629629999999999 0.05655739999999999
0 0.615432 0.754508 0.03827160000000001 0.07295080000000005
0 0.56358 0.883607 0.039506200000000075 0.05901639999999998
0 0.151852 0.681557 0.043209899999999996 0.03360660000000008
0 0.31821 0.609836 0.03271610000000001 0.036065599999999934
0 0.570679 0.9737699999999999 0.04753090000000005 0.05081970000000011
0 0.433025 0.8729510000000001 0.031481499999999954 0.06885250000000008
0 0.466358 0.906967 0.03641980000000002 0.058196699999999865
0 0.476235 0.182787 0.05740740000000002 0.04262289999999999
0 0.237037 0.538934 0.05802469999999998 0.03032789999999992
0 0.30462999999999996 0.8856560000000001 0.05370369999999997 0.031967200000000036
0 0.259877 0.703689 0.030864199999999994 0.07295080000000005
0 0.622531 0.156967 0.048765400000000014 0.05
0 0.261728 0.43032799999999993 0.04814809999999998 0.06065570000000005
