0 0.546296 0.00942623 0.034567900000000006 0.0188525
0 0.577778 0.30082 0.06913580000000001 0.032786899999999966
0 0.5652828282613824 0.5828208817818733 0.05955834347723513 0.03271913643625358
0 0.488889 0.284016 0.05308640000000005 0.035245900000000004
0 0.505556 0.686475 0.028395100000000045 0.08114749999999991
0 0.48734600000000006 0.252459 0.05617279999999996 0.036065600000000024
0 0.602469 0.719262 0.023456799999999976 0.07459019999999991
0 0.654079235033813 0.5763650894225749 0.026409629932374157 0.06366262115485029
0 0.45740699999999995 0.00778689 0.03703699999999995 0.0155738
0 0.518519 0.65041 0.027160499999999983 0.0647541
0 0.491358 0.315574 0.05432099999999997 0.03442619999999998
0 0.518827 0.23237699999999997 0.019135800000000005 0.056557400000000015
0 0.6126915120704569 0.4189046838258327 0.05243407108594793 0.04973370429153183
0 0.567593 0.24180300000000002 0.03765430000000005 0.06721310000000001
0 0.581173 0.343443 0.033950600000000046 0.04590160000000001
0 0.5832761665506802 0.5550513015427586 0.05937296689863969 0.034609233554349
0 0.5837029334041047 0.7483136587370784 0.035063333191790544 0.06402838252584316
0 0.570988 0.654508 0.025925900000000064 0.07622950000000002
0 0.639046188623496 0.44465909994518116 0.030392328265314197 0.039991604850161844
0 0.5934968939215224 0.8141902474678918 0.058582999135016134 0.03811214367756088
0 0.594136 0.67623 0.029012299999999974 0.07213109999999993
0 0.6854939999999999 0.568033 0.027777799999999943 0.07049180000000001
0 0.542284 0.67459 0.025308599999999966 0.09344260000000006
0 0.5914407150998663 0.37935937486686855 0.04460933019973262 0.0651300546935366
0 0.331173 0.139754 0.05740740000000002 0.033606599999999986
0 0.48456800000000005 0.644262 0.03580250000000006 0.07049180000000001
0 0.360494 0.418033 0.03703699999999995 0.06885249999999998
0 0.444753 0.134016 0.05617279999999996 0.03196719999999999
0 0.5248056027011088 0.485827831625248 0.05409339459778259 0.04965503674950413
0 0.32217881932452624 0.3888667610264174 0.029543438649052425 0.07326365869270125
0 0.6364060299422033 0.6756578366972956 0.026236457847762778 0.06875324171452432
0 0.541975 0.435656 0.05802469999999998 0.031967200000000036
0 0.511728 0.17377 0.04320989999999994 0.0606557
0 0.6163580000000001 0.586066 0.04259260000000005 0.05245900000000004
0 0.505247 0.0327869 0.026543200000000024 0.0655738
0 0.42932100000000006 0.740164 0.054938299999999926 0.04754099999999996
0 0.467901 0.161066 0.04567900000000003 0.05327869999999997
0 0.5174768206239679 0.5444084159418399 0.059644141247935836 0.046194131883679594
0 0.594444 0.239344 0.030864199999999994 0.06557380000000002
0 0.56142 0.8672130000000001 0.033950600000000046 0.06885250000000008
0 0.46018499999999996 0.57377 0.05617279999999996 0.036065599999999934
0 0.17716 0.488525 0.04567899999999998 0.05245900000000004
0 0.3828988770641661 0.45182215814451293 0.04099630107336626 0.07160889452855802
0 0.48425900000000005 0.0885246 0.029012299999999974 0.07868850000000001
0 0.55679 0.204918 0.04074069999999996 0.07049180000000001
0 0.352778 0.9827869999999999 0.045061699999999934 0.03442620000000007
0 0.43919800000000003 0.942213 0.05617279999999996 0.035245899999999816
0 0.648148 0.279918 0.044444400000000044 0.05163930000000002
0 0.397222 0.168852 0.05370370000000001 0.03278690000000001
0 0.531482 0.968852 0.027160499999999983 0.06229510000000014
0 0.658333 0.17377 0.025308600000000105 0.08196719999999999
0 0.54321 0.03483610000000001 0.044444399999999974 0.0647541
0 0.38858 0.103279 0.04753090000000005 0.0508197
0 0.49537 0.8909839999999999 0.04876539999999994 0.0459016000000001
0 0.0885802 0.247541 0.024074100000000005 0.03770489999999995
0 0.604012 0.905738 0.04135800000000006 0.07213109999999993
0 0.31142000000000003 0.11434400000000002 0.038888900000000004 0.07131149999999999
0 0.56821 0.119672 0.04135800000000006 0.06557380000000002
