0 0.553650911076005 0.29659498283932867 0.028371390930899285 0.0780784747300132
0 0.39390181239541283 0.02682582389480227 0.026075024790825647 0.05201224778960454
0 0.3220175055219121 0.3836064327868853 0.026493337209642517 0.05634396761712382
0 0.6463637998390966 0.7243823303259265 0.040606600321806664 0.07746483934814696
0 0.5812042354407486 0.11975052983710974 0.03635672911850283 0.0588599403257805
0 0.4074071595679012 0.9868850389344263 0.05679061913580255 0.024590577868852624
0 0.376543 0.747131 0.022222200000000056 0.03032789999999992
0 0.6429830576677784 0.3796462397094243 0.0461322846644433 0.03906872058115144
0 0.387346 0.266803 0.03271610000000001 0.04344259999999996
0 0.4547527300201861 0.3400241273657835 0.028415082935463205 0.06426065677492042
0 0.49597155163536355 0.8017251191826587 0.04938270000000004 0.04918030000000007
0 0.477469 0.05286890000000001 0.035185199999999965 0.048360700000000006
0 0.6064595401088293 0.0868230906689457 0.05382950090691003 0.04467407349856266
0 0.35896797408577613 0.2903154767403465 0.03275154817155226 0.07899145348069307
0 0.5647636766119595 0.17751946861937687 0.04006506312971733 0.06213240316991683
0 0.44294957780995853 0.1851334633128739 0.025212244380083033 0.0789142733742522
0 0.519136 0.848361 0.05679010000000006 0.04426230000000008
0 0.3507373038865485 0.12304025962240697 0.03679729222690304 0.05883788075518607
0 0.5339171155125505 0.06495222554191594 0.034500331025100965 0.06433065108383187
0 0.6952503438173312 0.11064021083585675 0.0571677876346622 0.03767332167171346
0 0.534568 0.0163934 0.03827160000000001 0.031147500000000005
0 0.575926 0.231557 0.05061729999999996 0.05327869999999997
0 0.6367768204025511 0.9820702937844767 0.04249635919489793 0.03422061243104657
0 0.67480686746387 0.9369492930755187 0.02186833165701262 0.09176064778571996
0 0.43123731753261957 0.9623805831170847 0.03148124814814811 0.07049172786885247
0 0.4990740000000001 0.198361 0.04135800000000006 0.05245900000000002
0 0.7070989999999999 0.772131 0.05 0.036065599999999934
0 0.365432 0.0422131 0.04938270000000004 0.05163929999999999
0 0.6399595355903692 0.2521095501767539 0.055883028819261535 0.046601199646492064
0 0.574383 0.831967 0.024074099999999935 0.08032790000000001
0 0.485494 0.767623 0.045061699999999934 0.048360700000000076
0 0.6092532881648236 0.708243145932717 0.02840652367035286 0.08247961017791922
0 0.4771444704625241 0.9773076634235879 0.05435303438359375 0.04374532889052929
0 0.430864 0.0360656 0.03333329999999994 0.07049180000000001
0 0.573457 0.522541 0.03580250000000006 0.03852459999999998
0 0.6796371255192792 0.8400901480382256 0.05667566412146763 0.05783539811980427
0 0.35494402479813936 0.18686189137790382 0.04813625040372126 0.05906291724419235
0 0.368519 0.859426 0.05432099999999997 0.041803300000000036
0 0.42376499999999995 0.631967 0.04259259999999998 0.06557379999999993
0 0.5203527638771869 0.46626334362908867 0.06045882775437367 0.0456412872581773
0 0.553921624733778 0.9692853754253749 0.054756949467556146 0.0418503508507497
