0 0.6736732918702389 0.24306752023892572 0.036603216259521856 0.04665125952214858
0 0.589815 0.0151639 0.025308599999999966 0.028688500000000002
0 0.5793916594744017 0.40273815752321157 0.04032358937796285 0.06825929709170031
0 0.6778369498029945 0.2957011911056853 0.03715509960598882 0.037303582211370805
0 0.545062 0.376639 0.027160499999999983 0.07622950000000002
0 0.5203080114344504 0.3753611321233411 0.024566222868900606 0.05284916432474636
0 0.475926 0.393852 0.05308640000000005 0.040163899999999995
0 0.473765 0.351639 0.05123460000000006 0.04754099999999996
0 0.575926 0.291803 0.03580250000000006 0.06393439999999997
0 0.292284 0.812295 0.035185200000000035 0.06721309999999994
0 0.5355266614131862 0.24633763515870247 0.05187811925400576 0.039239623299616305
0 0.479603433523772 0.23818437244506455 0.055608232952456024 0.04822085510987096
0 0.564506 0.322131 0.05246909999999995 0.0606557
0 0.57963 0.219262 0.03209880000000005 0.08114750000000001
0 0.645679 0.0348361 0.03333329999999994 0.0663934
0 0.413272 0.028278700000000007 0.04629629999999999 0.05327869999999999
0 0.567284 0.628689 0.030864199999999994 0.03114749999999992
0 0.198457 0.695082 0.026543200000000024 0.04262289999999994
0 0.62716 0.10532799999999999 0.05061729999999996 0.06311479999999998
0 0.501235 0.153279 0.05061729999999996 0.036065600000000024
0 0.9780860000000001 0.815164 0.038888900000000115 0.040163900000000086
0 0.214506 0.45 0.03641980000000002 0.06721310000000004
0 0.4685190000000001 0.0606557 0.04814809999999998 0.04262289999999999
0 0.571605 0.822131 0.05308640000000005 0.036065600000000024
0 0.255864 0.183197 0.03148150000000002 0.06639340000000002
0 0.559259 0.9618850000000001 0.03333329999999994 0.0401638999999999
0 0.629321 0.671311 0.04012349999999996 0.06721310000000004
0 0.33518499999999996 0.9786890000000001 0.04567900000000003 0.040983600000000016
0 0.684259 0.897951 0.035185199999999965 0.06803279999999996
0 0.255247 0.804918 0.04135799999999999 0.0606557000000001
0 0.4097379692617788 0.29043994647039145 0.03590325018896452 0.033874205419872856
