0 0.5436007375 0.835123748148148 0.042275575833333315 0.04613765018518534
0 0.538990571260658 0.4381467484905087 0.038439866624532054 0.059041915825724274
0 0.5649844395833334 0.5600381009259259 0.01720515213541667 0.07747645148148152
0 0.5654757901041666 0.0343142861574074 0.02015460906249989 0.0686285723148148
0 0.5340150223958333 0.5804961203703705 0.03293561562500009 0.07660589972222212
0 0.5359812208333333 0.9217403027777777 0.02703670177083334 0.07834700324074083
0 0.6102093927083333 0.9839390826851853 0.025070423697916528 0.03212183462962954
0 0.6890797617628358 0.3279358229685395 0.04029662635334432 0.049317135329940455
0 0.6183202598958334 0.4782092092592593 0.03735984083333328 0.05310185185185187
0 0.5829262989583334 0.19267842777777777 0.04424193354166661 0.04787875370370369
0 0.48338202812500003 0.531311061111111 0.044733443333333275 0.037432451203703726
0 0.4892814197916666 0.39681575277777775 0.04276716526041658 0.05049030277777775
0 0.579572034397552 0.39825587973369775 0.04322908221815993 0.03944215335628438
0 0.7192862270992504 0.6211578156908582 0.02644561735927719 0.07784288286319778
0 0.5733405838541666 0.9987377457175927 0.028019880624999872 0.002524508564814638
0 0.4098912802083333 0.506936249074074 0.042275575833333315 0.04091455203703689
0 0.49837578437499996 0.42597822777777783 0.03834294005208327 0.053101851851851824
0 0.49690093645833333 0.5709197324074073 0.039326118906250034 0.04874919925925909
0 0.648904287234556 0.6278774351203792 0.02534857870797147 0.07561208385186936
0 0.6618242916666667 0.9922090323379629 0.037851430260416784 0.015581935324074174
0 0.5930041609375001 0.9104232361111113 0.02801988062499999 0.0818291040740742
0 0.43091222825837155 0.4463643677160435 0.021867518474743147 0.06651801571644426
0 0.4907562677083333 0.11215477962962964 0.025070423697916646 0.07138280157407406
0 0.4749315907896719 0.5875438099207461 0.041549662707586955 0.04793108238990261
0 0.5632635182291668 0.47908007962962973 0.03735984083333328 0.06354815435185188
0 0.5866270381246586 0.43736375417156237 0.038022560127164456 0.04848757672079687
0 0.4801870552083333 0.7476363231481481 0.019663099270833227 0.07834700324074072
0 0.6667552372369527 0.6351556794165342 0.02349655467666416 0.07525295239999716
0 0.5930725173632616 0.5173059248770394 0.02001749803389335 0.08080582993926429
0 0.40200758651143353 0.0025402620833333382 0.018641642710366925 0.0050805241666666764
0 0.5433546640625 0.18745532962962963 0.0457166221875001 0.033950350370370384
0 0.5042743796875 0.7837625750000001 0.0265451123437499 0.07051224981481478
0 0.5415908959869878 0.3891710109402224 0.033935569416177105 0.04117284583325513
0 0.5286077776041667 0.9826332550462963 0.029986158697916685 0.03473348990740735
0 0.5241832338541667 0.5091123629629631 0.026053602552083294 0.06790070074074082
0 0.6003334191658781 0.3624447703488346 0.04436613425695057 0.05108439100424818
0 0.6765719744791667 0.572226037962963 0.0427671652604167 0.05484284916666664
0 0.5030456052083333 0.8751678546296298 0.0270367017708334 0.06877125250000013
0 0.5431085906249999 0.506936249074074 0.024578834270833263 0.07399435064814815
0 0.588825690625 0.07254589592592593 0.030477748124999947 0.08269954962962962
0 0.6391775151221597 0.34775433456570803 0.03932611890625009 0.04961975101851861
0 0.6398935796057964 0.8705026810130366 0.029382852180342665 0.0659129192702234
0 0.5753769749640137 0.4607992361111111 0.02703670177083346 0.03917344851851849
0 0.5696542604166666 0.8033497240740742 0.04522503276041666 0.04526709842592583
0 0.4312107264463832 0.022997485 0.0298578062781831 0.04599497
0 0.6399492390624999 0.9721870056481483 0.020646198489583392 0.05562598870370363
0 0.4941973140625 0.3280446064814815 0.02408724484375012 0.07312390509259264
0 0.726712821875 0.5757073953703704 0.02408724484375 0.03220935305555549
0 0.6235873118330384 0.14016621026025833 0.02233169267649373 0.08325957901652054
0 0.5698995375 0.32107976759259266 0.02703670177083334 0.07834700324074072
