0 0.6249044092114414 0.021478883895174328 0.037845681577116985 0.040648832209651355
0 0.5403061970048687 0.31817110047910413 0.03296850599026254 0.05218149904179179
0 0.6740739024691358 0.8601092465846996 0.03251063127572005 0.06939899316939903
0 0.406173 0.739754 0.04938270000000004 0.040163900000000086
0 0.5698599567312496 0.923507441189709 0.05287198653750091 0.03331261762058189
0 0.699691 0.554508 0.05246909999999995 0.03032789999999992
0 0.477778 0.406557 0.05061729999999996 0.032786899999999966
0 0.572222 0.335246 0.03209880000000005 0.040983600000000016
0 0.47963 0.134426 0.024691400000000033 0.06721309999999998
0 0.65679 0.744672 0.019753100000000107 0.07786879999999995
0 0.6413579999999999 0.0840164 0.05185190000000002 0.041803299999999995
0 0.571914 0.8811479999999999 0.05123460000000006 0.04262289999999994
0 0.556173 0.405738 0.03333329999999994 0.06065569999999996
0 0.436728 0.855738 0.033950600000000046 0.05901639999999998
0 0.44450520363947765 0.7763908301573013 0.029422476471847578 0.06950584086989488
0 0.503395 0.0184426 0.05617279999999996 0.035245900000000004
0 0.532099 0.477049 0.030864199999999994 0.0754097999999999
0 0.454938 0.12623 0.04814809999999998 0.05245899999999999
0 0.716358 0.588115 0.040123500000000034 0.04672130000000003
0 0.598765 0.128279 0.030864199999999994 0.033606599999999986
0 0.6150307867176907 0.8517175165758553 0.033764873435381385 0.07046812234909505
0 0.639506 0.0434426 0.05308640000000005 0.0491803
0 0.44933036509737434 0.23974233278111293 0.05421703019474873 0.031944565562225836
0 0.351852 0.983197 0.030864199999999994 0.031967200000000036
0 0.653086 0.842623 0.03456789999999986 0.07049180000000001
0 0.513272 0.703689 0.027777799999999943 0.08114749999999991
0 0.362963 0.903689 0.03333329999999994 0.07622949999999984
0 0.559568 0.284836 0.04382720000000004 0.0647541
0 0.585494 0.818443 0.04135800000000006 0.06147539999999993
0 0.547222 0.146311 0.04876539999999994 0.058196700000000004
0 0.65679 0.946721 0.032098799999999914 0.05901639999999998
