0 0.549074 0.890574 0.026543200000000024 0.07459019999999991
0 0.47451380593042436 0.47429158445111824 0.03859626283300851 0.06486378216300526
0 0.6439621132603589 0.20524988385212714 0.05235667516369273 0.03882657463330456
0 0.5964787324436447 0.28522599057542974 0.038611485979907 0.05674653215636822
0 0.5041137543897136 0.19703500622386672 0.04856339122057294 0.04363528755226655
0 0.595988 0.962295 0.05740740000000002 0.03770489999999986
0 0.588889 0.581967 0.044444399999999974 0.055737700000000015
0 0.616049 0.473361 0.044444400000000044 0.04672130000000003
0 0.422839 0.677049 0.029629599999999933 0.08688519999999993
0 0.56821 0.445902 0.031481499999999954 0.07213109999999998
0 0.573765 0.541393 0.033950600000000046 0.06967210000000008
0 0.45123500000000005 0.742623 0.05185190000000002 0.05245900000000004
0 0.6838856400259908 0.09441162806132607 0.02774029089818562 0.07698944713612531
0 0.49447190426725646 0.4913401312885777 0.03327829146548712 0.07141723742284463
0 0.6287039999999999 0.669262 0.026543199999999954 0.07950819999999999
0 0.491667 0.135656 0.04135800000000006 0.0598361
0 0.49720097965711996 0.34719917700935815 0.03348827910231418 0.07582796840777861
0 0.4541089941020643 0.7007399786951616 0.05061729999999996 0.04754099999999996
0 0.5776239831146599 0.16747183235547886 0.028087866229319716 0.0792064647109577
0 0.802778 0.0331967 0.024074100000000074 0.03524589999999999
0 0.592284 0.920902 0.05370370000000001 0.05163929999999992
0 0.608333 0.759836 0.03888889999999997 0.057376999999999935
0 0.5302569616246814 0.15599977381695096 0.03460278590243404 0.07593434763390189
0 0.612280701754386 0.02920289374128891 0.029499675113710128 0.05840578748257782
0 0.49807567351426996 0.037665095904957854 0.05922926975558549 0.031857702263224257
0 0.787654 0.25082 0.024691399999999895 0.06885249999999998
0 0.581173 0.693033 0.045061699999999934 0.0647541
0 0.6364022592092767 0.14095373996150526 0.05173189383715705 0.05757615981947301
0 0.552469 0.803279 0.04567900000000003 0.05081969999999993
0 0.46049399999999996 0.9581970000000001 0.06172839999999999 0.03114749999999992
0 0.792593 0.762705 0.03333329999999994 0.06639339999999992
0 0.229012 0.866803 0.03333330000000002 0.05163929999999992
0 0.455247 0.893033 0.05246909999999995 0.056557399999999945
