0 0.5421766544799449 0.3521424048406388 0.025698087214539242 0.06824737915992403
0 0.5145988000569597 0.23556759373988603 0.030416272291103674 0.06939030603320906
0 0.525825479550151 0.6981142342749596 0.02819856137868912 0.04822379346373032
0 0.5598688243601971 0.1620455040737353 0.030880551279605758 0.03984419185252939
0 0.5086842759431462 0.3869045648772251 0.034482948113707376 0.06389567024554986
0 0.617901 0.737705 0.05802470000000005 0.03442620000000007
0 0.612542897524241 0.393708389618659 0.055160504951518065 0.043731420762682056
0 0.521296 0.279098 0.06111110000000003 0.031967200000000036
0 0.5 0.0258197 0.03827160000000001 0.048360700000000006
0 0.494444 0.263115 0.022222200000000056 0.04262290000000003
0 0.41759300000000005 0.0426229 0.029012299999999974 0.03278690000000001
0 0.495679 0.0745902 0.04320989999999994 0.04754100000000001
0 0.4934749287341705 0.743033 0.03333329999999994 0.07131149999999994
0 0.577469 0.902869 0.04382720000000004 0.058196699999999865
0 0.625926 0.788934 0.029629600000000006 0.07295080000000005
0 0.5250465724050231 0.7579034187715472 0.028395100000000045 0.06967210000000008
0 0.567901 0.937295 0.05679010000000006 0.0401638999999999
0 0.38642 0.986066 0.04567900000000003 0.027868900000000068
0 0.314198 0.454508 0.029629600000000006 0.03360660000000008
0 0.47253100000000003 0.539344 0.04382720000000004 0.06885250000000008
0 0.576543 0.141803 0.04320989999999994 0.05245899999999999
0 0.46486260569066923 0.4834095382396398 0.056520103555343607 0.04864557334834308
0 0.483025 0.462705 0.04506170000000007 0.05
0 0.539815 0.8909839999999999 0.033950600000000046 0.07213109999999993
0 0.635185 0.70123 0.04938269999999997 0.041803299999999946
0 0.537346 0.194672 0.03271610000000001 0.0647541
0 0.389506 0.0737705 0.024691400000000033 0.0852459
0 0.53642 0.496721 0.06172839999999999 0.032786899999999966
0 0.5144905209426165 0.09992092293147119 0.03762204188523276 0.07033334586294239
0 0.563272 0.261066 0.04135800000000006 0.06639340000000002
0 0.5817835002384358 0.07950467881516922 0.03126159063211999 0.07317244775909379
0 0.6849001580922481 0.4674418925877718 0.05710584605786035 0.03535472886090202
0 0.603086 0.60082 0.027160499999999983 0.04262289999999994
0 0.621914 0.553279 0.031481499999999954 0.07049180000000001
0 0.566667 0.529918 0.05679010000000006 0.03688519999999993
0 0.643519 0.290574 0.03271610000000001 0.08442619999999998
0 0.505864 0.681557 0.04506170000000007 0.05983609999999991
0 0.404321 0.288115 0.024691400000000033 0.06639340000000002
0 0.6824234296746675 0.7053875855519595 0.03768585934933512 0.0681525711039189
0 0.3809675197371907 0.82565257158939 0.04291845493562231 0.06261872933230139
0 0.7296519075226514 0.1277072734486034 0.03822608495469717 0.0527831531027932
0 0.3477441318285381 0.9935041863083093 0.025117893286705866 0.011352283121086434
