0 0.535185 0.509426 0.05679010000000006 0.03360660000000008
0 0.2564440925486056 0.653596043767766 0.04955866396879856 0.040886258323274006
0 0.4898683323069705 0.5932401386238854 0.032843611624292564 0.04127565125968617
0 0.6002635250041175 0.3871903411228511 0.03311260468405107 0.046215891155012644
0 0.4837101551274156 0.5650091507340057 0.03079088589777425 0.03932868657762544
0 0.5880326090143984 0.5451501109769868 0.044720096184862626 0.06152408395311709
0 0.5359813495205419 0.5650091507340057 0.0262455646461981 0.07125890736342039
0 0.5755394049964963 0.027021801244560606 0.029901836763948187 0.05542846844878076
0 0.45203952963256205 0.6604104201549784 0.0266854344447377 0.04594836649663178
0 0.5490792266946969 0.018610252059443333 0.025318947216554356 0.037220504118886666
0 0.7318643831801727 0.3775576235671145 0.03283672143321273 0.035282879329471196
0 0.4984907068240402 0.21921725815168439 0.05274046940713605 0.053819131687984134
0 0.5496173132752705 0.8327167945173474 0.05293099909093573 0.04750593824228035
0 0.5447792425193555 0.20540427896637953 0.03201506591337096 0.07849402611836621
0 0.5741767103604 0.46707682722635413 0.0507316500982376 0.06541801331723847
0 0.6921379613547758 0.2676319620454826 0.044119977290448434 0.06965317590903489
0 0.4780651593794903 0.6443479615279779 0.03357672795519194 0.07885206962345696
0 0.625926 0.846311 0.04074069999999996 0.06639340000000002
0 0.6714284501612086 0.2950127255368279 0.037909831321507714 0.07680556088246393
0 0.6838514712706373 0.8373029038423349 0.03313574254127447 0.05001550768466944
0 0.4120113779654556 0.6301351193489351 0.044866719451042446 0.05470970756590476
0 0.5271839535497493 0.6786145399322456 0.03181724876103341 0.06405513803979598
0 0.4749472165501012 0.5363020086678867 0.04640186689979766 0.060182382664226465
0 0.6604752717830855 0.8029693584352245 0.05559175643382902 0.036685183129551026
0 0.3775211182348025 0.7508938305595577 0.04640053646960503 0.046049261119115226
0 0.5097696121318168 0.40796437330579577 0.0460775736366288 0.056408932489996115
0 0.6512272367379256 0.5523538803006114 0.025365825049118766 0.07943615902807522
0 0.6079000615817717 0.6099840348896071 0.048678924371719286 0.05490440403411084
0 0.40154269632916334 0.12260985788712803 0.035640188163760016 0.06819235700062738
0 0.32938075728528293 0.4356555360655737 0.030020792916777603 0.035045809576601014
0 0.5886924137122078 0.6718975117791364 0.05659658074543269 0.04205443713251041
0 0.6704348846074897 0.4017561621432187 0.04618632884666138 0.06249756629414746
0 0.70679 0.461066 0.05679009999999992 0.040163900000000086
0 0.5639130817278085 0.892585958490713 0.03225711855957308 0.06950663914956592
0 0.6523643736239406 0.9014983651425177 0.03188894724788121 0.0734878302850357
0 0.6440290541167735 0.19513435227412793 0.048616912652000355 0.04822507087390607
0 0.5871739534020235 0.33110440034512506 0.05209783718555648 0.06101318870947863
0 0.29803934630073714 0.42022939025828515 0.027200461852740047 0.07975586743719781
0 0.38757420759639283 0.18255093969067948 0.05310079907972306 0.04514334033441531
0 0.41047842073909746 0.061100351872562124 0.03954314825085766 0.0488257276124492
0 0.4520757585094801 0.11715446932707782 0.05741459707072573 0.04773464990043916
0 0.4680214656461687 0.9205249016782836 0.04838567783935958 0.05334683228846237
