0 0.3567728318600047 0.5276214813176617 0.028359763720009295 0.08147216263532317
0 0.566049 0.46475399999999994 0.020987700000000026 0.06885250000000008
0 0.453086 0.939344 0.03827160000000001 0.0540983999999999
0 0.550926 0.357787 0.05864199999999994 0.030327900000000015
0 0.5203702518518518 0.018442625 0.033333096296296195 0.03688525
0 0.7070578063358955 0.5227034497602845 0.03279718732820881 0.07262620047943083
0 0.48642 0.0377049 0.05432099999999997 0.0360656
0 0.564506 0.41475400000000007 0.025308599999999966 0.02950820000000004
0 0.491358 0.534836 0.04814809999999998 0.054918000000000085
0 0.37284 0.227459 0.029629599999999933 0.07295079999999998
0 0.485494 0.09180329999999999 0.024074099999999935 0.039344299999999985
0 0.576543 0.714754 0.039506200000000075 0.05245900000000004
0 0.533025 0.618033 0.03888889999999997 0.06229509999999996
0 0.591667 0.380738 0.06111110000000003 0.030327900000000015
0 0.642901 0.0151639 0.030246899999999965 0.028688500000000002
0 0.519136 0.334016 0.05679010000000006 0.040163899999999995
0 0.542901 0.706557 0.030246900000000035 0.07704919999999996
0 0.563272 0.739344 0.031481499999999954 0.05901639999999998
0 0.514815 0.646721 0.03703699999999995 0.06885250000000008
0 0.237037 0.982377 0.044444399999999974 0.035245899999999816
0 0.601235 0.691803 0.030864199999999994 0.07049180000000001
0 0.47037 0.323361 0.03703699999999995 0.0647541
0 0.528395 0.505328 0.04197530000000002 0.06147540000000003
0 0.508333 0.695492 0.04135800000000006 0.05819670000000005
0 0.554012 0.283607 0.04876539999999994 0.04426229999999999
0 0.50679 0.288934 0.03580250000000006 0.06639340000000002
0 0.642284 0.12131100000000002 0.040123500000000034 0.03278690000000001
0 0.6817544322442175 0.2171566217071792 0.030317435511565207 0.06404755658564161
0 0.612037 0.933607 0.05370370000000001 0.032786900000000146
0 0.555864 0.0372951 0.029012299999999974 0.0745902
0 0.547531 0.897951 0.03209880000000005 0.06475410000000018
0 0.384568 0.05327869999999999 0.03580250000000006 0.06393440000000002
0 0.373457 0.322131 0.06049379999999993 0.04590160000000001
0 0.5582980371824889 0.15783849499246277 0.030318225635021897 0.07448611001507442
0 0.42685199999999995 0.0709016 0.04259259999999998 0.06967210000000001
0 0.287037 0.0282787 0.044444399999999974 0.054918
