0 0.7113980177360459 0.8329485107365505 0.055207789949574 0.05425998614638647
0 0.476852 0.414344 0.031481499999999954 0.06803279999999996
0 0.4171582929925231 0.5129477661048256 0.05370370000000001 0.03852459999999998
0 0.5521865071118066 0.013524599999999998 0.05622486607546509 0.027049199999999995
0 0.562037 0.0471311 0.04876539999999994 0.05163929999999999
0 0.512037 0.159016 0.033950600000000046 0.04262289999999999
0 0.6070376959572249 0.6913242028342185 0.06123240808555039 0.03538449433156308
0 0.520062 0.676639 0.05864199999999994 0.03032789999999992
0 0.6462960000000001 0.629918 0.027160500000000126 0.041803299999999946
0 0.5156407933142062 0.3772513740764258 0.02797781337158752 0.07336675184714841
0 0.546605 0.135246 0.031481499999999954 0.06885249999999998
0 0.567284 0.168852 0.023456799999999976 0.07377049999999997
0 0.429012 0.169262 0.028395100000000045 0.07786879999999999
0 0.518827 0.718852 0.05123460000000006 0.04426229999999999
0 0.50679 0.195902 0.04691359999999995 0.03606559999999998
0 0.419753 0.5913012983144771 0.04938270000000004 0.041803299999999946
0 0.55679 0.3603960644193027 0.03209880000000005 0.07786880000000004
0 0.425309 0.46475399999999994 0.04197530000000002 0.04590159999999991
0 0.632407 0.134426 0.03765429999999998 0.0377049
0 0.500926 0.305738 0.03271610000000001 0.07049180000000001
0 0.532716 0.310656 0.024691400000000033 0.07213110000000003
0 0.491975 0.540164 0.029629599999999933 0.07049180000000001
0 0.5777036346852721 0.43302955217039946 0.05133938338549819 0.0378891755021936
0 0.49382699999999996 0.225 0.05679010000000006 0.04508200000000001
0 0.617593 0.4477837661048257 0.04382720000000025 0.040983600000000016
0 0.426235 0.41188500000000006 0.03641980000000002 0.06803280000000002
0 0.41450600000000004 0.557787 0.05864199999999994 0.041803299999999946
0 0.47932099999999994 0.291393 0.03271610000000001 0.07295079999999995
0 0.403086 0.181557 0.028395100000000045 0.0729508
0 0.46296300000000007 0.176639 0.023456799999999976 0.08606560000000003
0 0.625 0.643033 0.04753090000000005 0.054918000000000085
0 0.58179 0.142213 0.03765430000000005 0.0647541
0 0.46265400000000007 0.517623 0.030246900000000035 0.07131149999999994
0 0.501235 0.744672 0.034567900000000006 0.06803279999999996
0 0.514815 0.469672 0.05185190000000002 0.04754099999999996
0 0.775926 0.832787 0.03333329999999994 0.07049180000000001
0 0.424691 0.656148 0.04814809999999998 0.054918000000000085
0 0.513497699187098 0.6265298280189333 0.05325170162580422 0.04202294396213345
0 0.583333 0.584016 0.03703699999999995 0.06639339999999992
0 0.494753 0.12623 0.05246909999999995 0.0393443
0 0.4580944287384803 0.7317420591087509 0.04677484252303943 0.056187881782498186
0 0.590432 0.736885 0.03888889999999997 0.05409840000000009
0 0.521605 0.506557 0.05061729999999996 0.05901639999999998
0 0.562963 0.49016400000000004 0.05185190000000002 0.05081969999999993
0 0.532716 0.422131 0.05802469999999998 0.04754099999999996
0 0.444136 0.259016 0.03765430000000005 0.06557380000000002
0 0.619753 0.0918033 0.04197530000000002 0.06885250000000001
0 0.304012 0.492213 0.03765429999999998 0.035245900000000004
0 0.686728 0.312295 0.0438271999999999 0.05901639999999998
0 0.364198 0.0897541 0.03703699999999995 0.03196720000000001
0 0.424383 0.0844262 0.04753090000000005 0.055737700000000015
0 0.545988 0.903689 0.04135800000000006 0.058196699999999865
0 0.642284 0.8360660000000001 0.04135800000000006 0.07213110000000003
0 0.15370399999999998 0.204508 0.033333299999999996 0.06639340000000002
0 0.212654 0.966393 0.03765429999999998 0.06557379999999993
