0 0.5149106734375 0.6477452518518518 0.02822528041666666 0.050490253981481645
0 0.3339415804693583 0.32748773363527456 0.05085641196752313 0.039831634913602074
0 0.4166485563001247 0.46202354221738 0.046917666193999355 0.028928498065239904
0 0.6199275244712528 0.12362632671290456 0.05668243572431943 0.03116279307365371
0 0.4749814044355541 0.053263289668872206 0.043401388659756 0.02689694970811478
0 0.7508949224308215 0.5277546249306171 0.05607971050294059 0.028845467546419402
0 0.47427349224224213 0.33228228228228224 0.03591734095206315 0.044994994994994986
0 0.48933134635416664 0.7241627490740741 0.046454123229166554 0.04639647435185189
0 0.49873038719426943 0.08974665475294216 0.03432301168770398 0.05483177098736582
0 0.5793000468749999 0.7094932333333334 0.057038603385416664 0.03343272787037045
0 0.4554120247567415 0.8360243873379828 0.026832302013482887 0.066937407916627
0 0.46273443875714865 0.5298444529995293 0.030893316680963897 0.029746302704644997
0 0.5748278271875678 0.6195912424503882 0.043637812703053905 0.04165628095740264
0 0.5803299922454812 0.4632761310861311 0.03931172359350785 0.0526677133955531
0 0.6347139562787828 0.7679558911108515 0.034971758495065806 0.06115584638940814
0 0.5942482012805935 0.5442687861502574 0.0332699635856617 0.0594320215383633
0 0.49207400049956473 0.22605350710499275 0.021768316961459297 0.06052142444304333
0 0.3394837527080366 0.22449536745131002 0.05300726532822893 0.038051410489935086
0 0.3445896417250583 0.35275131689066114 0.05308137999110194 0.03651233200413533
0 0.33205051435858185 0.4195983654924392 0.04001732574841318 0.045548164385492015
0 0.3878924713097006 0.05197162824221132 0.03764291231887036 0.024313626854793016
0 0.5413721119791667 0.14284187962962966 0.05292249604166675 0.03411505222222223
0 0.501633907299112 0.7756227431054867 0.04363781270305397 0.048479292493529
0 0.5494189657880438 0.7472714769033211 0.05143669886575767 0.043847111285950605
0 0.42642828667452654 0.8560985010111686 0.037695585423993566 0.03196015772584931
0 0.3755484942708333 0.612606837962963 0.05409848588541664 0.03479737657407401
0 0.48255370176265683 0.42293604142581104 0.035313720953853135 0.062108028407177565
0 0.7263896720349267 0.33427587357744465 0.0339246498100664 0.058826605872370936
0 0.5021534315757271 0.5834468490781146 0.02510044433588933 0.06266698844931345
0 0.5371248371673031 0.5952275884210665 0.0496368337428823 0.04695933599204438
0 0.5732811309824114 0.18627994226098737 0.0425471649701251 0.05346879232637434
0 0.4549699884918718 0.08060549938514364 0.03795298829374202 0.06217294963830605
0 0.37149384463187524 0.12939533375794282 0.021347092189318555 0.05242625790564746
0 0.20766629895833327 0.7644188037037037 0.035869643072916686 0.04366726018518513
0 0.5252260771741659 0.08224891721450674 0.034743828723331954 0.05660361358068696
0 0.7463001307291667 0.831625712962963 0.026461248020833376 0.06345400046296276
0 0.3449870518219305 0.46024126547668565 0.05641902078322237 0.030279706694112094
0 0.4806350719086224 0.8524715450257847 0.025594805013164704 0.042374784040640316
0 0.5498936029829138 0.573072597881902 0.026919576756142996 0.034391902587780396
0 0.6072145410770238 0.4312701103468255 0.029883153242820034 0.06035857802964015
0 0.40259773662551446 0.8384662704119132 0.03651958793588908 0.05817515099223461
0 0.4678691744791667 0.6651442314814815 0.04939433598958344 0.04162037037037041
0 0.6175952047968106 0.17963734689528746 0.02940136316872426 0.06183354204614452
0 0.4003803392003079 0.5018914604038228 0.025742143845543925 0.05953844395846504
0 0.4314110487157601 0.8108689849599352 0.02469719269193682 0.06402857804309292
