0 0.561086773751051 0.4298137375874023 0.0265498473383778 0.03172924378635636
0 0.45057303420505335 0.43319231447206064 0.052878445948935794 0.0349609260238557
0 0.43642000000000003 0.990984 0.04320989999999994 0.014754100000000183
0 0.3030723214827902 0.07192693638707062 0.026407815264145134 0.06758098791056016
0 0.62037 0.991393 0.024691399999999964 0.01721309999999985
0 0.512346 0.0143443 0.05555560000000003 0.0286885
0 0.443827 0.970902 0.04567900000000003 0.03852459999999998
0 0.585185 0.947541 0.024691400000000033 0.07868849999999987
0 0.57659763001239 0.7041851944811681 0.044202854936059036 0.03531020331688114
0 0.6203814328067613 0.4669780833186439 0.02920483207221562 0.0702156413420295
0 0.5694630684875437 0.6583141218652682 0.05613486302491263 0.03746965626946347
0 0.477469 0.9864749999999999 0.03765430000000005 0.02540980000000009
0 0.46697500000000003 0.49057399999999995 0.05 0.05163929999999992
0 0.5793388847747688 0.6076618264351606 0.052434130450462385 0.04369194712967859
0 0.465123 0.617623 0.04753090000000005 0.05163929999999992
0 0.56142 0.025409799999999996 0.027777799999999943 0.0491803
0 0.521605 0.57459 0.05679010000000006 0.03770490000000005
0 0.3595260413857356 0.19807391581865705 0.05608838277147119 0.03221333163731411
0 0.5589141300710208 0.9566953645748869 0.026470160142041774 0.07732552914977386
0 0.409877 0.0143443 0.027160499999999983 0.025409800000000003
0 0.60463 0.027868899999999995 0.025308599999999966 0.0508197
0 0.4581830095070578 0.5385875474851636 0.05093341901411569 0.042749694970327205
0 0.4020308451115094 0.3213380025118985 0.03544360977698124 0.0556849949762031
0 0.487037 0.0663934 0.022222200000000056 0.0819672
0 0.4058228229095526 0.2530316143936751 0.05996015418089487 0.0398383712126497
0 0.7669220493793972 0.542304307468124 0.0377602012412053 0.06457218506375237
0 0.5809627362394354 0.5552086862374405 0.03930942752112927 0.06335232752511893
0 0.488272 0.776639 0.025925900000000064 0.041803299999999946
0 0.733333 0.0159836 0.025925899999999925 0.0286885
0 0.4216836942243019 0.6098127870203891 0.03934951155139604 0.06562122595922214
0 0.6020120466487248 0.2010891145271995 0.05062155581186725 0.038005559022065906
0 0.283333 0.408197 0.04814809999999998 0.03442619999999998
0 0.6197704168483495 0.2954570191053366 0.05181646630330094 0.046791261789326806
0 0.516667 0.119672 0.05308640000000005 0.05081970000000001
0 0.431481 0.74918 0.023456799999999976 0.07049180000000001
0 0.678704 0.9463110000000001 0.024074100000000074 0.07459019999999991
0 0.621296 0.709836 0.03888889999999997 0.04262289999999994
0 0.528704 0.177869 0.04135800000000006 0.0606557
0 0.519136 0.46885199999999994 0.03950619999999993 0.055737700000000015
0 0.420679 0.655328 0.04876539999999994 0.06311480000000007
0 0.619136 0.935656 0.04320989999999994 0.05327870000000016
0 0.527642974078499 0.3799857604721194 0.045949251843001866 0.06134057905576123
0 0.590123 0.145492 0.04691359999999995 0.05163930000000002
0 0.3983917795321637 0.16560941733873016 0.03654964093567248 0.06222426532253972
0 0.027777799999999995 0.0622951 0.035802499999999994 0.040983599999999995
0 0.5016233072749797 0.2413636621475977 0.04378657781195268 0.05956095070622272
0 0.334568 0.693033 0.05802469999999998 0.03360660000000008
0 0.3403278856287889 0.5088108757726658 0.042385071257577754 0.06352285154533159
0 0.23672799999999997 0.132787 0.03765429999999998 0.05901639999999998
0 0.41481500000000004 0.82623 0.04691359999999995 0.06885250000000008
0 0.372222 0.805738 0.05308640000000005 0.04262289999999994
