0 0.12353178541666668 0.4395688074074074 0.006331330052083321 0.030510013333333346
0 0.14063257629863563 0.777089751178809 0.01065664552772875 0.029129948753493472
0 0.14346876562499997 0.762568362962963 0.010911458333333327 0.026442021481481486
0 0.14104491327507454 0.4970307231195618 0.006868703189434259 0.035999624131246764
0 0.13941866104703335 0.32074287881043 0.0073911810524000645 0.017411683546785954
0 0.1057502546875 0.3421402362962963 0.0057925004166666716 0.04068001777777776
0 0.13388272151585845 0.5486846852152835 0.0068266871983835445 0.03639216746760423
0 0.16791850677083336 0.6332057555555556 0.007274298281249998 0.02888280666666674
0 0.12844870677083334 0.4979446666666667 0.010507319739583328 0.02766241407407411
0 0.1418523421875 0.349055877037037 0.011450287968749992 0.0284759925925926
0 0.11942920035340707 0.7594784377866843 0.0067233067931858235 0.0350622103525569
0 0.15188826510416667 0.6386977703703703 0.012123852291666636 0.02440800074074079
0 0.1325425088025512 0.5204762661124223 0.012123852291666652 0.017492409629629592
0 0.14562421510416665 0.3905496222222222 0.010103202968750018 0.029289620740740718
0 0.1045377734375 0.5888646592592592 0.011450287968749992 0.019119616296296306
0 0.08662159531250001 0.6108317259259259 0.009294947604166662 0.032950798518518495
0 0.097263540625 0.7892135185185185 0.011450287968749992 0.019526430370370496
0 0.12817941197916666 0.47638456296296294 0.012123852291666681 0.0235944222222222
0 0.13841719687499998 0.4273648814814815 0.011046171197916666 0.028069228148148197
0 0.1372721484375 0.36654823703703704 0.0052536707812500085 0.03254403407407404
0 0.1091854 0.5758468074074073 0.011854426562499975 0.017492409629629592
0 0.12532606551020872 0.3174750059093529 0.005489534044993816 0.010967810704972356
0 0.14751201549243861 0.676594973484841 0.012254990056789546 0.017769455993280933
0 0.11807605625 0.3783456962962963 0.01185442656249999 0.021967215555555593
0 0.11640721671828214 0.31737056530108987 0.011585000833333359 0.009356425925925924
0 0.12966118802083332 0.4365180740740741 0.0067354686458333205 0.030916827407407484
0 0.09215822705795344 0.6879195744068333 0.0052264475507597975 0.025223006741889
0 0.12171092486516993 0.7286417455744792 0.00915552092825654 0.03262611929710675
0 0.16071170677083332 0.42268679259259256 0.0063313300520833355 0.01871280222222222
0 0.15107994427083332 0.7947055333333333 0.007813149739583351 0.016678831111111053
0 0.09551225156249998 0.5247938 0.006870181510416643 0.043120802962963015
