0 0.592284 0.227459 0.04259259999999998 0.030327900000000015
0 0.5991066154644739 0.4178464522727273 0.03031133092894762 0.07339800454545461
0 0.643519 0.991803 0.024074100000000005 0.016393400000000106
0 0.738272 0.179098 0.03333329999999994 0.03852460000000002
0 0.538889 0.252869 0.028395100000000045 0.07622950000000002
0 0.490741 0.280738 0.04197530000000002 0.06311479999999997
0 0.633951 0.411066 0.027160500000000056 0.07295079999999995
0 0.521605 0.283197 0.03209880000000005 0.07786880000000004
0 0.403086 0.32582 0.05185190000000002 0.05
0 0.654012 0.588934 0.04259259999999998 0.03852459999999998
0 0.597222 0.646311 0.021604899999999955 0.06639339999999992
0 0.630556 0.634836 0.04259259999999998 0.06639339999999992
0 0.55 0.306967 0.034567900000000006 0.07295079999999995
0 0.507407 0.338115 0.03950619999999993 0.056557400000000035
0 0.536728 0.368443 0.05123460000000006 0.05327869999999997
0 0.46821 0.329508 0.026543200000000024 0.07377049999999997
0 0.506481 0.665984 0.03271610000000001 0.07786879999999995
0 0.537963 0.790164 0.06481480000000003 0.03114749999999992
0 0.665741 0.512705 0.04135800000000006 0.05163929999999992
0 0.483025 0.714344 0.035185199999999965 0.06147540000000003
0 0.537037 0.43319700000000005 0.03950619999999993 0.06639339999999996
0 0.761728 0.15082 0.04444440000000011 0.055737700000000015
0 0.571296 0.379098 0.05246909999999995 0.04672130000000003
0 0.412963 0.552459 0.030864199999999994 0.06885250000000008
0 0.48456800000000005 0.766803 0.04197530000000002 0.04672130000000003
0 0.444753 0.269262 0.04753090000000005 0.05
0 0.473148 0.0352459 0.031481499999999954 0.0655738
0 0.470988 0.582377 0.04814809999999998 0.054918000000000085
0 0.48425900000000005 0.9893439999999999 0.05 0.018032799999999967
0 0.382099 0.130738 0.030864199999999994 0.041803299999999995
0 0.415432 0.4897540000000001 0.05802469999999998 0.04672130000000003
0 0.438889 0.10901599999999999 0.05802469999999998 0.0393443
0 0.473148 0.219262 0.05740740000000002 0.05
0 0.765123 0.672131 0.045061699999999934 0.06393440000000007
0 0.609877 0.786066 0.030864199999999994 0.07377049999999997
0 0.531173 0.881557 0.033950600000000046 0.06967209999999989
0 0.760185 0.35041 0.05740740000000002 0.04508200000000001
0 0.528395 0.179508 0.04814809999999998 0.049180300000000024
0 0.41172800000000004 0.294672 0.06049380000000007 0.05327869999999997
0 0.661111 0.936475 0.03333329999999994 0.0401638999999999
0 0.4339509999999999 0.853279 0.03580250000000006 0.06721309999999994
0 0.20463 0.9700819999999999 0.03271610000000001 0.04672129999999984
0 0.644136 0.045082 0.04135800000000006 0.0655738
