0 0.2901640673313916 0.4609900854625908 0.042385391850283345 0.05334563370444814
0 0.6580153145833333 0.07132099231481481 0.03747170010416667 0.060799204999999974
0 0.91535813125 0.7872530398148148 0.02204221854166673 0.0440573699999999
0 0.3122292052083334 0.8885857648148149 0.049043878229166775 0.04581961750000003
0 0.54615181875 0.9746919742824073 0.03857383781249985 0.050616051435185404
0 0.78145188125 0.6916489898148148 0.0407780239583334 0.04846314999999987
0 0.5854975472297745 0.5151163069066755 0.026008233040451145 0.08310276918372148
0 0.4411755677083334 0.9264741398148147 0.02369533583333343 0.07754093249999983
0 0.41474258479400117 0.7709634148906476 0.029170629995331036 0.07989242081523414
0 0.5533154413577032 0.754886753384761 0.052901458847093547 0.03571703963989253
0 0.4396157127081675 0.7246077418075448 0.03269798010383494 0.07770948351454016
0 0.3325916669943121 0.7421576674826649 0.024920300254252816 0.04995040200480324
0 0.5066057343800581 0.8298570688264442 0.05073948244258831 0.04180125996254055
0 0.41665376249999986 0.6017714648148148 0.0363695623958332 0.0625614525
0 0.8051470385416667 0.2629701648148148 0.028654866249999956 0.044057370000000005
0 0.5208033656250001 0.9260344648148149 0.05179913322916659 0.043176192499999884
0 0.45963588333333333 0.9654403361574073 0.035267513958333475 0.0691193276851852
0 0.3500374108746186 0.6522329269605806 0.042262280793561285 0.07153006995510078
0 0.5525609042977657 0.6793350518004967 0.04477891484553164 0.04665559352863648
0 0.4993123052083333 0.3502042648148148 0.027552728541666602 0.04229512249999998
0 0.5263140541666667 0.07440495231481481 0.04298221010416666 0.05991802750000002
0 0.4880150812500001 0.9692889683989224 0.04243123052083338 0.05903685000000025
0 0.37846947360185107 0.8930216724362647 0.027230045745368633 0.08452794725710046
0 0.5289283763817872 0.8624906397060907 0.03939544901357443 0.07173256238566333
0 0.683648352691818 0.5439609706251547 0.05523853521771625 0.06357779384032053
0 0.47754539791666667 0.4559423398148148 0.023695335833333313 0.08811474000000007
0 0.8423435166666666 0.4898661148148149 0.020389011979166583 0.046700795000000045
0 0.6630453981835276 0.7012570486825449 0.03861589546277872 0.0332530591523964
0 0.8500583020833333 0.023544708657407407 0.024797473541666667 0.047089417314814815
0 0.3845436578248072 0.7978045545401985 0.040374765519866546 0.05202720322647986
0 0.5167002434459695 0.5628860337045375 0.04138834564193914 0.06631576972055453
0 0.5219049677083333 0.9953991617824074 0.036369562395833256 0.00920167643518518
0 0.4450329604166667 0.7929806398148148 0.02810379739583328 0.0378893424999999
0 0.4296033895833332 0.9804195742824074 0.025899521979166687 0.03916085143518528
0 0.5793533586735992 0.8682934264935763 0.0460109492153015 0.07044175335752327
0 0.5472534208333334 0.7246923398148148 0.044084347812500015 0.03172131500000001
0 0.4815748959256557 0.7004714115914674 0.03437285939868857 0.04576940016080187
0 0.7526302313101271 0.584041994616945 0.027219518245254076 0.0715858203957399
0 0.4733739762091775 0.6484808700714845 0.04731314689752152 0.046683681986660806
0 0.3989935605790601 0.3427761185208293 0.029704649699786857 0.08182320258797117
0 0.6899769510416666 0.08233533481481482 0.023144266979166755 0.07930328750000003
0 0.6034610156249999 0.4462490648148148 0.050696995520833475 0.044057370000000054
0 0.525211559375 0.3832476148148148 0.05841178093750005 0.04317619249999999
0 0.3973667989583333 0.9440976898148148 0.023144266979166637 0.07577868500000012
