0 0.522531 0.382787 0.026543200000000024 0.04426229999999999
0 0.5252067305765625 0.3332312736202901 0.05358757303988105 0.03733970149343402
0 0.6225938791610108 0.3902111742811776 0.051987577338245515 0.0397133965410695
0 0.454938 0.993443 0.03209880000000005 0.013114799999999885
0 0.7033998329649022 0.6984398738842159 0.033960465929804 0.06908883861900267
0 0.529012 0.67582 0.027160499999999983 0.07950819999999999
0 0.39256819968166246 0.6262875955969444 0.035754299363324867 0.0640499911938889
0 0.5375491746493438 0.4666766264247703 0.06611379755671894 0.035576238001030026
0 0.48424473443862714 0.9669213242275342 0.04385621013509149 0.06451800728263651
0 0.49771856013670734 0.027388220955282806 0.028413955933682348 0.05594366795124882
0 0.573765 0.337705 0.030246900000000035 0.0393443
0 0.563272 0.2983217045747146 0.05740740000000002 0.0393443
0 0.552469 0.522951 0.03827160000000001 0.0606557000000001
0 0.6285453160477668 0.3463114762295082 0.05160940916230364 0.034310361265127466
0 0.475617 0.45696699999999996 0.03765430000000005 0.04672130000000003
0 0.583951 0.508197 0.04938270000000004 0.04590159999999991
0 0.535185 0.5642865568620719 0.030864199999999994 0.07049180000000001
0 0.6010582973369529 0.23597978275255344 0.03245130656066185 0.0859324609303922
0 0.5430142793662336 0.23142853273538752 0.06088474126753285 0.037142534529224995
0 0.5013006900265011 0.9478541901253111 0.04581178005300239 0.06292178025062223
0 0.832716 0.477459 0.029629600000000075 0.04672130000000003
0 0.6625507464401137 0.3917601393270964 0.04197238728265774 0.06962537407947803
0 0.539815 0.617213 0.054938299999999926 0.04754099999999996
0 0.22438299999999997 0.519262 0.030246900000000035 0.03360660000000008
0 0.560494 0.726639 0.05432099999999997 0.041803299999999946
0 0.4406875015836081 0.5630523047292078 0.06038700316721602 0.05405160030898628
0 0.585494 0.621721 0.05493830000000007 0.05327869999999997
0 0.444444 0.94959 0.04320989999999994 0.06147540000000003
0 0.7383817135624718 0.4265622419363145 0.05410167287505663 0.040318716127371104
0 0.43262245403658456 0.4924406638614711 0.04549130807316904 0.05537272772294217
0 0.462037 0.421311 0.045061699999999934 0.06393440000000002
0 0.3390102802953914 0.4020233380224873 0.036218984364294424 0.07141465774611616
0 0.6472381373521426 0.6530961269762252 0.05449922784887854 0.06364724480302125
0 0.576205232148859 0.8027037072289933 0.04517757696011896 0.057042467243155204
0 0.4533805224015901 0.7360955768152947 0.04385625519681984 0.08518574636941044
0 0.6753928513299076 0.219631225229594 0.04214300265981494 0.0688484413097588
0 0.46528680210232054 0.13955886197107542 0.044799674833559476 0.054759196493863176
