0 0.5833188146855407 0.793384556862072 0.025308599999999966 0.03852459999999998
0 0.49339580593853016 0.15680635936185733 0.044169541248141674 0.05631260957428548
0 0.526852 0.8553280000000001 0.03765430000000005 0.05
0 0.571605 0.8922130000000001 0.05802469999999998 0.03360659999999989
0 0.575926 0.925 0.05555560000000003 0.03852459999999998
0 0.6197530000000001 0.05942619999999999 0.04074070000000003 0.035245900000000004
0 0.527469 0.758607 0.024074099999999935 0.07459019999999991
0 0.5058577384542047 0.7753347237404514 0.030233976908409222 0.0637842474809029
0 0.5784273793339151 0.9530877755793493 0.05638291181242327 0.03614699626212325
0 0.495679 0.8643439999999999 0.024691400000000033 0.05
0 0.3193070906857992 0.9108660200841129 0.029086678301337966 0.04334391897691193
0 0.48148100000000005 0.817623 0.029629599999999933 0.08278689999999997
0 0.530864 0.9553280000000001 0.04938270000000004 0.031967200000000036
0 0.548457 0.8147540000000001 0.030246900000000035 0.07213110000000003
0 0.6121774683278393 0.08548407616084457 0.05959506334432173 0.04050724767831089
0 0.488889 0.34053470457471463 0.04074069999999996 0.04508200000000001
0 0.552469 0.106148 0.05555560000000003 0.0319672
0 0.49356255594337795 0.25536629542528544 0.03333329999999994 0.06803279999999996
0 0.514815 0.925 0.05432099999999997 0.03852459999999998
0 0.4844501685330618 0.09811391588490258 0.025864060839635484 0.07413522719509054
0 0.550617 0.04057380000000001 0.05802469999999998 0.03688520000000001
0 0.556481 0.764344 0.035185199999999965 0.07131149999999994
0 0.68179 0.9877049999999999 0.04753090000000005 0.02459019999999991
0 0.4190904725744942 0.848933474901296 0.03571214514898842 0.053055717779589624
0 0.474074 0.309836 0.04938270000000004 0.04426229999999999
0 0.40512839463437794 0.9679381425283733 0.034947389268756 0.040794585056746616
0 0.461728 0.0639344 0.028395100000000045 0.026229499999999996
0 0.46448655980705833 0.6018562937752125 0.025346980385883296 0.0733375124495752
0 0.432407 0.756557 0.04259259999999998 0.06393440000000007
0 0.5129630274691359 0.0192623 0.04938284506172849 0.0385246
0 0.446914 0.24959 0.05432099999999997 0.03688520000000002
0 0.671126966118936 0.027037613108981756 0.03552466776212837 0.03444927378203648
0 0.336728 0.59918 0.03641980000000002 0.07049180000000001
0 0.5429966856554198 0.3064524600399107 0.034994728689160315 0.057587779920178536
0 0.506173 0.711475 0.05308640000000005 0.04918030000000007
0 0.569136 0.185246 0.034567900000000006 0.04426229999999999
0 0.7839510000000001 0.873361 0.024691399999999895 0.06803279999999996
0 0.666049 0.706148 0.025925899999999925 0.06967210000000008
0 0.20246900000000004 0.321721 0.027160499999999983 0.0647541
0 0.662346 0.802459 0.028395100000000045 0.07213109999999993
0 0.35046381351884165 0.32245060971804995 0.028702172962316596 0.05181908056390008
0 0.269753 0.363934 0.028395099999999975 0.07704919999999996
0 0.944444 0.711885 0.058024700000000116 0.03852459999999998
