0 0.505526684617995 0.9795919415908505 0.02598453076401013 0.03917701681829885
0 0.6411223018809385 0.565760394418934 0.04121299623812293 0.07667571116213202
0 0.6076529714562731 0.8632541791541498 0.05481234291254606 0.05273805830829951
0 0.449449117495637 0.18248200430435155 0.029289988135867154 0.06590029488455924
0 0.5296395029668411 0.9729398520448889 0.02961059406631766 0.052479995910222385
0 0.5743390733776097 0.9852070685091409 0.035272470528731205 0.027946518719423306
0 0.3716954554682955 0.589773443614282 0.022041289063409023 0.03028931277143603
0 0.6369499384218862 0.22259026018367523 0.047088423156227924 0.040065079632649575
0 0.49077947359575974 0.6451375965796926 0.050694947191519575 0.05124055656166851
0 0.5562051068030509 0.8919128047978715 0.027153927651735583 0.08010919040425729
0 0.5487348779506819 0.13990657079864385 0.027861509045956967 0.07809605074671701
0 0.401852 0.838525 0.05555560000000003 0.0393442999999999
0 0.38179 0.10901599999999999 0.03271610000000001 0.04426229999999999
0 0.42612942711847973 0.8074693811024805 0.033268907381552554 0.07418663475667327
0 0.6694736184684248 0.7800531995622693 0.021662936936849696 0.09125399912453867
0 0.31624170513864647 0.22618254662046172 0.025541389722707034 0.05583260675907646
0 0.5486391725421756 0.9574498149472149 0.040462366802404476 0.06870617010557047
0 0.5589793706289187 0.02708779542528538 0.03888889999999997 0.0491803
0 0.4805202202944218 0.610925988878637 0.045133259411156354 0.05027872224272599
0 0.5716097879031737 0.07337568123551626 0.05062697580634726 0.054948062471032524
0 0.3535647340184862 0.13196292163762766 0.03361127270376834 0.08025062226418332
0 0.513889 0.691803 0.05617279999999996 0.04426229999999999
0 0.569136 0.67541 0.024691400000000033 0.08032789999999992
0 0.7024866640811841 0.6157154334992705 0.0506533281623683 0.037988066998540765
0 0.49382699999999996 0.03975410000000001 0.04197530000000002 0.05327869999999999
0 0.437654 0.0336066 0.025925900000000064 0.0655738
0 0.6041883032803309 0.5528837955797785 0.028776777189580466 0.08211327743541325
0 0.10925899999999998 0.857377 0.029629600000000006 0.04262289999999994
0 0.5484454786374507 0.8123766200326151 0.05623424471592011 0.04377306668955453
0 0.508642 0.8782789999999999 0.039506200000000075 0.07295080000000005
0 0.632099 0.8450819999999999 0.04197529999999995 0.06885250000000008
0 0.56821 0.365164 0.035185199999999965 0.03852459999999998
0 0.4731742199486135 0.8266241408956311 0.0543569719895288 0.05510219990987879
0 0.6346149896483744 0.0946356601493434 0.0579314207032513 0.04679427970131319
0 0.5154613706289186 0.30866444313792807 0.06049379999999993 0.04426229999999999
0 0.35 0.0295082 0.04691359999999995 0.057377
0 0.3637371902478831 0.7036327398957171 0.05463408049576627 0.04497037979143418
0 0.6744213161883523 0.6838471026371127 0.05701348552129766 0.05621790527422535
0 0.3223773511731627 0.9595742854690585 0.05009372374119323 0.05407261179297907
0 0.41801265510632796 0.47427037429834346 0.04422128978734407 0.0662130514033131
