0 0.6359697937218872 0.011755012927309695 0.04971798744377443 0.02350992585461939
0 0.464815 0.527869 0.025925900000000064 0.03934430000000009
0 0.4099026744808116 0.11280663279323928 0.028342051038376923 0.07438693441352141
0 0.275 0.865574 0.03148150000000002 0.06393440000000007
0 0.5865967488922385 0.8508672651925276 0.05467519778447691 0.04435773038505522
0 0.5092638678629534 0.11810245845723724 0.04568893572590673 0.06243531691447451
0 0.660494 0.418033 0.027160500000000126 0.036065600000000024
0 0.560494 0.162705 0.025925900000000064 0.07622950000000002
0 0.5278687721121638 0.43806070616978016 0.028576744224327683 0.06300681233956032
0 0.31209423133074937 0.10079424077710002 0.04764616266149865 0.047490181554200005
0 0.54784 0.389344 0.024074099999999935 0.05081970000000002
0 0.440432 0.521721 0.04135800000000006 0.06147540000000003
0 0.560185 0.627049 0.021604899999999955 0.06885250000000008
0 0.573765 0.0942623 0.030246900000000035 0.04590160000000001
0 0.582099 0.336066 0.023456799999999976 0.07049180000000001
0 0.477778 0.0688525 0.029629599999999933 0.0393443
0 0.301235 0.868033 0.022222199999999987 0.03934430000000009
0 0.463889 0.0188525 0.03271610000000001 0.034426200000000004
0 0.421296 0.570902 0.05864199999999994 0.041803299999999946
0 0.408642 0.0209016 0.03580250000000006 0.0401639
0 0.560494 0.0381148 0.023456799999999976 0.0762295
0 0.618519 0.331967 0.04197529999999995 0.07377049999999997
0 0.605247 0.428689 0.03271610000000001 0.07213109999999998
0 0.56142 0.4282790000000001 0.03641980000000002 0.07131149999999999
0 0.649074 0.354508 0.05864199999999994 0.04672130000000003
0 0.485185 0.211066 0.027160499999999983 0.0647541
0 0.447839 0.761475 0.029012299999999974 0.05245900000000004
0 0.6709879999999999 0.266803 0.04074069999999996 0.0598361
0 0.474691 0.8922130000000001 0.027160499999999983 0.048360700000000076
0 0.525617 0.0590164 0.04382720000000004 0.06721310000000001
0 0.532407 0.598361 0.04876539999999994 0.0540983999999999
0 0.788889 0.8827869999999999 0.020987700000000026 0.032786900000000146
0 0.566358 0.777049 0.04753090000000005 0.04262289999999994
0 0.495062 0.562295 0.03950619999999993 0.07377049999999997
0 0.6142144869030529 0.9199451265027323 0.027193573806105768 0.07267805300546451
0 0.763272 0.755738 0.025308600000000105 0.040983600000000016
0 0.831173 0.0155738 0.038888900000000115 0.031147499999999998
0 0.50216 0.485656 0.03765430000000005 0.07295080000000005
0 0.357716 0.552869 0.05 0.05327869999999997
0 0.401235 0.757787 0.05679010000000006 0.03360660000000008
0 0.375 0.279508 0.03888889999999997 0.07213110000000003
0 0.44814800000000005 0.140984 0.05061729999999996 0.05409839999999999
0 0.565123 0.9286889999999999 0.05370370000000001 0.04262289999999994
0 0.523148 0.9454920000000001 0.04135800000000006 0.06475410000000018
0 0.521605 0.202869 0.03950619999999993 0.04508200000000001
0 0.6166669999999999 0.08073770000000001 0.05308639999999998 0.05000000000000001
0 0.722531 0.18483600000000003 0.040123500000000034 0.054918000000000015
