0 0.6732863026041666 0.35441673611111113 0.07015343203125006 0.0477474046296297
0 0.742731215463341 0.254174495432363 0.07521225649959835 0.03377643308694826
0 0.6036722635416666 0.062336489814814815 0.051805503749999815 0.030588229444444438
0 0.628965467111351 0.6910606122551792 0.1026699095793815 0.03546216511927098
0 0.5739907885416665 0.6427661333333334 0.0938975629687499 0.03954081092592598
0 0.43800256510416663 0.758031075 0.05288481421875003 0.06714481620370373
0 0.9813642770932413 0.44126915493468405 0.037271445813517566 0.04563404577878005
0 0.5840053740365766 0.33761566078846483 0.058642498071824416 0.061231507904334403
0 0.7472172338541668 0.6233682666666667 0.058281191718749764 0.06639873740740751
0 0.6282349987390112 0.8283460790636908 0.06257318237498204 0.06270332333992472
0 0.8203603197231061 0.475805364689754 0.04366774998087107 0.039230242750121574
0 0.7407827361651534 0.2872396220932293 0.08861034551088061 0.037738111269399084
0 0.8298045877279294 0.8238899775389992 0.05499710959622466 0.07120871010718703
0 0.9724614152539147 0.37151169429005604 0.04382306829425436 0.06578036447544346
0 0.45932905961844966 0.9482124225238614 0.04476643815893411 0.015045778285610717
0 0.9323138213541664 0.8870980648148148 0.059360502187499976 0.06416059203703715
0 0.5167889072916666 0.4159661888888889 0.05288481421875003 0.058938222500000005
0 0.7310376812012997 0.5164914149724753 0.056026129166790756 0.06982997201309583
0 0.904441011888156 0.7587005946583342 0.08920249502577135 0.03894903364629493
0 0.8438114119791666 0.6185197101851853 0.05072619328124996 0.04476318046296302
0 0.8718738338541667 0.8124929157407407 0.0723118781250001 0.050731628796296176
0 0.9145059854166665 0.9382031425925925 0.09497687343749976 0.03357236259259271
0 0.8934582947916667 0.8785186592592594 0.07231187812500034 0.04849348342592592
0 0.7887688510416666 0.09926607046296296 0.09821463000000001 0.034318441388888885
0 0.9709305929932716 0.7019598652949977 0.0533600510967896 0.0688723977433383
0 0.7493917981697652 0.8260237337548048 0.06803258754863807 0.06676742763047545
0 0.7306195973808817 0.34368558825721923 0.06610129017843012 0.03399640845906601
0 0.6409069885416666 0.7222207490740741 0.10253187187499992 0.029842150648148113
0 0.8963924949018849 0.46371340178278686 0.047001452767205736 0.06101049192983231
0 0.9289666781002307 0.2129450199324367 0.08852146437887308 0.03421369785894468
0 0.9559570453235336 0.6452072847219653 0.08808590935293263 0.03316580444495832
0 0.6964898166666667 0.6554486537037038 0.06691550062500014 0.06043028907407404
0 0.6290350979166667 0.10113122194444443 0.0960561839062502 0.044017192685185204
0 0.9288779227046235 0.30324339877997286 0.10213751098216406 0.03940456487476054
