0 0.6713012256712895 0.4407280911132909 0.027863363998828796 0.009209598152507627
0 0.699631225 0.36132062962962963 0.01950521390625006 0.020570721111111138
0 0.7366724453476267 0.40187327960643654 0.016013181023496515 0.01987843189823806
0 0.8061355140625 0.545522025925926 0.017028347812500046 0.01636307037037044
0 0.8387992703125 0.44360340000000004 0.020434007343749862 0.010285374814814825
0 0.7602134347024749 0.3264041759108188 0.018488349131121733 0.011632524452041187
0 0.69390338125 0.40257894074074074 0.020434007343749984 0.017064369259259242
0 0.69204559375 0.37125534074074074 0.0229108734375 0.017064369259259242
0 0.685698821875 0.3367758814814815 0.027554991093750068 0.012155419629629634
0 0.7045379450632185 0.43702612305437577 0.018360930498562786 0.020167400187544773
0 0.6965350796875 0.5376911259259259 0.028174170000000012 0.009116571851851905
0 0.6669674687500001 0.4238509037037037 0.0229108734375 0.02033698333333331
0 0.582599640625 0.49865355185185184 0.028174170000000012 0.01098664518518517
0 0.7509508822967543 0.47283100526675675 0.013462673843991269 0.02242516168870873
0 0.6412725494343376 0.4199451288902916 0.01361847081882459 0.018798052219416557
0 0.6791970671875001 0.39170910740740744 0.025697354062499993 0.0098178422222222
0 0.6835315703125 0.4762129 0.02631653296875006 0.013324222592592605
0 0.6552487612866009 0.3295920272811546 0.01662629648929818 0.020445518030283404
0 0.6338397671875 0.3702032925925926 0.021672465468749992 0.01870067629629633
0 0.6545833890625 0.39486496666666665 0.02786460562499992 0.014259259259259291
0 0.7106177044935932 0.4212923396553262 0.014673292961207807 0.017725751545967543
0 0.6629429312500001 0.5191076037037037 0.013003459218750043 0.020570721111111138
0 0.6231584921875 0.3529053851851852 0.025697354062499993 0.009350338148148138
0 0.6576795343749999 0.378735462962963 0.02786460562500004 0.007714031111111052
0 0.6896723130753302 0.4228444802286219 0.022084774474339614 0.010194581764978363
0 0.6772263657671733 0.3227160956004599 0.030099445049820636 0.007265374673555519
0 0.7813673546875 0.3803718555555555 0.01764757687499999 0.01846690999999999
0 0.499470671875 0.27576501703703704 0.019195599374999973 0.014025492962962953
0 0.7110864109375 0.3439055111111111 0.028793399062499957 0.010051608518518539
0 0.7163834625755469 0.3255549788343807 0.014000013588593893 0.02197222248357633
0 0.677029815625 0.5344186259259259 0.014551481718750026 0.018934414074074
0 0.643282684375 0.3458923962962963 0.02198208000000008 0.008882805555555567
0 0.6155728609375 0.3626062444444444 0.024768510468750074 0.010051608518518539
0 0.6711474906249999 0.3093094111111111 0.02260125890625003 0.015661799999999986
0 0.6689802390625 0.49853662592592585 0.017028347812500046 0.019635712962963014
0 0.641270415625 0.3101276074074074 0.024768510468750074 0.009350338148148138
0 0.6946772921875 0.5484440333333332 0.025697354062499993 0.010051608518518433
0 0.6550103331246503 0.3859561130893021 0.032583528281949485 0.011973863451025421
0 0.5866246796875 0.5111597777777779 0.017028347812500046 0.012155419629629634
0 0.657834015625 0.3649439074074074 0.01950521390625006 0.017064369259259297
0 0.6959156500000001 0.3324513333333333 0.026316532968749938 0.013324222592592605
0 0.5270255125 0.43530508148148145 0.014241917343749992 0.012389185925925972
0 0.643282684375 0.36377493333333333 0.017028347812500046 0.02220702814814812
0 0.682757659375 0.31340010740740737 0.014861096250000117 0.011687915555555572
0 0.6850793921875 0.3789693148148149 0.02260125890625003 0.016129332592592662
0 0.6443665609375001 0.49947174814814815 0.011765051250000031 0.02431086777777788
0 0.52609661875 0.5179386296296297 0.01795719140625002 0.02290832703703708
0 0.7569081578125001 0.5480935407407407 0.013313073750000015 0.01122041148148151
0 0.5617895107034937 0.4248214295124231 0.02830793843676247 0.009980430604783532
0 0.6369359125 0.29516696370370366 0.02538773953125002 0.012155419629629634
