0 0.463797508750652 0.5007967155622258 0.05918988947139637 0.038582047979681386
0 0.39784 0.9950820000000001 0.04135800000000006 0.008196720000000077
0 0.46198041401495393 0.563842298314477 0.05308640000000005 0.03114749999999992
0 0.5309903097852547 0.4503695928076657 0.051738733585463416 0.040152063518817865
0 0.3936086169846238 0.5198757222878252 0.035644318058971045 0.07339258352739388
0 0.430556 0.540574 0.024074099999999935 0.08442620000000008
0 0.49537 0.00778689 0.021604899999999955 0.0155738
0 0.458951 0.994672 0.03765430000000005 0.010655699999999909
0 0.6122586734133194 0.44495489870699606 0.033524732811685 0.07060740415608416
0 0.5511794698298009 0.8149650585520705 0.06726926272389923 0.024575710622571863
0 0.450309 0.595492 0.05123460000000006 0.035245900000000004
0 0.533951 0.992623 0.03703699999999995 0.014754100000000183
0 0.505556 0.607787 0.028395100000000045 0.040163900000000086
0 0.5668807832155855 0.7859708594783473 0.05513445868836086 0.04086980383303331
0 0.6872709090844216 0.8210982130271014 0.05127706429743809 0.0483181195726334
0 0.570988 0.757787 0.04320989999999994 0.02868850000000006
0 0.505556 0.734426 0.027160499999999983 0.07213109999999993
0 0.814198 0.831967 0.04197529999999988 0.05737700000000003
0 0.48858 0.685656 0.025308599999999966 0.07950819999999999
0 0.5185917355616213 0.7906068073178244 0.05394619418754019 0.032545505993556295
0 0.535494 0.281148 0.05123460000000006 0.04426229999999999
0 0.5726392776777952 0.1775917613368737 0.05972926937054428 0.03733552604479336
0 0.522839 0.677049 0.04320989999999994 0.057376999999999935
0 0.5527431160319944 0.3192793707053799 0.06561444607894283 0.03680491594320015
0 0.665134581569665 0.18891966750585482 0.038227309523809275 0.06419813571428568
0 0.767901 0.0213115 0.025925899999999925 0.0409836
0 0.457716 0.029508200000000002 0.033950600000000046 0.0491803
0 0.48487699999999995 0.327869 0.021604899999999955 0.06885249999999998
0 0.413272 0.720492 0.027777799999999943 0.06885250000000008
0 0.464815 0.23770499999999997 0.05555560000000003 0.040983600000000016
0 0.569136 0.227049 0.05555560000000003 0.036065600000000024
0 0.465432 0.903689 0.05061729999999996 0.035245899999999816
0 0.444753 0.340164 0.04382720000000004 0.04426229999999999
0 0.676852 0.920902 0.03765429999999991 0.035245899999999816
0 0.511728 0.254508 0.04938270000000004 0.04672130000000003
0 0.498457 0.870492 0.05 0.0459016000000001
0 0.479938 0.8422129999999999 0.05246909999999995 0.04672129999999994
0 0.650309 0.159426 0.03271610000000001 0.06967209999999999
0 0.34321 0.772131 0.03333329999999994 0.04262289999999994
0 0.494136 0.925 0.05370370000000001 0.048360700000000076
0 0.380556 0.393033 0.06728400000000001 0.033606599999999986
0 0.4685190000000001 0.760656 0.04691359999999995 0.05081969999999993
0 0.402778 0.8811479999999999 0.05617279999999996 0.03934430000000009
0 0.64321 0.027049199999999995 0.03209879999999998 0.05245899999999999
0 0.666049 0.890574 0.05308640000000005 0.04180330000000013
0 0.52963 0.402459 0.029629599999999933 0.06557380000000002
0 0.5294588162257495 0.13557544607728336 0.03984796754850096 0.05671880784543327
0 0.5875384239063727 0.9313131874087938 0.0582567521872547 0.0422909251824127
0 0.59321 0.41475399999999996 0.04197530000000002 0.07049179999999997
0 0.6546907058946271 0.30017909373701224 0.054816988210745946 0.043904712525975484
0 0.40463 0.327869 0.035185199999999965 0.06557380000000002
0 0.5338900035273368 0.042674192622950816 0.050496007054673726 0.04272538524590162
0 0.746296 0.242623 0.0493826999999999 0.05081970000000002
0 0.724383 0.144262 0.040123500000000034 0.06721309999999998
0 0.199074 0.631557 0.04382719999999997 0.05
0 0.8530860000000001 0.22909799999999997 0.05308640000000005 0.06639340000000002
0 0.684877 0.693033 0.03271610000000001 0.0647541
0 0.339198 0.134016 0.04259259999999998 0.0598361
0 0.360494 0.9606559999999998 0.044444399999999974 0.05245900000000004
0 0.285802 0.163115 0.04938270000000004 0.04426229999999999
0 0.6061989219266215 0.5033479565920111 0.04738306381498872 0.041560840452551345
0 0.6196748391584073 0.5665550681135996 0.061293688054251456 0.035211267605633784
