0 0.46975300000000003 0.8754099999999999 0.029629599999999933 0.03114749999999992
0 0.6991511361111112 0.8252051631147541 0.028857827777777924 0.07254147377049187
0 0.508642 0.0327869 0.05061729999999996 0.0426229
0 0.57716 0.877869 0.05555560000000003 0.03934430000000009
0 0.522222 0.153279 0.022222200000000056 0.04426229999999999
0 0.488889 0.22582000000000002 0.025925900000000064 0.03852459999999998
0 0.725 0.9270490000000001 0.048765400000000084 0.049180299999999885
0 0.6533950000000001 0.377049 0.05617280000000003 0.03442619999999998
0 0.584259 0.770902 0.026543200000000024 0.041803299999999946
0 0.56358 0.834836 0.05185190000000002 0.04344260000000006
0 0.545988 0.516393 0.04135800000000006 0.057376999999999935
0 0.548148 0.183197 0.028395100000000045 0.06967209999999999
0 0.477778 0.269262 0.03580250000000006 0.07622950000000002
0 0.498148 0.9409840000000002 0.028395100000000045 0.07213109999999993
0 0.475926 0.844672 0.04814809999999998 0.040163899999999995
0 0.637963 0.9700819999999999 0.033950600000000046 0.035245899999999816
0 0.566049 0.941393 0.04567900000000003 0.05327870000000016
0 0.497222 0.764754 0.06111110000000003 0.027868900000000068
0 0.35648100000000005 0.636885 0.03271610000000001 0.07213109999999993
0 0.444753 0.19221299999999997 0.030246900000000035 0.04508199999999999
0 0.539198 0.670902 0.04135800000000006 0.06147540000000003
0 0.39537 0.0221311 0.05370370000000001 0.0344262
0 0.533333 0.9270490000000001 0.04938270000000004 0.05081970000000011
0 0.46975300000000003 0.47950800000000005 0.04691359999999995 0.055737700000000015
0 0.698457 0.9581970000000001 0.036419799999999884 0.06229510000000014
0 0.680556 0.712295 0.05864199999999994 0.03770490000000005
0 0.386111 0.788525 0.031481499999999954 0.06885250000000008
0 0.480864 0.11311499999999998 0.04567900000000003 0.06393440000000002
0 0.198457 0.32582 0.05123459999999999 0.035245900000000004
0 0.819136 0.328279 0.0493826999999999 0.056557400000000035
