0 0.537346 0.705328 0.07098770000000003 0.0647541
0 0.639506 0.996311 0.04197529999999995 0.007377049999999905
0 0.543827 0.23442599999999997 0.05679010000000006 0.027868899999999974
0 0.473765 0.46352499999999996 0.06234569999999995 0.035245900000000004
0 0.4668347596770959 0.2817853736388116 0.0231199806458083 0.07413475272237678
0 0.4990740000000001 0.579918 0.030246900000000035 0.06639339999999992
0 0.593827 0.661475 0.059259300000000036 0.03442620000000007
0 0.675 0.257787 0.030246899999999893 0.03688520000000002
0 0.55 0.0344262 0.04320989999999994 0.0590164
0 0.509259 0.531967 0.06049379999999993 0.03934430000000009
0 0.437963 0.244672 0.05370370000000001 0.033606599999999986
0 0.591049 0.735656 0.03641980000000002 0.05163929999999992
0 0.591975 0.70041 0.05061729999999996 0.041803299999999946
0 0.555556 0.280328 0.05555560000000003 0.040983600000000016
0 0.458025 0.168852 0.06419750000000007 0.0377049
0 0.511111 0.990984 0.05555560000000003 0.018032799999999967
0 0.326852 0.384016 0.022839500000000016 0.06967209999999999
0 0.433333 0.19631100000000004 0.04938270000000004 0.040163900000000016
0 0.522531 0.210246 0.06481480000000003 0.03688520000000002
0 0.528704 0.9004099999999999 0.029012299999999974 0.0663934000000001
0 0.52037 0.0762295 0.05185190000000002 0.034426200000000004
0 0.498148 0.264344 0.04197530000000002 0.06311479999999997
0 0.162037 0.577459 0.02901229999999999 0.07950819999999999
0 0.47121032643847216 0.22551201699710008 0.0461250528769443 0.046105633994200146
0 0.506173 0.896721 0.03827160000000001 0.06885250000000008
0 0.465432 0.556557 0.034567900000000006 0.05245900000000004
0 0.46574100000000007 0.092623 0.05246909999999995 0.0377049
0 0.599383 0.528689 0.03209880000000005 0.07049180000000001
0 0.514815 0.709016 0.027160499999999983 0.0606557000000001
0 0.501852 0.302049 0.04074069999999996 0.06803279999999996
0 0.125309 0.539754 0.03209879999999998 0.04672130000000003
0 0.213272 0.054918 0.022839500000000016 0.02950819999999999
0 0.552161 0.70041 0.035185199999999965 0.07950819999999999
0 0.483951 0.385656 0.03950619999999993 0.0647541
0 0.39537 0.23196700000000003 0.027777799999999943 0.07213110000000003
0 0.358025 0.383607 0.039506200000000075 0.06721310000000004
0 0.364506 0.686066 0.033950600000000046 0.07377049999999997
0 0.290432 0.693852 0.03765429999999998 0.06639339999999992
0 0.47037 0.956967 0.05432099999999997 0.03360659999999989
0 0.559568 0.120902 0.04382720000000004 0.0598361
0 0.317593 0.903689 0.04259259999999998 0.054918000000000085
0 0.577469 0.940574 0.030246900000000035 0.06967209999999989
0 0.357407 0.11434400000000002 0.04320989999999994 0.06967209999999999
