0 0.554012 0.993443 0.020370400000000066 0.013114799999999885
0 0.5907114523452859 0.9655344670486583 0.04528150672721555 0.04449752721624721
0 0.491975 0.288934 0.029629599999999933 0.031967200000000036
0 0.5243197374518361 0.2122505822726323 0.032590374903672295 0.03597706454526473
0 0.659568 0.663115 0.04135800000000006 0.03442620000000007
0 0.617901 0.245902 0.024691400000000033 0.04590160000000001
0 0.46320873992097195 0.7254904951759423 0.032141928823621886 0.05784223195155056
0 0.515432 0.272541 0.025925900000000064 0.04672130000000003
0 0.43411400259888333 0.19854835767463716 0.026834594802233266 0.0619186846507257
0 0.447839 0.631967 0.030246900000000035 0.04426229999999999
0 0.46327199999999996 0.184426 0.030246900000000035 0.04426229999999999
0 0.601852 0.342213 0.03703699999999995 0.041803300000000036
0 0.3562984183062043 0.6486060422601023 0.03555036338759145 0.053607615479795284
0 0.582099 0.543033 0.03703699999999995 0.07295080000000005
0 0.551543 0.49795100000000003 0.021604899999999955 0.08278689999999997
0 0.4173175250786349 0.4566984836248303 0.05315295015726977 0.034707867249660636
0 0.3982049464122827 0.42317246322700214 0.05173740717543442 0.03711447850579506
0 0.520679 0.609016 0.033950600000000046 0.07377049999999997
0 0.3685852449103562 0.2780022318706275 0.05075118982071249 0.029773963741255134
0 0.550309 0.338934 0.05123460000000006 0.03852459999999998
0 0.573765 0.654098 0.03271610000000001 0.040983600000000016
0 0.539506 0.8901640000000001 0.04938270000000004 0.0459016000000001
0 0.567593 0.433607 0.025308599999999966 0.08196720000000003
0 0.559568 0.927869 0.029012299999999974 0.03442620000000007
0 0.512346 0.410246 0.03580250000000006 0.07295079999999995
0 0.626543 0.516803 0.04938269999999997 0.05
0 0.245679 0.0409836 0.020987700000000026 0.0786885
0 0.570679 0.945902 0.040123500000000034 0.06885250000000008
0 0.602778 0.405738 0.05246909999999995 0.04754099999999996
0 0.273148 0.0372951 0.024074100000000005 0.0729508
0 0.591049 0.471311 0.04506170000000007 0.040983600000000016
0 0.42993024391759066 0.3556226541897254 0.03576675503656531 0.06908179162054928
0 0.5482093334041047 0.5872793751801191 0.03592386680820941 0.06800155036023803
0 0.560185 0.372131 0.05740740000000002 0.04262290000000003
0 0.491358 0.780328 0.024691400000000033 0.07868850000000006
0 0.482407 0.705328 0.03888889999999997 0.05819670000000005
0 0.669444 0.261066 0.03765429999999991 0.06967209999999999
0 0.430247 0.694672 0.04074069999999996 0.0598361000000001
0 0.705556 0.372541 0.05185190000000002 0.033606599999999986
0 0.452778 0.413115 0.030246900000000035 0.07540979999999996
0 0.516975 0.9840160000000001 0.05246909999999995 0.031967200000000036
0 0.6350654962864669 0.5478752855017228 0.05329434359125585 0.049702075963245225
0 0.446296 0.564344 0.03580250000000006 0.08442620000000008
0 0.639198 0.0504098 0.029012299999999974 0.0729508
0 0.509259 0.48688499999999996 0.04938270000000004 0.06229509999999996
0 0.557099 0.8237700000000001 0.04506170000000007 0.06557380000000002
0 0.602161 0.764754 0.03888889999999997 0.0754098000000001
0 0.140432 0.282787 0.020370399999999997 0.07868849999999997
0 0.271605 0.08811480000000001 0.04814809999999998 0.0401639
0 0.6418613028544469 0.9688001776495769 0.057018194291106494 0.036169844700845874
0 0.3652451214378391 0.8507674710921999 0.052713342875678235 0.035961142184400066
0 0.3833842673134387 0.23880655823326719 0.048045565373122566 0.0568132835334656
0 0.339198 0.05327869999999999 0.029012299999999974 0.0770492
0 0.504938 0.154098 0.04074069999999996 0.0606557
0 0.564815 0.0856557 0.04814809999999998 0.06147540000000001
0 0.710494 0.568033 0.03950619999999993 0.06065569999999991
0 0.48242510025949514 0.9919599039365146 0.019658724541951684 0.012530019839198117
