0 0.5051243952285619 0.3863233452031266 0.015411592147703245 0.01572610862228348
0 0.4389706079299148 0.27874964636110644 0.02351978564011278 0.007827680380154755
0 0.388062781697041 0.42629644889055934 0.016173084460121365 0.01711665911726625
0 0.42455238690437036 0.43428096296511987 0.02247933250005474 0.014188292185263802
0 0.3804506361035832 0.34300316910272927 0.027685247917293883 0.009440668177173574
0 0.43847463006741977 0.3412882653610476 0.012487504742725383 0.00973365141291343
0 0.5493137538580247 0.2688638433515483 0.01268267746913582 0.008158773527625998
0 0.511042639728018 0.40000338174667155 0.02289998304851733 0.01031421322107633
0 0.4459544552432654 0.33000709794009025 0.014832873653795767 0.016506837419134442
0 0.3790250155846132 0.4198297298403904 0.018952319039106887 0.01599536245855857
0 0.452235915865896 0.2967733299181594 0.011387740185862564 0.01717579301115314
0 0.4881223060788871 0.28955387186963716 0.02108546992698083 0.011450199132135741
0 0.4672993165244492 0.2546120322749622 0.012880885378842894 0.017439238901389296
0 0.5125410604029703 0.24969296839041136 0.015425177220425645 0.008680170933997053
0 0.48080763429411616 0.345750378075251 0.014865674195756285 0.01885700963359427
0 0.47166691151557505 0.22520159841533177 0.024973596023124323 0.01051212194113523
0 0.540675186673396 0.2350284616334381 0.023552957657168014 0.010819493927718169
0 0.46316524858191527 0.40845955244862353 0.022513485707930117 0.012409950934541156
0 0.4704526859833971 0.3132038659631933 0.014747299382716092 0.01724007076607416
0 0.39997464282158507 0.4030765859725405 0.02071541467542808 0.010802877176489025
0 0.4597405909376248 0.35099375247333015 0.018343748216629586 0.014968617358169923
0 0.45172975723655084 0.23034602522300668 0.01646575613500379 0.015389363757887693
0 0.49767532505346973 0.21945735840725014 0.024191733900853406 0.008852313213587593
0 0.470831504763553 0.2952663052862226 0.02545291870642341 0.008942301534610375
0 0.5712278912945945 0.21422450327397122 0.015831254447848053 0.004374932473868345
0 0.4358740151477691 0.2872486326638311 0.02255321910695744 0.010588900967329043
0 0.5891734182098766 0.22846856394665688 0.01355131172839504 0.009316317437853014
0 0.44080294321510777 0.35747674251077977 0.011702402437748442 0.01873269838329579
0 0.48302152944517435 0.38495158571053983 0.024832403790804727 0.011221942764143952
0 0.5011869508397286 0.37240915779167144 0.017005894783672558 0.011145024806226953
0 0.4297686143700637 0.36211934365890175 0.013123514301050557 0.01713542786244136
0 0.500973727416942 0.2968510918855814 0.014245666272130997 0.01263241805906232
0 0.5340383638211381 0.2693781052393857 0.011853427996085427 0.01813510706828378
0 0.46145222951589776 0.2836894446592623 0.020799079843082897 0.014110090523450408
0 0.4429827214685519 0.4053605117053529 0.013841235396229596 0.01792428856793951
0 0.5139817964222726 0.23986423845908622 0.01920208319017848 0.011722274602836659
