0 0.546605 0.709836 0.04629629999999999 0.057376999999999935
0 0.46975300000000003 0.382787 0.05802469999999998 0.036065600000000024
0 0.458951 0.338115 0.03271610000000001 0.035245900000000004
0 0.508333 0.555738 0.025308599999999966 0.07049180000000001
0 0.38858 0.679918 0.025308599999999966 0.06967210000000008
0 0.46296300000000007 0.591393 0.028395100000000045 0.07295080000000005
0 0.437018977614379 0.587391725048216 0.024654855228758127 0.07642195009643198
0 0.634568 0.013524599999999998 0.05061730000000003 0.027049199999999995
0 0.591667 0.379098 0.05 0.03852459999999998
0 0.605556 0.465164 0.024691400000000033 0.03688519999999993
0 0.561728 0.238115 0.05185190000000002 0.03852459999999998
0 0.182407 0.39877 0.022839500000000016 0.03852459999999998
0 0.498765 0.595492 0.03827160000000001 0.05819670000000005
0 0.711111 0.473361 0.03827160000000001 0.06639339999999992
0 0.287963 0.484836 0.017901200000000016 0.06639339999999992
0 0.516358 0.238115 0.033950600000000046 0.040163899999999995
0 0.46049399999999996 0.722951 0.05802469999999998 0.040983600000000016
0 0.558025 0.42418 0.029629599999999933 0.0647541
0 0.676235 0.485246 0.022839499999999874 0.07213109999999993
0 0.474383 0.0258197 0.022839500000000016 0.05163929999999999
0 0.468827 0.770902 0.04135800000000006 0.0647541
0 0.367593 0.8405739999999999 0.024074099999999935 0.03524589999999991
0 0.294444 0.740984 0.023456799999999976 0.04262289999999994
0 0.470679 0.277049 0.05123460000000006 0.02950819999999999
0 0.535185 0.570082 0.03703699999999995 0.06803279999999996
0 0.614815 0.05327869999999999 0.03827159999999994 0.07049180000000001
0 0.571605 0.023770500000000003 0.044444399999999974 0.0393443
0 0.419444 0.65041 0.05 0.040163900000000086
0 0.535185 0.134016 0.05679010000000006 0.025409799999999996
0 0.517284 0.49180299999999993 0.030864199999999994 0.07213109999999993
0 0.19784 0.412295 0.03888889999999997 0.06721310000000004
0 0.521914 0.728689 0.033950600000000046 0.06885250000000008
0 0.188272 0.3540927793749495 0.027160499999999983 0.06311479999999997
0 0.566975 0.967623 0.035185199999999965 0.06311479999999989
0 0.578704 0.313525 0.03271610000000001 0.06311479999999997
0 0.596296 0.976229 0.034567900000000006 0.04754099999999996
0 0.569753 0.8672130000000001 0.029629599999999933 0.05245900000000004
0 0.358951 0.665984 0.035185199999999965 0.07295080000000005
0 0.245988 0.0889344 0.025308600000000035 0.0745902
0 0.5 0.652049 0.05679010000000006 0.045081999999999914
0 0.516358 0.806557 0.027777799999999943 0.07704920000000004
0 0.628704 0.42950800000000006 0.05246910000000002 0.050819699999999975
0 0.512963 0.97418 0.03827160000000001 0.048360700000000076
0 0.553704 0.293033 0.05061729999999996 0.06803279999999996
0 0.476235 0.127459 0.029012299999999974 0.07622950000000002
0 0.362654 0.417623 0.04259259999999998 0.05163930000000002
0 0.13642 0.959426 0.025925899999999995 0.0663934000000001
0 0.185802 0.9159839999999999 0.04814809999999998 0.035245899999999816
0 0.529012 0.0598361 0.034567900000000006 0.057376999999999984
0 0.69321 0.290164 0.04197529999999988 0.06721310000000004
0 0.41450600000000004 0.8614749999999999 0.04876539999999994 0.0540983999999999
0 0.714506 0.92459 0.040123500000000034 0.04754099999999996
0 0.421296 0.945902 0.035185199999999965 0.06229510000000014
