0 0.7125096208333334 0.37974181944444446 0.016959875937499903 0.03838416620370371
0 0.6098419239583334 0.34451837037037036 0.013325620312499946 0.03657784537037038
0 0.6660214302083334 0.7037490694444445 0.02634837781249999 0.023482060648148013
0 0.5319248752289547 0.7708850559010942 0.018005035666242897 0.032214597913299614
0 0.7144780083333333 0.3241974675925926 0.00938850187499997 0.043803128703703675
0 0.7005516210445448 0.6071614600418269 0.023915803327576885 0.0324130502867167
0 0.7144780083333334 0.4375438657407407 0.01605133656250004 0.032965258796296366
0 0.6838899927083334 0.6563336296296295 0.020291268750000077 0.02799789027777769
0 0.6741986770833334 0.7965486851851853 0.020896994375000113 0.032965258796296366
0 0.7229730765636955 0.38924389155667155 0.015970252715071118 0.03926173158260429
0 0.6110532770833333 0.7893232916666667 0.017565601562500057 0.033868391666666754
0 0.7100869145833333 0.8078382592592591 0.02422838718750005 0.015805238425925877
0 0.7111466645833333 0.7098456157407407 0.013022757499999926 0.03838416620370371
0 0.4297945692708333 0.732424212962963 0.017868464375000018 0.02212733379629623
0 0.6793468052083332 0.36619399999999996 0.020291268750000077 0.0338683916666667
0 0.5698648177083333 0.4136099907407408 0.01695987593750002 0.041093675
0 0.5910647239583333 0.32284274074074076 0.024228387187499933 0.02212733379629628
0 0.6808613645833332 0.4781856712962963 0.026348377812500108 0.02664316342592596
0 0.6637498364583332 0.5258269907407407 0.034525477499999964 0.019869474074074054
0 0.6679898177083333 0.7649382083333334 0.02604551499999997 0.027546296296296298
0 0.6599641739583333 0.6662684768518519 0.02029126874999996 0.033416797685185254
0 0.5821304427083334 0.5506638333333334 0.02634837781249999 0.01715996527777777
0 0.6728357208333333 0.40141744907407406 0.025439838437499893 0.02303052175925923
0 0.5910888070070608 0.8063400542187394 0.02660307452754521 0.017898350358817504
0 0.6902499645833333 0.7051037962962963 0.014234159687500044 0.04425472268518507
0 0.6163530083333334 0.6999107685185184 0.013022757499999926 0.02664316342592601
0 0.5117169239583333 0.6077887916666667 0.01574847374999996 0.019417880092592554
0 0.5637586955623751 0.7383967562705238 0.012817773666916684 0.036374312458952285
0 0.6437617739583333 0.30229584814814814 0.013325620312500064 0.046061043518518516
0 0.6061626835255417 0.3875201762367504 0.017544438200177127 0.033804794913553884
0 0.5647161989583334 0.459445375 0.015142748124999984 0.01715996527777777
0 0.6976696864583334 0.5163439027777779 0.025439838437499893 0.02257892777777773
0 0.7040296583333333 0.6868152592592592 0.014537022500000062 0.018514747222222374
0 0.7744436677083333 0.703974949074074 0.012417031874999889 0.024836842592592622
0 0.6936113919743441 0.38529596313562536 0.016112092594521718 0.0386551896971767
0 0.6720614623323252 0.4249216658742528 0.026382531689515907 0.01937329232556848
0 0.6272561677083334 0.6676232037037038 0.013628483124999964 0.03522311851851854
0 0.6540585208333334 0.7358113055555555 0.010902766874999989 0.044254722685185176
0 0.6773784177083333 0.5106991157407408 0.027256966249999928 0.021224200925925838
0 0.7040296583333332 0.7787113564814815 0.023016984999999934 0.027997890277777902
