0 0.629183216410468 0.6925129762394022 0.02609145918589585 0.024322521068948104
0 0.514951362159343 0.3622498385084083 0.014209741562500018 0.020956286481481463
0 0.48842236934329875 0.1990548250127218 0.023522348350786614 0.03632108458221853
0 0.6121879374999999 0.6196639805555556 0.0211696111458334 0.04656954129629614
0 0.6319162076563238 0.20758518795797978 0.011223596896142258 0.05613043308976739
0 0.5915801037816917 0.6487858879033903 0.009533295480050085 0.026810024140113728
0 0.6012495807200667 0.22137837486198136 0.02203383844008838 0.041130416130416146
0 0.5326587687338165 0.33097200050483344 0.019433728311254346 0.04781224630414169
0 0.45237833536348393 0.07333393754531166 0.019385281143634477 0.04596504953506778
0 0.6146683393056004 0.2127012016024539 0.01858883771709318 0.046140451124831776
0 0.5544787291666666 0.01862587814814815 0.011309811562500017 0.015717179351851854
0 0.5178075293614464 0.38104077553331556 0.02033222360937721 0.035581206551919486
0 0.6001528145833334 0.6301420527777779 0.020879608750000025 0.03376291388888886
0 0.6031003210368145 0.5844463060197521 0.02449301658215184 0.02968627249753284
0 0.5029852022002822 0.10327972076640142 0.02095629498067127 0.03912029882791403
0 0.681108437991094 0.5864304554408414 0.016913431398854564 0.05228500310390479
0 0.5772524780501147 0.07775633945541745 0.019157749537729293 0.04549605872564973
0 0.6033272344151975 0.6937988483916504 0.02432804862206197 0.023696578449967427
0 0.5771475802725803 0.2153185972858104 0.0230910664938443 0.04381020364626927
0 0.63209124282128 0.6201940135943972 0.013005340337242306 0.0525366455089273
0 0.5029162842938771 0.5363494177387365 0.02728727083902515 0.025059634077422708
0 0.6627870771576281 0.5893854869070633 0.012359112245950618 0.05448244719444317
0 0.6975997513537161 0.6766926371206108 0.013322725938401092 0.055920397610630085
0 0.577959564176309 0.6216548417033662 0.019447469251548572 0.03243298178159448
0 0.7089116071735617 0.6516511408435697 0.01478246758829395 0.049293642699734304
0 0.5894401887960384 0.29937996069497513 0.02479900300331283 0.029673475704116364
0 0.6523080592019587 0.4152368518134238 0.016445277908006397 0.03374816505652776
0 0.5150213617958795 0.48318027320452084 0.020793843369986693 0.04454801383007594
0 0.6346357659307404 0.6646231520803418 0.016317259305111284 0.030159926125495173
0 0.5071420803395392 0.4401296716040272 0.026295353499265595 0.03593789350997717
0 0.6140259858107846 0.035699765283849424 0.02109119814895462 0.04210988048269581
0 0.533784354243945 0.49006543141801234 0.02075272410046818 0.04612617275631229
0 0.5087198253897983 0.6169496221220302 0.018955300719521576 0.03764898591072718
0 0.5676803521022699 0.41356307495175854 0.026113384412873232 0.03137367684796162
0 0.5748469123722565 0.04444976784526313 0.018887497584019166 0.04226282000642952
0 0.610704360864854 0.39128713999340975 0.01765037809146269 0.04514333763938967
0 0.6572010469620901 0.21629769715254743 0.023355508763977895 0.035074734840444016
0 0.5732440972580441 0.6746764607888402 0.01130899159760202 0.05059084382341144
0 0.5724706962824802 0.1582276801509612 0.023992380169938106 0.039226724267216476
0 0.6032935624864969 0.07509143465809046 0.015178564327417732 0.052916076290761484
0 0.6792745634305042 0.34284638578154153 0.017764082800077456 0.030782209125269824
0 0.6134959851105684 0.3099604800936767 0.01896120212092427 0.052294756700494396
0 0.6026178114583334 0.7165865037037037 0.020589653333333402 0.007567520277777678
0 0.5890944071473123 0.0637401391063297 0.012879858544881747 0.051198065264764454
0 0.6160754226994591 0.35762794164862655 0.02679795396763846 0.03139175782081965
0 0.6496977926356879 0.17703230637619846 0.020281334825501554 0.04548152796744891
0 0.5845974181486765 0.6593297933437008 0.01461303049082178 0.05728595792566222
0 0.5489666654547217 0.4204114572902659 0.0214839121043673 0.04693524955734213
0 0.525791267218451 0.4626844433121119 0.012681447077660005 0.045109543416169455
