0 0.5086579478820775 0.9929513762860372 0.0504150869093231 0.01621648914641042
0 0.384622768154871 0.008768867624573932 0.048747374092409354 0.017846131006330146
0 0.46689283933245634 0.6086243560848339 0.05656715139647844 0.05705031139030709
0 0.4544169973487149 0.628054723324823 0.04711284467381768 0.054022238381259524
0 0.6603909465020575 0.8312841530054645 0.05740740740740734 0.03688524590163944
0 0.5887317784908472 0.9897717887083098 0.03814895502341417 0.022929671254946212
0 0.5953634003322539 0.7150901402176835 0.0289993006645078 0.050156546582459736
0 0.5553549061036902 0.7131104885402669 0.05369685311003163 0.042470234959240336
0 0.538015092563921 0.6598000202073815 0.02766002603049321 0.08011329829346939
0 0.537139896090535 0.8438523209016394 0.047119298353909454 0.04016365819672136
0 0.5239188471480132 0.434446190708143 0.03055399429602643 0.07708988141628598
0 0.5661523868312758 0.8793717490437158 0.05946477366255139 0.042349398087431746
0 0.6856582860232495 0.32009094172549957 0.055195097774173134 0.04008615531889433
0 0.45680698913850093 0.5528307802562035 0.025467179383390697 0.07188927707605489
0 0.41501659918102923 0.07080829312611589 0.04895509055127732 0.03838659112157117
0 0.5103303096775281 0.7105817902176834 0.041202701160358825 0.06544396233987272
0 0.6170780072016461 0.9247267730874317 0.039095014403292126 0.05491803852459024
0 0.6342134213421343 0.05494237948385002 0.023591248013690207 0.04788183736406429
0 0.5226637830044155 0.2823979897092258 0.05496981166080924 0.03170994375972237
0 0.4272369733803937 0.09832817544229833 0.05323904676078724 0.04583675088459666
0 0.5896090979423868 0.8607922374316941 0.057818841152263364 0.06748656338797798
0 0.5820557252680904 0.20397852753978699 0.05423585053618088 0.035982157556539385
0 0.5706535628971868 0.6616210955970617 0.04266373030762991 0.06930461521992286
0 0.5704252212412908 0.02297923808634962 0.027955326983253825 0.04850670805064113
0 0.40147903679256813 0.144944002596981 0.028969563623028965 0.08375263755883786
0 0.6660493827160494 0.8864754098360655 0.03539094650205771 0.04945355191256843
0 0.6741432125666195 0.7172891255531666 0.04178306147541002 0.05068556686374638
0 0.49205626391418744 0.7676027949475948 0.025467179383390697 0.07502463495476125
0 0.4814308844363489 0.4455567499776046 0.03828509748364027 0.07323300188121475
0 0.4758982802744164 0.09017611433208896 0.04685886054883269 0.04428662866417789
0 0.5797326877572015 0.9360653627049179 0.038065488683127674 0.07322446584699481
0 0.3751028806584363 0.8758196721311475 0.05226337448559668 0.03524590163934426
0 0.23268776413430503 0.5737704918032787 0.03377591427905895 0.051698996951084854
0 0.6034879661876813 0.6550163963764221 0.04850541418066512 0.056087425826390765
0 0.503477519926803 0.6113143784332168 0.04175304892734266 0.06465960647675344
0 0.5340407317292962 0.20387100634198876 0.0470847976930702 0.06491563958358264
0 0.5143004115226338 0.896311475409836 0.04547325102880656 0.060382513661202064
0 0.3872360520812251 0.7260593030547343 0.04621196788774204 0.05822807489026248
0 0.40236625514403296 0.8387978142076503 0.047530864197530866 0.057923497267759624
