0 0.6095564441926078 0.7636603194030976 0.031504011614784534 0.06448246119380481
0 0.5246323825247944 0.5791765678769124 0.035505843530543583 0.03724283735971303
0 0.4650056495457068 0.4384188758334868 0.03475496530031909 0.03815580147356778
0 0.5714472805303603 0.1652854149046504 0.06017926106072055 0.04204542980930078
0 0.4971216534886947 0.41559219009025605 0.057220141489804456 0.04374654632529014
0 0.4310687099840477 0.3532787545081967 0.058239886177001016 0.036212798590900715
0 0.541975 0.981967 0.023456799999999976 0.036065599999999934
0 0.5267373371861562 0.36603897805765334 0.026078661735330872 0.08022633565113277
0 0.3068906702767374 0.2606833298075152 0.04088634818282695 0.040615139998158016
0 0.574383 0.986885 0.031481499999999954 0.02459019999999991
0 0.50463 0.788525 0.05493830000000007 0.036065599999999934
0 0.33083645443196 0.2773300792042733 0.03953391593841032 0.05825198010683367
0 0.6410246365115556 0.4894233336916979 0.051738502482455616 0.040463400000693615
0 0.501235 0.8266389999999999 0.05308640000000005 0.04344259999999996
0 0.5239040060468632 0.09231766477082637 0.03054925673973293 0.07883071261291402
0 0.4731411946139399 0.5430047493278385 0.052366228468357055 0.033854244158885646
0 0.483025 0.970902 0.04135800000000006 0.056557399999999945
0 0.41035835393605213 0.31967657989961323 0.04980534707310302 0.036111310471541716
0 0.6265218143465305 0.36103752847654047 0.048786937505321426 0.032023303702656825
0 0.6959880000000002 0.458607 0.05493830000000007 0.040163900000000086
0 0.457716 0.8487699999999999 0.05 0.04672129999999994
0 0.455556 0.952049 0.027160499999999983 0.06967209999999989
0 0.614506 0.9840160000000001 0.040123500000000034 0.031967200000000036
0 0.6172839506172839 0.3016534765404183 0.03767560664112396 0.07080271339739964
0 0.47380011097239566 0.3065711917480199 0.05600638091274789 0.0577914901455148
0 0.6824070000000001 0.523361 0.05864199999999994 0.04344260000000006
0 0.7840074225554797 0.6893040329880318 0.03200030296144812 0.07819571557879909
0 0.5659582116150164 0.12330203272833726 0.05450397676996723 0.05339563454332553
0 0.5268014613252708 0.01599615255938441 0.04743008314436888 0.03199230511876882
0 0.7501136105430584 0.727144724932113 0.05396500795273798 0.05380669817962382
0 0.434568 0.160246 0.06172839999999999 0.030327900000000015
0 0.6598518241971522 0.7574273845846324 0.04210806106566676 0.06213406719802865
0 0.4187473990844778 0.45473383680235774 0.04577611319184352 0.058021735126174305
0 0.4314688838498362 0.5421393594695703 0.04432075860647286 0.06295811916420815
0 0.3824526443574063 0.6314060646613341 0.03951075379646803 0.07208248426047023
0 0.2255860729643501 0.34559771596979183 0.04820363434595644 0.044667526247927816
0 0.126852 0.55082 0.038888900000000004 0.057376999999999935
0 0.20161139120845872 0.07022072025990723 0.03432260610886325 0.05453204067594249
0 0.428395 0.095082 0.05308640000000005 0.05573769999999999
