0 0.49920202708333333 0.16179691851851857 0.021489849583333272 0.15548270222222219
0 0.6572655838541667 0.7212148740740741 0.042414162343750186 0.07213105777777781
0 0.5588806187581306 0.24667794561939552 0.04351247446290548 0.12998511024269035
0 0.49043634375 0.03401333037037037 0.03675897734375001 0.06802666074074074
0 0.47318806614583336 0.0548512414814815 0.03053816390624995 0.109702482962963
0 0.5221056729166667 0.5753499851851852 0.04806934734374989 0.08816035555555563
0 0.6000541906374913 0.1281220490507526 0.03694515783960099 0.15230454782442066
0 0.5619745072916668 0.44951976296296303 0.027145034583333328 0.07052828444444444
0 0.5718716307291667 0.49039478518518526 0.03562790369791659 0.13624766222222215
0 0.5430295276041667 0.3781908740740741 0.04467621802083326 0.08816035555555551
0 0.4416294092574799 0.8074938795457144 0.026236679712876427 0.11966238427661438
0 0.4950438384247923 0.9994468836314758 0.04790303877541534 0.0011062327370485424
0 0.608615680799492 0.9216531717819401 0.026609260692682688 0.14571780458426795
0 0.38326926875000006 0.3020513185185185 0.047503902135416706 0.06411660444444438
0 0.6368950958326252 0.5304816432139711 0.0537478648972493 0.06569215060909486
0 0.5547208601121187 0.6326141651175899 0.024301277349444206 0.1321612131981427
0 0.5892719167922738 0.5283598839947918 0.04215227598038058 0.08679778538298759
0 0.5042912171874999 0.6250386962962963 0.041848625520833356 0.11060113777777779
0 0.5936765934608339 0.7593831489027169 0.024843746283213265 0.08802131042252347
0 0.4426492609375 0.02359437481481479 0.03732442255208337 0.04718874962962958
