0 0.3366099270833333 0.2546466737962963 0.035750372500000085 0.03652777777777782
0 0.2599128036458334 0.8702293685185185 0.027020669531250027 0.04970174000000001
0 0.4773800812702881 0.8761656897839828 0.025155732725404552 0.05135653083841358
0 0.4114362411458333 0.3028514324074074 0.019953683749999958 0.05748632083333331
0 0.369981285025105 0.5953609340962768 0.019410671812859093 0.05914774936397756
0 0.3858237607032643 0.40703836611203464 0.0325253894619505 0.044644483714780955
0 0.14517858333333333 0.9322067796296296 0.02120082265625006 0.03473134166666669
0 0.3014900810367856 0.7565704038387935 0.02035487662434541 0.06071251119610542
0 0.276380962766778 0.5305399894328056 0.02059759598242472 0.055180975540894205
0 0.3769339425383294 0.5486930068762393 0.03812179216293584 0.03133585224314825
0 0.3120833333333334 0.9519683074074075 0.034087587968749965 0.02634792444444448
0 0.3261032036011873 0.8017742449068085 0.03930454821429213 0.027763476943246594
0 0.35406946770833336 0.8627440962962962 0.017459473281250127 0.029940796666666727
0 0.3203975927083333 0.8313068296296298 0.021616535624999975 0.029341960277777815
0 0.3524880624004746 0.8277882234436057 0.03680750459114428 0.02627143909220127
0 0.3765171598958333 0.2932703424074074 0.029099167031249942 0.035928941388888906
0 0.35739490208333335 0.43339294351851854 0.014965262812499939 0.03233606916666666
0 0.34016124719531077 0.7518023786655015 0.041190564911454904 0.026669639706034122
0 0.4954078364583333 0.41003927407407403 0.030761951562500063 0.03832421388888889
0 0.3946003036458333 0.8914878046296295 0.030346238593750147 0.04790530388888888
0 0.2761707091995714 0.25466747461775174 0.03940031014252388 0.028185889142910876
0 0.4351311395833334 0.2525508560185185 0.021616535624999975 0.03233606916666668
0 0.39218775694860347 0.6865903079167216 0.030663558926822414 0.04006539811379334
0 0.3601306828373038 0.39368799287454026 0.018072012260167015 0.05117283481078316
0 0.3440190105602499 0.9243132316896547 0.043567229361195815 0.026247185589247966
0 0.2082997139118503 0.8968941305564725 0.03629854649921616 0.02997556240924121
0 0.2828964042351354 0.8368931189561114 0.03557511774110414 0.02655199523592547
0 0.3335520334934358 0.44540765228981316 0.026328537121746366 0.04337788605249176
0 0.28732619062687337 0.869376192811051 0.03536599454015897 0.02921358500019751
0 0.3462779556431806 0.5472289024603282 0.024867871608919026 0.0481095183962169
0 0.2511830333333333 0.7441785824074074 0.027852028124999963 0.04790530388888888
0 0.44672507841424036 0.5273141900969007 0.02411074609375004 0.05748632083333342
0 0.33708660624250975 0.9540412379848434 0.020907917537102822 0.023398640234017137
0 0.38524693020833334 0.916937437962963 0.026604956562499994 0.034132505277777676
0 0.5544380005208335 0.9576564129629629 0.020785109687500025 0.01616799805555552
0 0.4147616755208334 0.9435844518518517 0.030761951562499945 0.041917086111111085
