0 0.6526967255208334 0.5492603240740741 0.0528189663541666 0.05176074305555542
0 0.45875319062500003 0.20134560185185188 0.04951769739583334 0.04881983333333335
0 0.5495354130208334 0.5419078703703704 0.06107187135416676 0.03705597916666668
0 0.5388061552083333 0.5889625694444446 0.07097541083333331 0.02293942592592594
0 0.29534492291666664 0.35574497685185186 0.04456592765624994 0.05176074305555558
0 0.3939671911458333 0.4907349074074073 0.03548770541666677 0.04881983333333327
0 0.4748464088541667 0.5633768055555556 0.07675249781250007 0.02117486574074079
0 0.3108794808208851 0.6414235436721536 0.051458597212396026 0.04904380262208503
0 0.5095089307291666 0.31457166666666664 0.03548770541666677 0.054113513888888874
0 0.5445832421875001 0.3107490509259259 0.03631302265625003 0.031174087962962935
0 0.8297234630208334 0.8162987731481481 0.06849959281249991 0.03882061111111107
0 0.3035967583333334 0.16164235185185183 0.049517697395833456 0.024703986111111114
0 0.21776670677083326 0.7832933159201109 0.03961415791666679 0.027056756944444437
0 0.6399058458333333 0.744539513888889 0.0387888406770833 0.05293716435185203
0 0.29410688020833337 0.7124832175925927 0.04539124489583344 0.031174087962962935
0 0.36838275781249996 0.8148284259259259 0.07015009359374993 0.033526858796296174
0 0.769889634375 0.4330921296296297 0.05777073609374999 0.02882131712962969
0 0.4414219296875001 0.3998596990740741 0.06107187135416663 0.04352608101851853
0 0.4571020213541666 0.4616193055555556 0.04951769739583322 0.032938648148148134
0 0.6262873760416666 0.5674936342592594 0.07592718057291682 0.02470398611111109
0 0.4360566322916667 0.18634640972222222 0.043740744114583424 0.04705527314814817
0 0.44472293125000006 0.5827869675925925 0.06107187135416676 0.036467840277777726
0 0.38571401875000005 0.5916097685185184 0.05529478437499999 0.04234973148148158
0 0.2978196713541667 0.6824849768518519 0.09243312427083339 0.019410305555555535
0 0.37663593020833347 0.6336657175925927 0.025584165937499983 0.039408750000000034
0 0.32340410468749997 0.3201595601851852 0.07757781505208344 0.020586655092592592
0 0.33495827864583344 0.290162037037037 0.0412647923958333 0.044114291666666625
0 0.32753135937499994 0.614254837962963 0.05446946713541661 0.049996182870370484
0 0.9502160364583333 0.6430762268518518 0.03218657015624989 0.02882131712962969
0 0.34527440989583325 0.7774777314814815 0.0751018633333332 0.022351215277777742
0 0.2799951240721314 0.7385869849232386 0.05710841237657067 0.04691442817981068
0 0.2524114012166067 0.7657597081236851 0.07168427217760596 0.037304608654927546
0 0.3473373687499999 0.4575024768518518 0.05777073609374987 0.04470250231481477
0 0.5573754588541665 0.7895361574074073 0.05529478437499999 0.04764341203703703
0 0.528078234375 0.36309743055555554 0.06932491005208329 0.033526858796296334
0 0.2755375765625 0.6386651851851851 0.0412647923958333 0.04705527314814817
0 0.6341287588541668 0.32574745370370367 0.06024655411458326 0.036467840277777774
0 0.4756713250000001 0.3472163888888889 0.035487705416666654 0.054701724537037075
0 0.24169997083333328 0.2713395833333333 0.042915426874999815 0.04764341203703703
0 0.4125129156669061 0.6928737135276367 0.07423045742756215 0.025689660907689645
0 0.39314227500000004 0.84217875 0.04704187937499995 0.007058290972222347
0 0.31061188802083334 0.5539655787037037 0.05529478437500011 0.04705527314814827
0 0.4187267083333333 0.6698388425925926 0.06684895833333329 0.01999851620370384
0 0.2049744901041667 0.667780787037037 0.06189718859375013 0.03823240046296298
0 0.25119118593749995 0.41691687499999996 0.04209010963541668 0.022351215277777794
0 0.41790045520833347 0.6471937731481481 0.07675249781250007 0.024115847222222337
0 0.345129641595223 0.39012132203678584 0.04510023761752926 0.05476802953753945
0 0.34444949375 0.49191175925925934 0.06024655411458326 0.04999618287037043
0 0.4236775421875001 0.5307320833333333 0.03878884067708318 0.054701724537036964
0 0.5185870192708333 0.41897564814814814 0.05529478437500011 0.04764341203703713
0 0.19053110416666666 0.5916097685185184 0.034662388177083156 0.05999547685185196
0 0.5874989364583334 0.7654200231481482 0.051168331874999966 0.04881983333333332
