0 0.234375147605799 0.12900616819354918 0.09133532014037253 0.07243093264906675
0 0.24848677637306107 0.8242875546837295 0.04819130361665091 0.13218818597916965
0 0.3045873397435898 0.39303531673750247 0.09196813667299786 0.12468814705836566
0 0.5242072501187084 0.8446782854996654 0.08534643083254198 0.09703175353790117
0 0.3670998616379098 0.9768316130337986 0.07717501952253467 0.04633677393240271
0 0.41347761356441926 0.7816310833216572 0.10521154835390926 0.07312537947783855
0 0.6576543497692604 0.325097637766817 0.06162031280715811 0.08378754668617502
0 0.4364696477326685 0.027532406434387303 0.07099940151155432 0.055064812868774606
0 0.4630400927487729 0.9973889486299784 0.058218118830879344 0.00522210274004351
0 0.07852965980136138 0.5397548281257297 0.0746781269784743 0.08062541839864241
0 0.9700475580729166 0.4196035611111111 0.05990488385416673 0.13893812740740744
0 0.42009931940487505 0.8535845817181199 0.1074187836340613 0.06515658812448413
0 0.22273569810462193 0.20178432425700188 0.10410793071383348 0.06187532109663265
0 0.3465176735597947 0.6992716531307602 0.06988151085811391 0.1112810830710653
0 0.416236657664609 0.3569413794311335 0.09895771506014567 0.07218787461273787
0 0.6261083375132309 0.3773511352957981 0.07063231288654445 0.11761881047265427
0 0.31326924203070594 0.0973650696760524 0.08578809825894271 0.08321285723843266
0 0.2573157174936689 0.6517866595052386 0.07394238188509034 0.1040630400261548
0 0.6194862397119342 0.10545569936792616 0.10153282288698963 0.06890660758488638
0 0.26596072234093066 0.36280078483801154 0.08828941120607799 0.11859436543521246
0 0.5806752866146329 0.6633651912035284 0.10189989659108889 0.07434344257387167
0 0.27718083501503643 0.2360032518331699 0.0952789895932258 0.09656300110535083
0 0.5791528939771536 0.39029817181457543 0.061332111553547244 0.13859998069012416
0 0.38662291765590384 0.27233156535581393 0.050766411443494516 0.12046937516541345
0 0.15743832106679345 0.09279938368906944 0.06621705840455831 0.1429694919278253
0 0.00661170918240875 0.9906343955055193 0.0132234183648175 0.018731208988961297
0 0.1535756593265276 0.7354589687154578 0.045248323243114896 0.13921947246742328
0 0.30550702111031974 0.4905358227079539 0.05628449964387438 0.06937536001743667
0 0.4530239123338083 0.4678013297292668 0.048191303616651145 0.08109417083119276
0 0.3084500014838555 0.8266313168464807 0.06290620548433026 0.11250058381205913
0 0.47531000366129017 0.7109806099246299 0.05659276768533346 0.11932540570388268
0 0.547751093106996 0.26483152643501 0.06033109765748653 0.08296918056139375
0 0.35498587864039255 0.035735574004016626 0.10006133270022192 0.07147114800803325
0 0.06428433641975305 0.22599400871459696 0.06278935185185214 0.12990508589592495
0 0.44290741729977856 0.12139328207463454 0.07651748971193394 0.10921931678420749
