0 0.550309 0.9959020000000001 0.03765430000000005 0.008196720000000077
0 0.3899894726768112 0.736116406150718 0.05455067470571348 0.04257211843944594
0 0.6161620463226146 0.8722992736529419 0.05039280735477082 0.03408895269411631
0 0.5737335431247339 0.6301393368381383 0.027841713750532168 0.08070452632372337
0 0.550926 0.11229499999999999 0.026543200000000024 0.02950819999999999
0 0.48347710564168817 0.9754161872442495 0.028108388716623547 0.04588892551150075
0 0.561728 0.343033 0.05679010000000006 0.035245900000000004
0 0.456481 0.30082 0.04753090000000005 0.05081970000000002
0 0.56821 0.387705 0.04382720000000004 0.03770489999999995
0 0.477778 0.460656 0.024691400000000033 0.0393442999999999
0 0.421605 0.43319700000000005 0.022222200000000056 0.06967210000000003
0 0.548871775798212 0.6422886787073676 0.026138951596424053 0.07965855741473517
0 0.612037 0.393852 0.03765430000000005 0.04344259999999996
0 0.570062 0.292213 0.05123460000000006 0.040163899999999995
0 0.41570259444205193 0.9704727464639723 0.03757748888410374 0.05676704996187579
0 0.43580199999999997 0.691393 0.06172839999999999 0.041803299999999946
0 0.4685190000000001 0.682377 0.04074069999999996 0.04672130000000003
0 0.446296 0.22131099999999998 0.04938270000000004 0.04426229999999999
0 0.669444 0.631148 0.022839499999999874 0.07377049999999997
0 0.456481 0.9684429999999999 0.026543200000000024 0.06147540000000003
0 0.51142 0.258197 0.05740740000000002 0.036065600000000024
0 0.510494 0.970902 0.027160499999999983 0.056557399999999945
0 0.596296 0.911066 0.04197530000000002 0.0401638999999999
0 0.607716 0.843852 0.05740739999999995 0.03524589999999991
0 0.608951 0.620082 0.04259259999999998 0.05163929999999992
0 0.433333 0.656148 0.04691359999999995 0.03688519999999993
0 0.41234599999999993 0.293852 0.03827160000000001 0.06311479999999997
0 0.39351899999999995 0.0159836 0.03271610000000001 0.0303279
0 0.433333 0.755328 0.023456799999999976 0.05163929999999992
0 0.628395 0.918852 0.027160500000000056 0.07049180000000001
0 0.45679 0.172541 0.05061729999999996 0.05327869999999997
0 0.5062922326849459 0.7703456847757021 0.03727676536989195 0.05544536955140415
0 0.362037 0.4897540000000001 0.05246909999999995 0.041803299999999946
0 0.39537 0.9581970000000001 0.030246900000000035 0.04754099999999996
0 0.610185 0.15041 0.026543200000000024 0.06967209999999999
0 0.439506 0.115984 0.05185190000000002 0.0319672
0 0.571296 0.238934 0.03888889999999997 0.06147540000000003
0 0.411111 0.338934 0.04938270000000004 0.06311479999999997
0 0.329012 0.9856559999999999 0.05432099999999997 0.02704919999999995
0 0.508951 0.15082 0.03888889999999997 0.055737700000000015
0 0.324691 0.377049 0.059259300000000036 0.03442619999999998
0 0.757716 0.22582000000000002 0.03765429999999991 0.0647541
0 0.482407 0.845902 0.035185199999999965 0.07049180000000001
0 0.620062 0.697131 0.04382719999999997 0.06147540000000003
0 0.40463 0.510246 0.04629629999999999 0.06803279999999996
0 0.343827 0.758607 0.03950619999999993 0.06147540000000003
0 0.682716 0.726639 0.06790120000000009 0.04344260000000006
0 0.272531 0.0909836 0.048765400000000014 0.03442619999999999
0 0.517901 0.0622951 0.044444399999999974 0.0622951
0 0.329321 0.190984 0.04135800000000003 0.06229510000000003
