0 0.428395 0.00614754 0.023456799999999976 0.010655700000000002
0 0.44814800000000005 0.24508200000000002 0.05802469999999998 0.036065600000000024
0 0.552778 0.796721 0.040123500000000034 0.03770490000000005
0 0.6003006621020143 0.849611671548749 0.03640322420402863 0.05660064309749774
0 0.29321 0.386885 0.025925899999999995 0.07377049999999997
0 0.537654 0.57418 0.03580250000000006 0.06147540000000003
0 0.6669902490887711 0.3039813363583138 0.02651430182245728 0.07400482728337236
0 0.53858 0.67459 0.05617279999999996 0.03442620000000007
0 0.4853640946235863 0.23003551896996446 0.04109948924717263 0.05351373793992891
0 0.610185 0.672131 0.025308599999999966 0.08032789999999992
0 0.384259 0.075 0.04259259999999998 0.045082000000000004
0 0.584259 0.645902 0.03641980000000002 0.06229509999999996
0 0.644444 0.390574 0.05308640000000005 0.03688520000000002
0 0.6508119654158545 0.6215918895599655 0.032942969168291085 0.05681622088006908
0 0.5472516225602587 0.27168238807572204 0.05129334512051729 0.033528276151444145
0 0.6493829999999999 0.469672 0.023456799999999976 0.08852459999999998
0 0.565432 0.711885 0.04938270000000004 0.040163900000000086
0 0.409568 0.0979508 0.035185199999999965 0.053278699999999984
0 0.514506 0.378689 0.05123460000000006 0.04590160000000001
0 0.396296 0.43729500000000004 0.04814809999999998 0.04672130000000003
0 0.512654 0.610656 0.030246900000000035 0.07377049999999997
0 0.46142 0.045082 0.022839500000000016 0.06721310000000001
0 0.787346 0.9795080000000002 0.045061699999999934 0.03934430000000009
0 0.398148 0.0463115 0.05308640000000005 0.05
0 0.59537 0.361475 0.05123460000000006 0.05081970000000002
0 0.629321 0.8364750000000001 0.03395059999999998 0.06803280000000006
0 0.635185 0.222131 0.059259300000000036 0.04754099999999998
0 0.430247 0.789344 0.044444399999999974 0.055737700000000015
0 0.689198 0.03360660000000001 0.04135800000000006 0.039344300000000006
0 0.34475300000000003 0.104508 0.05246909999999995 0.0336066
0 0.4642867575938354 0.6646053552838596 0.05079511518767088 0.05708041056771922
0 0.595988 0.418443 0.04876539999999994 0.05163930000000002
0 0.7336420000000001 0.647131 0.036419799999999884 0.054918000000000085
0 0.532716 0.0959016 0.05432099999999997 0.0409836
0 0.79784 0.662705 0.038888900000000115 0.06147540000000003
