0 0.564198 0.616803 0.03827160000000001 0.0598361000000001
0 0.608333 0.627459 0.05246909999999995 0.05
0 0.42407399999999995 0.161885 0.05308640000000005 0.04836069999999998
0 0.489506 0.8450819999999999 0.028395100000000045 0.07704919999999996
0 0.53179 0.207787 0.026543200000000024 0.033606599999999986
0 0.52716 0.35 0.027160499999999983 0.03770490000000005
0 0.513272 0.841803 0.021604899999999955 0.06885250000000008
0 0.602778 0.346721 0.054938299999999926 0.0393443
0 0.490432 0.357787 0.05370370000000001 0.035245900000000004
0 0.525926 0.8983609999999999 0.025925900000000064 0.06885250000000008
0 0.4685190000000001 0.413115 0.025925900000000064 0.07377049999999997
0 0.433025 0.23237699999999997 0.026543200000000024 0.07295079999999998
0 0.449074 0.797951 0.03888889999999997 0.06311480000000007
0 0.604012 0.518443 0.027777799999999943 0.07131149999999994
0 0.432407 0.770082 0.040123500000000034 0.06639339999999992
0 0.671605 0.515984 0.05308640000000005 0.03360660000000008
0 0.527469 0.593443 0.05246909999999995 0.04262289999999994
0 0.382407 0.281557 0.030246900000000035 0.0745902
0 0.527469 0.262705 0.026543200000000024 0.07786880000000004
0 0.583951 0.683197 0.05185190000000002 0.05819670000000005
0 0.653086 0.739754 0.028395100000000045 0.07622950000000002
0 0.733951 0.983607 0.05432099999999997 0.03114749999999992
0 0.576235 0.559836 0.05123460000000006 0.05081969999999993
0 0.4077160000000001 0.8176230000000001 0.04382720000000004 0.05163930000000002
0 0.459568 0.129918 0.024074099999999935 0.0745902
0 0.548765 0.777869 0.05308640000000005 0.04262289999999994
0 0.364815 0.601229 0.04567900000000003 0.07295080000000005
0 0.598765 0.9204920000000001 0.04197530000000002 0.0540983999999999
0 0.656173 0.8885250000000001 0.03333329999999994 0.07213109999999993
0 0.4020383230452675 0.7191342213114754 0.02797067901234568 0.035433743169398874
