0 0.4682186326339827 0.1337323198284848 0.05368553473203455 0.0390935603430304
0 0.551543 0.259426 0.05123460000000006 0.03688520000000002
0 0.5724967566081495 0.20129346203449255 0.030314286783700805 0.07282287593101487
0 0.44689926735352886 0.5288471443594238 0.034596365292942285 0.039026611281152236
0 0.47749768072504106 0.8888702010802617 0.040123500000000034 0.06721309999999985
0 0.6087204738457147 0.7215957547616791 0.028544922571897495 0.04548469629489242
0 0.548765 0.230328 0.05679010000000006 0.05245900000000002
0 0.429938 0.281967 0.05370370000000001 0.040983600000000016
0 0.5202348205684008 0.06382311381123851 0.03854285886319846 0.06415717237752298
0 0.400617 0.122951 0.03209880000000005 0.06721309999999998
0 0.586840544706701 0.24813299660049276 0.023064789413401784 0.07987349320098551
0 0.573457 0.661885 0.04567900000000003 0.05163929999999992
0 0.44845699999999994 0.786885 0.031481499999999954 0.05081969999999993
0 0.5149648052879469 0.6669005931228087 0.05155238942410615 0.04980611375438263
0 0.562963 0.578279 0.044444399999999974 0.0598361000000001
0 0.474074 0.8331969999999999 0.044444399999999974 0.04344259999999996
0 0.597531 0.331967 0.05802469999999998 0.03442619999999998
0 0.4990740000000001 0.827869 0.026543200000000024 0.040983600000000016
0 0.543827 0.322131 0.04938270000000004 0.0393443
0 0.500617 0.333607 0.05802469999999998 0.0393443
0 0.553395 0.986885 0.03641980000000002 0.02459019999999991
0 0.58858 0.636475 0.05123460000000006 0.048360700000000076
0 0.512037 0.783197 0.04753090000000005 0.04344260000000006
0 0.575617 0.878689 0.035185199999999965 0.049180299999999885
0 0.495062 0.9631150000000002 0.034567900000000006 0.03770489999999986
0 0.565123 0.297951 0.06111110000000003 0.035245900000000004
0 0.403086 0.669672 0.024691400000000033 0.06393440000000007
0 0.32067899999999994 0.46311500000000005 0.027777799999999978 0.03114749999999992
0 0.551852 0.840164 0.06172839999999999 0.03934430000000009
0 0.537346 0.108607 0.04135800000000006 0.0942623
0 0.423148 0.706967 0.03271610000000001 0.06803279999999996
0 0.441975 0.731148 0.044444399999999974 0.057376999999999935
0 0.535185 0.631967 0.030864199999999994 0.07049180000000001
0 0.437654 0.592213 0.04814809999999998 0.048360700000000076
0 0.452778 0.880328 0.03641980000000002 0.07049180000000001
0 0.604321 0.783197 0.034567900000000006 0.048360700000000076
0 0.407407 0.788934 0.03827160000000001 0.05983609999999991
0 0.447222 0.338115 0.027777799999999943 0.07786880000000004
0 0.38170602151216726 0.1883800351819388 0.025141443024334523 0.043973370363877586
0 0.58642 0.922131 0.05185190000000002 0.03442620000000007
0 0.591049 0.9729509999999999 0.024074099999999935 0.0540983999999999
0 0.576852 0.545492 0.05493830000000007 0.03688519999999993
0 0.439815 0.9545079999999999 0.03765430000000005 0.0663934000000001
0 0.48179000000000005 0.0770492 0.030246900000000035 0.07377049999999999
0 0.6228399999999998 0.815574 0.05308639999999998 0.05081970000000002
0 0.513889 0.522951 0.029012299999999974 0.07704919999999996
0 0.3081459569703133 0.4223444353335544 0.02398477057375285 0.07239663149341409
0 0.604938 0.369262 0.06172839999999999 0.041803300000000036
0 0.703704 0.927869 0.0506173000000001 0.03770489999999986
0 0.4064809999999999 0.375 0.04629629999999999 0.05163930000000002
0 0.486728 0.9258199999999999 0.05123460000000006 0.05327870000000016
0 0.237654 0.39918 0.028395099999999975 0.032786899999999966
0 0.559259 0.77541 0.04691359999999995 0.06393440000000007
0 0.565741 0.721311 0.05370370000000001 0.04426229999999999
0 0.269444 0.443852 0.026543200000000024 0.07786879999999999
0 0.672531 0.803689 0.040123500000000034 0.07131149999999994
0 0.620679 0.889754 0.03641980000000002 0.06311479999999989
0 0.489815 0.179508 0.04876539999999994 0.055737700000000015
0 0.652469 0.862295 0.05308640000000005 0.05081970000000002
0 0.441358 0.43893399999999994 0.04074069999999996 0.05983610000000005
0 0.404012 0.853279 0.031481499999999954 0.0754098000000001
0 0.816358 0.598361 0.05123459999999992 0.03114749999999992
0 0.662346 0.943033 0.05308640000000005 0.05327870000000016
0 0.351235 0.297951 0.05308640000000005 0.03688520000000002
0 0.859259 0.946721 0.04074069999999996 0.06557379999999993
