0 0.6037608865357396 0.6362587977785319 0.034123268998191326 0.07341536883679647
0 0.487037 0.00983607 0.039506200000000075 0.0196721
0 0.598765 0.368033 0.03827160000000001 0.03442619999999998
0 0.418519 0.57459 0.027160499999999983 0.04426229999999999
0 0.4837581124007234 0.4238671712253315 0.03665142480144683 0.06904544245066302
0 0.534568 0.0184426 0.025925900000000064 0.035245900000000004
0 0.357716 0.931148 0.05864199999999994 0.03442620000000007
0 0.321605 0.014754099999999996 0.034567900000000006 0.027868899999999995
0 0.562963 0.0118852 0.028395100000000045 0.0237705
0 0.5 0.404098 0.03209880000000005 0.06393439999999997
0 0.576010174490839 0.5454526633601338 0.030246900000000035 0.06229509999999996
0 0.531482 0.82418 0.025925900000000064 0.06639339999999992
0 0.5689098175690022 0.6852040029393338 0.03378566486199573 0.07877179412133234
0 0.498765 0.0393443 0.05185190000000002 0.0393443
0 0.445062 0.5781275792001671 0.028395100000000045 0.07459019999999991
0 0.637037 0.721721 0.034567899999999936 0.031967200000000036
0 0.469136 0.9262300000000001 0.05679010000000006 0.03114749999999992
0 0.582716 0.590164 0.05679010000000006 0.032786899999999966
0 0.430247 0.647131 0.05061729999999996 0.04672130000000003
0 0.47037 0.625 0.027160499999999983 0.07622950000000002
0 0.35956800000000005 0.027459000000000008 0.024074099999999935 0.05327869999999999
0 0.48425900000000005 0.783607 0.03765430000000005 0.04426229999999999
0 0.49382699999999996 0.952049 0.04567900000000003 0.05163929999999992
0 0.509259 0.879508 0.029629599999999933 0.07704919999999996
0 0.49537 0.697951 0.045061699999999934 0.05819670000000005
0 0.537037 0.9647540000000001 0.04197530000000002 0.05901639999999998
0 0.422839 0.9606559999999998 0.05308640000000005 0.032786900000000146
0 0.582716 0.980738 0.03827160000000001 0.03852459999999998
0 0.5646930165251238 0.1943407863944868 0.06073776694975228 0.04410602721102641
0 0.566358 0.778689 0.04259259999999998 0.06065569999999991
0 0.6445052059349689 0.5198183343844627 0.03321108813006216 0.06856013123107446
0 0.568519 0.82623 0.044444399999999974 0.06885250000000008
0 0.5239402083274357 0.24003344535345095 0.03113118334512853 0.07075290929309805
0 0.4201539460053472 0.17877726291375168 0.06006169201069429 0.032964425827503405
0 0.437963 0.72541 0.04135800000000006 0.06557379999999993
0 0.33796300000000007 0.905738 0.03888889999999997 0.07213109999999993
0 0.303704 0.05327869999999999 0.03209879999999998 0.03278690000000001
0 0.41481500000000004 0.895902 0.04691359999999995 0.05081970000000011
0 0.6830250000000001 0.9618850000000001 0.026543200000000024 0.07622949999999984
0 0.72963 0.052459 0.058024700000000116 0.0327869
0 0.35216 0.596721 0.04629629999999999 0.05081969999999993
0 0.593827 0.9118849999999998 0.04074069999999996 0.06475409999999981
0 0.729012 0.208607 0.03456789999999986 0.0729508
0 0.250926 0.745082 0.04382719999999997 0.04262289999999994
