0 0.5853293942708333 0.3660636425925926 0.011559615729166714 0.02562311499999997
0 0.6072927390624999 0.20063989537037036 0.020036631197916557 0.014641755462962943
0 0.5676044947916666 0.34438247129629634 0.015669680052083378 0.026749374814814812
0 0.5203386510416668 0.4581379416666667 0.01977978598958329 0.017175925925925935
0 0.46906411702731443 0.30975962528216616 0.011762530304628763 0.026728679806038047
0 0.5551459208333334 0.33044489444444447 0.0107889552604167 0.02590466277777784
0 0.569788082107446 0.48193075184691864 0.011302630264274782 0.015204980823466906
0 0.5676416857374951 0.2180764714738432 0.018312347568740013 0.011867660663424756
0 0.6192280623008438 0.42622543287051806 0.020890252958319405 0.015557705437784522
0 0.5545038078125001 0.4750321824074074 0.01926601234374997 0.02055480842592598
0 0.516172218132387 0.35716341498446946 0.013501556993940749 0.02315020651254253
0 0.5575568370602552 0.4240342067525202 0.015492771332724805 0.026732958639573475
0 0.5355515375439595 0.28744201993277485 0.023889850312500016 0.01295233138888892
0 0.5416598828125 0.46165763240740737 0.01823850666666663 0.018020637962962962
0 0.56632026875 0.46123510462962963 0.01977978598958335 0.013797043425925892
0 0.5604691016064595 0.4691504794348409 0.014642174375000039 0.011826037222222238
0 0.532155176969843 0.4816491267774741 0.012073342622813735 0.015768230962355762
0 0.5798063067708334 0.2617411907407407 0.0107889552604167 0.021399520462963006
0 0.5628539431333991 0.44877542123979836 0.02208884894153525 0.012529270164781984
0 0.5184118958333334 0.4264610685185185 0.012330234583333302 0.023652108796296367
0 0.5153295036458334 0.4484235814814815 0.022091684166666663 0.016894343796296226
0 0.5436679005446027 0.38136658153051384 0.024297829319337674 0.012148298102885412
0 0.5432008708333332 0.4458894453703704 0.016697227343750023 0.01351549564814818
0 0.4744856223958333 0.48362014537037035 0.021577952135416703 0.012389201481481552
0 0.5735842509977072 0.4372079820658478 0.022091684166666663 0.01689434379629628
0 0.5649074536458334 0.3830987259259259 0.02311923145833331 0.014641755462962917
0 0.5794886671296627 0.2373510658953684 0.010810829661188136 0.030476691832694875
0 0.5936781119791665 0.43293707962962963 0.020550404843750057 0.01576804962962965
0 0.6550725229166666 0.20275150370370373 0.01644034052083339 0.021681102592592583
0 0.5122471114583332 0.487702862962963 0.024146737135416707 0.004223594537037069
0 0.6111458333333334 0.2120433361111111 0.020036631197916675 0.020554808425925927
0 0.48517404476471115 0.32540761644569394 0.015725792394005702 0.020773818127130625
0 0.5828891151041666 0.47460999814814814 0.020036631197916675 0.01689434379629628
0 0.4851277367622486 0.46426739242819615 0.010769186275293722 0.021863888359146804
0 0.481421525 0.24273499814814814 0.01078895526041664 0.016612796018518516
0 0.5575862 0.2311903712962963 0.023376076666666634 0.014923337592592574
0 0.5438716195532296 0.4802725785089149 0.012587121406250052 0.01830222009259262
