0 0.480556 0.0852459 0.05370370000000001 0.03278690000000001
0 0.46358 0.62541 0.028395100000000045 0.07377049999999997
0 0.6 0.991393 0.03827160000000001 0.01721309999999985
0 0.645988 0.632377 0.03271610000000001 0.040163900000000086
0 0.552469 0.402049 0.05308640000000005 0.030327900000000015
0 0.5055769683695189 0.6272990874599585 0.05880491099758765 0.034265589918974916
0 0.518519 0.102459 0.023456799999999976 0.07377049999999999
0 0.541049 0.0471311 0.026543200000000024 0.07131149999999999
0 0.621914 0.8073769999999999 0.04012349999999996 0.07049179999999991
0 0.499691 0.759016 0.05864199999999994 0.036065599999999934
0 0.535494 0.601639 0.04382720000000004 0.055737700000000015
0 0.565741 0.365984 0.06111110000000003 0.03852459999999998
0 0.530556 0.542623 0.03271610000000001 0.040983600000000016
0 0.345988 0.21516399999999997 0.029012299999999974 0.02704920000000002
0 0.47932099999999994 0.717213 0.031481499999999954 0.0393442999999999
0 0.64537 0.865574 0.03148150000000002 0.07868849999999997
0 0.282716 0.8627049999999999 0.029629600000000006 0.03360659999999989
0 0.436111 0.554098 0.05493830000000007 0.03934430000000009
0 0.615741 0.611885 0.030246900000000035 0.06639339999999992
0 0.275 0.586885 0.05123459999999999 0.03114749999999992
0 0.792284 0.862295 0.027777799999999943 0.07049180000000001
0 0.494444 0.0434426 0.05432099999999997 0.04590160000000001
0 0.582407 0.0737705 0.027777799999999943 0.0770492
0 0.6663580000000001 0.123361 0.048765400000000084 0.058196700000000004
0 0.43209900000000007 0.8258200000000001 0.028395100000000045 0.06803280000000006
0 0.722531 0.12541 0.026543200000000024 0.0770492
0 0.5690899156520505 0.820360001196533 0.03324063130410111 0.07022780239306571
0 0.355556 0.03401640000000001 0.05185190000000002 0.0598361
0 0.63179 0.0360656 0.04506170000000007 0.0491803
0 0.585494 0.72582 0.040123500000000034 0.07295080000000005
0 0.745062 0.027459 0.055555599999999886 0.045082
0 0.537654 0.269672 0.044444399999999974 0.06393439999999997
0 0.480556 0.40041 0.03888889999999997 0.06967209999999999
0 0.353395 0.9545079999999999 0.04382720000000004 0.035245899999999816
0 0.628395 0.265164 0.055555599999999955 0.04672130000000003
0 0.517284 0.9717209999999998 0.04320989999999994 0.054918000000000085
0 0.401235 0.0495902 0.04320989999999994 0.0745902
0 0.44540229885057464 0.0847936687394008 0.01738328366680857 0.04145468249481817
