0 0.6617168710853258 0.6879848624195891 0.04318604217065151 0.05793772483917838
0 0.567901 0.363934 0.05802469999999998 0.05409839999999999
0 0.546605 0.994672 0.031481499999999954 0.010655699999999909
0 0.474074 0.19631099999999999 0.04938270000000004 0.03032789999999999
0 0.407099 0.263934 0.027777799999999943 0.040983600000000016
0 0.432716 0.743852 0.028395100000000045 0.07622950000000002
0 0.473148 0.229508 0.04506170000000007 0.04590160000000001
0 0.684259 0.301639 0.035185199999999965 0.04754099999999996
0 0.43209900000000007 0.227049 0.05802469999999998 0.040983600000000016
0 0.49660499999999996 0.8536890000000001 0.026543200000000024 0.04344260000000006
0 0.497531 0.716803 0.025925900000000064 0.07950819999999999
0 0.532407 0.21803300000000003 0.035185199999999965 0.06721310000000001
0 0.47932099999999994 0.378689 0.027777799999999943 0.07868849999999997
0 0.454938 0.759016 0.029629599999999933 0.0754098000000001
0 0.492593 0.23975400000000002 0.04567900000000003 0.05327869999999997
0 0.547222 0.184836 0.045061699999999934 0.06147539999999998
0 0.525 0.8495900000000001 0.03765430000000005 0.06967209999999999
0 0.398457 0.40041000000000004 0.04629629999999999 0.05327870000000002
0 0.698457 0.37541 0.05493830000000007 0.0393443
0 0.524691 0.386066 0.04938270000000004 0.04262290000000003
0 0.518519 0.537705 0.028395100000000045 0.0852459
0 0.596914 0.947131 0.027160499999999983 0.0663934000000001
0 0.396605 0.293443 0.05246909999999995 0.0606557
0 0.46931145409048286 0.1304526038804731 0.04356180818096575 0.05762560776094625
0 0.544444 0.47827900000000007 0.05679010000000006 0.041803299999999946
0 0.56142 0.810656 0.05370370000000001 0.05245900000000004
0 0.607716 0.166393 0.040123500000000034 0.04262289999999999
0 0.57037 0.654918 0.03703699999999995 0.06393440000000007
0 0.48734600000000006 0.643443 0.040123500000000034 0.06557379999999993
0 0.563889 0.763525 0.05 0.05163929999999992
0 0.449383 0.977049 0.04320989999999994 0.0459016000000001
0 0.613889 0.027049199999999995 0.05246909999999995 0.0508197
0 0.629321 0.9032790000000002 0.04382720000000004 0.0540983999999999
0 0.379012 0.027459000000000008 0.03580250000000006 0.05327869999999999
0 0.823457 0.589754 0.03950619999999993 0.05
0 0.520062 0.0942623 0.03641980000000002 0.06885249999999998
