0 0.6199600371083993 0.22079029659812374 0.05958752586883604 0.03411352222116934
0 0.5914791196246343 0.33582641720126977 0.03234183924926858 0.051364317118355006
0 0.6105200716179795 0.14495514419879937 0.030812356764040965 0.07402481160240128
0 0.5497432737832727 0.38458752237041605 0.04730571675943766 0.0580778691225244
0 0.507099 0.370082 0.04753090000000005 0.06311479999999997
0 0.5703240197477343 0.623239764882024 0.05181610094555057 0.04888671680090967
0 0.525617 0.697541 0.05370370000000001 0.040983600000000016
0 0.424691 0.591393 0.05185190000000002 0.031967200000000036
0 0.3618935837245696 0.14142230431770952 0.04216657972526515 0.0681135996305703
0 0.584568 0.55123 0.029629599999999933 0.06311480000000007
0 0.513272 0.737705 0.05246909999999995 0.036065599999999934
0 0.486728 0.414344 0.04876539999999994 0.030327899999999967
0 0.5873565311978164 0.4111010656566853 0.032023539331335144 0.078963414029186
0 0.738272 0.49180299999999993 0.04074069999999996 0.03114749999999992
0 0.6462960000000001 0.103279 0.05061730000000003 0.04426230000000001
0 0.365123 0.481967 0.029012299999999974 0.07049180000000001
0 0.585802 0.49016400000000004 0.044444399999999974 0.05081969999999993
0 0.580247 0.045082 0.07160489999999996 0.034426200000000004
0 0.4990740000000001 0.598361 0.05 0.057376999999999935
0 0.5549545491115393 0.35306072298872354 0.039474501776921515 0.044698154022552825
0 0.489815 0.0495902 0.04629629999999999 0.0598361
0 0.507716 0.49467199999999995 0.05617279999999996 0.03688519999999993
0 0.548765 0.571311 0.04074069999999996 0.06721310000000004
0 0.554321 0.717623 0.05308640000000005 0.03852459999999998
0 0.515123 0.980738 0.04876539999999994 0.03688520000000012
0 0.439815 0.512295 0.03888889999999997 0.040983600000000016
0 0.475926 0.55 0.03827160000000001 0.06557379999999993
0 0.521296 0.428689 0.04629629999999999 0.05901639999999998
0 0.424383 0.0422131 0.05246909999999995 0.04180330000000001
0 0.522839 0.9389339999999999 0.05555560000000003 0.04180330000000013
0 0.442593 0.9139339999999999 0.023456799999999976 0.0852459000000002
0 0.55 0.43729500000000004 0.04814809999999998 0.058196700000000004
0 0.407407 0.634836 0.059259300000000036 0.03688519999999993
0 0.565741 0.763934 0.045061699999999934 0.055737700000000015
0 0.47994560166274175 0.9508505543068321 0.03146759667451651 0.06715169138633559
0 0.46975300000000003 0.47090200000000004 0.04938270000000004 0.05327869999999997
0 0.616975 0.653689 0.035185199999999965 0.07295080000000005
0 0.723457 0.611885 0.05432099999999997 0.040163900000000086
0 0.421914 0.09016389999999999 0.05370370000000001 0.031147499999999998
0 0.6401321752265754 0.9700726773002938 0.027142249546849413 0.0582160453994125
0 0.529012 0.888934 0.04814809999999998 0.05327870000000016
0 0.49656376266145713 0.8118968765303706 0.05803924838721187 0.04303084657917195
0 0.260185 0.0442623 0.025308600000000035 0.06885250000000001
0 0.746296 0.807377 0.03580250000000006 0.05901639999999998
0 0.642284 0.786885 0.048765400000000014 0.04918030000000007
