0 0.38038564798970775 0.08866378918050247 0.059614997655081346 0.17732757836100493
0 0.64211499812275 0.11060237999811012 0.08404661929371215 0.22120475999622025
0 0.47491048286786897 0.9366758240045682 0.05522513145176226 0.12664835199086358
0 0.1336540907676523 0.3696765566656575 0.10930640705419302 0.13001138226715603
0 0.3518149748396583 0.27020629880225244 0.10191443582528438 0.11779740153524093
0 0.5410028592575232 0.45813060175799286 0.0554546078707182 0.23766729855746807
0 0.5361020007858647 0.2888953096227477 0.08855671850837829 0.21407412394385203
0 0.6773202860021389 0.6329858810012857 0.06288515872302748 0.1273393294099774
0 0.6783196956646569 0.359107006505024 0.07240939508381364 0.1968622409911017
0 0.4821841631224116 0.49087846777660143 0.05391007578828481 0.15330600633977964
0 0.45433526249999995 0.3045443222222222 0.06264281437500022 0.2371918529629633
0 0.605591920058505 0.6342878471683131 0.07078579635724627 0.24819613522343523
0 0.5607148317679418 0.8882542959696492 0.07693055713995989 0.22349140806070156
0 0.6169904000937968 0.44265489864591095 0.08905144877937493 0.19991578241317418
0 0.18419457414591017 0.1853836263774581 0.09578377782306996 0.13126179201417557
