0 0.804321 0.634016 0.027160500000000126 0.035245900000000004
0 0.46927504939877257 0.655192619357055 0.0576676989616785 0.03804648686155595
0 0.5362107877845572 0.604328310099024 0.04979972443088557 0.042163679801952084
0 0.399383 0.670902 0.03209880000000005 0.07459019999999991
0 0.46631018846785127 0.7147802064815691 0.05061729999999996 0.031967200000000036
0 0.819444 0.9774590000000001 0.038888900000000115 0.04344260000000006
0 0.6173354963141369 0.5995213778451625 0.0334371926282738 0.0678955556903251
0 0.435185 0.695082 0.025925900000000064 0.0754097999999999
0 0.555837300554842 0.9677769580095706 0.06723070110968381 0.024078416019141492
0 0.577469 0.330738 0.05864199999999994 0.035245900000000004
0 0.571499704795547 0.9387472260660475 0.05329699040890608 0.037259447867904784
0 0.5566525395971598 0.47297908039420067 0.06570642080568048 0.03436903921159856
0 0.575926 0.911066 0.04320989999999994 0.03032790000000011
0 0.655556 0.313525 0.03333329999999994 0.07131150000000003
0 0.455247 0.74877 0.05 0.03360660000000008
0 0.541049 0.43442600000000003 0.05123460000000006 0.04426229999999999
0 0.5226751148433598 0.9417627701246091 0.0534141703132806 0.03286695975078176
0 0.670062 0.342213 0.03765429999999991 0.06147540000000003
0 0.5098281884678512 0.758888402160523 0.029012299999999974 0.03770490000000005
0 0.6254405255138086 0.7206479979058088 0.06269864897238273 0.03411320418838237
0 0.573765 0.380328 0.05617279999999996 0.036065600000000024
0 0.489506 0.480738 0.020987700000000026 0.06967210000000008
0 0.511111 0.8864750000000001 0.027160499999999983 0.07295080000000005
0 0.393827 0.020082 0.03333329999999994 0.0385246
0 0.45 0.493033 0.04320989999999994 0.04344260000000006
0 0.493519 0.838115 0.024074099999999935 0.07786879999999995
0 0.4700619999999999 0.390574 0.054938299999999926 0.041803300000000036
0 0.550617 0.122131 0.028395100000000045 0.0770492
0 0.516667 0.408197 0.04938270000000004 0.04590160000000001
0 0.462346 0.183197 0.03209880000000005 0.05
0 0.498765 0.133197 0.024691400000000033 0.0729508
0 0.485185 0.985246 0.05308640000000005 0.027868900000000068
0 0.528086 0.829508 0.04259259999999998 0.057376999999999935
0 0.583333 0.017623 0.05308640000000005 0.0336066
0 0.47284000000000004 0.9131149999999999 0.04691359999999995 0.05081970000000011
0 0.597531 0.568852 0.04320989999999994 0.07377049999999997
0 0.5344215146792265 0.2875436050886004 0.039798570641547196 0.05769878982279921
0 0.534568 0.555738 0.029629599999999933 0.06557379999999993
0 0.772839 0.158607 0.025925899999999925 0.0745902
0 0.539198 0.196311 0.05 0.041803299999999995
0 0.348148 0.92377 0.03333329999999994 0.040983600000000016
0 0.408951 0.480738 0.035185199999999965 0.0647541
0 0.417901 0.872131 0.028395100000000045 0.07049180000000001
0 0.290432 0.316393 0.048765400000000014 0.04426229999999999
0 0.7291514645222293 0.2968493240689851 0.04101912904445866 0.06582944813797022
0 0.6597019290159138 0.4532832334810007 0.053436541968172595 0.04425243303799862
0 0.648148 0.172541 0.03209879999999998 0.06803280000000002
0 0.344444 0.287705 0.04197530000000002 0.0606557
0 0.385802 0.546311 0.06790119999999995 0.031967200000000036
0 0.6919749999999999 0.9729509999999999 0.0506173000000001 0.04426230000000017
0 0.8586420000000001 0.383197 0.05308640000000005 0.0647541
0 0.751235 0.396311 0.0493826999999999 0.05163930000000002
0 0.6892029882840933 0.8439234747559936 0.033940123431813234 0.06461185048801278
0 0.204012 0.784016 0.04382719999999997 0.05
0 0.6115749661029044 0.6559746043779021 0.047099122243630914 0.040272908177769386
