0 0.5345109783379058 0.6044678674458611 0.032594582799878126 0.03356637646225457
0 0.5317234452856452 0.20171425964588022 0.03031571735253772 0.05006981993464047
0 0.5509830818472793 0.9294677190852054 0.059442158207590315 0.040983606557377046
0 0.547656864014632 0.9626947457549078 0.05809276488340187 0.03979974143897987
0 0.49312111675946096 0.2195837351333976 0.04397643831195025 0.07540447873138324
0 0.5949931412894375 0.7727433717870876 0.028959000152415818 0.07918437563246308
0 0.41772026377113386 0.18648363947593652 0.02875700332192965 0.06484956218315886
0 0.576095600496248 0.31707368513071893 0.05110904914871287 0.04275180470909677
0 0.572863640238441 0.19335434210061075 0.055152248289356866 0.04428885142505089
0 0.5431717725956409 0.6341074681238615 0.057918000304831636 0.03971868042906296
0 0.5316711849027678 0.27563198223775853 0.04998773589929799 0.04956106498982102
0 0.5625151295085935 0.3728704596592735 0.053861050593076734 0.034286938819243565
0 0.4787738206063665 0.015317568304913645 0.03754383580645491 0.03191012640946298
0 0.38913656454808715 0.7654068002428658 0.045153177869227255 0.06248735073871683
0 0.46369848026215515 0.731148 0.05246909999999995 0.04262289999999994
0 0.532778555981199 0.14329790935390552 0.05208176297506657 0.050873114325511636
0 0.47412720447721385 0.6918590444545638 0.04557189104557234 0.0408725110908723
0 0.5615789101448398 0.24152187192221147 0.030719368445896875 0.06876167777777775
0 0.5222727119422255 0.10489408175024108 0.056689376115549014 0.04103213649951784
0 0.36454454660695557 0.00837084467266688 0.04513829321391112 0.018348849602485805
0 0.3976146928821826 0.6306921675774134 0.029721079103795157 0.0738716858935438
0 0.675309 0.679918 0.03950619999999993 0.048360700000000076
0 0.5912087089102719 0.23784710460195008 0.03056571782054389 0.0592356097182042
0 0.5720355128791342 0.784886662618903 0.03029263831732971 0.0989172232341631
0 0.6628974270353017 0.039498957393508456 0.02826335407060337 0.0757193147870169
0 0.5069882303421733 0.7302015180429062 0.050266794916933435 0.05953219969641765
0 0.5148526875895443 0.7739984309653916 0.04101555150891622 0.06200111418741138
0 0.5691335747074961 0.15068330928961748 0.03704065058500763 0.06912618142076503
0 0.4056887767794543 0.8250910853369764 0.04176983251028803 0.06809348202792939
0 0.5377596968167756 0.027692687554009034 0.028154561446026183 0.05719609832670442
0 0.41628562719097695 0.7347955879376644 0.0453436976070721 0.06046346893341423
0 0.49160816590010487 0.33289135326261654 0.02804002259339952 0.07915461266473803
0 0.4672496570644718 0.08946748098146362 0.02753570564028081 0.08866388085288758
0 0.5089284427701121 0.2572700315948784 0.04665533910271929 0.07101656383263684
0 0.43952147028273125 0.9189433168943534 0.035832840565462536 0.04280553378870663
0 0.2789011137551283 0.767426004652282 0.025225855517826325 0.0558523682850595
0 0.5791800030483159 0.5832574377656344 0.04953513183965864 0.06653511434932192
0 0.35922496570644713 0.5086520947176685 0.041152263374485576 0.052823315118397
0 0.6445282731290962 0.8359896782027929 0.03315043438500228 0.07867840518113742
0 0.6905662206709327 0.18528452493348208 0.04573072199599255 0.057291219637799325
0 0.4857300716354214 0.9196012952843554 0.05124980948026217 0.06274033596437985
0 0.4545515165371132 0.5640305606152601 0.050735406188081075 0.048826148552924414
0 0.6083295229385765 0.9621028131957093 0.03848498704465786 0.05666869054847196
0 0.133025 0.265164 0.056172799999999995 0.04836069999999998
