0 0.688031018655852 0.3629695280433918 0.08986107940935723 0.07743850179897104
0 0.5555719411458334 0.9981206564814813 0.07633913828125002 0.003758687037037168
0 0.48167023703162226 0.3140376995100895 0.05016362762616424 0.08680117696511136
0 0.6048988567708335 0.920073787962963 0.11627023348958344 0.035733104166666654
0 0.8460893619313758 0.45188292800997715 0.0479301349961073 0.08259796681927846
0 0.619770247678234 0.48034745811385154 0.10443055903125362 0.037867990941761374
0 0.9823303617357436 0.1518730364675867 0.03533927652851254 0.07605402981574885
0 0.6944407417147773 0.013703090701041526 0.06936906426435717 0.027406181402083053
0 0.772258027569766 0.4097452232300025 0.03993143579796789 0.04945718970074588
0 0.8430696480984317 0.6337817900832343 0.050924166928155164 0.09059149089734096
0 0.9443019559319886 0.039181042277713546 0.08576137438602298 0.07565162335172342
0 0.2936160690112629 0.41454432546969217 0.059673320067143244 0.0807098663008931
0 0.6824128531250001 0.6859268796296295 0.05519892286458325 0.04137525777777769
0 0.7244393324388061 0.3065356512877426 0.09887481777170386 0.051642250572662834
0 0.9720593278463651 0.5712052216150577 0.05588134430726998 0.04486054711652546
0 0.680438927312814 0.7344140902360283 0.09672777303062255 0.044732122884741966
0 0.620318650802276 0.7981244174213465 0.08353461173419087 0.058716445607463974
0 0.6905547414106237 0.606620413308334 0.10671512339416367 0.04389208708703557
0 0.5252118944563883 0.03081636396550537 0.06848358592027969 0.05557718278856738
0 0.7996196697026192 0.42759883190695813 0.05961048263902787 0.092483720362268
0 0.7363099847306073 0.37994653111903914 0.08783023769038158 0.05715795007673663
0 0.6842629710395493 0.6481064957010254 0.11057598072493183 0.04555050563498629
0 0.9183676319131855 0.9131583657305458 0.0868940543095808 0.06155357094309853
0 0.8259337022876392 0.36657802605802525 0.08062341958221259 0.05431081343474625
0 0.613997689498632 0.573893704743792 0.11005455271530143 0.03857628889490204
0 0.40785124945852286 0.3083270957623849 0.06894527019709737 0.08413622854951586
0 0.5965987254615727 0.43561748223633473 0.06951456664998332 0.05057537045241953
0 0.8697370171891075 0.027426859633132506 0.10570024322595159 0.0521426844514502
0 0.5267988583333333 0.9779034173842593 0.0657690305729164 0.04419316523148158
0 0.7680713462349779 0.724242142255419 0.11311516302480236 0.06507601884596052
0 0.7117519657985447 0.537368989567369 0.10232665233933803 0.053549869252451025
0 0.790169180342494 0.6837314345702106 0.09689308532040476 0.05893293206328239
0 0.33997581966103557 0.45623173282793644 0.0558694430907515 0.0906082461302477
0 0.5553654415499473 0.638702529832761 0.09941264596447752 0.049313879871515365
0 0.607045448288742 0.3632909315630361 0.05369981079655659 0.08585876297674254
0 0.793034853290865 0.8936095931997569 0.11018266252511673 0.0429070494521928
0 0.6192780720591488 0.6883207946710119 0.08281655635045244 0.06308782786054223
0 0.7240584477332194 0.48334651534093515 0.10090625963310546 0.04030803913294465
