0 0.46314578942428825 0.7817328403395785 0.0361674788485765 0.07002378067915703
0 0.5686340536536745 0.7089232042342913 0.03541746271820456 0.04489019265156793
0 0.5129828083899649 0.4096895765716649 0.05682971677992982 0.03413265314332981
0 0.4270411868451085 0.49886347981815676 0.04642597779852685 0.03616200578592093
0 0.5508640165140667 0.26783297629197395 0.031183068904034165 0.035362141754524935
0 0.550088181261023 0.752634562470726 0.05925926358024683 0.03290417716627629
0 0.5127108377757666 0.013349951162742922 0.05598554620656561 0.028150338029499976
0 0.537741499752888 0.868310692045754 0.027688768189035838 0.07192850784882181
0 0.5008005839193058 0.9852695352518411 0.04901573216138849 0.029460429496317397
0 0.38243282617510477 0.3939728737629719 0.03647085235020945 0.035486347525943714
0 0.5293672329962287 0.4833573995228421 0.032808565992457295 0.037206399045684235
0 0.4651858225637741 0.5762519410013228 0.045186045127548334 0.03283178200264553
0 0.5025679894216742 0.4988872535219917 0.033136121156651356 0.04156909295601644
0 0.5813957007750858 0.0893216439161428 0.05723397052198396 0.03870335746949339
0 0.5447800252455283 0.5952332284043989 0.027708506511499063 0.07971873594701775
0 0.4508563848417667 0.15348071096167168 0.049860869683533336 0.04630572192334332
0 0.6584562018248474 0.560077400538557 0.02723536168670108 0.07154681285095812
0 0.6427648575724948 0.6314364673592578 0.050961815144989944 0.04320153471851566
0 0.5596210619831594 0.6776144329381466 0.03189238543917989 0.03678290796778525
0 0.6795406807891745 0.47688136850655166 0.03311715447719109 0.07849268999315162
0 0.5412031127357841 0.2265496266987629 0.0466038254715682 0.05637725339752572
0 0.5675587337164066 0.8836551893693005 0.03154873256718661 0.07367272126139887
0 0.5865736892337059 0.5542496218470219 0.05280009851913427 0.05580311516291239
0 0.4654824892920131 0.6444463031114085 0.04850088183421516 0.05771160923385749
0 0.585890131258274 0.5998251385593394 0.0458546625165482 0.06358507711867888
0 0.5344602426150252 0.028292025185915608 0.05534078523005035 0.04674805037183121
0 0.526984126984127 0.7011709601873537 0.05149911816578484 0.04121779859484772
0 0.44567899999999994 0.694672 0.05185190000000002 0.04672130000000003
0 0.587037 0.712295 0.03703699999999995 0.07049180000000001
0 0.5347186579643554 0.07564709810181193 0.03734197798508609 0.06790133360450305
0 0.46763506625891943 0.41058805835463974 0.030864197530864196 0.0751992780869304
0 0.5618222178276511 0.39954921157854745 0.0545094356553021 0.045001023157094706
0 0.507407 0.840984 0.03827160000000001 0.05901639999999998
0 0.525681980033712 0.6368453430910429 0.04369793993257595 0.06237471381791413
0 0.41508400238537985 0.44686412508998985 0.04185675774391631 0.0657841984428765
0 0.6837974925830224 0.41110687507942556 0.06077136568092648 0.03685347566399797
0 0.512346 0.886885 0.04074069999999996 0.06065569999999991
0 0.6355607216862859 0.6817891223249459 0.047665043372571436 0.052103544649892
0 0.342593 0.667623 0.03333329999999994 0.06803279999999996
0 0.6132244190723722 0.02280290891162332 0.056078467774374176 0.04560581782324664
0 0.595988 0.661475 0.045061699999999934 0.057376999999999935
0 0.5012344746913581 0.7267564218384075 0.03703685061728393 0.08255265632318488
0 0.5907863919653845 0.8290285172104792 0.04505577388749946 0.05719255706077711
0 0.4051713277903754 0.7324774171963867 0.03999748047367098 0.05980260956841754
0 0.4481913568118588 0.10469281320711153 0.04823561362371762 0.050369626414223045
0 0.682325366283653 0.2600975750888801 0.03502203256730621 0.06937625017776018
0 0.509259 0.555328 0.03827160000000001 0.07131149999999994
0 0.24784 0.879508 0.04135799999999999 0.06229510000000014
0 0.355247 0.922131 0.04382720000000004 0.05245900000000004
0 0.680268446741315 0.735560426991994 0.038640061249880286 0.06401702884737585
0 0.819756060994703 0.3646801365590787 0.05556242198940582 0.037557873118157614
0 0.156173 0.0430328 0.0407407 0.07459019999999998
0 0.258025 0.0668033 0.04320990000000001 0.05163929999999999
