0 0.7400471632681369 0.7657948056732363 0.03953391593841032 0.044667526247927775
0 0.7242682757664031 0.7928485909007184 0.055832986544597014 0.031083072389021877
0 0.4839003057393862 0.02351097178683386 0.029529006540500783 0.049077547664319855
0 0.3817126903110413 0.08558767305798529 0.03446320289665401 0.04083878815964781
0 0.5806783663957583 0.647812078281258 0.03721906348542895 0.07546377190246159
0 0.4964934847014203 0.23052680836759343 0.027779337528542072 0.04427988735546534
0 0.5228839319836294 0.22104915719975332 0.02702907089864161 0.07642781746749577
0 0.5582474188687643 0.5796701337401717 0.036413556550176154 0.07813339509224511
0 0.5581241686332051 0.9277232855504791 0.0306180190717129 0.0396533124428916
0 0.4130970301261407 0.7112021398907103 0.028699480631597763 0.07818968553100487
0 0.562860603271218 0.10583540348938793 0.04673208157629938 0.05698659915720228
0 0.4187705454990621 0.06462954593205121 0.04357869515115825 0.06438044968139954
0 0.48666744069042916 0.4149750758004008 0.023607724757150058 0.04830669613032531
0 0.6419559580479122 0.16431985199650548 0.029606408916753757 0.04856364664165681
0 0.5333991253531484 0.802071021121332 0.0315414683230775 0.06089727118556965
0 0.597793173080421 0.031347987382445146 0.03240235309222493 0.06372367681021635
0 0.5027475791185995 0.9762385413620892 0.02290054176280114 0.048419033812595325
0 0.6179264619451217 0.5556890224356339 0.057540783296567186 0.03924634487126785
0 0.5694879832810867 0.3408448532812581 0.0375401524826812 0.04239683436970039
0 0.3884415816782966 0.8115942028985507 0.05618178565038465 0.04561653599429795
0 0.5403702589631951 0.535754803405879 0.02806820088625722 0.0642636023922092
0 0.623228710212276 0.02777505445680662 0.04190513230581679 0.0564803140269284
0 0.3713019311026771 0.11668943533697633 0.034145108988061536 0.06944444444444445
0 0.508642 0.565984 0.030864199999999994 0.045081999999999914
0 0.5270625744164473 0.9180821723685388 0.027302362467111995 0.07550814473707783
0 0.5557888153992028 0.8887172567359577 0.047681969201594496 0.05535218652808483
0 0.44372875290749686 0.7108576859111428 0.026480586867060337 0.08030411023996199
0 0.5928451530303029 0.9267048551672747 0.027204929823135528 0.06909401544786477
0 0.47360578969774375 0.29472223649725066 0.050118038623785735 0.05190400328896655
0 0.295988 0.591393 0.029012299999999974 0.045081999999999914
0 0.5788633235738613 0.5712407324618428 0.03426994714772239 0.07854736492368572
0 0.49146622875885293 0.1703440005871319 0.05449095436355896 0.04468101212035561
0 0.28888437151987084 0.029373529545849507 0.024682943039741716 0.057107659091699015
0 0.5839359327334649 0.15422192640937354 0.04928050111072408 0.047689555886736235
0 0.5601996981307327 0.7826712575158026 0.05224660397074195 0.056015211470270845
0 0.5792600332830218 0.22341846960275452 0.055536204961492294 0.037771725165733086
0 0.392593 0.653279 0.04320989999999994 0.06557379999999993
0 0.348148 0.592623 0.028395100000000045 0.07704919999999996
0 0.5640698169433801 0.7210031347962382 0.04566740198924111 0.05704301351559696
0 0.5188860745588064 0.12138344368415642 0.05011824911761292 0.04604548736831289
0 0.6447617941870816 0.6373657433578293 0.03483106931382792 0.07836990595611286
0 0.4567707728627269 0.4126625211984172 0.0373466465420488 0.07451564828614002
0 0.4323977076789687 0.11566359560331343 0.027757915357937375 0.07394999120662689
0 0.4927628778203491 0.2789197800503623 0.049731026742521 0.05781386504959142
0 0.4990025889130771 0.5059124103640988 0.04615287782615432 0.06428392072819772
0 0.418827 0.593852 0.05740740000000002 0.05819670000000005
0 0.33060890150503863 0.37909109760470366 0.04742379698992278 0.04509640479059258
0 0.5250783699059561 0.4598129400277506 0.0439258485235497 0.06860578652551524
0 0.318916542614958 0.6973570473924924 0.053882785229915846 0.04553299478498448
0 0.376235 0.18688500000000002 0.035185199999999965 0.059016400000000004
0 0.44635026647777104 0.9512451849861149 0.034237333873035125 0.0754725432231479
0 0.36438534131221917 0.27487094974077503 0.03247348262443834 0.07761139948155013
0 0.0700617 0.167623 0.0253086 0.03688519999999998
0 0.544041952087929 0.40328382753481673 0.03850768218584314 0.0691196875481782
0 0.314465975993022 0.5321987456521738 0.03880825198604401 0.06603729130434774
0 0.234877 0.282787 0.05 0.0606557
