0 0.6699778802083335 0.4063418074074074 0.00915187416666671 0.06295080000000007
0 0.66859423125 0.1794562074074074 0.009364714062499975 0.03147544000000001
0 0.6389038760416667 0.8296202074074073 0.010003199270833344 0.053114720000000185
0 0.644543978125 0.4633914074074074 0.013195728750000057 0.05377047999999997
0 0.6957307145833334 0.23912900740740745 0.014259893750000075 0.027540959999999982
0 0.6796616989583334 0.1938826074074074 0.014047053854166573 0.03147544000000001
0 0.6805129895833333 0.0873254394074074 0.0059593791666666595 0.00983608000000001
0 0.6935746714628678 0.3922925798721094 0.008781413740931044 0.045147015070596055
0 0.6681687583333333 0.5502762074074075 0.011067398750000023 0.053114719999999976
0 0.6604002572916666 0.8171618074074074 0.017239583333333287 0.03606559999999985
0 0.684876328125 0.6368338074074075 0.017239583333333287 0.030819679999999985
0 0.5835672270833333 0.3476530074074074 0.012131563750000041 0.02032784000000005
0 0.7257177316456037 0.735381951779624 0.014280672320962159 0.05480140874443272
0 0.667956021875 0.4931245291358258 0.019580753229166584 0.02819672
0 0.7360627197916667 0.09683364740740741 0.0170267434374999 0.028852479999999996
0 0.654440878125 0.1958498074074074 0.01809090843750004 0.03540983999999999
0 0.6448632552083333 0.7706042074074073 0.010003199270833344 0.05967215999999982
0 0.6623159197916666 0.5365058074074074 0.011705883958333274 0.05573768000000007
0 0.6550794322916665 0.5040466074074075 0.00915187416666671 0.05639344
0 0.6851956052083333 0.2188010074074074 0.01702674343750014 0.04459015999999999
0 0.6996682354166667 0.7322434074074075 0.01830374833333342 0.04590160000000007
0 0.6181525895833334 0.2522434074074074 0.02000643302083335 0.022295119999999977
0 0.6636623316959679 0.3782873293784109 0.010715606920564133 0.03381423605799296
0 0.6585911354166666 0.45126020740740735 0.011918723854166657 0.06098359999999998
0 0.6742346781249999 0.8443746074074073 0.01809090843749992 0.04590160000000007
0 0.6278367531250001 0.5824074074074074 0.015962578437500003 0.038688560000000045
0 0.6861530916666666 0.2807682074074074 0.01809090843749992 0.03344264000000002
0 0.7104164260416667 0.8715874074074074 0.018516588229166568 0.02163935999999993
0 0.6841312333333334 0.41519460740740743 0.017878103020833435 0.030819679999999985
0 0.5781379908528186 0.6705341779541715 0.013625184231862875 0.036861898906472054
0 0.701313703283441 0.5214180559187311 0.009695600046024922 0.05668921183739207
0 0.6782783947916667 0.5328994074074075 0.00915187416666671 0.06032783999999988
0 0.6734895833333333 0.24306340740740737 0.010216039166666609 0.055082000000000006
0 0.584130563318442 0.4201105659822203 0.017940748407717422 0.028848397149625657
0 0.6655083458333332 0.7725714074074073 0.015111253333333371 0.043934400000000026
0 0.56345415 0.1837186074074074 0.02000643302083335 0.03606559999999998
0 0.587530936537198 0.5356735938813958 0.009417642970229305 0.06456589294797674
0 0.6728690010127742 0.7309924877674946 0.01688264487375939 0.03932183207808211
0 0.6641246968750001 0.8660138074074075 0.01404705385416669 0.03278688000000003
