0 0.5260985715292029 0.00692071456377871 0.02503664305840579 0.016004152428738268
0 0.5487963777321737 0.15009299710195076 0.03892634939248837 0.04065919806219992
0 0.45424932408221763 0.09094251481465462 0.02866542884133036 0.07331631991003072
0 0.6994218835254352 0.36942516226592065 0.033857226625733254 0.04243716047415627
0 0.5918057477838113 0.6176537208893136 0.029142611923326824 0.04535322628497466
0 0.4627309013273926 0.3528287932947122 0.04084284786039171 0.06902502157031924
0 0.7532720690615425 0.96773696536423 0.026919149726167272 0.044681375570072776
0 0.4687893675988914 0.195194881231181 0.05133534895439655 0.045792907326865154
0 0.4818242672660347 0.09940418981249188 0.029869169627675177 0.0754249349647476
0 0.6661655036572913 0.5039566775976828 0.028014300399145972 0.08046332420806099
0 0.5601713722895201 0.8446873922069518 0.03625244710387076 0.057821074084802054
0 0.5685160022940488 0.013278039707599807 0.04541693511677902 0.027944547774557724
0 0.6487438530827567 0.09960925214612658 0.03295140205137279 0.03917698000487049
0 0.620196504699248 0.5049951245593491 0.03738549060150382 0.06705915088130163
0 0.6769237909588787 0.6810057931714533 0.029703889353012203 0.07457167508936274
0 0.5594205821066075 0.7142060209880268 0.06003194448445506 0.04021855089957797
0 0.6349157677619974 0.4639129583692838 0.03387126447600473 0.060699083261432245
0 0.3938962141345426 0.5268901700401473 0.04604387699672466 0.05411490013382403
0 0.46384479717813043 0.5173971227835396 0.028722600151171576 0.07728337236533953
0 0.4575459813555051 0.7064235530277684 0.057949105568153206 0.03579792572766818
0 0.44918430335097004 0.2666025426564068 0.027557319223985872 0.07402141184342594
0 0.42962332618417737 0.5448142613834058 0.04173596289997476 0.07062574287387081
0 0.16616276140085662 0.7825359652057543 0.030486268581506677 0.07092673134827701
0 0.5133757224909606 0.08829427160776848 0.047550649548845164 0.06520392185648169
0 0.6960324440535522 0.13398070850815347 0.027525326557868282 0.05947489078247329
0 0.6312098699851482 0.5751017017626032 0.03341243305485934 0.07868849836065571
0 0.47168848323818807 0.422636684306052 0.054488066476376024 0.04773784795390112
0 0.5321173303629443 0.9208985578700851 0.04269934094495497 0.04344878589917426
0 0.5669148664438874 0.5809813635091828 0.055671374027661716 0.037224652323431626
0 0.5060939703402023 0.7267901647756687 0.032423715302144204 0.06938212913225693
0 0.4348474954948034 0.7749588782583933 0.029167746953590794 0.07327533078031422
0 0.5816956412194507 0.21809133489461358 0.05416981607457801 0.03763800602208096
0 0.4334701086489371 0.37347142282447926 0.03059008270212575 0.0776466543510416
0 0.3902746283698664 0.6549013047842087 0.04988662131519277 0.06055536968885908
0 0.7351689974710943 0.49458111492245216 0.03342140355405221 0.08072560449504403
0 0.5151768309663046 0.8409343029705411 0.053838299452334544 0.05731541969678281
0 0.6133389028125871 0.8256810057931714 0.03991460131811011 0.05454209293726116
0 0.5934976329713171 0.7697522494761494 0.05499860763018654 0.03636139529150744
0 0.5312446730576441 0.7821151849408355 0.041659915928710656 0.06895094405891777
0 0.525893437296946 0.9721342290151608 0.05438596491228074 0.0540921977073833
0 0.8035081165612767 0.46242507957816864 0.04543839512195117 0.06119562097161136
0 0.3605346750188964 0.2563900732519237 0.04329195003779289 0.06851794650384745
