0 0.561728 0.835246 0.05802469999999998 0.032786899999999966
0 0.48209899999999994 0.690164 0.03950619999999993 0.07377049999999997
0 0.190123 0.50082 0.030864199999999994 0.04426229999999999
0 0.505247 0.697541 0.035185199999999965 0.0754098000000001
0 0.7262807324960976 0.5857639724656115 0.03138933500780468 0.07109455506877708
0 0.476543 0.743443 0.03827160000000001 0.036065599999999934
0 0.616358 0.838525 0.05123460000000006 0.032786899999999966
0 0.564815 0.8614749999999999 0.06172839999999999 0.027868900000000068
0 0.510494 0.602459 0.020987700000000026 0.0754097999999999
0 0.521914 0.320082 0.06604939999999995 0.027049200000000044
0 0.485494 0.578279 0.025308599999999966 0.07295080000000005
0 0.594444 0.581557 0.03827160000000001 0.054918000000000085
0 0.392593 0.9786890000000001 0.03333329999999994 0.04262289999999994
0 0.678704 0.927869 0.024074100000000074 0.07213109999999993
0 0.750926 0.20041 0.04629630000000013 0.06311479999999997
0 0.703704 0.9270490000000001 0.025925899999999925 0.07377050000000017
0 0.64537 0.468443 0.03271610000000001 0.03688519999999993
0 0.625617 0.739344 0.05864200000000001 0.03442620000000007
0 0.547531 0.990574 0.025925900000000064 0.018852500000000084
0 0.600309 0.9885249999999999 0.027777799999999943 0.02295080000000005
0 0.467901 0.527869 0.04938270000000004 0.027868900000000068
0 0.568827 0.805328 0.04876539999999994 0.03852459999999998
0 0.534259 0.692623 0.040123500000000034 0.07049180000000001
0 0.583642 0.540984 0.054938299999999926 0.02950819999999999
0 0.637963 0.115984 0.04382719999999997 0.036885199999999986
0 0.4672839999999999 0.24385199999999999 0.03333329999999994 0.06147540000000003
0 0.49537 0.760246 0.04753090000000005 0.04672130000000003
0 0.7015429999999999 0.981557 0.06234570000000009 0.035245899999999816
0 0.443519 0.9176229999999999 0.05 0.04180330000000013
0 0.603704 0.797541 0.05555560000000003 0.04590159999999991
0 0.421605 0.80123 0.022222200000000056 0.048360700000000076
0 0.611728 0.887705 0.05679009999999999 0.04262289999999994
0 0.532099 0.645082 0.06049380000000007 0.032786899999999966
0 0.514690673811551 0.4125492490390051 0.036050852376897875 0.07326130192198976
0 0.581173 0.17418 0.022839500000000016 0.06639340000000002
0 0.674074 0.72541 0.03827160000000001 0.06557379999999993
0 0.399383 0.0209016 0.059259300000000036 0.0401639
0 0.628086 0.54918 0.025308599999999966 0.07049180000000001
0 0.472222 0.822131 0.05432099999999997 0.04426229999999999
0 0.585185 0.663115 0.030864199999999994 0.07049180000000001
0 0.585802 0.742623 0.03209880000000005 0.07704919999999996
0 0.652778 0.67623 0.035185199999999965 0.057376999999999935
0 0.545679 0.72377 0.05679010000000006 0.04426229999999999
0 0.453704 0.670492 0.03580250000000006 0.07049180000000001
0 0.6157409999999999 0.163525 0.04135799999999999 0.06639340000000002
0 0.441667 0.884426 0.04629629999999999 0.040983600000000016
0 0.595062 0.316393 0.03209880000000005 0.07377049999999997
0 0.490432 0.194262 0.03271610000000001 0.07868849999999997
0 0.650309 0.0401639 0.04259259999999998 0.0491803
0 0.468827 0.296721 0.04259259999999998 0.04590160000000001
0 0.43580199999999997 0.592213 0.05185190000000002 0.05327869999999997
0 0.477778 0.905738 0.025925900000000064 0.0754098000000001
0 0.41821 0.383197 0.03641980000000002 0.06803279999999996
0 0.801543 0.634426 0.033950600000000046 0.036065599999999934
0 0.396914 0.0807377 0.030864199999999994 0.07131150000000001
0 0.554321 0.947131 0.04197530000000002 0.06147540000000003
0 0.455247 0.11065600000000002 0.05 0.055737700000000015
