0 0.7507029839208286 0.016356736536202312 0.0673011365916576 0.032713473072404624
0 0.47237472338690883 0.8860819939436291 0.0621429102932422 0.07065765975619175
0 0.5001931406249999 0.40960635185185185 0.06477620781250006 0.06643526944444454
0 0.37052529796568057 0.43665851385977145 0.06981851916556667 0.07133706033077121
0 0.46528716849959234 0.05922936312092356 0.05211033054746726 0.10331315045665405
0 0.5201996709760074 0.34018363226958614 0.035868710691823937 0.07677226492740151
0 0.38792973474687076 0.5624579230974357 0.034714429877327646 0.08402506536658515
0 0.58855621875 0.5473375740740741 0.02745952031249992 0.14097227083333316
0 0.5442696095859353 0.02595993322203664 0.039847469548012056 0.05191986644407328
0 0.6399550625 0.41446743055555546 0.03872490312500006 0.15069442824074072
0 0.471046252620545 0.9584973600434817 0.0600764002122317 0.08300527991303662
0 0.34324525040706405 0.7827310843257435 0.06267852757834529 0.0979977273031672
0 0.6379118341236276 0.804575964372677 0.06919080268272886 0.07485101883890859
0 0.4039584789191707 0.3230287677614723 0.04930102621839178 0.12127300256231087
0 0.2615552903739061 0.16533081410766373 0.03696890008544731 0.09010651462918776
0 0.5429312818671221 0.21313572482335555 0.05978118448637311 0.10258948676139447
0 0.4498844531119073 0.17819793835434608 0.039814265347477 0.14325083499252667
0 0.110831671875 0.3707177222222222 0.028163628124999996 0.08263893101851826
0 0.09006089062500001 0.19895894907407422 0.03309215468749998 0.07939808009259293
0 0.36543282669461913 0.5066367730413853 0.068490048399203 0.07541346377824362
0 0.68501659375 0.34965238888888894 0.027459520312500037 0.14745377499999993
0 0.31834591842016713 0.8320696482646166 0.050186673395967496 0.07745166550198014
0 0.551787753642881 0.9045956596009004 0.06775200908455604 0.06895915831974464
0 0.3258739194295623 0.673599464244118 0.03572110282889464 0.14505202267256773
0 0.9789739062499999 0.9046298240740741 0.03379626249999994 0.08750000972222277
0 0.6615415606979419 0.880141529228742 0.06383563848279508 0.07566465396081644
0 0.4366536205580142 0.5054478220358722 0.032030906255661705 0.1314640111809922
0 0.5909934123745337 0.08384035120262147 0.05759663739978163 0.08439992580226298
0 0.6414444631338372 0.9774894271434065 0.054329397881156774 0.045021145713187036
0 0.44953808349220387 0.31992926108903036 0.03253617998870067 0.14717463256997815
0 0.24867500711752977 0.9967136423635374 0.040444554442632646 0.00657271527292517
0 0.5797551562500001 0.44687593981481455 0.06336810625000003 0.07291657592592574
