0 0.46534527666603137 0.6726091724545173 0.03176418270757889 0.03992913983634678
0 0.6774111619072859 0.9542068682366052 0.022637425738200902 0.026833631484794295
0 0.551902674544184 0.6641734386862751 0.05135209537725265 0.04217866884121141
0 0.45912716900352735 0.23290396159250584 0.026777995914168105 0.07751760374707256
0 0.49412110523221625 0.23097189695550352 0.025573192239858916 0.03493364558938327
0 0.6442305656142134 0.4608722548716363 0.059187260445122125 0.0357112729522256
0 0.6309409091205557 0.33579075739602954 0.04531362054083822 0.05830366984084585
0 0.610186010966584 0.37647643619632765 0.02605450751222934 0.07403022802069566
0 0.6722245441553903 0.28353358374996485 0.029245933182982787 0.06954954087675393
0 0.6645544139487115 0.38320574977715605 0.05708010546132196 0.03779511968478474
0 0.6014018592634944 0.5640693979698002 0.034517078542235756 0.05230154936310214
0 0.3811610533406651 0.022244189372526847 0.05244540668133012 0.034652378745053704
0 0.5978622047096888 0.9647407789517289 0.040168609419377665 0.04095745790345768
0 0.5089555864749663 0.9780345464676384 0.052121292431369946 0.040177131294172816
0 0.6775829574571712 0.7844529426651294 0.027634838955593693 0.04175688215279924
0 0.4381888273970011 0.1003391746749576 0.05546095265124643 0.039256328120092956
0 0.370988 0.646311 0.025925900000000064 0.07950819999999999
0 0.6561730700617284 0.9836063639344264 0.034567440123456764 0.031147927868852412
0 0.5711390466165851 0.5863462041314006 0.04104359323317022 0.0530197082628012
0 0.6114020732180293 0.522132636693333 0.04879995356394132 0.05081702661333413
0 0.5690275845314605 0.8981201794774041 0.02959429316018468 0.08211384498079116
0 0.6097726176395238 0.888238875648113 0.05345107647695401 0.04644960727733934
0 0.5834610936281235 0.1367905996642737 0.03590736706205118 0.061430765384478024
0 0.6227897422865977 0.7363692601861485 0.036211168286640054 0.05441048280516268
0 0.6364483408508567 0.2705058628349689 0.03663469072274104 0.08323257317999046
0 0.5930902314550114 0.7931698675589799 0.04881096076064631 0.04822427804178505
0 0.5435025154395104 0.2974855348346596 0.035541186006818645 0.08607383655344035
0 0.43369691158256424 0.28860947530372966 0.0497422989332374 0.0395246432171468
0 0.48858 0.954098 0.054938299999999926 0.04754099999999996
0 0.5028270122609745 0.5259680004499058 0.030705376617326318 0.07957708854708538
0 0.39041436072087415 0.11015325670498086 0.024005486968449948 0.06390930217951135
0 0.5042145534836732 0.2527943720924945 0.044444399999999974 0.06393439999999997
0 0.5339698720898713 0.3892407196383882 0.055029995142197696 0.05749977715603294
0 0.6245720974403145 0.9449690606762663 0.052342145365401216 0.05498694976392274
0 0.767901 0.43893399999999994 0.03703700000000009 0.06639339999999996
0 0.4671039554760485 0.8113874307164433 0.052121292431369946 0.05528021349599696
0 0.5330285562843702 0.9085310419660402 0.05256299829943242 0.060705592539370704
0 0.4522952069781468 0.05013032937001445 0.053973513956293434 0.0592770587400289
0 0.736735277301315 0.7491873576469926 0.020716599961882888 0.031023816888339054
