0 0.5800851666654642 0.1294820080929249 0.04196400439662994 0.05640136308617018
0 0.6494889983290763 0.47906553247126443 0.05163870334184758 0.03859083505747122
0 0.424383 0.22541 0.026543200000000024 0.07213110000000003
0 0.392593 0.233197 0.025925900000000064 0.07786880000000002
0 0.539815 0.379508 0.025308599999999966 0.05081970000000002
0 0.490432 0.48729500000000003 0.024074099999999935 0.07295080000000005
0 0.476543 0.292213 0.03580250000000006 0.03688520000000002
0 0.4993830000000001 0.322951 0.020987700000000026 0.08032790000000001
0 0.5402086614410387 0.06889958546259657 0.029274744664396314 0.05911057092519315
0 0.49104899999999996 0.59959 0.027777799999999943 0.07295080000000005
0 0.486728 0.852869 0.05864199999999994 0.03524589999999991
0 0.6053392970909607 0.2309354477953646 0.02672739418192137 0.08646149559072923
0 0.458951 0.23647500000000002 0.03765430000000005 0.05327869999999997
0 0.572222 0.343443 0.028395100000000045 0.07049180000000001
0 0.532407 0.708607 0.033950600000000046 0.03852459999999998
0 0.570679 0.247541 0.027777799999999943 0.07213110000000003
0 0.49784 0.40123 0.03888889999999997 0.054918000000000036
0 0.587037 0.496721 0.044444399999999974 0.03934430000000009
0 0.550926 0.606148 0.05617279999999996 0.02704919999999995
0 0.62037 0.933607 0.024691399999999964 0.03770489999999986
0 0.47284000000000004 0.809016 0.03209880000000005 0.03442620000000007
0 0.262346 0.561475 0.025925899999999995 0.07704919999999996
0 0.458951 0.156557 0.045061699999999934 0.049180300000000024
0 0.478086 0.202459 0.04506170000000007 0.036065600000000024
0 0.576852 0.708607 0.05123460000000006 0.03688519999999993
0 0.387037 0.0745902 0.05802469999999998 0.031147500000000012
0 0.550617 0.155738 0.029629599999999933 0.06885249999999998
0 0.608025 0.8479509999999999 0.05061730000000003 0.03688520000000002
0 0.486728 0.747541 0.05123460000000006 0.03114749999999992
0 0.652778 0.140164 0.05987649999999997 0.036065600000000024
0 0.474383 0.354918 0.05 0.05081970000000002
0 0.436111 0.295492 0.029012299999999974 0.07786880000000004
0 0.215123 0.880738 0.03888889999999997 0.0663934000000001
0 0.544444 0.531967 0.03333329999999994 0.05901639999999998
0 0.62963 0.52541 0.03703700000000002 0.06885250000000008
0 0.568827 0.762705 0.05 0.06639339999999992
0 0.537346 0.197541 0.04382720000000004 0.06557380000000002
0 0.20463 0.822541 0.027777800000000016 0.06311479999999997
0 0.490123 0.143033 0.04691359999999995 0.06311480000000003
0 0.505556 0.055327900000000006 0.05802469999999998 0.04672130000000001
0 0.467901 0.0741803 0.03333329999999994 0.0729508
0 0.594136 0.783607 0.031481499999999954 0.06229509999999996
0 0.690741 0.953279 0.023456799999999976 0.07049180000000001
0 0.572222 0.892623 0.029629599999999933 0.06065569999999991
0 0.532407 0.9606559999999998 0.030246900000000035 0.07049180000000001
0 0.6447530000000001 0.897951 0.05246909999999995 0.048360700000000076
0 0.65216 0.390574 0.03271610000000001 0.0729508
0 0.379012 0.8856560000000001 0.04197530000000002 0.05163929999999992
0 0.7262350000000001 0.942213 0.03765429999999991 0.06311479999999989
0 0.708333 0.760246 0.04135800000000006 0.06311480000000007
0 0.42305236270753516 0.14650461654418692 0.025188023272314456 0.038628226870171464
0 0.3045376937220909 0.9537408440878967 0.02199894930391382 0.06757935123822804
0 0.19955300127713924 0.8668386093838326 0.02767134951042998 0.038510457885811096
