0 0.463889 0.00655738 0.016666700000000055 0.009836069999999999
0 0.4429243093688704 0.6097671703692356 0.04642321696088608 0.05670282794545737
0 0.4 0.988934 0.027160499999999983 0.022131099999999935
0 0.47716 0.0663934 0.029629599999999933 0.044262300000000004
0 0.541049 0.346721 0.022839500000000016 0.07213110000000003
0 0.487037 0.0221311 0.024691400000000033 0.0409836
0 0.512654 0.826639 0.05370370000000001 0.03688519999999993
0 0.595062 0.670082 0.05061729999999996 0.031967200000000036
0 0.647531 0.0139344 0.024691399999999895 0.026229500000000003
0 0.633642 0.134016 0.035185199999999965 0.041803299999999995
0 0.578395 0.644262 0.05185190000000002 0.032786899999999966
0 0.485494 0.12254100000000001 0.029012299999999974 0.0745902
0 0.4339509999999999 0.0172131 0.024691400000000033 0.031147500000000005
0 0.546036690896504 0.5618967366324498 0.03403715241721472 0.07430672590776777
0 0.537963 0.394672 0.05 0.04836069999999998
0 0.607407 0.46024600000000004 0.020987700000000026 0.0647541
0 0.6461143543065652 0.09745288923318522 0.04727659138686971 0.04935652153362953
0 0.409877 0.597951 0.028395100000000045 0.08114749999999991
0 0.605556 0.513115 0.03333329999999994 0.06229509999999996
0 0.707716 0.986885 0.027777799999999943 0.026229499999999833
0 0.38642 0.638115 0.05555560000000003 0.041803299999999946
0 0.546914 0.804918 0.03333329999999994 0.040983600000000016
0 0.518519 0.432377 0.023456799999999976 0.08442620000000003
0 0.541358 0.4512300000000001 0.028395100000000045 0.0647541
0 0.594136 0.255328 0.033950600000000046 0.06311479999999997
0 0.579938 0.0209016 0.030246900000000035 0.0401639
0 0.451543 0.0381148 0.030246900000000035 0.0663934
0 0.647222 0.27377 0.027777799999999943 0.05901639999999998
0 0.547531 0.270902 0.059259300000000036 0.03688520000000002
0 0.590123 0.595492 0.030864199999999994 0.06803279999999996
0 0.528704 0.0368852 0.05370370000000001 0.0393443
0 0.551852 0.20123 0.05432099999999997 0.05327870000000002
0 0.550309 0.620082 0.05123460000000006 0.040163900000000086
0 0.483333 0.377869 0.05679010000000006 0.040983600000000016
0 0.5641804303190261 0.07320746812471272 0.05428596063805233 0.049693536249425456
0 0.511728 0.880328 0.024691400000000033 0.03770489999999986
0 0.66821 0.795082 0.029012299999999974 0.04426229999999999
0 0.41020553227183565 0.6955111442508043 0.04263266454367138 0.059873988501608605
0 0.58179 0.826639 0.029012299999999974 0.07622950000000002
0 0.480247 0.617213 0.027160499999999983 0.055737700000000015
0 0.495679 0.49057399999999995 0.030864199999999994 0.07295080000000005
0 0.358333 0.0319672 0.05617279999999996 0.03442619999999999
0 0.584259 0.9454920000000001 0.029012299999999974 0.07295080000000005
0 0.494444 0.293443 0.04567900000000003 0.05081970000000002
0 0.666975 0.9102459999999999 0.038888900000000115 0.03360659999999989
0 0.4104940000000001 0.841803 0.03580250000000006 0.06557379999999993
0 0.314198 0.816803 0.04320990000000001 0.054918000000000085
0 0.452778 0.860246 0.04259259999999998 0.06639340000000002
0 0.04197530000000001 0.502869 0.05679010000000001 0.041803299999999946
0 0.48863505249798084 0.23939022521832384 0.032306449751932594 0.03753638731423318
