0 0.33858 0.357377 0.047530900000000015 0.03770489999999995
0 0.2121558004273504 0.5708068261349306 0.022602199145299165 0.07477884773013874
0 0.4122979737179487 0.6417717757881463 0.029724152564102584 0.042686048423707525
0 0.40287274453941124 0.014817150063051702 0.06130104463437794 0.029634300126103404
0 0.45123500000000005 0.295492 0.022222200000000056 0.04508200000000001
0 0.6543210000000002 0.139754 0.028395100000000045 0.06639340000000002
0 0.7525164358499526 0.4801388674337957 0.02829972830009503 0.07250976513240853
0 0.5440209148076371 0.7465308519348075 0.05516787038472591 0.03480779613038508
0 0.500617 0.8885250000000001 0.05308640000000005 0.026229499999999833
0 0.6975195320439598 0.35021849232802205 0.0518283640879197 0.03650188465604411
0 0.558333 0.0155738 0.05370370000000001 0.027868899999999995
0 0.564506 0.59959 0.025308599999999966 0.07295080000000005
0 0.5244043813092162 0.7888487498665651 0.05613003738156766 0.0403357002668699
0 0.457716 0.24016399999999996 0.029012299999999974 0.08032790000000001
0 0.491667 0.469262 0.04382720000000004 0.05163929999999992
0 0.538889 0.887705 0.020987700000000026 0.0754098000000001
0 0.525807081671415 0.042559888871374525 0.05826183665716996 0.04602772225725095
0 0.531173 0.465984 0.031481499999999954 0.06967210000000008
0 0.432407 0.21516399999999997 0.026543200000000024 0.07295079999999998
0 0.516358 0.706967 0.05246909999999995 0.041803299999999946
0 0.23592097943969606 0.5965950490542244 0.020749841120607786 0.0822191018915511
0 0.5963609303474017 0.7195387236084636 0.035673339305196665 0.049447252783072895
0 0.334259 0.327459 0.052469099999999984 0.030327900000000015
0 0.549074 0.687295 0.04135800000000006 0.05327869999999997
0 0.516975 0.827049 0.04629629999999999 0.04590159999999991
0 0.513272 0.659836 0.04259259999999998 0.0540983999999999
0 0.413889 0.290164 0.05123460000000006 0.02950819999999999
0 0.572839 0.8983609999999999 0.03580250000000006 0.06229510000000014
0 0.550309 0.937705 0.04753090000000005 0.03934430000000009
0 0.478086 0.8422129999999999 0.029012299999999974 0.07622949999999992
0 0.523148 0.598361 0.033950600000000046 0.07049180000000001
0 0.609259 0.806148 0.034567900000000006 0.07622949999999992
0 0.33827199999999996 0.657787 0.03333329999999994 0.045081999999999914
0 0.628395 0.695082 0.055555599999999955 0.040983600000000016
0 0.46142 0.531148 0.029012299999999974 0.08196720000000003
0 0.649074 0.0745902 0.025308600000000105 0.04590160000000001
0 0.329938 0.42459 0.029012299999999974 0.06557379999999997
0 0.563272 0.48688499999999996 0.031481499999999954 0.07213109999999993
0 0.535185 0.373361 0.05185190000000002 0.04836069999999998
0 0.421605 0.137295 0.03703699999999995 0.0729508
0 0.469444 0.127869 0.04876539999999994 0.04918029999999999
0 0.595988 0.668033 0.05493830000000007 0.04426229999999999
0 0.426235 0.345492 0.04259259999999998 0.07622950000000002
0 0.713889 0.620902 0.03765429999999991 0.048360700000000076
0 0.479938 0.327869 0.035185199999999965 0.06393439999999997
0 0.681481 0.266393 0.023456799999999976 0.07868849999999997
0 0.513272 0.10532799999999999 0.05617279999999996 0.041803299999999995
0 0.578395 0.779918 0.04814809999999998 0.05163929999999992
0 0.483025 0.611066 0.04753090000000005 0.05819670000000005
0 0.473765 0.0692623 0.033950600000000046 0.06967210000000001
0 0.495062 0.430738 0.04938270000000004 0.06147540000000003
0 0.422531 0.0778688 0.04753090000000005 0.04590160000000001
0 0.309259 0.297131 0.06419750000000005 0.028688499999999967
0 0.633025 0.8975409999999999 0.03888890000000004 0.07377050000000017
0 0.477469 0.970492 0.05617279999999996 0.040983600000000016
0 0.3160490000000001 0.075 0.04444440000000001 0.05491799999999999
0 0.590123 0.134426 0.04691359999999995 0.055737700000000015
0 0.5552340534979424 0.659153005464481 0.019290123456790122 0.03500683060109293
