0 0.467901 0.0422131 0.024691400000000033 0.07459019999999998
0 0.409568 0.48319699999999993 0.025308599999999966 0.07295080000000005
0 0.5957388308787686 0.5872245914673186 0.03691823824246272 0.05997651706536274
0 0.37556583550177497 0.15371481380426372 0.03158522899644998 0.06961917239147261
0 0.555864 0.034426200000000004 0.031481499999999954 0.0622951
0 0.5050203705001854 0.017447054692886797 0.04411057621469825 0.03489410938577359
0 0.549691 0.484426 0.03765430000000005 0.032786899999999966
0 0.300617 0.0954918 0.030864199999999994 0.028688499999999992
0 0.589198 0.092623 0.05 0.04590160000000001
0 0.492901 0.522541 0.033950600000000046 0.05
0 0.588272 0.984426 0.03703699999999995 0.02950819999999999
0 0.403086 0.733607 0.03209880000000005 0.04426229999999999
0 0.5498318705624436 0.5334253491451488 0.034231241124887374 0.0652114982902976
0 0.530864 0.343033 0.05308640000000005 0.04672130000000003
0 0.616975 0.10901599999999999 0.05246909999999995 0.04426229999999999
0 0.36704804645127953 0.5915604054597903 0.03627380709744078 0.059501589080419304
0 0.620988 0.554918 0.05308640000000005 0.04262289999999994
0 0.3985761163871669 0.14485876132062195 0.0310149902426747 0.07473755369731938
0 0.3734037599321782 0.7560735452824878 0.030970080135643546 0.07965570943502429
0 0.504321 0.0831967 0.022222200000000056 0.07295079999999998
0 0.531173 0.0340164 0.03271610000000001 0.0663934
0 0.436111 0.0155738 0.04629629999999999 0.029508200000000002
0 0.33823969651486246 0.8496500421093366 0.024754706970274983 0.05643791578132694
0 0.45829909043739736 0.6528391109125448 0.025377919125205286 0.07792897817491037
0 0.3094472284136067 0.1401707567139239 0.03283022923223649 0.07496700694082879
0 0.540432 0.42541000000000007 0.03271610000000001 0.07377049999999997
0 0.568827 0.764754 0.027777799999999943 0.07704919999999996
0 0.5917551934098977 0.6980002326532048 0.05264708681979552 0.053376865306409706
0 0.582407 0.381557 0.033950600000000046 0.06803279999999996
0 0.578704 0.646721 0.03888889999999997 0.05901639999999998
0 0.610185 0.259836 0.026543200000000024 0.07377049999999997
0 0.47029902201955176 0.8063496365703933 0.02977305596089657 0.06270982685921335
0 0.7103599054336882 0.5789402970924505 0.05652281086737671 0.03820749418490112
0 0.60679 0.05409839999999999 0.05679009999999999 0.034426200000000004
0 0.469444 0.414344 0.033950600000000046 0.07786879999999999
0 0.580556 0.293852 0.03271610000000001 0.06967209999999999
0 0.446605 0.504508 0.031481499999999954 0.07131149999999994
0 0.37129600000000007 0.655328 0.04629629999999999 0.05819670000000005
0 0.6572881894770307 0.8457046366002955 0.04662745721400945 0.040104130021810964
0 0.5144175121456578 0.6649759121033562 0.04277027570868438 0.05365547579328783
0 0.698457 0.0319672 0.05246909999999995 0.0377049
0 0.497531 0.313934 0.05802469999999998 0.04262290000000003
0 0.654944928156626 0.719408312777035 0.05677694368674842 0.04642937444592979
0 0.362963 0.0922131 0.05432099999999997 0.05163929999999999
0 0.535494 0.930328 0.05987649999999997 0.04426230000000017
0 0.382099 0.510246 0.04814809999999998 0.05163929999999992
0 0.4104940000000001 0.377459 0.03703699999999995 0.06311479999999997
0 0.5434511962592063 0.10174469743016956 0.044142894823292554 0.07332686759656652
