0 0.4039650102865639 0.7425540720443938 0.03384693505451923 0.0420065526085917
0 0.54537 0.0106557 0.05 0.0196721
0 0.444136 0.772951 0.05740740000000002 0.03770490000000005
0 0.558951 0.46475399999999994 0.05 0.04262289999999994
0 0.576852 0.501639 0.05740740000000002 0.03934430000000009
0 0.814815 0.931967 0.023456799999999976 0.06721309999999985
0 0.446914 0.805738 0.05061729999999996 0.03442620000000007
0 0.58858 0.62377 0.05617279999999996 0.03114749999999992
0 0.50679 0.984426 0.04938270000000004 0.03114749999999992
0 0.502778 0.752869 0.06604939999999995 0.03032789999999992
0 0.691667 0.968033 0.03148150000000009 0.06229510000000014
0 0.500309 0.9508199999999999 0.05617279999999996 0.03934430000000009
0 0.662346 0.970902 0.025925899999999925 0.056557399999999945
0 0.49537 0.706557 0.06358019999999998 0.02950819999999999
0 0.533642 0.631967 0.03641980000000002 0.06721310000000004
0 0.514198 0.611885 0.029629599999999933 0.07622950000000002
0 0.788889 0.479918 0.04567900000000003 0.03032789999999992
0 0.599074 0.744262 0.031481499999999954 0.0754098000000001
0 0.547222 0.571311 0.05123460000000006 0.04754099999999996
0 0.555556 0.535246 0.04938270000000004 0.05081969999999993
0 0.609259 0.544672 0.023456799999999976 0.045081999999999914
0 0.669753 0.67459 0.03456789999999986 0.07377049999999997
0 0.471605 0.43770499999999996 0.022222200000000056 0.07213109999999998
0 0.428395 0.9077870000000001 0.04567900000000003 0.0598361000000001
0 0.635494 0.0627049 0.05246909999999995 0.045082000000000004
0 0.556173 0.978279 0.05185190000000002 0.035245899999999816
0 0.623457 0.0905738 0.04938269999999997 0.04672129999999999
0 0.474691 0.255328 0.04938270000000004 0.04344259999999996
0 0.576543 0.84918 0.024691400000000033 0.06721309999999994
0 0.533333 0.136066 0.04938270000000004 0.06721309999999998
0 0.617901 0.826639 0.030864199999999994 0.05327869999999997
0 0.517901 0.515984 0.04814809999999998 0.05983609999999991
0 0.510185 0.289754 0.05 0.04836069999999998
0 0.262963 0.0430328 0.03209879999999998 0.07295079999999998
0 0.559568 0.12417999999999998 0.05 0.058196700000000004
0 0.544444 0.90082 0.04691359999999995 0.07213109999999993
0 0.41203699999999993 0.189344 0.03888889999999997 0.06885249999999998
0 0.46975300000000003 0.122951 0.04074069999999996 0.057376999999999984
0 0.186728 0.689754 0.04135799999999999 0.06311480000000007
