0 0.2859156484375 0.29227938518518504 0.039545691562500096 0.06162719111111109
0 0.47813784062500003 0.7131931185185184 0.034539936562500095 0.10230117333333329
0 0.3074403625 0.9684501607407406 0.03954569156249998 0.06309967851851857
0 0.4553829764378456 0.5419316724604408 0.041090287250691124 0.06273761581985898
0 0.4588659109375 0.049468829629629646 0.036041630624999973 0.0936733725925926
0 0.3494598037856889 0.8041302376604453 0.03649749944429364 0.09047239242370914
0 0.37902343750000006 0.1351303185185185 0.022526059687500086 0.10723136666666648
0 0.2631396578125 0.9664814814814816 0.04505211937499982 0.0665573844444446
0 0.5689623974254268 0.8706849275562922 0.02080567732748584 0.06833932710963747
0 0.3403094198806457 0.16109857385225765 0.021185289605041527 0.10952683229548475
0 0.40755627343749995 0.6664528788559984 0.03453993656250003 0.10106858740740753
0 0.368761834375 0.23435070370370373 0.023026651406249952 0.10353375925925937
0 0.26188838125 0.08213077777777782 0.04355034421874997 0.06285977703703706
0 0.5830090890625 0.6860783333333333 0.04304975249999998 0.055464411851851816
0 0.48139213281249993 0.9758456762962965 0.03303816140625007 0.04830864740740729
0 0.49916220625 0.6601935777777779 0.04655381343749999 0.05792958370370377
0 0.43959317031249995 0.3865691259259258 0.028532998124999882 0.07765020666666668
0 0.31319720781250004 0.799471125925926 0.02703122296875004 0.09490595851851844
0 0.32746403125 0.6903909555555556 0.03353875312500006 0.08874317925925926
0 0.29217284218750006 0.7236709259259259 0.026030120624999972 0.10846380222222217
0 0.30643966562499997 0.5837768592592593 0.03754340578125017 0.09737098000000009
0 0.45310906562500003 0.2756409037037036 0.0315364673437499 0.10230117333333329
0 0.3559968671875 0.8777389037037037 0.02853299812500012 0.08874317925925926
0 0.422072865625 0.1973746296296296 0.03954569156249986 0.08381298592592586
0 0.4751349390625 0.21401311111111107 0.03554112000000013 0.09244078666666669
0 0.43183556807033174 0.6134654733406135 0.035043099421913367 0.0971544177632171
0 0.40280093593750005 0.45127800740740726 0.05105905781249997 0.07641777111111099
0 0.3564667149268735 0.984265913609982 0.04296166844360248 0.031468172780036295
0 0.5985271890625 0.604112948148148 0.0430497525000001 0.06409221259259244
0 0.3214566062500001 0.09014251111111109 0.023527162031250035 0.11585916740740743
0 0.46962786250000005 0.7729713555555554 0.022526059687499846 0.10599878074074072
0 0.4388877925435536 0.01373785311222188 0.04596333741289295 0.02747570622444376
0 0.4385983526548992 0.5140470313462365 0.04253756453395153 0.07130697380358371
0 0.3965437421875001 0.19490855555555567 0.03253765078125 0.10846380222222207
0 0.3677603265625 0.6293811851851852 0.021024284531250003 0.10969638814814815
0 0.4085577812500001 0.31631458518518535 0.04655381343749999 0.060394605185185433
0 0.5066706765625 0.0537829555555555 0.038544589218750085 0.09244078666666664
0 0.38799006668273867 0.9319292245042113 0.019610552884522528 0.10591727419360761
0 0.391537825 0.35760478518518507 0.049557282656250125 0.05669699777777779
0 0.35149129843749993 0.5283127481481482 0.04154805843749993 0.07765020666666647
0 0.29717875937499993 0.36684955555555554 0.03504052828125014 0.08504557185185173
0 0.49741058124999993 0.7828326444444444 0.03203705906249995 0.07888279259259244
0 0.5421161579336301 0.8211262167180743 0.02656654879687229 0.0541438579683009
0 0.33372122499999995 0.5998003259259258 0.04605322171875 0.07025499185185204
0 0.4518577890625 0.1345138 0.04605322171875012 0.05916216962962953
0 0.665354115625 0.3046052444444444 0.02152487625000011 0.10599878074074072
0 0.4736330828125 0.9523075703703705 0.0365422223437499 0.08751059333333307
0 0.41710885232561407 0.642462423930743 0.03182335236054901 0.0972019257927524
0 0.3464861921875001 0.7304496222222222 0.04655381343749999 0.05299939037037015
