0 0.471296 0.0057377 0.03271610000000001 0.0114754
0 0.5539591315453384 0.4496419822875448 0.05002128565346957 0.04663651780667051
0 0.5261780240598837 0.8377047905737705 0.04270655188023272 0.036065318852459005
0 0.5634738035227757 0.5515637979319766 0.03312050704555131 0.07362009586395325
0 0.491975 0.170492 0.04691359999999995 0.04262289999999999
0 0.5176070314850291 0.48484552684661764 0.03975500237689794 0.061456646306764756
0 0.5493472399602668 0.31679856792915023 0.0273165886192706 0.07772752967778407
0 0.50015609633532 0.08033729405973243 0.026848307329360027 0.07211231188053516
0 0.6699838044557967 0.5105949240625588 0.038888900000000115 0.06967210000000008
0 0.5054950181176386 0.42496236966270956 0.03468806376472254 0.056632860674580635
0 0.428093347069675 0.7897778501083474 0.04875090586064995 0.04667459978330511
0 0.6340888829821201 0.5071556984077634 0.029352734035760015 0.06273800318447331
0 0.6176387115084433 0.26168268324853966 0.02979991485738609 0.07395892217825514
0 0.516049 0.019672099999999998 0.03827160000000001 0.0393443
0 0.47681293370937994 0.2570756212361033 0.024152332581240266 0.06945555752779344
0 0.6191184867111285 0.3208327884558065 0.058059126577743245 0.03866202308838703
0 0.715432 0.367213 0.0506173000000001 0.04590160000000001
0 0.49660499999999996 0.8950820000000002 0.022839500000000016 0.08524589999999982
0 0.495988 0.966393 0.026543200000000024 0.06229510000000014
0 0.427469 0.520082 0.05246909999999995 0.04672130000000003
0 0.548765 0.876639 0.05679010000000006 0.0401638999999999
0 0.420679 0.8213110000000001 0.04753090000000005 0.05901640000000008
0 0.6569576301377069 0.17724479214021327 0.02684274714926061 0.07655478119016841
0 0.5387255485703136 0.046302040776333146 0.042883797140627206 0.0647352815526663
0 0.547222 0.503279 0.045061699999999934 0.04918030000000007
0 0.388272 0.416803 0.034567900000000006 0.06147540000000003
0 0.7310950248261672 0.9095206549415865 0.02638664965233439 0.050188009883173124
0 0.5665531431814957 0.1354343320143207 0.030509436639704852 0.07678537780290182
0 0.657942922587626 0.02980496390616167 0.04584185482474803 0.056783472187676653
0 0.0737654 0.587295 0.04135799999999999 0.054918000000000085
0 0.316049 0.794262 0.0395062 0.06229509999999996
0 0.3452318025117071 0.03159504140286414 0.04602000502341421 0.04515738280572828
