0 0.536111 0.416803 0.05617279999999996 0.035245900000000004
0 0.387963 0.0057377 0.03271610000000001 0.0114754
0 0.6570235640620296 0.610885700659736 0.05752769873532069 0.045721601479408305
0 0.6277779999999998 0.4237699999999999 0.05185189999999995 0.049180300000000024
0 0.595988 0.841393 0.024074099999999935 0.03852459999999998
0 0.616667 0.384016 0.05555560000000003 0.033606599999999986
0 0.574383 0.504508 0.05493830000000007 0.03688519999999993
0 0.455864 0.9864749999999999 0.022839500000000016 0.02704919999999995
0 0.526543 0.57459 0.05185190000000002 0.04262289999999994
0 0.636111 0.363115 0.05246909999999995 0.05245900000000004
0 0.551543 0.538934 0.04876539999999994 0.031967200000000036
0 0.394444 0.8495900000000001 0.022222200000000056 0.041803300000000036
0 0.540432 0.952049 0.029012299999999974 0.04344260000000006
0 0.589506 0.454508 0.029629599999999933 0.07622950000000002
0 0.664815 0.648771 0.024691399999999895 0.02868850000000006
0 0.425617 0.754098 0.026543200000000024 0.07377049999999997
0 0.49036447441011033 0.40887813397274225 0.030330818934911255 0.07568623205451541
0 0.516049 0.48606600000000005 0.04074069999999996 0.06557379999999993
0 0.503704 0.355738 0.04074069999999996 0.06229509999999996
0 0.493519 0.884836 0.035185199999999965 0.035245899999999816
0 0.5011723739407553 0.5233946988674943 0.0322227521184892 0.07288310226501117
0 0.4725216651855504 0.4588563083834513 0.025326769628899116 0.0757298832330972
0 0.42932100000000006 0.3 0.027777799999999943 0.06721310000000004
0 0.4645059999999999 0.906148 0.033950600000000046 0.07131150000000012
0 0.445062 0.225 0.025925900000000064 0.0745902
0 0.5019571279057512 0.9541284998900441 0.05164084418849744 0.036005900219912165
0 0.7001505629253237 0.687624981577369 0.05709122585064736 0.04118346347461023
0 0.491358 0.285246 0.04938270000000004 0.04426229999999999
0 0.5225458368789521 0.6396140994202318 0.05367342624209571 0.0437224011595363
0 0.4221874515322522 0.4685225107672906 0.040809996935495654 0.046560978465418554
0 0.507099 0.227459 0.04259259999999998 0.05491799999999999
0 0.527469 0.176639 0.04753090000000005 0.04672129999999998
0 0.80679 0.74959 0.03333329999999994 0.04672130000000003
0 0.532099 0.319672 0.05308640000000005 0.05737700000000003
0 0.562037 0.056147499999999996 0.05 0.0385246
0 0.577778 0.811885 0.04938270000000004 0.05163929999999992
0 0.605247 0.178689 0.05370370000000001 0.05901639999999998
0 0.681481 0.179918 0.04074069999999996 0.06639340000000002
0 0.3327551907530372 0.4770098174057867 0.035881581506074456 0.06877443481157337
0 0.607099 0.956967 0.03271610000000001 0.0598361000000001
0 0.252469 0.10082 0.03827160000000001 0.04590160000000001
0 0.591715976331361 0.5674653215636822 0.052596975673898747 0.04365117858182171
