0 0.577026184375 0.48800328518518526 0.04592465447916669 0.06342129657407398
0 0.429267988834555 0.24566191390286146 0.038636947570944595 0.10543650177564498
0 0.5479030291666668 0.33798685925925936 0.024642495312499926 0.06342129657407398
0 0.48685681666666675 0.18248282592592596 0.05488552062499993 0.050005376111111104
0 0.34628286041666656 0.6733885907407406 0.038083839895833374 0.09269280157407381
0 0.45997467187499996 0.45751194814814816 0.04144417604166672 0.09025343509259261
0 0.49024593470914785 0.7692243988904944 0.030185370790037722 0.10592112508938174
0 0.44821344999999996 0.5502046009259259 0.03136316760416668 0.10732840527777775
0 0.3056788364583333 0.9545168731481483 0.044244441041666666 0.07683736583333324
0 0.2852366479166667 0.11967144537037039 0.02688268916666665 0.051224910555555475
0 0.35384332187500006 0.9282945018518517 0.047604777187499954 0.07805704907407415
0 0.43897177708333335 0.13125821296296294 0.042004247187499996 0.07439814814814812
0 0.4773356979166667 0.4843443842592592 0.024642495312500047 0.07317846490740747
0 0.5616249083333335 0.5410580925925926 0.05208525562499986 0.05000537611111126
0 0.5683452177083334 0.6191151416666668 0.02744276031250005 0.10854808851851845
0 0.6226711208333334 0.13857601481481477 0.050965113333333416 0.052444593796296235
0 0.6200140389231824 0.494226487942335 0.03446502057613164 0.10163681441003837
0 0.5161739921913581 0.8383997546169997 0.05151046897805198 0.06220224998633878
0 0.5146050412463563 0.2331216769844064 0.052135296451045934 0.05858938387622017
0 0.49189772916666663 0.0086105517361111 0.02240230145833338 0.0172211034722222
0 0.5563036427083333 0.03239407733796298 0.049284990624999914 0.06478815467592595
0 0.524940384375 0.7874245842592592 0.040324033750000036 0.08659453416666683
0 0.46249422083333336 0.03239363094907409 0.030803096458333398 0.06478726189814818
0 0.4756563010416667 0.5721580064814814 0.024642495312499988 0.10488918759259268
0 0.5649846093750001 0.26541890555555553 0.02744276031250005 0.10366950435185186
0 0.42227101921124827 0.16283603023651208 0.051482196172839424 0.07525872153509494
