0 0.5756280756280756 0.42473919523099857 0.06863506863506864 0.0320990484924911
0 0.487037 0.0504098 0.022222200000000056 0.06967209999999999
0 0.40774837287188115 0.5167403351828499 0.05560745869377536 0.04756942707784025
0 0.589506 0.721721 0.05185190000000002 0.03852459999999998
0 0.610185 0.756148 0.04629629999999999 0.031967200000000036
0 0.42037 0.020082 0.03333329999999994 0.0385246
0 0.45123500000000005 0.684426 0.024691400000000033 0.06229509999999996
0 0.553704 0.458607 0.059259300000000036 0.03688519999999993
0 0.4919300780410947 0.30070235193167494 0.06163755608218942 0.03255150386334973
0 0.555556 0.69959 0.03580250000000006 0.06967210000000008
0 0.5 0.109836 0.024691400000000033 0.07213109999999999
0 0.526852 0.831557 0.05370370000000001 0.033606599999999986
0 0.522839 0.69877 0.025925900000000064 0.08114749999999991
0 0.46358 0.05409839999999999 0.028395100000000045 0.0786885
0 0.403395 0.276639 0.05123460000000006 0.04344259999999996
0 0.566049 0.498771 0.03209880000000005 0.040163900000000086
0 0.477469 0.629098 0.05617279999999996 0.045081999999999914
0 0.653704 0.461066 0.03580250000000006 0.07295080000000005
0 0.40463 0.901639 0.024074099999999935 0.03934430000000009
0 0.472222 0.495902 0.022222200000000056 0.07377049999999997
0 0.401852 0.489344 0.05432099999999997 0.04590159999999991
0 0.7175930000000001 0.8672130000000001 0.030246899999999893 0.06885250000000008
0 0.319136 0.561066 0.05061729999999996 0.035245900000000004
0 0.594136 0.627869 0.05740740000000002 0.03442620000000007
0 0.573765 0.131967 0.04259259999999998 0.05245899999999999
0 0.591049 0.876639 0.05617279999999996 0.0401638999999999
0 0.631481 0.321311 0.04691359999999995 0.04754099999999996
0 0.549383 0.780738 0.04197530000000002 0.06311480000000007
0 0.54784 0.915574 0.03271610000000001 0.03770489999999986
0 0.589815 0.8241799999999999 0.040123500000000034 0.04344259999999996
0 0.709568 0.197951 0.0561728000000001 0.03688519999999998
0 0.38117300000000004 0.027459000000000008 0.04382720000000004 0.05327869999999999
0 0.82037 0.912705 0.030864199999999994 0.03852459999999998
0 0.418827 0.421311 0.04382720000000004 0.049180300000000024
0 0.568519 0.296721 0.04074069999999996 0.0606557
0 0.668827 0.920082 0.048765400000000084 0.05163929999999992
0 0.770679 0.378689 0.05123459999999992 0.05081970000000002
0 0.6308640000000001 0.0983607 0.03333330000000002 0.0721311
0 0.189815 0.289344 0.05987649999999997 0.040983600000000016
0 0.644136 0.972131 0.05123459999999999 0.0540983999999999
0 0.4104940000000001 0.968033 0.03580250000000006 0.06229510000000014
0 0.696914 0.756148 0.05185190000000002 0.048360700000000076
