0 0.5801978997194164 0.41044168841281664 0.051725412682379276 0.036046578464977705
0 0.505247 0.00860656 0.021604899999999955 0.017213099999999995
0 0.649691 0.46762299999999996 0.030246899999999893 0.0647541
0 0.46018499999999996 0.027049199999999995 0.029012299999999974 0.05245899999999999
0 0.209259 0.988934 0.03333330000000002 0.022131099999999935
0 0.420679 0.352049 0.04259259999999998 0.0647541
0 0.576543 0.901639 0.030864199999999994 0.0754098000000001
0 0.578704 0.465574 0.029012299999999974 0.07049180000000001
0 0.444753 0.909836 0.022839500000000016 0.0803279000000001
0 0.526543 0.35041 0.04074069999999996 0.06311479999999997
0 0.592901 0.3 0.05740740000000002 0.02950819999999999
0 0.588272 0.24508200000000002 0.023456799999999976 0.07049180000000001
0 0.461111 0.582377 0.05061729999999996 0.04344260000000006
0 0.49629600000000007 0.69918 0.029629599999999933 0.0754097999999999
0 0.467593 0.615984 0.05 0.048360700000000076
0 0.42685199999999995 0.943443 0.025308599999999966 0.05081970000000011
0 0.610185 0.590164 0.019135800000000005 0.04754099999999996
0 0.737346 0.54959 0.024074100000000074 0.07295080000000005
0 0.476235 0.72541 0.03271610000000001 0.07377049999999997
0 0.506481 0.779918 0.03271610000000001 0.06803279999999996
0 0.473457 0.65082 0.04814809999999998 0.05901639999999998
0 0.615741 0.787295 0.024074099999999935 0.0647541
0 0.257407 0.0143443 0.04197530000000002 0.025409800000000003
0 0.623765 0.341803 0.04135799999999999 0.06885249999999998
0 0.530864 0.748361 0.024691400000000033 0.07868850000000006
0 0.452161 0.757787 0.04753090000000005 0.045081999999999914
0 0.40925899999999993 0.8295079999999999 0.05061729999999996 0.040983599999999926
0 0.545988 0.340984 0.04135800000000006 0.06885249999999998
0 0.532099 0.884426 0.04938270000000004 0.03934430000000009
0 0.590123 0.554508 0.05185190000000002 0.03360660000000008
0 0.6 0.95041 0.04320989999999994 0.023770500000000166
0 0.548765 0.8184430000000001 0.029629599999999933 0.06803280000000006
0 0.6703699999999999 0.697131 0.05185190000000002 0.03360660000000008
0 0.630556 0.171721 0.03765429999999998 0.05327870000000002
0 0.579321 0.788115 0.030246900000000035 0.08114749999999991
0 0.611111 0.19016400000000003 0.034567900000000006 0.06885250000000001
0 0.279012 0.85041 0.025925899999999995 0.041803300000000036
0 0.528395 0.928279 0.044444399999999974 0.0401638999999999
0 0.674383 0.408607 0.03765429999999991 0.06639339999999996
0 0.41759300000000005 0.869262 0.035185199999999965 0.05
0 0.446296 0.156148 0.034567900000000006 0.07622950000000002
0 0.424691 0.693033 0.03827160000000001 0.06639339999999992
0 0.508642 0.22622999999999996 0.05432099999999997 0.0393443
0 0.52716 0.0360656 0.04320989999999994 0.055737700000000015
0 0.739506 0.252869 0.04074069999999996 0.0647541
0 0.349383 0.472951 0.04691359999999995 0.04918030000000007
0 0.511111 0.403279 0.05802469999999998 0.036065600000000024
0 0.6663580000000001 0.745902 0.036419799999999884 0.04262289999999994
0 0.686728 0.8758200000000002 0.04259259999999998 0.058196699999999865
0 0.487654 0.9258199999999999 0.04074069999999996 0.07295080000000005
0 0.372531 0.555738 0.05 0.06229509999999996
