0 0.44345111394919823 0.36602600339174673 0.0290903930750674 0.07160354249104957
0 0.5416278562402441 0.34013567888637647 0.03032538751951189 0.044318842227247045
0 0.49104899999999996 0.00819672 0.026543200000000024 0.014754100000000001
0 0.46296300000000007 0.415574 0.03950619999999993 0.024590199999999954
0 0.6379772503121895 0.41108934887883924 0.030275100624379127 0.05496469775767852
0 0.742901 0.546721 0.045061699999999934 0.05245900000000004
0 0.47685183148148147 0.2457981710806482 0.029906302383993215 0.07516521346335032
0 0.61821 0.804098 0.04506170000000007 0.040983600000000016
0 0.583025 0.82459 0.029012299999999974 0.02459019999999991
0 0.427161 0.380328 0.027160499999999983 0.049180299999999975
0 0.566667 0.604098 0.03827160000000001 0.04754099999999996
0 0.503395 0.477049 0.04629629999999999 0.05409840000000009
0 0.541049 0.118852 0.04876539999999994 0.02622950000000002
0 0.39320999999999995 0.64918 0.024691400000000033 0.04754099999999996
0 0.643827 0.988934 0.030864199999999994 0.022131099999999935
0 0.533951 0.013524599999999998 0.03703699999999995 0.025409799999999996
0 0.47284000000000004 0.786475 0.029629599999999933 0.04344260000000006
0 0.39290100000000006 0.009836069999999999 0.05740740000000002 0.0180328
0 0.515741 0.746311 0.029012299999999974 0.03688519999999993
0 0.521296 0.0446721 0.05370370000000001 0.035245900000000004
0 0.37160499999999996 0.418033 0.028395100000000045 0.031147500000000012
0 0.525617 0.591393 0.04753090000000005 0.05819670000000005
0 0.6623385837945225 0.4020633126059921 0.026252305945792562 0.05040512530619939
0 0.675617 0.989754 0.030246899999999893 0.020491800000000008
0 0.615123 0.135246 0.03765430000000005 0.03606559999999998
0 0.391049 0.09549179999999999 0.024074099999999935 0.03524589999999999
0 0.43642000000000003 0.4368850000000001 0.04074069999999996 0.049180300000000024
0 0.513272 0.983197 0.021604899999999955 0.031967200000000036
0 0.473457 0.518033 0.03827160000000001 0.05901639999999998
0 0.613272 0.0741803 0.03765430000000005 0.0647541
0 0.18117300000000003 0.402869 0.030246900000000035 0.0647541
0 0.54784 0.183607 0.03765430000000005 0.07213110000000003
0 0.46265400000000007 0.022131099999999997 0.04506170000000007 0.0426229
0 0.46697500000000003 0.0815574 0.026543200000000024 0.08114749999999998
0 0.434877 0.727049 0.05246909999999995 0.03114749999999992
0 0.520679 0.155328 0.03641980000000002 0.06147540000000003
0 0.444753 0.780328 0.05617279999999996 0.04754099999999996
0 0.45123500000000005 0.179508 0.05185190000000002 0.04262289999999999
0 0.419444 0.212295 0.05617279999999996 0.031147500000000012
0 0.565432 0.0905738 0.027160499999999983 0.07786879999999999
0 0.542284 0.452049 0.026543200000000024 0.07459019999999995
0 0.339815 0.302049 0.027777799999999943 0.041803300000000036
0 0.489815 0.454508 0.04876539999999994 0.06639339999999992
0 0.418519 0.054918 0.06172839999999999 0.0377049
0 0.60463 0.416393 0.033950600000000046 0.07377049999999997
0 0.30679 0.338115 0.0395062 0.06311479999999997
0 0.599691 0.783197 0.04629629999999999 0.05819670000000005
0 0.316975 0.126639 0.025308599999999966 0.035245900000000004
0 0.53642 0.559836 0.04320989999999994 0.057376999999999935
0 0.524074 0.270902 0.05555560000000003 0.05
0 0.580247 0.558197 0.04938270000000004 0.05901639999999998
0 0.442593 0.894262 0.027160499999999983 0.040983600000000016
0 0.49691399999999997 0.828689 0.028395100000000045 0.07377049999999997
0 0.612346 0.962295 0.04320989999999994 0.05737700000000012
0 0.6277779999999998 0.908197 0.05185189999999995 0.05081970000000011
0 0.666975 0.9340159999999998 0.03271610000000001 0.0598361000000001
0 0.634568 0.573361 0.05308640000000005 0.054918000000000085
0 0.582099 0.8811479999999999 0.03827160000000001 0.07049180000000001
0 0.15216 0.622951 0.030246900000000018 0.07377049999999997
0 0.8040119999999998 0.027868899999999995 0.038888900000000115 0.05409839999999999
0 0.36234600000000006 0.8963109999999999 0.06049380000000007 0.04180330000000013
0 0.201543 0.19221299999999997 0.029012299999999974 0.05983609999999998
0 0.494753 0.904508 0.04753090000000005 0.06475410000000018
