0 0.8080031836477427 0.3925212323850799 0.07469886640186706 0.13695564159297205
0 0.9869889048136234 0.3983898814474045 0.02602219037275321 0.14593297795952134
0 0.9824764909675824 0.994252102425548 0.03504701806483534 0.01149579514890404
0 0.9228691596476248 0.17740833272919954 0.08199535940266714 0.11175423028234166
0 0.5913516590938255 0.05356715929482367 0.0496365523064514 0.05312926384341915
0 0.977035050741474 0.9719999107508691 0.0459298985170521 0.056000178498261784
0 0.9916340367139597 0.9248525868049217 0.01673192657208074 0.08038388620465374
0 0.6551890432098766 0.3613356602320793 0.06924471802653046 0.09346093964648787
0 0.8436257966366802 0.9117478623635311 0.07301846172200707 0.12337888784791955
0 0.8333637385416668 0.22244225740740736 0.08461845333333334 0.12082417629629624
0 0.9888469575737578 0.7200979238759005 0.022306084852484295 0.10211858504968895
0 0.9472380913207047 0.562704132686043 0.10552381735859069 0.0891607086550646
0 0.9458463079820727 0.7804720873343313 0.10830738403585466 0.12005833647733705
0 0.8774917841545454 0.4958510310302999 0.09900766850431211 0.07727892922679155
0 0.8698736486571811 0.2969989505156495 0.10097213406950836 0.06650875005733749
0 0.6828003048041497 0.865167510657168 0.053350573249951815 0.1370606401612324
0 0.7984504932583872 0.1707692513543488 0.08532232978530901 0.12193574247648756
0 0.9224736771270426 0.8358713840961312 0.07801916105841507 0.11769849791884915
0 0.7901254346169175 0.9158556172256712 0.08142982232887318 0.13543862075104016
