0 0.450617 0.993443 0.05555560000000003 0.013114799999999885
0 0.542593 0.484426 0.04197530000000002 0.032786899999999966
0 0.6558639999999999 0.013114800000000001 0.019135800000000005 0.024590200000000003
0 0.642284 0.309426 0.03148150000000002 0.05491799999999999
0 0.488272 0.763934 0.05679010000000006 0.03442620000000007
0 0.5896870641656025 0.5336443024684379 0.034205971668795195 0.057301795063124265
0 0.526852 0.259836 0.035185199999999965 0.05901639999999998
0 0.551235 0.990164 0.05185190000000002 0.019672099999999894
0 0.573765 0.332377 0.03765430000000005 0.06147540000000003
0 0.599074 0.359426 0.024074099999999935 0.08114750000000001
0 0.565432 0.9606559999999998 0.03580250000000006 0.03770489999999986
0 0.619136 0.523771 0.03333330000000002 0.06885250000000008
0 0.485185 0.802459 0.05679010000000006 0.040983600000000016
0 0.555556 0.397541 0.04814809999999998 0.040983600000000016
0 0.7231479999999999 0.334016 0.035185199999999965 0.05327869999999997
0 0.528086 0.361885 0.05617279999999996 0.035245900000000004
0 0.501852 0.296721 0.030864199999999994 0.07377049999999997
0 0.638889 0.155328 0.023456799999999976 0.0893443
0 0.431481 0.894262 0.04938270000000004 0.040983600000000016
0 0.680556 0.92459 0.022839499999999874 0.03442620000000007
0 0.634877 0.075 0.05370369999999994 0.0368852
0 0.525 0.935656 0.03641980000000002 0.06311479999999989
0 0.493519 0.968033 0.04506170000000007 0.05737700000000012
0 0.425 0.9553280000000001 0.05740740000000002 0.03360659999999989
0 0.787037 0.34877 0.03950619999999993 0.06147540000000003
0 0.58642 0.104508 0.04938270000000004 0.053278700000000005
0 0.451543 0.351639 0.04753090000000005 0.05737700000000003
0 0.424691 0.769262 0.039506200000000075 0.06311480000000007
0 0.281173 0.072541 0.027777800000000016 0.07295079999999998
0 0.585185 0.045901599999999994 0.05185190000000002 0.050819699999999995
0 0.419753 0.477869 0.044444399999999974 0.05901639999999998
0 0.504321 0.0631148 0.05185190000000002 0.04590160000000001
0 0.384568 0.12254100000000001 0.04691359999999995 0.04672129999999999
0 0.7783950000000001 0.677049 0.04444440000000011 0.057376999999999935
0 0.6799379999999999 0.858607 0.05 0.05
0 0.8320989999999999 0.969672 0.03950619999999993 0.05901639999999998
