0 0.6707900284333898 0.6061609052207221 0.02632144313322021 0.04013708955855568
0 0.487654 0.00614754 0.024691400000000033 0.012295100000000002
0 0.625 0.007377049999999998 0.020370399999999997 0.013114800000000001
0 0.476852 0.44467200000000007 0.05617279999999996 0.035245900000000004
0 0.44567899999999994 0.9922130000000001 0.024691400000000033 0.015573799999999926
0 0.541358 0.677869 0.05308640000000005 0.032786899999999966
0 0.560185 0.0217213 0.030246900000000035 0.0401639
0 0.33765400000000007 0.757787 0.025925900000000064 0.03688519999999993
0 0.41203699999999993 0.728279 0.024074099999999935 0.03688519999999993
0 0.41358 0.636066 0.05802469999999998 0.03114749999999992
0 0.55463 0.642213 0.03641980000000002 0.03688519999999993
0 0.633025 0.708607 0.03765429999999998 0.06311480000000007
0 0.57843204509866 0.2133177174162814 0.034673523562308635 0.0560315396385036
0 0.420988 0.57459 0.04814809999999998 0.03770490000000005
0 0.560802 0.751639 0.04876539999999994 0.02950819999999999
0 0.474691 0.48278699999999997 0.05679010000000006 0.040983600000000016
0 0.5894826181861349 0.03917610229087853 0.027112636372269797 0.07507360458175703
0 0.562963 0.970492 0.027160499999999983 0.04426230000000017
0 0.608025 0.202869 0.03333329999999994 0.06803279999999999
0 0.487037 0.715984 0.025925900000000064 0.08114749999999991
0 0.634877 0.767623 0.036419799999999954 0.03688519999999993
0 0.48209899999999994 0.64959 0.04567900000000003 0.05819670000000005
0 0.514506 0.617213 0.033950600000000046 0.06229509999999996
0 0.43919800000000003 0.689344 0.06234569999999995 0.03770490000000005
0 0.414198 0.45 0.04074069999999996 0.06885250000000004
0 0.586111 0.72459 0.029012299999999974 0.07704919999999996
0 0.516975 0.040163899999999995 0.05617279999999996 0.03770489999999999
0 0.545062 0.0758197 0.04938270000000004 0.040163899999999995
0 0.53179 0.163115 0.04135800000000006 0.03442619999999998
0 0.328086 0.967623 0.040123500000000034 0.06311479999999989
0 0.360802 0.931967 0.029012299999999974 0.04262289999999994
0 0.49784 0.876639 0.029012299999999974 0.07131150000000012
0 0.541049 0.787705 0.035185199999999965 0.05901639999999998
0 0.223765 0.823361 0.027777800000000016 0.05983609999999991
0 0.711728 0.0188525 0.03456789999999986 0.0377049
0 0.439815 0.844672 0.054938299999999926 0.031967200000000036
0 0.464198 0.980738 0.023456799999999976 0.03688520000000012
0 0.669753 0.539344 0.0493826999999999 0.04918030000000007
0 0.567901 0.815574 0.03703699999999995 0.07049180000000001
0 0.768519 0.355328 0.04444440000000011 0.05819669999999996
0 0.471296 0.811475 0.05246909999999995 0.04262289999999994
0 0.544444 0.901639 0.05555560000000003 0.049180299999999885
0 0.4410490000000001 0.0303279 0.04753090000000005 0.057377000000000004
0 0.777469 0.0290984 0.038888900000000115 0.0565574
0 0.408951 0.155328 0.04382720000000004 0.0598361
0 0.8225310000000001 0.654508 0.038888900000000115 0.06639339999999992
