0 0.38013926875 0.17335536425925924 0.019229689166666595 0.03805555555555555
0 0.42340623333333327 0.3935785259259259 0.04301373093750011 0.03431241111111108
0 0.5145365293427426 0.17903505527625985 0.025724078918681316 0.04941508981177902
0 0.38915198098696613 0.31097397777483815 0.028986814231510512 0.05977639174844153
0 0.4977949489583333 0.5364428870370371 0.03997746854166664 0.041798700000000126
0 0.4957708833333333 0.34990825370370365 0.0308686813541667 0.051780519999999955
0 0.46946415486942145 0.5947548589352541 0.03796835755134301 0.04121253842578799
0 0.4178398479166667 0.4213400537037037 0.04200169812500008 0.04491803777777774
0 0.3841882197916667 0.40886315925925926 0.04149564072916666 0.03743167277777778
0 0.3817573045663034 0.904823603817202 0.0487795268280801 0.018734698862256337
0 0.4304908729166667 0.1852086803703704 0.0389654357291666 0.02682604611111109
0 0.4938836365517833 0.17512297203096538 0.025534387729766846 0.04034300554341228
0 0.5005781416666666 0.4874699537037038 0.040483525937500056 0.031193073333333415
0 0.4547813 0.3524039370370371 0.026820386145833375 0.05178052000000001
0 0.40822533124999993 0.27223762592592593 0.021759894166666762 0.05365209222222223
0 0.24585379255518144 0.9066857095545621 0.0276024130190797 0.014745818844179713
0 0.2818279013398123 0.2743814917110282 0.036713024612042136 0.044214859347982256
0 0.6711153031249999 0.7731979148148148 0.0303626239583334 0.04990894777777778
0 0.41910478645833327 0.5520395759259259 0.04959231312500011 0.024330591111111147
0 0.40189981874999997 0.16025425214814815 0.019229689166666595 0.011853392222222207
0 0.48134828854166667 0.23262255370370372 0.03137473875 0.05053275444444446
0 0.4079720156250001 0.3580186537037037 0.046556050729166645 0.036807866111111046
0 0.4342865083333332 0.6041315425925926 0.028338476354166767 0.0524044027777777
0 0.44088606986054957 0.20765892339421013 0.04550091152890078 0.0361927956942841
0 0.393043609375 0.8689609148148149 0.03592917333333337 0.04304646555555552
0 0.44061202083333334 0.8720799481481482 0.04098958333333336 0.026826046111111064
0 0.44169277199223134 0.4484686807753077 0.025485946154309148 0.05550509580987477
0 0.319161525 0.898594775925926 0.022772008958333246 0.03244076277777763
0 0.8388686324375 0.9007776425925926 0.004554401791666625 0.026826046111110956
0 0.39759837187499997 0.7254732037037037 0.03390494375000017 0.044294155000000154
0 0.2623843797341081 0.6698072175783104 0.044838969051549306 0.04083428391745319
0 0.4196105979166666 0.5832321925925926 0.042507755520833496 0.03431241111111113
0 0.42248703514181407 0.3243823688120312 0.021944907575294673 0.056665573116678226
0 0.37178603197416904 0.3662086361373527 0.04157551933799202 0.02900457356907843
0 0.3153658895833334 0.5158555925925925 0.022265951562500063 0.033064645555555536
0 0.3189082093750001 0.6736925314814814 0.03441100114583324 0.05427597499999992
0 0.2093496114583333 0.6721330148148148 0.027832418958333348 0.056147547222222254
0 0.44760426803267045 0.8309622888674311 0.04181797908617432 0.0341992368947676
0 0.4231529177083333 0.514919425925926 0.043519788333333406 0.02994538388888888
0 0.36268098541666666 0.16119004587037036 0.018723631770833412 0.014972653888888882
0 0.36748824375000005 0.481855237037037 0.030362623958333283 0.05115663722222221
0 0.46591407083333336 0.17803429481481484 0.018723631770833353 0.04866118222222224
0 0.5026022072916666 0.42757888148148143 0.04250775552083326 0.028697618333333338
0 0.465944894271603 0.43103837419198815 0.026759395102627318 0.05558070042101341
0 0.4527572343750001 0.2578883981481482 0.026820386145833434 0.05489978166666668
0 0.3386438739583335 0.3776697814814815 0.037447263541666234 0.031193073333333307
0 0.7199478333333335 0.19238314203703702 0.027832418958333348 0.05115663722222221
0 0.37356126041666665 0.8786308314814815 0.024290099166666697 0.032440762777777736
0 0.36163058049632124 0.5987249544626593 0.03649652388078314 0.04385935861345708
0 0.33257167708333335 0.5267729703703704 0.03947141114583322 0.04242258277777772
0 0.42543029895833334 0.16337354425925926 0.026820386145833434 0.018091991666666675
0 0.416574909375 0.9054569537037037 0.022265951562499945 0.01871587444444437
0 0.3480058947916666 0.5623328425925925 0.04908625572916658 0.02495447388888884
0 0.49627669479166664 0.3901474370370371 0.03491705854166665 0.0361839833333333
0 0.5058912114583334 0.46126718148148144 0.04908625572916663 0.032440762777777785
0 0.5962207760416668 0.41135884259259264 0.03137473875 0.026202163333333316
0 0.4337798770833333 0.2691178314814815 0.02732636156249981 0.05365209222222223
