0 0.5925443463541666 0.5199895601851853 0.01195987265625007 0.023752269444444484
0 0.6034577994791667 0.5741743824074074 0.012557882031250026 0.014845179722222265
0 0.5587604740877086 0.3733826567476226 0.007765272818701045 0.033388143517783436
0 0.6040557604166668 0.34797113240740735 0.013155867187499955 0.01373179916666666
0 0.5648872604166667 0.527968862962963 0.010763878124999949 0.021896650277777863
0 0.5871624557291667 0.23663217129629627 0.005680943750000012 0.033772785
0 0.5498597555805014 0.35407797783727635 0.012104021577669499 0.020816131084706636
0 0.6186948858821671 0.3715356053647358 0.009843357962251057 0.029694040752009855
0 0.6180190420180676 0.5242370420488366 0.007594559296551751 0.03158696266158611
0 0.5733337916666666 0.5053299740740741 0.011511389843749952 0.025607933888888795
0 0.6753664166666666 0.27727078796296295 0.014949846875000124 0.022267746944444444
0 0.5659337526041667 0.32811546851851847 0.018836810937499848 0.014102895833333346
0 0.5262418854166666 0.24553921574074072 0.009119400781249946 0.02189665027777773
0 0.6335765041557622 0.25306698364930785 0.007912848415691088 0.014263591127310191
0 0.6029302421023482 0.2834627501267225 0.008811725090113142 0.0167675103177537
0 0.6432242604166667 0.3271877268518519 0.00597994843749999 0.03080373999999998
0 0.5911989947916666 0.5554320990740741 0.009268903124999995 0.02931921749999994
0 0.5639901979166666 0.4930823351851851 0.00777392812500004 0.03303050111111108
0 0.5569638541666667 0.6007098768518518 0.008670917968749947 0.02931921749999994
0 0.5653737213791087 0.2564213189939414 0.006056146924883995 0.03279166710470981
0 0.5733353692796578 0.48074868251262015 0.011678858590341434 0.02468900587918057
0 0.5878352526041667 0.33034222962962967 0.011511389843749952 0.027463553055555572
0 0.5561857164210459 0.40730596165644656 0.014480217018938646 0.0161276094565083
0 0.5773190061243618 0.613467330733016 0.007748872891215915 0.0033032453103691785
0 0.5885078072916666 0.49456699351851846 0.011660867968749973 0.012989515277777846
0 0.5536747057291667 0.17743700074074073 0.007773928124999922 0.02820583694444444
0 0.5835744479166666 0.4743405046296296 0.011361887499999905 0.02820583694444444
0 0.5832856693462768 0.5299914308640491 0.01404665541416191 0.018694377866659104
0 0.6147449479166667 0.17409685907407407 0.00792343046874997 0.015587418333333332
0 0.6076437682291667 0.5942152324074073 0.014351861718750077 0.017071940833333264
0 0.5720056038345306 0.46733377532806153 0.009452732929477984 0.019209491103136196
0 0.6180600402020917 0.16568142617923343 0.011521855587009593 0.004491374009490319
0 0.5674409470171724 0.20864270703465382 0.008396788044761768 0.030371356856618275
0 0.5632070888370279 0.4589716626291814 0.007702757920969106 0.024329313872915065
0 0.5278863385416667 0.5288966046296296 0.00971741015625002 0.013360657222222226
0 0.6232663151041665 0.23050835185185184 0.013006364843750026 0.021525508333333325
0 0.5855925963541666 0.5769576074074075 0.011810370312499903 0.025607933888888903
0 0.5802855416666667 0.5014329157407408 0.011062882812500044 0.026721314444444453
0 0.5310590164074999 0.5847193775796922 0.01353782629958366 0.019605739511236578
0 0.5734832213541667 0.565638162962963 0.010016390624999972 0.030432598055555597
0 0.5682507604166667 0.5892047935185185 0.012109375 0.020412127777777827
0 0.6036072291666666 0.3273733657407408 0.012856862499999977 0.019298701944444475
0 0.5999446276041667 0.5385457518518518 0.009418405468750042 0.018556463333333408
0 0.5649618541666667 0.5563598407407407 0.007325421093750132 0.02894807555555556
0 0.5123536849882754 0.2675955348751542 0.01154184367446754 0.0267735261756175
