0 0.4849582817333618 0.014009826248351235 0.04399006346672339 0.02474085249670247
0 0.403704 0.758197 0.034567900000000006 0.040983600000000016
0 0.618827 0.992623 0.030246899999999965 0.014754100000000183
0 0.6044416745671917 0.33286205247785944 0.048389249134383354 0.0456005605803656
0 0.5038524819816943 0.6753485048002639 0.022520663963388678 0.04086130960052765
0 0.45740699999999995 0.313115 0.028395100000000045 0.04262290000000003
0 0.566667 0.351639 0.028395100000000045 0.022950799999999955
0 0.6937808119483468 0.6238644537120784 0.030955976103306384 0.03423729257584328
0 0.427161 0.422131 0.025925900000000064 0.03934430000000005
0 0.520679 0.0844262 0.04382720000000004 0.057376999999999984
0 0.5506455564885767 0.6309542055869607 0.03204178702284667 0.04464818882607877
0 0.7287039999999999 0.0721311 0.04753090000000005 0.05409839999999999
0 0.5 0.27377 0.028395100000000045 0.036065600000000024
0 0.659259 0.523771 0.028395100000000045 0.032786899999999966
0 0.49691399999999997 0.537295 0.022222200000000056 0.08114749999999991
0 0.5174187597559244 0.9466270962879216 0.05356889456506316 0.04192575843225924
0 0.551852 0.129918 0.039506200000000075 0.04508200000000001
0 0.644444 0.582787 0.029629600000000006 0.0754098000000001
0 0.622531 0.587705 0.021604899999999955 0.07213109999999993
0 0.5535156020363275 0.5429433976210666 0.026784604072655063 0.03998469524213308
0 0.419444 0.8790979999999999 0.024074099999999935 0.07459019999999991
0 0.429012 0.308197 0.05679010000000006 0.04754099999999996
0 0.39567900000000006 0.884836 0.024691400000000033 0.07622949999999984
0 0.394136 0.740574 0.04876539999999994 0.06639339999999992
0 0.651543 0.46393400000000007 0.033950600000000046 0.06393440000000007
0 0.544136 0.72418 0.031481499999999954 0.07131149999999994
0 0.458333 0.0430328 0.03765430000000005 0.0614754
0 0.418827 0.254098 0.05493830000000007 0.031147500000000012
0 0.566358 0.409426 0.03765430000000005 0.06967210000000003
0 0.529012 0.555328 0.034567900000000006 0.0647541
0 0.47994526960053924 0.35570932888637646 0.028997960798921547 0.075466142227247
0 0.61142 0.8590160000000001 0.033950600000000046 0.06557379999999993
0 0.612346 0.438525 0.05308639999999998 0.05245900000000004
0 0.625926 0.528279 0.03827160000000001 0.04344260000000006
0 0.59784 0.49016400000000004 0.04382720000000004 0.057376999999999935
0 0.591667 0.766803 0.054938299999999926 0.035245900000000004
0 0.35987699999999995 0.8340159999999999 0.05802469999999998 0.04836069999999998
0 0.598457 0.819262 0.04629629999999999 0.05163929999999992
0 0.474691 0.8397540000000001 0.04938270000000004 0.031967200000000036
0 0.565432 0.0836066 0.04938270000000004 0.05901639999999998
0 0.584568 0.311885 0.04691359999999995 0.0598361
0 0.508951 0.116803 0.04876539999999994 0.0598361
0 0.376852 0.176639 0.025308599999999966 0.05
0 0.478395 0.43319700000000005 0.04691359999999995 0.06639339999999996
0 0.559259 0.8450819999999999 0.05432099999999997 0.05081970000000002
0 0.467901 0.595902 0.03950619999999993 0.06065569999999991
0 0.346605 0.425 0.05987649999999997 0.03852459999999998
0 0.558025 0.797131 0.04074069999999996 0.06803279999999996
0 0.6191359999999999 0.0979508 0.05185189999999995 0.05491799999999999
0 0.666667 0.785246 0.04814809999999998 0.0606557000000001
0 0.134877 0.14959 0.0302469 0.0745902
