0 0.45529277320068295 0.2605513114143705 0.022747353598634074 0.036275277171259196
0 0.544444 0.994672 0.05185190000000002 0.009016389999999878
0 0.44537000000000004 0.523771 0.05740740000000002 0.032786899999999966
0 0.5506304176516943 0.47959539588419947 0.04399789860782764 0.06888733868154863
0 0.440741 0.555328 0.044444399999999974 0.02868850000000006
0 0.44021533806803254 0.49870961796302754 0.061912376136065095 0.036762835926055094
0 0.55 0.8770489999999999 0.018518500000000045 0.03442620000000007
0 0.452778 0.4668030000000001 0.05740740000000002 0.040163900000000086
0 0.554938 0.00901639 0.020987700000000026 0.0180328
0 0.5861636243104807 0.25190948256888734 0.04742575137903866 0.04863933486222529
0 0.47149986866298915 0.1480205790024416 0.037431048069345885 0.03182769445413324
0 0.5727935382190701 0.43425183118242067 0.05089309167323347 0.04621555633065925
0 0.6966115788875755 0.1680415178671085 0.04504874222484909 0.06227766426578307
0 0.487037 0.243443 0.03827160000000001 0.05409839999999999
0 0.4825389237391647 0.1229506581967213 0.050972252521670654 0.04098328360655736
0 0.655247 0.137705 0.04135800000000006 0.04754100000000001
0 0.671914 0.60041 0.027777799999999943 0.04344260000000006
0 0.487963 0.352049 0.027777799999999943 0.08442619999999998
0 0.575309 0.8770489999999999 0.04197530000000002 0.06393440000000007
0 0.4077160000000001 0.431148 0.027777799999999943 0.04426229999999999
0 0.4990413500065668 0.45412458351935825 0.03882300001313374 0.036117767038716435
0 0.5150839951930654 0.5257847871381235 0.045140409613869156 0.05662712572375313
0 0.48024673024691356 0.5524302539186079 0.027160860493827148 0.07863100783721588
0 0.291049 0.537295 0.05864200000000001 0.035245900000000004
0 0.6097910753874441 0.23436506837286358 0.042145849225111665 0.04930216325427273
0 0.514815 0.287295 0.05679010000000006 0.035245900000000004
0 0.43317551626608874 0.4386207129316359 0.04906793253217762 0.044453725863271676
0 0.534877 0.72377 0.033950600000000046 0.06557379999999993
0 0.53096264226425 0.3864665714771538 0.036839915471499875 0.06313195704569234
0 0.438272 0.858607 0.05555560000000003 0.03852459999999998
0 0.601852 0.116803 0.05308640000000005 0.041803299999999995
0 0.508025 0.706557 0.04074069999999996 0.06065569999999991
0 0.7933873756435512 0.26198094981688175 0.02998385128710267 0.06986439963376347
0 0.6185446726490674 0.07785139377397976 0.050670045298134965 0.03439138754795953
0 0.46296300000000007 0.79877 0.04938270000000004 0.04344260000000006
0 0.425 0.21188499999999996 0.05 0.04344259999999999
0 0.4104940000000001 0.383607 0.04814809999999998 0.036065600000000024
0 0.3234173890202259 0.5643965817928147 0.036774363015497774 0.07717125915591203
0 0.535185 0.655328 0.06049380000000007 0.03852459999999998
0 0.385494 0.69918 0.03765430000000005 0.032786899999999966
0 0.609877 0.578689 0.029629599999999933 0.07868850000000006
0 0.401235 0.65082 0.029629599999999933 0.06885250000000008
0 0.570062 0.842623 0.05246909999999995 0.04590160000000001
0 0.37207760583136334 0.11959374903208929 0.02810641166272651 0.04246579806417858
0 0.603086 0.9700819999999999 0.030864199999999994 0.058196699999999865
0 0.281481 0.764344 0.023456799999999976 0.06639339999999992
0 0.631173 0.44057399999999997 0.03888890000000004 0.05327869999999997
0 0.564815 0.0405738 0.03703699999999995 0.0565574
0 0.391049 0.254918 0.05370370000000001 0.05081970000000002
0 0.573148 0.0786885 0.04876539999999994 0.04426229999999999
0 0.492593 0.891803 0.04567900000000003 0.0540983999999999
0 0.555864 0.808607 0.05740740000000002 0.040163900000000086
0 0.553395 0.125 0.04753090000000005 0.051639300000000006
0 0.6734570000000001 0.931967 0.027160500000000126 0.05901639999999998
0 0.646605 0.545082 0.04382719999999997 0.06229509999999996
0 0.36528106120304704 0.524066968957098 0.03710270554242188 0.06975933031042895
0 0.535802 0.0319672 0.034567900000000006 0.0409836
0 0.282716 0.020491799999999998 0.04567899999999996 0.0393443
0 0.7139481985684266 0.8316970543163585 0.026660997136853153 0.05355740863271708
0 0.4290190893814027 0.06804148467038716 0.0345551212371946 0.0671956306592257
0 0.451852 0.925 0.034567900000000006 0.0663934000000001
0 0.288272 0.15082 0.04814809999999998 0.0377049
0 0.33549399999999996 0.431557 0.040123500000000034 0.06311480000000003
0 0.8705474475571315 0.04728808144401814 0.02998469511426307 0.07982216288803626
0 0.32067899999999994 0.8885250000000001 0.03395060000000001 0.03442620000000007
0 0.393827 0.332377 0.05555560000000003 0.05163930000000002
0 0.394444 0.884426 0.05308640000000005 0.05245900000000004
0 0.6479778629203916 0.3501413227812324 0.027841634738186478 0.03957037874505371
