0 0.33579551249999995 0.2731920833333333 0.0903086624999999 0.06347525509259253
0 0.7170416750000002 0.23407417129629637 0.0646527962500001 0.10037946898148159
0 0.40249999999999997 0.26138161111111113 0.04515433125000001 0.06642751296296276
0 0.6636770875000001 0.4333556296296296 0.08107247750000006 0.11514111851851859
0 0.4445762125 0.10786168055555555 0.06773141374999993 0.1048079458333332
0 0.407118425 0.16469350000000008 0.04207554749999988 0.13875990185185183
0 0.5798707425501725 0.195797645279053 0.0865392148996546 0.07950278860856096
0 0.6862538375000001 0.14771797222222224 0.08722987875000002 0.1048079458333332
0 0.7160142500000001 0.8887539675925925 0.0420755475 0.13137898703703707
0 0.4599499833447976 0.040944004178212916 0.04921974543959576 0.08188800835642583
0 0.5441200625 0.26581008796296296 0.07388881499999975 0.09890325000000012
0 0.7487732387813762 0.01533505121321402 0.0903086624999999 0.03067010242642804
0 0.5102549374999998 0.9934595090277778 0.06157401249999997 0.013080981944444535
0 0.7667862545937921 0.1796477567248508 0.09543980250000009 0.06347525509259253
0 0.7375652375000001 0.8393023425925926 0.06465279624999987 0.11809355648148122
0 0.030490687500000006 0.9454839229166667 0.05644287249999997 0.1090321541666665
0 0.5922127201014427 0.9715480552920436 0.09207827520288465 0.05690388941591314
0 0.6139849173991794 0.03184912536652886 0.09133418486111099 0.06369825073305772
0 0.9878953103972851 0.4260941910755446 0.024209379205429826 0.1231306669889534
0 0.5846568 0.47321192129629613 0.07286272000000006 0.12104581435185187
0 0.4792900542360746 0.28658542509822366 0.04069436347214896 0.06074044047422505
0 0.867896925 0.16617025925925913 0.044128070000000005 0.12695051018518516
0 0.8230642512826745 0.8242855796725321 0.06324192631534871 0.0669311038535707
0 0.7065039936529643 0.666258487742686 0.07944271774351273 0.0933483778642489
0 0.6795838875000001 0.8274936712962964 0.05336425499999997 0.12399825231481502
0 0.5502779624999999 0.014442702893518554 0.04515433125000001 0.02888540578703711
0 0.6662423249999999 0.5138065925925924 0.08004621624999994 0.05757055925925935
0 0.4435487875 0.38316562500000007 0.06773141375000004 0.10037946898148149
0 0.602615125 0.1078616805555556 0.08004621624999994 0.10776038379629624
0 0.5938919875 0.8105163425925926 0.08722987874999989 0.07233220879629634
0 0.6226266374999999 0.8658732037037036 0.056442872500000026 0.07676068564814816
0 0.4774155750000001 0.7344938564814815 0.07799385999999989 0.10037946898148128
0 0.5415548250000001 0.898349300925926 0.03797066875000006 0.15352155138888882
0 0.32091447500000003 0.07464720370370373 0.08107247749999995 0.07380842777777782
0 0.37950456380551173 0.7447647525157045 0.06517319056813532 0.05946651530716462
0 0.45381140000000003 0.23038227314814821 0.05952165625000016 0.12252203333333314
0 0.48562500000000003 0.8880155879629631 0.04515433125000001 0.14171215972222248
0 0.6890844031641106 0.5968787951462986 0.0938832174217789 0.07152126804073612
0 0.442523025 0.9086830138888888 0.049259209999999956 0.12990276805555548
0 0.8971452875000001 0.2178352222222223 0.053364254999999854 0.10628416481481466
0 0.6128777375 0.9345154953703703 0.07799385999999989 0.06937995092592592
0 0.8006518788569094 0.748762905949646 0.07188915353618104 0.12203209504515224
0 0.565159 0.3573331435185185 0.07902012125000013 0.09004629629629629
0 0.848399125 0.28647751388888887 0.0543905162500001 0.10480794583333351
