0 0.36218455718329856 0.7840092883687757 0.018412945616597298 0.017485797799485503
0 0.5602268094270834 0.6617620675925926 0.018115665625000096 0.026797950000000088
0 0.35230221822916674 0.8029512231481482 0.025145637187499997 0.020398462129629622
0 0.37527851987007277 0.846757194300521 0.011356084322916734 0.029997718333333347
0 0.4082716442708333 0.7759532083333333 0.02081952442708328 0.02959773509259262
0 0.27236848040958356 0.8191374051504083 0.011749637763126704 0.024081941782139155
0 0.40465807667032944 0.7609219284944545 0.021800532717126706 0.023663125403319475
0 0.35270782552083335 0.6203652416666666 0.019467573124999995 0.023998164907407443
0 0.42265909892156345 0.5769139728139077 0.015526487374376903 0.03090668946477727
0 0.3522929300477919 0.5287583505859337 0.012148810147667059 0.03762427419850309
0 0.3146090541866006 0.62232817486277 0.012488754466951354 0.031270755737422724
0 0.27844860460473425 0.5538005845047079 0.02306051474886483 0.02285878197237876
0 0.37645824850388426 0.46103055592231595 0.021176265283898012 0.016580937637688885
0 0.2757834828125 0.9307414037037037 0.0164933678645833 0.019198561203703716
0 0.3708707793261646 0.5822589328625603 0.015946926760402273 0.028345725700825983
0 0.3044445 0.46637676879629625 0.010544957343750027 0.026398015555555526
0 0.349598315625 0.9327415638888888 0.011085694062500076 0.015998792870370458
0 0.32864339895833333 0.8815454657407408 0.024875246927083337 0.013598991018518644
0 0.45437158489583335 0.762954362962963 0.01730453864583327 0.030797684814814902
0 0.4052730672782789 0.6286723493493007 0.02303051393302553 0.02430796503714513
0 0.3467590645833333 0.45597753635185184 0.008652269322916576 0.006399536666666679
0 0.32093773645833334 0.5315715972222221 0.025145637187500115 0.01839859472222216
0 0.2590199875 0.9141428555555556 0.012167255104166703 0.037197172685184944
0 0.29930344123106256 0.6232999930491699 0.016486343035041765 0.035727290383141506
0 0.32199444535065525 0.5021866788215863 0.01275760851743956 0.0356222555135428
0 0.3454867072682711 0.6440848182878814 0.014442324109291131 0.037039930557244395
0 0.3827322312529162 0.5003207772596058 0.010791202858750874 0.03349062933402631
0 0.3747835017293966 0.8115746051916304 0.011314924299936873 0.04297688910907343
0 0.3651906839006431 0.6121216245105671 0.01664754920472511 0.030123208458727988
0 0.3493781544233297 0.5946518261029891 0.021942094617887164 0.02115022713040065
