0 0.5489045415987978 0.1302997877757274 0.04293221680240457 0.026284924448545178
0 0.6668104967859221 0.194053942867565 0.050904893571844044 0.04876448573513004
0 0.575693385277293 0.6992831696313621 0.06249727055458594 0.03478702096386568
0 0.4138662788798397 0.4458629373615999 0.02623297790058828 0.0789201069779419
0 0.459568 0.213525 0.05246909999999995 0.041803300000000015
0 0.7011377857636868 0.45954207562011845 0.02943537152737373 0.07482195124023693
0 0.546296 0.160656 0.05308640000000005 0.040983600000000016
0 0.5943054389567578 0.6626103629130546 0.0212655220864845 0.0403524741738907
0 0.657099 0.296311 0.03765429999999991 0.035245900000000004
0 0.529012 0.188934 0.06666670000000005 0.027049199999999995
0 0.4720604875896839 0.2995127603789374 0.05646075838665885 0.04984582075787477
0 0.4510441444299011 0.45883595632134583 0.04112261114019778 0.05937648735730838
0 0.48487699999999995 0.106967 0.024074099999999935 0.0729508
0 0.5889923267080345 0.41338317674663116 0.0520586534160687 0.034962253493262374
0 0.5194264865360998 0.6410349669878123 0.02534382692780046 0.07530656602437563
0 0.4393171986280784 0.500002313361514 0.031242502743843395 0.03442227327697195
0 0.444136 0.278689 0.05123460000000006 0.03442619999999998
0 0.505864 0.43032799999999993 0.040123500000000034 0.06229509999999996
0 0.4979767398697563 0.16397738157454295 0.05354510277616185 0.03270113685091411
0 0.53858 0.662295 0.022839500000000016 0.08688519999999993
0 0.645988 0.264754 0.05370369999999994 0.040983600000000016
0 0.477778 0.244672 0.05061729999999996 0.04508200000000001
0 0.521914 0.384016 0.05617279999999996 0.04672130000000003
0 0.5681403096018357 0.3061967667410523 0.05878078079632868 0.04334366651789547
0 0.679321 0.430738 0.030246899999999893 0.07786879999999999
0 0.467901 0.0581967 0.024691400000000033 0.0786885
0 0.177778 0.0151639 0.04197530000000002 0.028688500000000002
0 0.794444 0.205738 0.04074069999999996 0.057377000000000004
0 0.383333 0.386885 0.05432099999999997 0.040983600000000016
0 0.610185 0.4766389999999999 0.04382720000000004 0.05327869999999997
0 0.32087133013864644 0.14585239104583297 0.034800639722706986 0.04108251790833408
0 0.667593 0.734836 0.029012299999999974 0.035245900000000004
0 0.446296 0.390164 0.05308640000000005 0.05081970000000002
0 0.331481 0.707377 0.05185190000000002 0.032786899999999966
0 0.3395059999999999 0.334426 0.04567900000000003 0.05081970000000002
0 0.502469 0.0487705 0.04320989999999994 0.058196700000000004
0 0.4888402617090039 0.9226846837460303 0.046816923418007854 0.061763067492060716
0 0.626235 0.651639 0.05370370000000001 0.05081969999999993
0 0.564506 0.77582 0.05123460000000006 0.045081999999999914
0 0.447222 0.133197 0.04753090000000005 0.05163930000000002
0 0.390871803015319 0.092062922890739 0.03001456459828063 0.0716891450690928
0 0.404012 0.70123 0.05740740000000002 0.041803299999999946
0 0.729321 0.570082 0.038888900000000115 0.0647541
0 0.381481 0.254918 0.05555560000000003 0.0393443
0 0.604012 0.921721 0.031481499999999954 0.06803279999999996
0 0.664815 0.0647541 0.03333329999999994 0.06557380000000002
0 0.760494 0.957787 0.0493826999999999 0.04180330000000013
