0 0.509331267944301 0.3130907006004575 0.05720689420040195 0.041926730975981694
0 0.4298891681292942 0.00725553508173974 0.05185724522583955 0.01600655572172729
0 0.49178523608957797 0.7348029346930995 0.031718072179155905 0.06632626938619897
0 0.4689743037611255 0.24602077773541747 0.0367858168245765 0.07362752573389247
0 0.46970653586706856 0.6176372695577583 0.05900782978753957 0.04141246050324058
0 0.32654320987654323 0.9788839115516585 0.03580246913580247 0.0405928326343881
0 0.5460450760838358 0.49335207777354173 0.03588860178007463 0.07076820434616844
0 0.469175415733563 0.6525589086256195 0.05253346368073504 0.042575663495996965
0 0.5369221629557852 0.35153473485512765 0.05521108608957801 0.048932055261151415
0 0.5147179736147001 0.5372047433473123 0.0289189192650014 0.041678961646969166
0 0.5825367591515935 0.5285931249428136 0.023815981696813083 0.04117405011437279
0 0.7255429688546101 0.7024110095658048 0.042982244717602584 0.04818463070303329
0 0.4864557997128912 0.535179237418986 0.02904137260981916 0.04910418585589023
0 0.692901 0.9893439999999999 0.045061699999999934 0.021311500000000125
0 0.3360836083608361 0.5080344099983769 0.055616672778388984 0.035708488881675
0 0.5192291177855859 0.011359979544387494 0.034938152065470365 0.025012737808599705
0 0.5154500430663221 0.7143537933663744 0.0260192362905541 0.07481890964544409
0 0.5168710659560724 0.9877001135627144 0.029220168087855245 0.025819594262295187
0 0.4666664808641975 0.36907170070529927 0.025610477835199586 0.06532590853983992
0 0.5350093310364629 0.4025686237133054 0.04181022107378693 0.03883911551658409
0 0.5498853391903531 0.9794130360083872 0.03603252161929379 0.04117452798322526
0 0.47529787539477464 0.9769776972931757 0.05840511053689346 0.04678802897445681
0 0.628161754643985 0.5512962211875715 0.03503439071202977 0.03511245762485709
0 0.45848067413149585 0.585017297731605 0.06030042377260978 0.034884004536789956
0 0.5542994544932529 0.6859988562714449 0.04234855010048814 0.05861608844834159
0 0.5239270388314672 0.8898113188048038 0.05696978251507319 0.04735043021349615
0 0.6049921045076084 0.9770539458635152 0.05150014355440713 0.027401829965688157
0 0.562140942068619 0.873970652906977 0.03003841586276192 0.061894794186046466
0 0.691358 0.0184426 0.032098799999999914 0.03360660000000001
0 0.48772501695836645 0.0343695258930318 0.033418819025309986 0.07093777438084432
0 0.670416843453919 0.9642918655833015 0.05422731309216182 0.04190816883339692
0 0.32865357478466845 0.9402831154403355 0.05113384956933682 0.04613983088067106
0 0.32593814937049265 0.4611264405129038 0.049993888277716614 0.05551046907969493
0 0.5223585989089865 0.6015297369424323 0.053832902670112016 0.056471597407548625
0 0.6142334194659776 0.8034693099504385 0.04988515647430386 0.05003812428516964
0 0.37828378823571635 0.9310567962161646 0.05207432352856737 0.05263970756767064
0 0.41860488696525977 0.9394490467022496 0.0481620319839219 0.04733141479222259
0 0.5799598047660064 0.46773732367518106 0.043425208153890345 0.0657643919176516
0 0.4862008326155613 0.16893823865802515 0.05150014355440713 0.041936713686618395
0 0.6527165112905542 0.5716306966260007 0.04900280859890904 0.05479426820434631
0 0.5083046440568476 0.23966818552230273 0.03779783218489801 0.07632508530308807
0 0.5655040136233133 0.9184428004098362 0.050803629371231646 0.05074306864277552
0 0.6646569049669825 0.8539839878002288 0.05347401665231128 0.03526496378192899
0 0.40195233993683605 0.8169319481509721 0.04593741027849556 0.06076057948913465
0 0.6014032443296009 0.3043985894014487 0.04791128337639964 0.03788600838734274
0 0.4352390180878553 0.34002096835684337 0.05329457364341088 0.062428516965306914
0 0.17595648453734264 0.49659146242493096 0.029458501405696114 0.07677325109560136
0 0.43299598047660065 0.15154403354937096 0.03050531151306339 0.06719405261151354
0 0.6065173700832616 0.8915125810141061 0.05455067470571348 0.05313572245520409
0 0.33091325099682944 0.12550561309582844 0.045619209429777166 0.06277256816649483
