0 0.3196703787480835 0.5474418745633773 0.02609134250383274 0.0641326508732456
0 0.475926 0.9938520000000001 0.04691359999999995 0.01229510000000014
0 0.6191229947013381 0.4942378302297045 0.028110187133141007 0.07268071531363489
0 0.576235 0.902459 0.025308599999999966 0.03114749999999992
0 0.5499880312685425 0.13091551824882447 0.056814037462915065 0.038168563502351004
0 0.563272 0.397131 0.040123500000000034 0.05163929999999997
0 0.779012 0.991803 0.032098799999999914 0.016393400000000106
0 0.5973391675099751 0.30739261606784224 0.04802145059400722 0.05960369492822061
0 0.604938 0.45327899999999993 0.029629599999999933 0.032786899999999966
0 0.375 0.672541 0.05493830000000007 0.031967200000000036
0 0.503086 0.542623 0.022222200000000056 0.08032789999999992
0 0.212346 0.310246 0.03209879999999998 0.03688520000000002
0 0.421296 0.728279 0.05864199999999994 0.040163900000000086
0 0.465432 0.905328 0.05308640000000005 0.031967200000000036
0 0.7477263828214392 0.4842760870251899 0.02676863435712134 0.042922425949620154
0 0.522222 0.159426 0.07160489999999996 0.03688520000000002
0 0.447839 0.418033 0.026543200000000024 0.06393439999999997
0 0.425617 0.477869 0.026543200000000024 0.04918030000000007
0 0.628086 0.014344299999999997 0.029012300000000046 0.027049199999999995
0 0.5444426740902122 0.652863496354334 0.043205348180424465 0.06146469270866803
0 0.482407 0.962295 0.05 0.05081970000000011
0 0.576852 0.48688499999999996 0.029012299999999974 0.08196720000000003
0 0.557716 0.0709016 0.05370370000000001 0.048360700000000006
0 0.253086 0.606967 0.035802499999999994 0.05819670000000005
0 0.4139431224037764 0.6398266236017358 0.03631035519244743 0.06460985279652849
0 0.6175258684337933 0.6758036025875925 0.04889826313241356 0.03691739482481522
0 0.527778 0.484836 0.05432099999999997 0.04344260000000006
0 0.53179 0.595902 0.05370370000000001 0.05245900000000004
0 0.605247 0.621311 0.04753090000000005 0.05081969999999993
0 0.5161442588094085 0.7140550047733848 0.043020382381182866 0.0587753904532305
0 0.355556 0.97418 0.04197530000000002 0.05
0 0.515741 0.4151639999999999 0.04135800000000006 0.06147539999999998
0 0.32037000000000004 0.0377049 0.030864199999999994 0.03278690000000001
0 0.635185 0.940164 0.028395100000000045 0.06885250000000008
0 0.4180141169974986 0.7946508030402871 0.03557636600500285 0.05496109391942567
0 0.591975 0.142213 0.05061729999999996 0.041803299999999995
0 0.356173 0.204508 0.05432099999999997 0.033606599999999986
0 0.543519 0.8549179999999998 0.04382720000000004 0.06065569999999991
0 0.534568 0.941393 0.03827160000000001 0.056557399999999945
0 0.29989424096816114 0.8808886061691112 0.049171881936322284 0.037187412338222786
0 0.6344510190664037 0.7697157823261228 0.051866462122872416 0.049471335726064665
0 0.044753100000000004 0.536475 0.0351852 0.040163900000000086
