0 0.821914 0.870492 0.03765429999999991 0.05245900000000004
0 0.632720861172977 0.014604403227573113 0.039515796420027983 0.029208806455146227
0 0.6835381054131053 0.22186317780580075 0.055644586894587005 0.04571248423707443
0 0.6913411768351684 0.4562472021488702 0.04200834632966299 0.054718595702259606
0 0.5922677362410657 0.9806300123382224 0.03957109022092265 0.03839485021570308
0 0.5420420420420421 0.35135135135135137 0.037704371037704416 0.05405405405405404
0 0.46265953104035296 0.640621140948225 0.028258932406667252 0.04131618998309557
0 0.4993830000000001 0.730328 0.029629599999999933 0.0606557000000001
0 0.5353639485705003 0.9762728238352029 0.026868248018193715 0.05090630340811063
0 0.4307088107647217 0.5087188226618705 0.041267637670604304 0.06327155780555888
0 0.6781781781781783 0.37594151528577757 0.05572238905572235 0.043863535666814335
0 0.5127749652130148 0.6530840901049653 0.02634929093762028 0.0752840350670283
0 0.5412989084110094 0.016156121070502755 0.045560779784981686 0.03231224214100551
0 0.6893560226893559 0.34559149313247667 0.0533867200533867 0.04785112981834294
0 0.5618419423001949 0.9565142806729939 0.028167315399610128 0.08041423865401227
0 0.6196116723539687 0.5551087622203877 0.027022917541522366 0.07152560564531968
0 0.5541552091778429 0.5886896654499351 0.032430381644314187 0.035735269100129724
0 0.602534046967611 0.5072140440431262 0.049252006064777816 0.03475281191374767
0 0.587037062037037 0.9262942199741157 0.02592597592592601 0.07691976005176879
0 0.677760995353687 0.5050729329419583 0.05922609070737395 0.036376065883916626
0 0.47606359356958877 0.6672367024413256 0.052106462977765965 0.05641388528521443
0 0.516368319621106 0.05998485776771696 0.036030717572658015 0.06587131553543393
0 0.40248664906075143 0.4702688756113143 0.03136995857092105 0.07251086125918942
0 0.5233558879392213 0.22373502522068095 0.022851377018043652 0.0727064943253468
0 0.4885543640380544 0.050977564618094856 0.03647247192389121 0.06799989173208222
0 0.6499353845307816 0.10761619628317937 0.022409194643789983 0.06298148891890905
0 0.43810838081671416 0.17595365699873897 0.04466405508072178 0.06423392181588902
0 0.43648473034437946 0.6965056082830026 0.045808966861598376 0.050043140638481476
0 0.3915895061728395 0.1679736759142497 0.030864197530864196 0.07428278688524591
0 0.41609811565951915 0.6060181190681623 0.03492527615334632 0.07139775668679892
0 0.38914114434947766 0.1006856872635561 0.05950261158594489 0.03743694829760402
0 0.5133203378817414 0.8839516824849006 0.045808966861598445 0.05823986194995679
0 0.6172839506172839 0.9594477998274376 0.03833658219623129 0.06988783433994826
0 0.5333498592759426 0.4602568684536995 0.03707071855188527 0.07461253690739916
0 0.471605 0.12377 0.05555560000000003 0.0409836
0 0.548765 0.75123 0.05185190000000002 0.05
0 0.463157783317089 0.8498923193054359 0.05399587852501627 0.05267506138912875
0 0.256481 0.95123 0.027777800000000016 0.07622949999999984
0 0.526235 0.822131 0.04876539999999994 0.055737700000000015
0 0.5623059716214358 0.049003269561685346 0.03984129990376417 0.07469052904268136
0 0.43179 0.804508 0.05987649999999997 0.040163900000000086
0 0.2516575991978255 0.5861790822303298 0.058869898395650995 0.03465306446065951
0 0.645679 0.688115 0.05679009999999999 0.041803299999999946
0 0.3736190289473685 0.8747412262510784 0.036711742105263234 0.0734686474978429
0 0.2773820829376385 0.3537463219840269 0.035612535612535606 0.07067044976881043
