0 0.39164809974169446 0.6276967164514882 0.02950515695173001 0.07085718273059875
0 0.5063938574683411 0.46352499999999996 0.033950600000000046 0.03688519999999993
0 0.41406394277936737 0.6208436180732428 0.03183078555873474 0.07119533614648559
0 0.316358 0.571721 0.030246900000000035 0.03032789999999992
0 0.5520850903724898 0.4421957178463378 0.048269812896730824 0.05559308552029836
0 0.5011260261325704 0.4046350044571871 0.054283739606845766 0.03713820891437416
0 0.603086 0.430738 0.04814809999999998 0.05
0 0.546914 0.506967 0.030864199999999994 0.06967210000000008
0 0.4841731632848513 0.5167309493175263 0.025136426569702684 0.07608569863505246
0 0.49226689784215544 0.4414584607718286 0.047745791657394177 0.04565525968479567
0 0.3256837436032957 0.6145165134665447 0.03320836189000147 0.07329582693308943
0 0.7240977330922482 0.01738904530711321 0.023408733815503558 0.03407450938577359
0 0.6878015184721561 0.4499333192095265 0.027459539222699007 0.06263248210441137
0 0.519444 0.556967 0.021604899999999955 0.07295080000000005
0 0.546296 0.815984 0.05308640000000005 0.04344260000000006
0 0.612654 0.135246 0.031481499999999954 0.06721309999999998
0 0.621914 0.529918 0.05617279999999996 0.035245900000000004
0 0.425309 0.9553280000000001 0.025925900000000064 0.07295080000000005
0 0.570679 0.509016 0.03271610000000001 0.06393440000000007
0 0.563272 0.9864749999999999 0.031481499999999954 0.02704919999999995
0 0.6325254059410268 0.5828660110849222 0.05217485441371284 0.045131271997467116
0 0.39784 0.977869 0.04753090000000005 0.04262289999999994
0 0.4750554841082498 0.37091573842784775 0.05571156165686431 0.04810038560121016
0 0.521605 0.480738 0.04691359999999995 0.0598361000000001
0 0.604938 0.567213 0.04938270000000004 0.04590159999999991
0 0.518827 0.0565574 0.025308599999999966 0.0754098
0 0.546605 0.206148 0.05740740000000002 0.03196720000000001
0 0.614506 0.40327900000000005 0.05370369999999994 0.04754100000000001
0 0.7141979999999999 0.506967 0.05308640000000005 0.03852459999999998
0 0.489506 0.0979508 0.03827160000000001 0.07786879999999999
0 0.565123 0.9553280000000001 0.03765430000000005 0.03360659999999989
0 0.508951 0.984426 0.035185199999999965 0.03114749999999992
0 0.513272 0.331967 0.033950600000000046 0.07377049999999997
0 0.4262780712658295 0.3570834187715472 0.04938270000000004 0.04672130000000003
0 0.625926 0.733607 0.024691399999999964 0.07377049999999997
0 0.379321 0.568443 0.05370370000000001 0.05163929999999992
0 0.452469 0.479918 0.04691359999999995 0.05
0 0.49691399999999997 0.211066 0.05555560000000003 0.04508200000000001
0 0.51358 0.786066 0.05679010000000006 0.04262289999999994
0 0.5488198036003814 0.3960808123935834 0.042613664669104004 0.038767806015619466
0 0.6874266875231814 0.0421040498276226 0.03749312495363744 0.06169350034475481
0 0.595679 0.767623 0.03333329999999994 0.06639339999999992
0 0.555864 0.8975409999999999 0.033950600000000046 0.07377050000000017
0 0.558333 0.57623 0.04135800000000006 0.07213109999999993
0 0.608333 0.338525 0.030246900000000035 0.06885249999999998
0 0.4458550433489642 0.16162119187539578 0.028042413302071797 0.07839611624920848
0 0.4253788928429503 0.8492963343453177 0.03689671431409955 0.06206273130936472
0 0.46265400000000007 0.970492 0.031481499999999954 0.05901639999999998
0 0.3636146876490224 0.3384225708858088 0.05060138822656705 0.046436361077886464
0 0.597222 0.8536890000000001 0.033950600000000046 0.06475410000000009
0 0.48425900000000005 0.886885 0.035185199999999965 0.07704919999999996
