0 0.500617 0.9922130000000001 0.028395100000000045 0.015573799999999926
0 0.399074 0.729098 0.029012299999999974 0.048360700000000076
0 0.46000231964846205 0.028188374597110304 0.03802096070307589 0.04526255080577938
0 0.575309 0.292623 0.03827160000000001 0.06393439999999997
0 0.483333 0.190574 0.03580250000000006 0.03852460000000002
0 0.610185 0.185656 0.040123500000000034 0.05163930000000002
0 0.334568 0.386885 0.029629599999999933 0.040983600000000016
0 0.350309 0.357377 0.03888889999999997 0.0606557
0 0.610185 0.310246 0.03641980000000002 0.06967209999999999
0 0.47224327950931155 0.2529105216865796 0.025884340981376767 0.06958875662684078
0 0.48456800000000005 0.106148 0.04691359999999995 0.058196700000000004
0 0.54784 0.22254100000000002 0.06481480000000003 0.030327900000000015
0 0.63642 0.0258197 0.03703700000000002 0.04672130000000001
0 0.432716 0.206557 0.034567900000000006 0.06721309999999998
0 0.5409029440521029 0.7600168098221728 0.042885611895794096 0.0668521803556543
0 0.563272 0.0520492 0.030246900000000035 0.0729508
0 0.530864 0.589754 0.03333329999999994 0.07131149999999994
0 0.702778 0.70082 0.05370369999999987 0.040983600000000016
0 0.572531 0.584016 0.05 0.06803279999999996
0 0.544444 0.668033 0.04567900000000003 0.057376999999999935
0 0.633642 0.19877000000000003 0.04135800000000006 0.06475410000000002
0 0.673765 0.101639 0.024074100000000074 0.0803279
0 0.619444 0.072541 0.05493830000000007 0.048360700000000006
0 0.50463 0.561475 0.027777799999999943 0.06557379999999993
0 0.471605 0.577459 0.03950619999999993 0.07131149999999994
0 0.468827 0.697541 0.045061699999999934 0.05245900000000004
0 0.544753 0.62582 0.04382720000000004 0.06639339999999992
0 0.536111 0.881967 0.06234569999999995 0.04262289999999994
0 0.601543 0.028278700000000007 0.05 0.05327869999999999
0 0.539198 0.417623 0.024074099999999935 0.0959016
0 0.48487699999999995 0.728689 0.04753090000000005 0.055737700000000015
0 0.716358 0.804098 0.04753090000000005 0.0540983999999999
0 0.605247 0.656557 0.05370370000000001 0.04754099999999996
0 0.612037 0.95 0.033950600000000046 0.05737700000000012
0 0.0728395 0.681557 0.0506173 0.03688519999999993
0 0.505556 0.056147499999999996 0.04938270000000004 0.0647541
0 0.589506 0.892623 0.04197530000000002 0.05737700000000012
