0 0.9148681723407379 0.3295607932085938 0.11192218188102482 0.0721657624717012
0 0.8639365464318598 0.6441175555555555 0.1091273666666666 0.07676383259259253
0 0.7597708072916666 0.44812415555555557 0.10073311822916674 0.10942920000000032
0 0.9746219154947917 0.0047952461111110956 0.0507561690104166 0.009590492222222191
0 0.7231954374999999 0.534686362962963 0.0803465312500002 0.07676383259259244
0 0.9336548593749999 0.17128330370370368 0.07914729739583327 0.13719498148148146
0 0.8198530364514324 0.8755156346465877 0.05061044894453097 0.13422023991677579
0 0.7705625520833335 0.8613420296296296 0.09353771510416671 0.09962962962962954
0 0.9486447968749999 0.9005403111111111 0.09233867552083351 0.11596231333333339
0 0.9352894173809335 0.44952306645164536 0.06416116222379493 0.13731973594143387
0 0.7882308057179448 0.5842833735870082 0.0848296227388372 0.10290715441892002
0 0.5775599425430975 0.48981865482746073 0.06009850696119526 0.150355651877144
