0 0.7376704802533772 0.27325980602523386 0.024238898584448415 0.046562526821732016
0 0.5809099931093165 0.023665699550104766 0.028965619771651272 0.04798886878261227
0 0.6034361737901854 0.021872278710094912 0.032027370851511354 0.04418017243724063
0 0.486728 0.009836069999999999 0.03765430000000005 0.0180328
0 0.40215999999999996 0.234836 0.04753090000000005 0.033606599999999986
0 0.5714096236443195 0.9887735561216019 0.02384741937802774 0.02081354349450085
0 0.6766112812896439 0.009963433173096677 0.051987994678053144 0.019926866346193353
0 0.5581691826170364 0.02757508812297136 0.04474335140319939 0.05578289413492748
0 0.612786176069759 0.31176974000079577 0.0260158055975068 0.07135149564698387
0 0.5546413085443037 0.9026613315106868 0.04261611708860762 0.029912863021373692
0 0.2918015518779909 0.9884657264444384 0.0423234962440182 0.023068047111123036
0 0.45432979883135566 0.2887395888707624 0.0284133976627112 0.0823966777415247
0 0.525255273212005 0.5483886711136234 0.03250350210727971 0.06930519027699271
0 0.6450317631547404 0.2679452490848321 0.03248232050821053 0.08292217093745025
0 0.3449206618272804 0.3200023177224256 0.036755823654560746 0.048201635444851135
0 0.572222 0.390164 0.06172839999999999 0.031147500000000012
0 0.4151311378569882 0.009090358822876864 0.04677599898511702 0.019413267316652286
0 0.501419638271605 0.7854096233606557 0.04617306913580256 0.0339348516393442
0 0.5842471460026369 0.3080731656254974 0.0289167112309721 0.0707866625417793
0 0.48527796265432094 0.741188312295082 0.02709913518518522 0.07631105081967202
0 0.3660703370879779 0.2880909281036129 0.048873349556514414 0.050588794755689885
0 0.4994877277238403 0.39650239361371953 0.033267143137959886 0.03653524142129552
0 0.46784000339892945 0.07660134556165002 0.01716506885423428 0.03374007562964789
0 0.45185487893143955 0.21507626178975012 0.02593185786287896 0.08425142357950023
0 0.5868991969315593 0.09414292535413019 0.031043988972791575 0.0749641890816489
0 0.6562877626614987 0.4756539002536731 0.031093725322997343 0.054586800507346274
0 0.423169123816373 0.3112366703803915 0.0274481601342443 0.0784657010982015
0 0.5243740321227451 0.027007064388430094 0.04983171854481879 0.04356588683594231
0 0.5630209029727682 0.5438835296206427 0.039889468288986984 0.040243830265727656
0 0.6346244078374949 0.046696664190188586 0.05566841567498983 0.031098228380377173
0 0.6353938912078447 0.5022141411771607 0.03136111663243446 0.05396052670166281
0 0.5137399568881051 0.7426509237574811 0.03464040760337057 0.07858053603955242
0 0.46330119601704883 0.0310581593800074 0.048520600632754644 0.04244837165454619
0 0.6698072341347194 0.08160770779407535 0.02227791701475915 0.033998931755618564
0 0.5645413910650101 0.9647229211610292 0.05500848213002026 0.04420014232205847
0 0.498148 0.534426 0.05061729999999996 0.05081969999999993
0 0.546296 0.365574 0.044444399999999974 0.06393439999999997
0 0.35789006865973066 0.061743105067200064 0.02735782264697763 0.07164350496984942
0 0.3270257172210236 0.3755926229269457 0.05696378790003597 0.03633663859621197
0 0.543519 0.9397540000000001 0.05617279999999996 0.04672129999999984
0 0.5211554596667864 0.3285054910074805 0.06856046985496819 0.040426547827470974
0 0.5831863609641388 0.7224824355971897 0.034097589653145174 0.07155867811605511
0 0.5246109118428788 0.09472453096265253 0.058640424527367764 0.05912318837257078
0 0.6489515545914679 0.5677251875822339 0.05985378002731587 0.035560613064969264
0 0.6426135867002453 0.9593006996208681 0.054278526599509255 0.04697220075826367
0 0.6375919893835202 0.9051102685961445 0.05388667712229057 0.053932824264430926
0 0.48360585436593545 0.4375018562987426 0.04992840873187104 0.07008621259748518
0 0.269753 0.568443 0.03209879999999998 0.041803299999999946
0 0.5640977743531068 0.8215430779539526 0.056909208602669466 0.05499682588309147
0 0.5074740919281227 0.08029500840112577 0.044311716143754384 0.04924608319774847
0 0.6608839946445089 0.6297442955865862 0.05797222867052714 0.03596716789127987
0 0.2539645257805006 0.014225125894654668 0.03308397483214206 0.027221715012942196
0 0.1874748710856208 0.9712166771281163 0.03862985782875842 0.057566345743767205
0 0.36623516720604093 0.2459016393442623 0.041831475488433405 0.07003024033105203
0 0.38839382406633866 0.048173712970951965 0.03697515393421832 0.06840872673486996
