0 0.511728 0.9799179999999998 0.022222200000000056 0.0401638999999999
0 0.49784 0.6 0.05 0.02950819999999999
0 0.6229264939142134 0.7341075271402551 0.05202608782842666 0.047828101106907696
0 0.498148 0.568443 0.05555560000000003 0.035245900000000004
0 0.577469 0.559426 0.03641980000000002 0.06639339999999992
0 0.5746172431360135 0.8976881800651535 0.05817191372797295 0.03413213986969304
0 0.501543 0.631557 0.05493830000000007 0.03360660000000008
0 0.528395 0.548361 0.019753099999999964 0.057376999999999935
0 0.552778 0.970902 0.024074099999999935 0.056557399999999945
0 0.587963 0.617213 0.06851850000000005 0.027868900000000068
0 0.590432 0.659836 0.03271610000000001 0.04590159999999991
0 0.580247 0.9647540000000001 0.025925900000000064 0.06721309999999985
0 0.6477312829165348 0.7617626170905143 0.02879616583306968 0.040156985238895944
0 0.516049 0.34959 0.025925900000000064 0.06803279999999996
0 0.592901 0.8700820000000001 0.05864199999999994 0.031967200000000036
0 0.528086 0.963934 0.027777799999999943 0.06557379999999993
0 0.42932100000000006 0.102869 0.027777799999999943 0.0745902
0 0.494753 0.405738 0.029012299999999974 0.08032789999999997
0 0.40215999999999996 0.097541 0.026543200000000024 0.04426229999999999
0 0.478086 0.47868900000000003 0.04629629999999999 0.05245900000000004
0 0.664198 0.891393 0.027160500000000126 0.06311479999999989
0 0.341049 0.45655700000000005 0.05740740000000002 0.03442620000000007
0 0.590123 0.160656 0.03209880000000005 0.07049180000000001
0 0.5523212084942493 0.20848057323455232 0.03362838301150148 0.07648195353089532
0 0.604012 0.9766390000000001 0.027777799999999943 0.04672129999999984
0 0.550617 0.302459 0.04320989999999994 0.0606557
0 0.600617 0.6939187021157349 0.04320989999999994 0.06393440000000007
0 0.552778 0.351639 0.04382720000000004 0.06885249999999998
0 0.4700619999999999 0.309426 0.03888889999999997 0.04836069999999998
0 0.622531 0.246721 0.03148150000000002 0.031147500000000012
0 0.45463 0.451639 0.05740740000000002 0.03114749999999992
0 0.370988 0.734426 0.03827160000000001 0.06885250000000008
0 0.567593 0.112705 0.05740740000000002 0.0319672
0 0.60463 0.555738 0.030246900000000035 0.06557379999999993
0 0.551852 0.75041 0.05802469999999998 0.031967200000000036
0 0.454012 0.14918 0.026543200000000024 0.0770492
0 0.6262349999999999 0.9004099999999999 0.04135799999999999 0.05
0 0.69537 0.881557 0.029012299999999974 0.06967209999999989
0 0.407099 0.48688499999999996 0.05246909999999995 0.032786899999999966
0 0.41450600000000004 0.171311 0.05123460000000006 0.04754100000000001
0 0.494136 0.9581970000000001 0.03641980000000002 0.07049180000000001
0 0.64537 0.978279 0.025308600000000105 0.04344260000000006
0 0.6679010000000001 0.492623 0.024691399999999895 0.08360660000000007
0 0.331481 0.704098 0.028395100000000045 0.07377049999999997
0 0.321914 0.431967 0.03888889999999997 0.07213109999999998
0 0.422531 0.25 0.04135800000000006 0.06557380000000002
0 0.469444 0.8885250000000001 0.05493830000000007 0.03770489999999986
0 0.398765 0.420492 0.04567900000000003 0.050819699999999975
0 0.39320999999999995 0.767623 0.04074069999999996 0.0647541
0 0.521296 0.491393 0.04135800000000006 0.0598361000000001
0 0.658025 0.596311 0.04444440000000011 0.05163929999999992
0 0.578704 0.43770499999999996 0.04135800000000006 0.06557379999999997
0 0.535185 0.802459 0.05185190000000002 0.04754099999999996
0 0.565432 0.521721 0.04197530000000002 0.06967210000000008
0 0.560494 0.067623 0.030864199999999994 0.05819669999999998
0 0.5268017305054342 0.8578534398206531 0.06067320882135702 0.04833963850357296
0 0.0993827 0.563525 0.02345680000000001 0.03852459999999998
0 0.479938 0.22254100000000002 0.045061699999999934 0.0598361
0 0.3367443574232352 0.12209254340409136 0.04509311484647041 0.055660786808182705
0 0.629012 0.0434426 0.03209879999999998 0.06721310000000001
0 0.190519386198164 0.8068269969910327 0.05264277239632797 0.057916693982065316
0 0.234259 0.268852 0.04259259999999998 0.0393443
