0 0.33007970647773277 0.07531177100309973 0.04801366396761134 0.06492066915923686
0 0.04382172953399118 0.1862896217655505 0.059012242686403246 0.07779983485703655
0 0.5100139292635658 0.07098168269298652 0.048055959302325375 0.13913378447070787
0 0.15715094563459414 0.14983167027510136 0.0694152139939695 0.09073826683803077
0 0.4827829311511088 0.9596134792480531 0.10714209488528278 0.08077304150389371
0 0.2719132918101052 0.5724951254056326 0.09523668544228935 0.10428904409614237
0 0.023423793859649027 0.09131125571214006 0.046847587719298055 0.14951526699261822
0 0.4777575513250812 0.6306228245549267 0.06208977797483754 0.15408544440866542
0 0.11348955937499992 0.0510319119212963 0.07666671937500015 0.1020638238425926
0 0.16096491228070164 0.31365630891892743 0.05863486842105239 0.1512289090211869
0 0.272442725080386 0.9236763666571004 0.06933279742765303 0.1418576013681702
0 0.5317784035852713 0.2536539303313988 0.07835210755813951 0.1485986677680348
0 0.36893086816720266 0.985524738538549 0.08743636120042879 0.028950522922902008
0 0.4156798245614033 0.21454518582430568 0.12173161268556001 0.054045633208704764
0 0.4390514104281736 0.2684288931676339 0.056260066740552145 0.07361730226839501
0 0.42791022551627267 0.12716266254842637 0.0841141419907108 0.12709958771149515
0 0.29779808465248564 0.4281787662106203 0.05328847699727935 0.09640243064128969
