0 0.5756754219892849 0.3461411195329415 0.03383395602143033 0.038864360934116965
0 0.507099 0.461885 0.022839500000000016 0.048360700000000076
0 0.513889 0.505738 0.029012299999999974 0.040983600000000016
0 0.593827 0.277049 0.03209880000000005 0.0393443
0 0.39567900000000006 0.743033 0.04938270000000004 0.03852459999999998
0 0.521914 0.836475 0.054938299999999926 0.035245900000000004
0 0.536728 0.49836099999999994 0.033950600000000046 0.06721310000000004
0 0.528395 0.443033 0.024691400000000033 0.040163900000000086
0 0.545679 0.0127049 0.04320989999999994 0.0221311
0 0.505556 0.573361 0.04567900000000003 0.031967200000000036
0 0.517284 0.636475 0.05555560000000003 0.03360660000000008
0 0.6293210000000001 0.341803 0.027777800000000016 0.04590160000000001
0 0.770679 0.131557 0.029012299999999974 0.041803299999999995
0 0.532099 0.8 0.029629599999999933 0.04262289999999994
0 0.488272 0.471311 0.028395100000000045 0.07049180000000001
0 0.574383 0.515164 0.026543200000000024 0.06639339999999992
0 0.520679 0.60041 0.05987649999999997 0.03852459999999998
0 0.435494 0.0159836 0.03271610000000001 0.0303279
0 0.466358 0.23237699999999997 0.04876539999999994 0.05
0 0.512037 0.681557 0.05246909999999995 0.05983609999999991
0 0.522222 0.116803 0.039506200000000075 0.06147540000000001
0 0.49537 0.102459 0.04259259999999998 0.055737700000000015
0 0.56358 0.287705 0.025925900000000064 0.07049180000000001
0 0.542901 0.0668033 0.033950600000000046 0.045082000000000004
0 0.7478400000000001 0.0860656 0.0438271999999999 0.05245899999999999
0 0.612346 0.443033 0.028395100000000045 0.06967210000000003
0 0.491975 0.302459 0.034567900000000006 0.07049180000000001
0 0.527469 0.307377 0.03641980000000002 0.06885249999999998
0 0.328395 0.481967 0.03703699999999999 0.06721310000000004
0 0.53642 0.251229 0.04814809999999998 0.04344259999999996
0 0.327778 0.423361 0.03209880000000002 0.03852459999999998
0 0.63642 0.0430328 0.027160500000000056 0.04344259999999999
0 0.502469 0.24180300000000002 0.03950619999999993 0.0606557
0 0.670679 0.351639 0.05370369999999987 0.049180299999999975
0 0.547222 0.722541 0.040123500000000034 0.05819670000000005
0 0.434568 0.230738 0.03827160000000001 0.06639340000000002
0 0.570062 0.04590160000000001 0.03888889999999997 0.0622951
0 0.556481 0.41106599999999993 0.029012299999999974 0.06475409999999995
0 0.574074 0.829918 0.025925900000000064 0.07131150000000003
0 0.682099 0.739344 0.029629600000000075 0.0393442999999999
0 0.570988 0.45696699999999996 0.05308640000000005 0.04344260000000006
0 0.704938 0.398361 0.05679009999999992 0.03442619999999998
0 0.588889 0.721721 0.03827160000000001 0.06639339999999992
0 0.415123 0.704508 0.045061699999999934 0.05983609999999991
0 0.342901 0.720082 0.05493830000000003 0.031967200000000036
0 0.725926 0.279098 0.04320990000000008 0.05327869999999997
0 0.117284 0.554098 0.0395062 0.06393440000000007
0 0.474074 0.9581970000000001 0.059259300000000036 0.04262289999999994
0 0.605556 0.890574 0.04814809999999998 0.045081999999999914
0 0.0521605 0.959426 0.05370370000000001 0.03688520000000012
0 0.409877 0.372541 0.05061729999999996 0.05
0 0.6734570000000001 0.944262 0.0493826999999999 0.05573769999999983
