0 0.716358 0.994672 0.04259259999999998 0.010655699999999909
0 0.555247 0.20327899999999996 0.017901199999999947 0.026229499999999996
0 0.49661519114354463 0.18090430928730206 0.027903746191671915 0.07581294297026957
0 0.619444 0.49795100000000003 0.040123500000000034 0.05
0 0.47026556757689897 0.34056685813420395 0.039715064846202186 0.04345658373159209
0 0.493519 0.502869 0.03765430000000005 0.040163900000000086
0 0.345679 0.698361 0.028395100000000045 0.0393442999999999
0 0.48425900000000005 0.565164 0.022839500000000016 0.06803279999999996
0 0.485494 0.990574 0.033950600000000046 0.018852500000000084
0 0.574074 0.365164 0.029629599999999933 0.07131150000000003
0 0.586111 0.603689 0.03888889999999997 0.0647541
0 0.495679 0.419262 0.04814809999999998 0.05819669999999996
0 0.360802 0.668033 0.03888889999999997 0.06065569999999991
0 0.646605 0.336066 0.036419799999999954 0.05081970000000002
0 0.555864 0.536475 0.06481480000000003 0.03032789999999992
0 0.559877 0.0885246 0.05308640000000005 0.0409836
0 0.553086 0.9737699999999999 0.044444399999999974 0.05081970000000011
0 0.55 0.729918 0.024691400000000033 0.09262300000000007
0 0.4857709950878845 0.055036126062795225 0.06005457814396328 0.03719087652125591
0 0.497531 0.12541 0.04197530000000002 0.06557380000000002
0 0.44321 0.517623 0.03333329999999994 0.0647541
0 0.643519 0.511885 0.04135800000000006 0.0647541
0 0.515741 0.871311 0.027777799999999943 0.06557379999999993
0 0.536728 0.0442623 0.05493830000000007 0.034426200000000004
0 0.619444 0.620902 0.035185199999999965 0.06967210000000008
0 0.083642 0.9856559999999999 0.05 0.02704919999999995
0 0.683642 0.413525 0.024074100000000074 0.08278689999999997
0 0.629321 0.384836 0.05370370000000001 0.04836069999999998
0 0.541049 0.8983609999999999 0.033950600000000046 0.07213109999999993
0 0.44845699999999994 0.0188525 0.033950600000000046 0.0360656
0 0.708951 0.276639 0.036419799999999884 0.06967209999999999
0 0.61142 0.340574 0.05 0.05327869999999997
0 0.481173 0.886885 0.04259259999999998 0.07213109999999993
0 0.515741 0.369672 0.04876539999999994 0.06393439999999997
0 0.582407 0.8946719999999999 0.05123460000000006 0.06475409999999981
0 0.55463 0.934426 0.04382720000000004 0.06557379999999993
0 0.6141979999999999 0.9655739999999999 0.05308639999999998 0.0459016000000001
0 0.376235 0.0655738 0.05864199999999994 0.0393443
0 0.317593 0.0463115 0.03148149999999999 0.07786880000000002
