0 0.5289529569579814 0.63950957162784 0.01963361391596262 0.057621639027897555
0 0.45123500000000005 0.556557 0.027160499999999983 0.04262289999999994
0 0.533642 0.687705 0.030246900000000035 0.03114749999999992
0 0.583951 0.594262 0.05555560000000003 0.032786899999999966
0 0.498148 0.77541 0.025925900000000064 0.04590159999999991
0 0.513272 0.442213 0.03765430000000005 0.03852459999999998
0 0.5514595857663446 0.6496404188596491 0.02646259800009239 0.07121066228070183
0 0.500309 0.8508200000000001 0.024074099999999935 0.05901639999999998
0 0.492901 0.729508 0.05123460000000006 0.03442620000000007
0 0.7185180000000001 0.672951 0.029629600000000075 0.04262289999999994
0 0.585185 0.559836 0.05308640000000005 0.036065599999999934
0 0.591049 0.632787 0.054938299999999926 0.03770490000000005
0 0.545988 0.00819672 0.031481499999999954 0.014754100000000001
0 0.5191857502696439 0.5824258502352488 0.031998099460712214 0.06465639952950226
0 0.595679 0.683607 0.044444399999999974 0.05081969999999993
0 0.5766721377120525 0.8915526939379642 0.05457827542410511 0.04376098787592869
0 0.578086 0.779098 0.03641980000000002 0.03688519999999993
0 0.4498843238520295 0.7695187665084325 0.047917647704058916 0.04723443301686511
0 0.49691399999999997 0.47459000000000007 0.05185190000000002 0.04918030000000007
0 0.5253196474442279 0.7542709941113028 0.04565770511154435 0.043917311777394406
0 0.6703699999999999 0.580738 0.032098799999999914 0.03688519999999993
0 0.542593 0.777869 0.04197530000000002 0.05901639999999998
0 0.269753 0.185656 0.034567900000000006 0.06639340000000002
0 0.692901 0.663934 0.027777799999999943 0.05245900000000004
0 0.396296 0.772541 0.025925900000000064 0.03852459999999998
0 0.6520919866598079 0.48970861224954465 0.05727007331961593 0.035154724499089254
0 0.415432 0.422131 0.044444399999999974 0.05245900000000004
0 0.450309 0.418443 0.033950600000000046 0.06639340000000002
0 0.537037 0.9409840000000002 0.024691400000000033 0.07868849999999987
0 0.384568 0.495082 0.022222200000000056 0.05245900000000004
0 0.538889 0.337295 0.03209880000000005 0.03852459999999998
0 0.32067899999999994 0.693443 0.051234600000000026 0.040983600000000016
0 0.5263157894736842 0.7111015243025596 0.053064760667099885 0.04889272361230945
0 0.254012 0.528689 0.025308599999999966 0.07704919999999996
0 0.5507441819647336 0.1956287964567958 0.05530273607053271 0.03661060708640852
0 0.17530900000000002 0.0688525 0.025925899999999995 0.042622900000000005
0 0.50216 0.9737699999999999 0.03888889999999997 0.05081970000000011
0 0.6342589999999999 0.397131 0.03888890000000004 0.06147540000000003
0 0.39537 0.9758200000000001 0.054938299999999926 0.04672129999999984
0 0.6447530000000001 0.912295 0.05370369999999994 0.04262289999999994
0 0.20246900000000004 0.695082 0.028395099999999975 0.06885250000000008
0 0.66358 0.272131 0.03580250000000006 0.07049180000000001
0 0.312654 0.356557 0.04382719999999997 0.040983600000000016
0 0.34753100000000003 0.667623 0.05308640000000005 0.04672130000000003
0 0.9586419999999999 0.188934 0.03703700000000009 0.041803299999999995
0 0.6663580000000001 0.646311 0.03765429999999991 0.05819670000000005
0 0.416049 0.636475 0.03827160000000001 0.06803279999999996
0 0.608333 0.0442623 0.04135800000000006 0.06885250000000001
0 0.23302499999999998 0.179098 0.04135799999999999 0.0598361
