0 0.5447947947947948 0.8213336287106778 0.02652652652652656 0.07598582188746124
0 0.4249210450760838 0.4195032950275039 0.03117181411755055 0.03839660149229343
0 0.4632461723832082 0.3828674382332117 0.03153315523358355 0.0424627235335766
0 0.6007327301856563 0.4918032786885246 0.05501366506455564 0.04598923789262922
0 0.543843546022995 0.3943625052496559 0.02813611029120727 0.08194198987611065
0 0.5149680417302799 0.37867304551683145 0.033347301705777 0.074214414535102
0 0.5677847032782782 0.80866182956358 0.02245629344344347 0.08431524087284017
0 0.5260468466507439 0.08323293779615362 0.038513993301487616 0.038596975592307244
0 0.5597263930597264 0.8841382365972529 0.057390724057390756 0.03721754541426674
0 0.5981815148481815 0.8286442179884802 0.03820487153820493 0.0688967656180771
0 0.6076830647441335 0.44745651357777494 0.05454245594194703 0.051151295207107914
0 0.2790681054251877 0.6009218704375756 0.052786416611692255 0.037362866558211236
0 0.5620992016751735 0.1633551526385912 0.027047070627753765 0.04923825522794414
0 0.5912412412412412 0.9748892334957908 0.044678011344678054 0.0485821887461233
0 0.712326082696453 0.3114970942839795 0.05095042132079176 0.04141729551565615
0 0.7373930367757527 0.24308266111544802 0.06189169769416684 0.040333073119958374
0 0.613113113113113 0.9497120070890563 0.03903903903903903 0.05449712007089054
0 0.5273601420091174 0.04140646070497596 0.05551834094359377 0.0446272685917859
0 0.2778366789181038 0.6437711175071955 0.062081801903684876 0.033005881616818965
0 0.47303732407817567 0.41294051017646094 0.05347418084984208 0.041174150934044855
0 0.680347013680347 0.83628710677891 0.039372706039372686 0.0646876384581302
0 0.5131798465131798 0.7977403633141338 0.037037037037037035 0.07443509082853347
0 0.6362195528862196 0.8301949490474081 0.039539539539539544 0.06801063358440412
0 0.631243729005802 0.031135955511788216 0.05540287047943108 0.03968024097781382
0 0.46477452315050416 0.2953541553841822 0.026241158260295955 0.061675649023901935
0 0.42664572699908393 0.022012396454845623 0.06194651659904901 0.033018594682268435
0 0.48480651715744016 0.03292011817181254 0.029819849688086156 0.06661646295545386
0 0.6148648648648648 0.7691626052281789 0.054554554554554525 0.04031900753212227
0 0.523765 0.729098 0.05370370000000001 0.03360660000000008
0 0.489824326034304 0.3318860187367038 0.028503265752520917 0.07143006489175317
0 0.6907074783616949 0.7532012261519717 0.06503148972305643 0.036353418320779804
0 0.6520687354020687 0.9007532122286219 0.04654654654654648 0.06601683650863986
0 0.45489604796908867 0.5438213697221874 0.05171011874469891 0.03831145902890752
0 0.6096496968110631 0.22866825001448182 0.04187933516555426 0.07675375079650118
0 0.42880030157383847 0.5826085596295832 0.04570728489303547 0.07993367538480793
0 0.38913498215823794 0.4013942595719187 0.03875968992248058 0.0637220194978487
0 0.7918502038872206 0.757377112704918 0.03481819222555894 0.0721312745901639
0 0.49720903184356324 0.11101910893239876 0.05126053631287354 0.05173178213520245
0 0.5828856846668551 0.3792547866349643 0.048534539628687236 0.06335252158678514
