0 0.5227183541666668 0.40153391018518514 0.08095092213541642 0.0851768137037037
0 0.5975380546875001 0.28955944537037037 0.09076322135416674 0.06795003583333326
0 0.8097275598958334 0.4522564675925926 0.05887339791666667 0.08517681370370385
0 0.7146704765625 0.8700059185185185 0.06255308463541655 0.08230570351851851
0 0.7342958697916667 0.28955944537037037 0.09444290807291686 0.05837962962962959
0 0.8544961875000001 0.4623059370370371 0.06009996015625004 0.0803916689814815
0 0.787650234375 0.8451233527777777 0.05151422317708345 0.08421973805555562
0 0.6913671848958334 0.9991248676388889 0.05028766093749984 0.0017502647222219939
0 0.6870626691021778 0.16172089079226998 0.11081665217597512 0.05739794198426301
0 0.8725927527343658 0.9677733835130021 0.07176383281248136 0.06445323297399602
0 0.2646863343274556 0.254755083527481 0.05377922090780061 0.07473526664228326
0 0.412530328665272 0.19779923606484623 0.10833329040346035 0.0600623303703075
0 0.9778420972005208 0.4465142472222222 0.04431580559895825 0.08326277916666663
0 0.36878906510416665 0.9264718638888889 0.10670813307291643 0.04976618231481464
0 0.5460236328124999 0.31874926018518523 0.06377964687500016 0.08421973805555562
0 0.5478635755208334 0.682425162962963 0.10425500859374992 0.0516803336111111
0 0.37678538529503336 0.40903417722760266 0.10766928701165454 0.05268043024888898
0 0.6263611744791667 0.26946167407407406 0.06991225937499988 0.04306688629629631
0 0.9103024843749999 0.1235126 0.09566927161458322 0.0497661823148148
0 0.6703514128539082 0.3317060711322119 0.054193133956617366 0.09273530203693067
0 0.5122926744791667 0.9030242694444444 0.0674591348958335 0.07369237296296281
0 0.8422305651041666 0.877184277777778 0.09689583385416647 0.06029366416666659
0 0.4362330660216967 0.23083243222895852 0.09686437371006017 0.05907474693097175
0 0.3911795616166637 0.5845557589135136 0.053365935212494026 0.09046457337667656
0 0.6373988437500001 0.1995976037037037 0.10670813307291678 0.04115285175925926
0 0.6018299296874999 0.38 0.04292848619791651 0.08421973805555541
0 0.4979425644374338 0.32090705749723 0.062491181140863244 0.0789775966294536
0 0.19165404019130047 0.9552127335183577 0.11264603133614935 0.04408349749967771
0 0.3976437873174608 0.34705802909052214 0.11657445112570788 0.0461822645752507
0 0.4311739032903379 0.3910057277777778 0.09566927161458309 0.05455144379629633
0 0.4486213610667356 0.627259966132598 0.0672446536477788 0.08107632930223327
0 0.6134815755208334 0.6484505537037037 0.11284074557291686 0.04880922342592587
0 0.7870362578125 0.7211857342592592 0.07236538385416687 0.07177822166666677
0 0.7858102916666667 0.14504534259259258 0.09689583385416647 0.05263740925925928
0 0.44606069791666664 0.7269279546296296 0.06745913489583326 0.07752044203703702
0 0.5358630541799926 0.24617832547519083 0.09614576642923645 0.06262886604829188
0 0.21301983333333324 0.3201842314814815 0.10425500859375016 0.04498103759259256
0 0.6138763221111098 0.11518870490122457 0.07438163797221904 0.0874690529753286
0 0.4258233151041665 0.12303388703703703 0.05887339791666667 0.0794345933333333
0 0.6699018489583334 0.765209812962963 0.06868569713541663 0.0890049995370371
0 0.6232952656249999 0.8896249768518518 0.06868569713541663 0.05646559509259237
0 0.5441209801659086 0.19081638794195632 0.08609981464756207 0.04777893195005689
0 0.6564102604166667 0.24362168240740742 0.09321634583333326 0.048809223425925974
0 0.5282381822916667 0.7781303925925925 0.0650062091145833 0.08613388935185176
0 0.4176618441743576 0.9662838222543525 0.07198874459871547 0.06743235549129525
0 0.8839550870014056 0.39033866516192584 0.1092090365028111 0.06354310828725941
0 0.5098407421875 0.845600898148148 0.07481830963541683 0.03923881722222236
0 0.9870408172526042 0.3957916898148148 0.025918365494791592 0.03349648009259259
