0 0.488889 0.009836069999999999 0.020987700000000026 0.0180328
0 0.592901 0.416803 0.030246900000000035 0.028688500000000016
0 0.559259 0.47254099999999993 0.06296300000000005 0.03360660000000008
0 0.54784 0.331967 0.035185199999999965 0.03442619999999998
0 0.556481 0.43770499999999996 0.05370370000000001 0.03770490000000005
0 0.449691 0.0438525 0.05123460000000006 0.030327899999999998
0 0.517593 0.402049 0.030246900000000035 0.04344260000000001
0 0.4359295391067538 0.09358726974445516 0.033079121786492416 0.06856316051108968
0 0.453086 0.0151639 0.05802469999999998 0.023770500000000003
0 0.49629600000000007 0.557787 0.05308640000000005 0.031967200000000036
0 0.6466841840297561 0.5091462239000981 0.04613823194048736 0.05009852878660507
0 0.566667 0.8729510000000001 0.05308640000000005 0.032786900000000146
0 0.62037 0.446311 0.03209879999999998 0.03032789999999992
0 0.360802 0.686885 0.029012299999999974 0.027868900000000068
0 0.533951 0.57459 0.023456799999999976 0.07377049999999997
0 0.307407 0.051639300000000006 0.03209880000000002 0.0721311
0 0.3450619999999999 0.44958999999999993 0.027160499999999983 0.041803299999999946
0 0.575 0.21844299999999997 0.04753090000000005 0.0598361
0 0.557407 0.352049 0.05432099999999997 0.040163899999999995
0 0.580556 0.834836 0.06111110000000003 0.03852459999999998
0 0.555864 0.520492 0.026543200000000024 0.06885250000000008
0 0.817284 0.39918 0.059259300000000036 0.032786899999999966
0 0.510185 0.0598361 0.04629629999999999 0.04590160000000001
0 0.6870003055186241 0.3498214379361076 0.026000188962751806 0.03970172412778475
0 0.736728 0.598361 0.025308600000000105 0.0754098000000001
0 0.544753 0.282787 0.03765430000000005 0.07213110000000003
0 0.324074 0.0397541 0.03209880000000002 0.0762295
0 0.532407 0.212295 0.03641980000000002 0.06885249999999998
0 0.681481 0.597541 0.04691359999999995 0.057376999999999935
0 0.597222 0.547541 0.027777799999999943 0.07704919999999996
0 0.509877 0.517623 0.05432099999999997 0.04672130000000003
0 0.325617 0.191803 0.021604899999999993 0.06557380000000002
0 0.506173 0.315164 0.03703699999999995 0.07295079999999995
0 0.37160499999999996 0.507787 0.05185190000000002 0.05983609999999991
0 0.551235 0.3963110000000001 0.05061729999999996 0.05327870000000002
0 0.487654 0.0467213 0.04320989999999994 0.0639344
0 0.759877 0.501639 0.055555599999999886 0.04426229999999999
0 0.289815 0.37541 0.04259259999999998 0.0606557
0 0.416049 0.522541 0.04320989999999994 0.07295080000000005
0 0.552778 0.742213 0.04382720000000004 0.0647541
0 0.605247 0.029918 0.054938299999999926 0.0368852
0 0.23642000000000002 0.21598400000000004 0.03333330000000002 0.040163899999999995
0 0.642901 0.736885 0.05617280000000003 0.04754099999999996
0 0.362037 0.304098 0.05 0.055737700000000015
0 0.495062 0.872131 0.03827160000000001 0.07049180000000001
0 0.5763954838028913 0.3658750175143618 0.04220744961485708 0.036780159730979395
0 0.4616439801624987 0.559058427910887 0.01582779360557138 0.03783102143757884
