0 0.54537 0.345492 0.027777799999999943 0.03852459999999998
0 0.4021317994000231 0.3249847704190286 0.026601201199953885 0.04019475916194268
0 0.5803416429962013 0.9867589174968473 0.022031814007597374 0.02648126500630515
0 0.20149968891484943 0.2549753069327409 0.02275347782969884 0.07224641386548188
0 0.4049380000000001 0.775 0.027160499999999983 0.02868850000000006
0 0.225617 0.278279 0.020370399999999997 0.08114750000000001
0 0.514506 0.475 0.05617279999999996 0.040163900000000086
0 0.522958143019943 0.9669295894703657 0.031861491737891816 0.06450147679697357
0 0.534568 0.43319700000000005 0.05555560000000003 0.031967200000000036
0 0.49104899999999996 0.572541 0.05246909999999995 0.02540980000000009
0 0.5987179400759735 0.4887452239911728 0.03428301823361827 0.07673401607818409
0 0.528086 0.571721 0.021604899999999955 0.07622950000000002
0 0.554321 0.280738 0.024691400000000033 0.07131150000000003
0 0.6868320477154723 0.033039707143404325 0.048973495430944966 0.036571114286808634
0 0.47284000000000004 0.807787 0.034567900000000006 0.03852459999999998
0 0.562037 0.583197 0.035185199999999965 0.06311480000000007
0 0.585802 0.403279 0.03703699999999995 0.049180299999999975
0 0.506173 0.391393 0.05308640000000005 0.041803300000000036
0 0.585185 0.8770489999999999 0.05308640000000005 0.040983600000000016
0 0.560494 0.835246 0.05679010000000006 0.032786899999999966
0 0.4685190000000001 0.52623 0.028395100000000045 0.0754097999999999
0 0.58642 0.35082 0.05432099999999997 0.04590160000000001
0 0.538889 0.369262 0.04197530000000002 0.05491799999999999
0 0.619136 0.379918 0.054321000000000036 0.04672130000000003
0 0.510185 0.845492 0.054938299999999926 0.03524589999999991
0 0.506481 0.511475 0.04629629999999999 0.04590159999999991
0 0.428086 0.756557 0.03641980000000002 0.07049180000000001
0 0.32345699999999994 0.013114800000000001 0.05432099999999997 0.024590200000000003
0 0.503704 0.343852 0.04197530000000002 0.05327869999999997
0 0.704321 0.303279 0.03703700000000009 0.05081970000000002
0 0.540123 0.622951 0.04691359999999995 0.0393442999999999
0 0.480864 0.151639 0.044444399999999974 0.050819699999999975
0 0.520988 0.14877 0.03209880000000005 0.07131149999999999
0 0.328395 0.0397541 0.04938270000000004 0.03524589999999999
0 0.742593 0.164344 0.028395100000000045 0.07131149999999999
0 0.553395 0.169262 0.031481499999999954 0.07131149999999999
0 0.51358 0.280738 0.03333329999999994 0.07131150000000003
0 0.45092600000000005 0.21516399999999997 0.029012299999999974 0.08278689999999998
0 0.469136 0.0209016 0.034567900000000006 0.0401639
0 0.521914 0.9139339999999999 0.04135800000000006 0.06721309999999985
0 0.568827 0.46352499999999996 0.04876539999999994 0.05163929999999992
0 0.401543 0.855738 0.06111110000000003 0.03770489999999995
0 0.622531 0.582377 0.03888890000000004 0.07295080000000005
0 0.6178118658561209 0.7037420602956947 0.03932723171224174 0.06486152059138955
0 0.524383 0.0557377 0.05246909999999995 0.0491803
0 0.48425900000000005 0.11311499999999998 0.05 0.0606557
0 0.3435190000000001 0.8360660000000001 0.031481499999999954 0.07704920000000004
0 0.4672839999999999 0.654918 0.05679010000000006 0.0393442999999999
0 0.31790099999999993 0.106967 0.030864199999999994 0.0647541
0 0.328086 0.341803 0.03271610000000001 0.04426229999999999
0 0.471914 0.293852 0.04753090000000005 0.05819669999999996
0 0.415123 0.0336066 0.04135800000000006 0.0655738
