0 0.5319431525189983 0.775816785305873 0.049096815906738554 0.048156436130387684
0 0.4441361027659177 0.9727077229666973 0.06201351709433537 0.034213818881420575
0 0.3449791856120411 0.14815582998103566 0.035847099765501274 0.06599898218429348
0 0.49918404114583337 0.19551993518518518 0.032814735781250035 0.06503872916666661
0 0.5592539266191826 0.0999925067698093 0.06637059052762553 0.0375622375718842
0 0.49583496770833335 0.08861752037037038 0.05558420406250016 0.02018438287037038
0 0.4908580664447169 0.25647026833555436 0.029787002199439052 0.0640984932066017
0 0.5447965717831718 0.6712874176934568 0.041935493158607846 0.05587540505769463
0 0.42655961042629204 0.4855022703483932 0.06060067235350542 0.03944241435441285
0 0.6538634882539323 0.5803245862527516 0.06491461852104324 0.03508540346642509
0 0.4509025923716833 0.32349026022401767 0.05217820602640817 0.04425805796745145
0 0.3602958820939893 0.8635904691876346 0.04352263217252729 0.06110711836295332
0 0.33263654623978106 0.96724762711297 0.029206991656516714 0.0459323963452789
0 0.3767438034916307 0.5609473536193338 0.0464262778030245 0.06466721423223484
0 0.3692107415005274 0.10055055958355402 0.06307736228193134 0.031157161216428093
0 0.1569731786458333 0.9210381018518519 0.03549356057291675 0.038873663425925783
0 0.662164692294643 0.6098124972951262 0.0322147846877486 0.0320627738379364
0 0.603878547239369 0.8346937613843352 0.06138813871742101 0.0386245193280711
0 0.4750526369870009 0.8439920277638415 0.057164501832960644 0.040995847777973736
0 0.41053638180400925 0.43207155787991547 0.04005807155570705 0.06329131605708095
0 0.5117520992050906 0.3929048691518729 0.05825416932189989 0.051459683733435846
0 0.5205324225291811 0.5576023922779597 0.04681795672490256 0.06356038058911108
0 0.40611972263248247 0.903660657413926 0.031224753212653767 0.07177602147053011
0 0.5684192400721351 0.6259568502752688 0.05118813102154232 0.04692697373857384
0 0.3469570323348229 0.790493032507515 0.0349224213562574 0.06696037785749136
0 0.6450644075788752 0.8659671625177089 0.029019847393690058 0.04933970856102005
0 0.5766336495325537 0.5907563012148878 0.028328108544274262 0.05503156794059481
0 0.49373391503509306 0.6610439458617826 0.06265493243328533 0.03691993436663044
0 0.40283290650483483 0.27453121682479015 0.052999910058320054 0.05641182518131126
0 0.5672643949937988 0.656890652750772 0.025448184583333245 0.029155270370370405
0 0.5339312714573367 0.18799618049324773 0.042313420591357044 0.0567025456111081
0 0.2790335269910434 0.6792175269995907 0.05424176140066663 0.050401868748059755
0 0.5751935442386831 0.9094508955676988 0.05268218449931427 0.04958889900829804
0 0.35859857577297183 0.9490653622327125 0.028895119150110206 0.051596311645686
0 0.327318831022627 0.42242488521098487 0.033163502182516305 0.03916987222387102
0 0.5880244526969882 0.7507066436093137 0.05567044816203375 0.05251344701837518
0 0.46189288379850546 0.7118375201612152 0.03184103123658755 0.04448737432997708
0 0.24342790149060559 0.6774416222282664 0.04302977720052847 0.052600607988746884
0 0.3971836912854401 0.15425478468008388 0.04909681590673832 0.05251344701837513
0 0.45092138707511026 0.21614331322451075 0.036923409339362695 0.034517382004577074
0 0.5751363271918796 0.08133686686178658 0.05692377407251297 0.008092950871773554
0 0.6887065964512341 0.11757653986100737 0.052675760626067006 0.0333449087724356
0 0.43939873592491613 0.510268437501164 0.051356501994496165 0.04035967980451532
0 0.47139226458333333 0.22617076388888888 0.03884198307291674 0.042611556018518536
0 0.460341515625 0.10207380601851852 0.04620853427083335 0.04111645370370368
0 0.5515312071330591 0.88228913681441 0.06250428669410167 0.03364071038251371
0 0.4603415156249999 0.1704763101851852 0.050226662968749974 0.0463494486111111
0 0.23727271017390883 0.8226917147208094 0.0409772950167658 0.058977109071248625
0 0.3959122097720404 0.9600424729879177 0.06601959949199726 0.0341081188016838
0 0.4659560498458457 0.5847249941868534 0.04672241203544149 0.052141608385552256
0 0.4586675213541666 0.13122916759259262 0.05893262656249997 0.0411164537037037
0 0.1854251716501765 0.31768985733786337 0.03277200442167955 0.06627405512709546
0 0.5297623353450176 0.4525646603131235 0.059195705191798946 0.0335962120883569
0 0.2697458367075134 0.7780707835127775 0.02934032552560796 0.06865073460898007
0 0.27454436452258313 0.5420287537109673 0.02896506712489568 0.06764832694506835
0 0.4287270282598553 0.6236654509107352 0.0665789160844561 0.04517517913628503
0 0.4201602286458333 0.17384081481481484 0.034154148177083246 0.06503872916666664
0 0.552296805084206 0.14306504429107608 0.04126684740799546 0.06379396651044045
0 0.5458094080575122 0.5743623608270845 0.04396116570728884 0.06764832694506824
0 0.5163307759126714 0.2612308677983022 0.03471699534827941 0.07154670510800455
0 0.5018626489583333 0.12823887175925927 0.03683286447916671 0.06503872916666668
0 0.5264087089930901 0.7079389345472317 0.04336900506234968 0.06741942548463745
0 0.37327621247696224 0.9816213411817732 0.03815993524199044 0.017184968207672464
