0 0.794042253125 0.7600524305555556 0.012407415937499996 0.007931076388888835
0 0.8386312765625 0.7975163425925925 0.0147338025000001 0.014401189814814778
0 0.878664509375 0.7818627314814814 0.022294574531250076 0.006887527777777686
0 0.8841898109374999 0.5874468726851851 0.01357060921874999 0.014609884259259279
0 0.7451089093238337 0.6470916658652202 0.010310350366417254 0.020130422899189346
0 0.779308325 0.5840031087962964 0.006979159687500077 0.016905726851851877
0 0.7727169638715278 0.8160918131545991 0.017447816631944352 0.008139688809198574
0 0.75449636476265 0.6354096650333085 0.00791845983307257 0.008818851176274347
0 0.9017345984375 0.7435641435185186 0.018804963281249934 0.008765930555555588
0 0.9097799375 0.5730456828703704 0.008530094531249924 0.013775055555555582
0 0.7906494359375 0.803255949074074 0.011050351874999956 0.018784155092592625
0 0.8020875921874999 0.6381640277777777 0.015703125000000047 0.01419246990740743
0 0.8312958139053127 0.6223826918237758 0.008593003123125342 0.010691266815411243
0 0.8787615546875001 0.7075610416666667 0.007754642812500023 0.008557236111111087
0 0.7832827859375 0.5687670648148149 0.009499417031250108 0.005635233796296238
0 0.7597280984375 0.7407464120370371 0.019386575624999954 0.009392064814814678
0 0.8408388276641777 0.8061956804680905 0.011094623109144426 0.008801643343588555
0 0.8132349265625 0.8065954166666666 0.010081029375000128 0.017949300925925976
0 0.7962732734478375 0.5687599361172574 0.01603103565794169 0.006448700513657265
0 0.8011183953125 0.676254074074074 0.01415219015625008 0.013983749999999977
0 0.8528806062500001 0.73125 0.013376738437500061 0.012105347222222075
0 0.8295775926592334 0.5772692895737287 0.009054697233482283 0.015773192784596574
0 0.8310705359374999 0.7402246759259259 0.017835640781249988 0.01210534722222218
0 0.838243585889757 0.8171353108397844 0.015896894001736092 0.006052693438828185
0 0.8102299765625001 0.7485732175925925 0.01609086656250002 0.013775055555555476
0 0.7939452078125001 0.8125435648148148 0.013764480000000034 0.01565345833333338
0 0.7368517859374999 0.7672528472222222 0.01512151265624991 0.014401189814814778
0 0.748677809375 0.7251974537037037 0.00736690125000005 0.02003642361111112
0 0.8118041556778373 0.5780694858148779 0.016044409425575404 0.012969608203829879
0 0.7574015234375 0.757234699074074 0.01008102937499989 0.01732316666666657
0 0.7954963625 0.6690536574074074 0.018417253124999887 0.011687907407407381
0 0.7825073656249999 0.6249108101851852 0.017254059843750013 0.010226918981481536
0 0.839309965625 0.5844205486111111 0.015703125000000047 0.008139796296296287
0 0.7328776390624999 0.7868720601851852 0.008336223749999998 0.01899287499999997
0 0.7824103203125001 0.7815497916666666 0.014733802499999981 0.011270493055555638
0 0.795302271875 0.7509733564814814 0.01686631828125016 0.010226918981481432
0 0.8482277703125 0.7678789814814815 0.017254059843750013 0.010226918981481536
0 0.77136003125 0.5995522453703704 0.01744793062499994 0.011270493055555532
0 0.7908229702407733 0.5800067027443196 0.016131790768453294 0.01350459993308372
0 0.9310083640625 0.5793070763888889 0.007560772031249978 0.019619009259259274
0 0.835723371875 0.5687670648148149 0.016284737343750067 0.005635233796296238
0 0.7807624343749999 0.7649571064814815 0.00949941703124999 0.019827703703703667
0 0.8049958109375001 0.6124925231481482 0.011050351874999956 0.01419246990740743
0 0.74480039375 0.7968902083333333 0.007754642812499905 0.019410289351851715
0 0.756529371875 0.7884372685185185 0.020355898125000018 0.00834851620370374
0 0.800052153125 0.6275197453703704 0.01550925421875012 0.012522761574074028
