0 0.4249535596348066 0.3521483682346399 0.025831181352946566 0.09938337417886814
0 0.3291269348958332 0.3540051574074075 0.02244210718750009 0.09363383499999987
0 0.6130823760416667 0.486314674074074 0.05423514286458323 0.04681691750000004
0 0.5142751776041666 0.7987664324074074 0.029922809583333296 0.0915983708333337
0 0.5095993598958333 0.9056317157407408 0.05298832546874988 0.06717218000000003
0 0.31541254947916664 0.47308347407407403 0.06857313895833338 0.052923434166666644
0 0.5906404708333334 0.014670431203703692 0.049247974270833224 0.029340862407407384
0 0.42413328588506766 0.9277004819899234 0.054112433540968514 0.04135444583496779
0 0.6732398510416666 0.7987664324074074 0.05485855156249997 0.040710400833333334
0 0.3871030348958333 0.05783785740740744 0.037403511979166616 0.05292343416666675
0 0.47468928072916666 0.867974449074074 0.052988325468749944 0.06310112750000021
0 0.37058315885416665 0.7122570324074073 0.02680586708333325 0.08752731833333348
0 0.38211515937499996 0.6557711324074073 0.04737784916666653 0.03765714249999993
0 0.5675744500000001 0.38504806574074074 0.046754440468750144 0.047834711666666654
0 0.44071436510416667 0.009581491412037032 0.05361173416666674 0.019162982824074064
0 0.5968745578125 0.20337733240740744 0.046754440468750026 0.08549185416666663
0 0.6782267166666666 0.0379910574074074 0.058598902760416634 0.041728194999999996
0 0.5142751776041666 0.9930169580787037 0.05361173416666662 0.013966083842592524
0 0.39177784270833327 0.6186229490740741 0.057975494062500015 0.04681691750000004
0 0.5438853234375001 0.7850273907407408 0.029299400885416618 0.09668709333333338
0 0.6068482890624999 0.7606013240740741 0.03054621828125003 0.060047869166666705
0 0.4940146473958334 0.5239719407407407 0.03802692067708335 0.06106553916666679
0 0.43354511458333334 0.05071317407407408 0.04426090666666672 0.04274586499999997
0 0.5183268796875 0.621167124074074 0.03553338687499998 0.08854511249999977
0 0.40362291093749997 0.7010621657407408 0.04301408927083337 0.04885250583333316
0 0.3899075156250001 0.33975703240740746 0.04301408927083325 0.0651365916666667
0 0.4173372963541667 0.8486367324074073 0.03802692067708347 0.0915983708333335
0 0.5410808427083332 0.9448149907407408 0.04239068057291669 0.08040300749999973
0 0.5804024059425327 0.10597678992498016 0.025031291312148814 0.08895371996485453
0 0.5326643708333333 0.41710665740740743 0.04052055546875 0.05699448666666645
0 0.6398880411458333 0.1779330990740741 0.05174160906250004 0.05292343416666675
0 0.5685096135416666 0.5092134907407407 0.02368892458333344 0.06411879749999988
0 0.5641458536458333 0.42931969074074067 0.06358607135416665 0.052923434166666644
0 0.4510001541666667 0.36571034907407407 0.025559049687500016 0.0987226816666666
0 0.5847181309055105 0.7795337847624761 0.03901282436597882 0.08100295497180199
0 0.4905860510416667 0.7840092240740741 0.028676093177083396 0.08447406000000017
0 0.5961603674926905 0.8369629630799295 0.06278120040204792 0.047773481154954806
0 0.4497539427083333 0.8247197490740742 0.04550762307291674 0.04376365916666642
0 0.46596176093749997 0.9427798990740741 0.0280526844791666 0.09058057666666677
0 0.37837551510416667 0.43644437407407405 0.04488421437500006 0.07327869666666663
0 0.65890135 0.512266749074074 0.04114386317708328 0.07429649083333356
0 0.5242489088541668 0.8598328407407406 0.052365017760416833 0.04071040083333376
0 0.5226906395833333 0.14180308240740738 0.025559049687499898 0.0478347116666666
0 0.5931339036458333 0.9198798407407407 0.03802692067708335 0.08345626583333325
0 0.43323406666666664 0.9874194005787038 0.023688924583333323 0.025161198842592377
