0 0.44321 0.991803 0.03333329999999994 0.016393400000000106
0 0.5441375865267966 0.07912441959632331 0.034253907086277006 0.06727944660286175
0 0.683642 0.990984 0.022839499999999874 0.016393400000000106
0 0.4820148940430314 0.5653133745285701 0.05201951191393704 0.03330845094285991
0 0.546296 0.477049 0.03209880000000005 0.05081969999999993
0 0.632716 0.168033 0.04074069999999996 0.06557380000000002
0 0.623457 0.988115 0.022222200000000056 0.023770500000000166
0 0.46049399999999996 0.285656 0.04814809999999998 0.05163930000000002
0 0.6589510000000001 0.981557 0.030246899999999893 0.035245899999999816
0 0.4850353802058803 0.29378827730976975 0.0268606604117605 0.06626595461953948
0 0.603086 0.287295 0.030864199999999994 0.033606599999999986
0 0.5344679408450704 0.018835158802816904 0.057824681690140885 0.0327522176056338
0 0.57716 0.493852 0.03209880000000005 0.041803299999999946
0 0.704321 0.713115 0.05185190000000002 0.03114749999999992
0 0.661728 0.90082 0.019753100000000107 0.07868849999999987
0 0.644444 0.203279 0.05308640000000005 0.050819699999999975
0 0.645988 0.243443 0.05246909999999995 0.04426229999999999
0 0.508624102941911 0.1757084019259926 0.056754505883822186 0.03994110385198521
0 0.434877 0.120902 0.04135800000000006 0.03852460000000001
0 0.560802 0.564344 0.03271610000000001 0.0598361000000001
0 0.448765 0.935656 0.027160499999999983 0.06475409999999981
0 0.455247 0.398361 0.05370370000000001 0.031147500000000012
0 0.536728 0.635656 0.030246900000000035 0.07459019999999991
0 0.454938 0.0762295 0.05308640000000005 0.05245899999999999
0 0.410802 0.896721 0.05 0.040983600000000016
0 0.7216049999999999 0.745492 0.03950619999999993 0.04672130000000003
0 0.468827 0.145492 0.04259259999999998 0.05163930000000002
0 0.552161 0.304918 0.04753090000000005 0.05901639999999998
0 0.56358 0.443852 0.044444399999999974 0.0647541
0 0.35925900000000005 0.0991803 0.028395100000000045 0.0770492
0 0.517593 0.8606559999999999 0.027777799999999943 0.08196720000000003
0 0.622531 0.0352459 0.048765400000000014 0.04754099999999999
0 0.589815 0.9729509999999999 0.040123500000000034 0.0540983999999999
