0 0.555556 0.00655738 0.019753099999999964 0.013114800000000001
0 0.6289543590508048 0.34746570939618915 0.028511781898390678 0.06408428120762166
0 0.5203396554198177 0.6788046137348724 0.04203668916036469 0.03583427253025486
0 0.5134766788475211 0.32654905971805 0.038006295449550906 0.06173257141447094
0 0.5584607872115571 0.3920523790339885 0.0329717744231142 0.07590725806797698
0 0.5005090412529893 0.26535037474680284 0.03640677690840932 0.058089912252167177
0 0.49157630996380325 0.7352952060853146 0.025831931814362413 0.08807408014762666
0 0.5495766272380582 0.2907475753154235 0.0500937237411932 0.04334391897691188
0 0.4233727619416973 0.6314908591537206 0.04977053842673388 0.04849369152862411
0 0.6120935373683019 0.10125543287915201 0.029125574736604008 0.07300196575830399
0 0.49044618531445927 0.8073961477126427 0.025925900000000064 0.06147540000000003
0 0.549074 0.983607 0.025308599999999966 0.032786900000000146
0 0.6638970188303922 0.3494572912582611 0.037638262339215335 0.07321721748347783
0 0.542922204884946 0.1557097127757274 0.02773569023010804 0.0771047744485452
0 0.415123 0.662295 0.04753090000000005 0.0606557000000001
0 0.65216 0.027868899999999995 0.024074100000000074 0.05409839999999999
0 0.596914 0.878689 0.05679010000000006 0.027868900000000068
0 0.48775286905177434 0.016912714224100935 0.04834533810354847 0.0339799101493434
0 0.542901 0.717623 0.05740740000000002 0.041803299999999946
0 0.614506 0.161475 0.05740740000000002 0.0377049
0 0.7253894383039233 0.7507939232683889 0.026824381100122793 0.0493519869539095
0 0.309877 0.635656 0.0395062 0.06311480000000007
0 0.7175930000000001 0.9795080000000002 0.03765429999999991 0.03934430000000009
0 0.541975 0.343443 0.044444399999999974 0.049180299999999975
0 0.755864 0.9454920000000001 0.027777799999999943 0.07622949999999984
0 0.4734293888161722 0.09743157389065316 0.024636277632344356 0.06863354778130631
0 0.42196874057753214 0.3604670536949618 0.05257858115506429 0.049815184516350496
0 0.3822764923550514 0.25439675643077847 0.03544691528989721 0.06333818713844307
0 0.7115085364553034 0.2070296608445627 0.052647072910606926 0.04684532168912539
0 0.0682099 0.4282790000000001 0.04135800000000001 0.054918000000000036
