0 0.3386065817708333 0.5018037648148148 0.10398435609375009 0.040924437777777746
0 0.12490615231176895 0.5331008200667883 0.04621528828125001 0.049605365370370406
0 0.3415644031103801 0.30146919180072596 0.07916316294590639 0.06707427806521496
0 0.31970052083333333 0.3697296629629629 0.0787760479687499 0.06696722055555558
0 0.2971173833333333 0.5898536703703704 0.042013960312500015 0.10045075518518498
0 0.30026867708333327 0.9234498999999999 0.09243057656249991 0.07068759648148136
0 0.41729477968795675 0.33081993988560465 0.11011073302174725 0.04867363791935751
0 0.19313319739583334 0.6971257703703703 0.0546181143750001 0.0992107307407406
0 0.7862280239601608 0.22298441377470055 0.09693357196271914 0.05666681852886794
0 0.6248264098958336 0.008765890324074075 0.08822924859375002 0.01753178064814815
0 0.7567982456140352 0.8019608654854559 0.05930190058479544 0.053402881271733385
0 0.8138887208333333 0.4162351185185185 0.07142359640624983 0.08556925148148153
0 0.273520793446866 0.8253955006280705 0.057929173340186324 0.11689956561475415
0 0.18735639270833335 0.029228147037037026 0.09138020203125012 0.05845629407407405
0 0.45519594270833325 0.9209686407407407 0.09558153 0.05332574129629624
0 0.14691875989583328 0.18929067407407404 0.06512151937500003 0.10293110666666665
0 0.42315892395833327 0.5427278999999999 0.06302077031249986 0.10541130685185202
0 0.5250433817708332 0.5104851462962963 0.05671869328125005 0.07068759648148147
0 0.4599211817708333 0.6053554888888889 0.09663190453125013 0.0496053653703703
0 0.3732674098958333 0.4292556777777778 0.0682726429687501 0.12649368925925916
0 0.48775534114583324 0.21595362037037033 0.09768227906250017 0.05704611722222218
0 0.3643410130208334 0.6251979981481481 0.09243057656249991 0.06944742074074067
0 0.45992118177083324 0.2736186907407407 0.08822924859375002 0.04836518962962962
0 0.5397482848958333 0.823618551851852 0.056718693281249934 0.059526468703703754
0 0.11278201302083334 0.28540013333333336 0.09768227906250004 0.059526468703703754
0 0.39900184114583326 0.21347236111111112 0.06512151937499991 0.11161203425925927
0 0.32917592485380115 0.77156023835624 0.08402775046875016 0.06324684462962948
0 0.2514287286458334 0.734462764003422 0.0682726429687501 0.09301000333333331
0 0.5003605161458334 0.5681517296296297 0.09768227906250004 0.07440797240740751
0 0.46464812239583336 0.6574407518518519 0.09348095109375004 0.059526468703703546
