0 0.23748664729316118 0.009221311475409836 0.02017513705379 0.018442622950819672
0 0.510230195473251 0.8494163970674856 0.023143349609974825 0.0616174915171736
0 0.3678880222517248 0.025027679559984282 0.019735786772270576 0.050055359119968564
0 0.4471729993116073 0.017939256759169967 0.017630596026990967 0.035878513518339934
0 0.45350664185427264 0.20515982713668343 0.0315146151053014 0.08134576234865529
0 0.3343388770833332 0.942355762962963 0.023756450520833285 0.05939280000000022
0 0.290527795736995 0.6582386626027525 0.02226718440524197 0.07184528054484329
0 0.3296120223802829 0.3437584316712266 0.02413297819806554 0.07582316925013949
0 0.36423939166666663 0.9472310814814814 0.03850180614583323 0.03545842518518527
0 0.363064120804466 0.7942589646435533 0.018060140690385633 0.08284849835655661
0 0.4386344053579486 0.6824607648989918 0.03625201140521099 0.05035375154698611
0 0.25881048148843283 0.18375547678826365 0.021448314634078494 0.08475278557245769
0 0.37611321255388663 0.5463299831004532 0.03630611888492048 0.03829227152526629
0 0.2572651461844882 0.965323277739692 0.031269962735190164 0.05745853918308733
0 0.26424198683837097 0.557922450432343 0.034744838229033806 0.0638862718003475
0 0.32948410266884526 0.15198199042822957 0.03297830995824249 0.058173952641165746
0 0.2575625744531081 0.3699088515740802 0.035404145007580705 0.05778141584871524
0 0.3310864376792967 0.41310336213616217 0.04821401006484199 0.03399096700048426
0 0.2962832670023825 0.40454181200514244 0.029600186809616603 0.07070148398880058
0 0.263274228125 0.9197506370370371 0.04054976114583333 0.033685444444444206
0 0.39918440218523726 0.7825704067490052 0.0336143288447848 0.060967517977962765
0 0.3653187703518872 0.6547076506742573 0.040147749944278624 0.039580390750886825
0 0.45394056473525096 0.6041748571143641 0.018841917699668424 0.08863924428978978
0 0.40986306922588955 0.797860840170749 0.034724155430945675 0.06648811669553917
0 0.4751428225611233 0.29307582413657635 0.03353848946986198 0.04901603628701028
0 0.19589646856674386 0.8081663805700684 0.0376823715084876 0.03701224034134443
0 0.32056188867329344 0.07295015000535733 0.018145599771544358 0.052307671702560794
0 0.3408196172271455 0.775842673609947 0.022741240942715044 0.07926477216429961
0 0.2869527890664285 0.8177351854123042 0.027578622887226463 0.06941359412640224
0 0.30738139861252217 0.944293410372066 0.019202892973327935 0.08378265023537063
0 0.3422726191235738 0.5589228085203856 0.01968589498197583 0.07306997767454412
