0 0.48135640674300256 0.9944103033423017 0.021236986513994898 0.011179093315396413
0 0.7272285408768349 0.22460307215696398 0.033245844269466335 0.03588485865496321
0 0.5305677318255935 0.3569018361780502 0.056540245219490484 0.03388353063577314
0 0.4471867522181987 0.5093074262576273 0.02657603286534105 0.04709951353935273
0 0.2511930698205208 0.5016186802589889 0.04850088183421516 0.03995040639206495
0 0.47831565127162606 0.411734105671625 0.029964212354149436 0.03978854427354269
0 0.4852508311627809 0.44175125833028706 0.032822988797831604 0.04049152208756294
0 0.53179 0.411885 0.024074099999999935 0.07295079999999995
0 0.5954712725546059 0.2338167297183691 0.0331394428616651 0.045712484237074406
0 0.5692141541198146 0.31261423389477827 0.04976388624187372 0.06593931895509376
0 0.4932384161755885 0.06596534860124777 0.05190973235117707 0.05324219720249552
0 0.5831445954347633 0.39317726146951293 0.04474198419042538 0.06014860242953178
0 0.6027160493827161 0.4575409836065574 0.04938271604938271 0.054098360655737705
0 0.6785533985038323 0.6855231884941191 0.03281472302537973 0.05317203973429216
0 0.37246285833856446 0.599472075576549 0.0466624816907303 0.04751319811058633
0 0.5447190450254175 0.6812017839922854 0.052083333333333266 0.04761330761812915
0 0.5225094417468025 0.5267288971300939 0.031498936811704605 0.06163344430865184
0 0.6462607691624477 0.39988501002476706 0.02486899369393378 0.0806404057082203
0 0.666516719148298 0.14308311763014095 0.03782009629962844 0.07444525563593725
0 0.32456869262424815 0.28294451450189156 0.02967711301044632 0.03389029003783099
0 0.4734980835609766 0.4934904254421731 0.03239946636173054 0.07901470629586932
0 0.3153098543169465 0.865149848407609 0.030914711765775586 0.0423922084194146
0 0.5399396590430849 0.052435809769695356 0.03173161808616985 0.0786420195393907
0 0.4700657753478178 0.38293465853766556 0.04628744930436443 0.06036078292466889
0 0.5585058097312999 0.7411704435872709 0.032906681190994956 0.07021456123432977
0 0.6210460487895268 0.6942408890943994 0.04309260242094649 0.06725562181120104
0 0.6469434118133003 0.7485983301846548 0.032470512643994656 0.07541593028216226
0 0.5823627287853578 0.1781184364856387 0.05258725169984185 0.06055481301655711
0 0.2933582621082621 0.2682981294661622 0.02700617283950617 0.07999684741488022
0 0.6554498980139062 0.6514305267703697 0.056138219085318394 0.038615822265220125
0 0.6876642654237682 0.11402540872989536 0.044127784442111906 0.06986847636114245
0 0.5837617823479005 0.5196700240212397 0.056412453584690034 0.040983606557377046
0 0.701852 0.307787 0.058024700000000116 0.041803300000000036
0 0.665244492858872 0.24796086467373835 0.04417816509319773 0.06137495981999357
0 0.5048170744232863 0.25510760753934697 0.04642468314126658 0.054963039742505666
0 0.6396979503775619 0.042256883654305265 0.04770466259139397 0.04790705077192423
0 0.4073227029201872 0.47816550909653294 0.04383457213645893 0.053988696116750515
0 0.4633053433288742 0.7695391065462831 0.048446002684655314 0.05300944164145879
0 0.800896808758444 0.9652799257655428 0.032494758909853386 0.05180946489328793
0 0.382407 0.0295082 0.05246909999999995 0.0426229
0 0.41531160444515397 0.9630961081920103 0.03851309110969222 0.07052988361597887
