0 0.4930139237636884 0.19215715785248977 0.07147622846481122 0.12252245994257704
0 0.20803875707304537 0.5575552642505088 0.050405494470164784 0.18106254910889688
0 0.11224144297395912 0.43653784826657616 0.06600799152083543 0.1734323210594398
0 0.3785540425657696 0.010188543856963123 0.04070839200883754 0.020377087713926247
0 0.22915692113554548 0.40291385964677284 0.07977973090277762 0.12278061270045344
0 0.33825111262873325 0.010369821006226916 0.04962855758846345 0.020739642012453832
0 0.024642839898190043 0.4140574814408532 0.049285679796380086 0.1371149357962997
0 0.05954263017765727 0.32614260838470355 0.08599088663016742 0.0995787638968872
0 0.353864054828011 0.6307096404920355 0.07420817390394335 0.13669564349209487
0 0.5805592283613855 0.8772614146436953 0.047354253803721845 0.10931694485932397
0 0.2631769436576323 0.04202062486440239 0.04824915268917896 0.08404124972880478
0 0.16935239485147105 0.019606800476990913 0.08641095103779861 0.039213600953981825
0 0.07257261763389783 0.5767095829298736 0.04973738421145223 0.1944753387368718
