0 0.5484314231466023 0.5014937607973672 0.05397243222861145 0.040180657695886614
0 0.452736135606506 0.34022898776997135 0.030986674505192997 0.0556206088992974
0 0.3814814083333333 0.00819673 0.029629483333333352 0.01639346
0 0.5555345204906884 0.9913932286885245 0.028415766237706655 0.016684762461795052
0 0.510494 0.24918000000000004 0.024691400000000033 0.05409839999999999
0 0.41433752663442786 0.01790502709398022 0.041520378330084436 0.03586977590429415
0 0.5592697216991002 0.8136287857738259 0.05346306758736137 0.03264795776604613
0 0.29231811978738 0.3571493341985428 0.046227460425240105 0.06766843160291439
0 0.5181155957574806 0.8184425581967213 0.029263681889516575 0.0735900155876631
0 0.510185 0.207787 0.031481499999999954 0.033606599999999986
0 0.589930370788868 0.989198290080578 0.04135800000000006 0.020491800000000008
0 0.4945595312826951 0.8207140872464572 0.02887633396107972 0.07571547652125593
0 0.501543 0.168033 0.040123500000000034 0.06557380000000002
0 0.5507794399570272 0.5379623896945729 0.029750504038624098 0.035764100985248626
0 0.585132788109437 0.9653586300291748 0.06409307621887424 0.03399516005834946
0 0.40570930114459935 0.043064333638083235 0.04203268975858447 0.037983631124311405
0 0.5908680090943169 0.11612152474945245 0.03508809337231967 0.03622446228180789
0 0.4889836971083493 0.48325077314650106 0.033801191285888 0.0515887134294863
0 0.541667 0.209426 0.045061699999999934 0.06147539999999998
0 0.4961599507572349 0.1121688449558638 0.05456368922876982 0.03749280056414679
0 0.5031966490299823 0.39153981264637006 0.02535273368606701 0.07822664584959668
0 0.5812408453651391 0.8930953042511809 0.03128269512450309 0.07071408724645727
0 0.6024564414105062 0.08843498258943389 0.05731454224021603 0.04479324121258384
0 0.6914294328604526 0.7513485608327363 0.02340601098098957 0.03571579080450086
0 0.46212121212121204 0.5607302533532041 0.03572764683875795 0.07476403378042726
0 0.5986654670865196 0.19371805933497047 0.054480931673914115 0.04629322360124777
0 0.5089453860640301 0.9458877465962766 0.029399455953128248 0.07321478188385645
0 0.6538961363522767 0.35765248556447865 0.06147848253111417 0.035010287383022524
0 0.5436283741368487 0.7306890803000834 0.045825486503452584 0.05654348430119471
0 0.572222 0.315164 0.04814809999999998 0.05491799999999999
0 0.6102407230352825 0.6827919240638406 0.05074440689389571 0.0416073728599028
0 0.5204540698890981 0.7741039177549318 0.06162377066331862 0.046679633231453174
0 0.457574998185635 0.1272763237173956 0.04826280914679854 0.04179035382624277
0 0.419444 0.22131099999999998 0.025308599999999966 0.08032790000000001
0 0.5881066626680662 0.23594610738700467 0.043609736592192735 0.07234353222273841
0 0.5902220125847606 0.5493219528524317 0.04526136859374675 0.06340212730096602
0 0.4504300233180887 0.08709762566536143 0.03816199095566561 0.05306961251742227
0 0.5442264354301392 0.3686898256570388 0.03368116794042719 0.051717408274785305
0 0.386358644846169 0.39693291680978404 0.06037108969233782 0.04304543361956808
0 0.3328924162257495 0.33055230288836845 0.03576327650401722 0.06586651053864172
0 0.4553253818790541 0.667685468185607 0.03933877380205063 0.061683801055848794
0 0.5295563925507428 0.9216449013614894 0.03525842226407197 0.07363156432342327
0 0.6414629879542161 0.14335966018450919 0.0416104363472785 0.06968872370080308
0 0.835185 0.703279 0.04567900000000003 0.06065569999999991
0 0.5439346228819912 0.09598792062122519 0.05523066926575701 0.06288577686334373
0 0.389198 0.904508 0.04753090000000005 0.05327870000000016
