0 0.4768073329975153 0.009458023661545864 0.0490511724499832 0.020606927554043367
0 0.3867406889768874 0.26480393167680516 0.0436110464062945 0.044334467470873246
0 0.6462932047239225 0.36700511781931633 0.027927203775840397 0.07827253072059988
0 0.182099 0.615164 0.024691399999999964 0.041803299999999946
0 0.5158915029634805 0.21393958140014432 0.0254936977508606 0.07767123758463074
0 0.4293811631337836 0.16573873595216002 0.029246577115200435 0.07715572052101592
0 0.40977560369593913 0.6485204660274254 0.061210756528716014 0.036086194453036465
0 0.531173 0.992623 0.05246909999999995 0.014754100000000183
0 0.479350753413179 0.5177769430551259 0.03490565729093872 0.07246412261917042
0 0.3640292983409684 0.84854108670997 0.04399927530605376 0.039179296834725326
0 0.3142402545743834 0.5112680464806917 0.032411090485871694 0.04558081302085375
0 0.47904708689727465 0.5894724131035844 0.028524870127080108 0.07444899446162843
0 0.3706291896368765 0.7683781833178677 0.03131713124725009 0.07337526205450731
0 0.5409969718145818 0.5997181840052239 0.0314465408805032 0.038835618792315424
0 0.4250342879972565 0.712156701145307 0.030434568659575025 0.0425044827147129
0 0.6441966764919475 0.8346332747177945 0.06066042974924174 0.03786374723467024
0 0.6251494315536181 0.3804756405744547 0.02830335619241949 0.08140340080188292
0 0.6649131491050451 0.8728584784857337 0.055965491272587334 0.038275328467298246
0 0.5685188793099835 0.2858872025714691 0.05569086315706886 0.04044815157727856
0 0.4053109713487072 0.6839193043956422 0.060046069829438144 0.03814826270749561
0 0.551737971374589 0.21634532769701342 0.03558764914460231 0.06151836959136681
0 0.5710134174241018 0.34866854593721774 0.05235062552814365 0.04816771121267686
0 0.600926 0.704508 0.024074099999999935 0.07131149999999994
0 0.5620993837465734 0.4172254303620788 0.03493476782291474 0.07334628752839427
0 0.49906825064057764 0.8758634910815548 0.05448145559955481 0.03574251641062656
0 0.4759039262882729 0.039265216345327696 0.0529285400005176 0.04588101866171769
0 0.163889 0.528279 0.02901229999999999 0.040163900000000086
0 0.48540836649390484 0.404844116188095 0.0396136834523902 0.03988388846100968
0 0.5880373735020834 0.20577722789290992 0.03856407070942361 0.05687871601883356
0 0.523457 0.634836 0.05679010000000006 0.03360660000000008
0 0.46775111939332753 0.6833178678214249 0.028081890415922493 0.06650170120630997
0 0.4928545038900536 0.457596118112692 0.04568576924709465 0.05226145315840121
0 0.38585884967194656 0.8235829372701654 0.05495103787690548 0.04957262083719948
0 0.4575924631829593 0.18756229164518678 0.04322281750653516 0.06615802316390006
0 0.4242047778036596 0.26574904629343227 0.03882288997592983 0.07371894009691722
0 0.6472937758981587 0.9277327131431164 0.04763125293690453 0.03403482897498425
0 0.645988 0.637295 0.033950600000000046 0.07622950000000002
0 0.5609260553355592 0.5354503900745781 0.05241090146750522 0.0518953844038905
0 0.7430820680949731 0.42414038891526856 0.059003736189946226 0.040085077830537295
0 0.6854939999999999 0.604508 0.024074100000000074 0.07459019999999991
0 0.6030627176982213 0.47004570458961653 0.0504956821039181 0.04269410766578179
0 0.59321 0.653689 0.05555560000000003 0.03688519999999993
0 0.43908688562776615 0.5910403134343747 0.04322281750653523 0.06134653057016186
0 0.30294795144550557 0.9492387531360621 0.035458239511349195 0.03814826270749571
0 0.40834309831508653 0.31206322920661916 0.056828827828247476 0.05051353883733714
0 0.5078681057017884 0.3402412619857717 0.04594041980485031 0.056019520912808894
0 0.282716 0.372131 0.059259299999999966 0.03442619999999998
0 0.4704687216916426 0.9797401793999381 0.05629319046509817 0.037289067601470945
0 0.5686906333307451 0.8852287177372237 0.05939902166317258 0.0348833213046018
0 0.7132257466147283 0.35653685103587945 0.04410643253158558 0.06636744300610305
0 0.43229287988197845 0.06031549644293225 0.05241090146750522 0.05052067223425095
0 0.49790356394129975 0.9199402000206206 0.052669720734011445 0.05687871601883365
0 0.054938299999999995 0.403689 0.025925899999999995 0.06639339999999996
0 0.94321 0.885246 0.029629600000000075 0.04426230000000017
