0 0.565432 0.00860656 0.025925900000000064 0.017213099999999995
0 0.560080129795547 0.4533617529257083 0.030457840408905947 0.07852299414858335
0 0.39259426368729045 0.4235049172770776 0.03333712737458078 0.04752252591206296
0 0.46043479029472634 0.4962687712119776 0.030981619410547383 0.06483925757604474
0 0.5858254680582317 0.27653036805173886 0.03699026388353671 0.058414663896522306
0 0.651002640405338 0.8810290912536719 0.040319703132805224 0.07817682175684638
0 0.483951 0.0122951 0.05185190000000002 0.0229508
0 0.699691 0.268033 0.05740740000000002 0.03442619999999998
0 0.5385800777777778 0.22057456481095425 0.03466457861985302 0.06676331233772388
0 0.569136 0.335656 0.039506200000000075 0.0598361
0 0.524383 0.990984 0.05617279999999996 0.018032799999999967
0 0.3985584814101192 0.17127830948545436 0.026404053379005213 0.07343883255946175
0 0.48258759723114253 0.21012982090400834 0.03603796474702066 0.05069648441201552
0 0.36425482163526723 0.44633729582583154 0.03221254327053455 0.07956079165166303
0 0.6467209020195533 0.5368141760636785 0.04674231071148221 0.03979910925803085
0 0.3557608431741953 0.28023791427082345 0.03786151365160918 0.0591965714583531
0 0.5396150877024906 0.1728490467568464 0.03805412459501897 0.03299080648630719
0 0.32710708567758506 0.5401048161186393 0.024798628644829797 0.055856367762721564
0 0.3819683159512596 0.9023192383350704 0.02248226809748088 0.029787723329858913
0 0.4480319788446443 0.3419526298564389 0.026157442310711532 0.07839024028712215
0 0.611111 0.24385199999999999 0.05555560000000003 0.04344259999999996
0 0.500926 0.9573770000000001 0.05 0.049180299999999885
0 0.645062 0.409426 0.05802470000000005 0.04508199999999996
0 0.684877 0.984426 0.05370369999999987 0.03114749999999992
0 0.530247 0.11311499999999998 0.034567900000000006 0.07377049999999999
0 0.361553638892457 0.34470042383682364 0.04903287778491402 0.058253847673647316
0 0.504012 0.355328 0.04135800000000006 0.05327869999999997
0 0.520679 0.0307377 0.05370370000000001 0.04508199999999999
0 0.43655890958395777 0.19283616033355447 0.031756226361236026 0.07296503363972329
0 0.490741 0.9233610000000001 0.04567900000000003 0.048360700000000076
0 0.7121046377096268 0.9278333958187245 0.05013597541925351 0.03763369163744908
0 0.5812462080924854 0.38772407900596983 0.05209403924926864 0.05559514720932443
0 0.37160499999999996 0.19876999999999997 0.04938270000000004 0.05163929999999999
0 0.6145295905890958 0.8663674156495784 0.029058281178191692 0.08191503129915671
0 0.578704 0.973361 0.024074099999999935 0.05327870000000016
0 0.578395 0.678279 0.03580250000000006 0.03852459999999998
0 0.571914 0.070082 0.033950600000000046 0.06803280000000002
0 0.525 0.621311 0.05987649999999997 0.04426229999999999
0 0.459694765007493 0.1027999885009002 0.0354381300149861 0.07773177700180044
0 0.3995236078391494 0.06631523711266937 0.03731901567829879 0.06541747422533878
0 0.429012 0.787705 0.04320989999999994 0.06557379999999993
