0 0.592284 0.689754 0.05123460000000006 0.03688519999999993
0 0.438889 0.197131 0.03209880000000005 0.033606599999999986
0 0.607716 0.609836 0.022839500000000016 0.03114749999999992
0 0.384259 0.8118850000000001 0.03271610000000001 0.056557400000000035
0 0.5 0.216803 0.034567900000000006 0.04508200000000001
0 0.63642 0.253689 0.03580250000000006 0.06639340000000002
0 0.534568 0.19631099999999999 0.023456799999999976 0.07459019999999998
0 0.54084095905086 0.5200751499929942 0.05023736813865144 0.04813684895614402
0 0.49691399999999997 0.167623 0.05432099999999997 0.03196719999999999
0 0.507407 0.47623 0.04320989999999994 0.04918030000000007
0 0.473765 0.697131 0.05370370000000001 0.03852459999999998
0 0.618827 0.579918 0.05123459999999999 0.03688519999999993
0 0.562346 0.602869 0.027160499999999983 0.06639339999999992
0 0.476235 0.752459 0.025308599999999966 0.0754097999999999
0 0.583642 0.597131 0.03765430000000005 0.07622950000000002
0 0.574691 0.462705 0.030864199999999994 0.07950819999999999
0 0.592593 0.216803 0.029629599999999933 0.04508200000000001
0 0.618519 0.422131 0.025925900000000064 0.08196720000000003
0 0.533951 0.43729500000000004 0.028395100000000045 0.07622950000000002
0 0.445062 0.622541 0.03580250000000006 0.05
0 0.65 0.376229 0.03333329999999994 0.07049180000000001
0 0.48487699999999995 0.49344299999999996 0.04259259999999998 0.06229509999999996
0 0.667593 0.285656 0.04753090000000005 0.0647541
0 0.34475300000000003 0.0946721 0.035185199999999965 0.07131150000000001
0 0.608333 0.780738 0.027777799999999943 0.04344260000000006
0 0.616358 0.336475 0.03641980000000002 0.07131150000000003
0 0.311728 0.0864754 0.043209899999999975 0.041803300000000015
0 0.749074 0.952869 0.022839499999999874 0.04344260000000006
0 0.441975 0.680328 0.059259300000000036 0.04590159999999991
0 0.578086 0.543443 0.05370370000000001 0.040983600000000016
0 0.571296 0.327459 0.03271610000000001 0.06803279999999996
0 0.47716 0.228689 0.04320989999999994 0.0754098
0 0.46327199999999996 0.308607 0.05370370000000001 0.03688520000000002
0 0.666975 0.023360699999999998 0.03148150000000009 0.0434426
0 0.43580199999999997 0.0979508 0.03827160000000001 0.058196700000000004
0 0.652778 0.654918 0.05246909999999995 0.05081969999999993
0 0.566667 0.132787 0.025925900000000064 0.08196719999999999
0 0.391049 0.0709016 0.03271610000000001 0.06639339999999999
0 0.813272 0.519262 0.04629630000000013 0.031967200000000036
0 0.401235 0.395082 0.06049380000000007 0.031147500000000012
0 0.516667 0.619262 0.034567900000000006 0.07622950000000002
0 0.172222 0.04754099999999999 0.025925899999999995 0.0737705
0 0.579012 0.0512295 0.03333329999999994 0.07131149999999999
0 0.538272 0.0315574 0.03827160000000001 0.0598361
0 0.309568 0.678279 0.05000000000000004 0.06311480000000007
0 0.5717790440012662 0.4035308953341741 0.05460588793922127 0.044836766148241586
