0 0.446296 0.24918000000000004 0.029629599999999933 0.031147500000000012
0 0.559877 0.9938520000000001 0.025925900000000064 0.009016389999999878
0 0.6821510776313037 0.19831897749374827 0.026156099602427377 0.07710475131981108
0 0.455556 0.787705 0.030864199999999994 0.07049180000000001
0 0.311728 0.571721 0.03580250000000003 0.03688519999999993
0 0.363889 0.905738 0.021604899999999955 0.032786900000000146
0 0.44567899999999994 0.85 0.03333329999999994 0.06557379999999993
0 0.618519 0.342213 0.03333329999999994 0.035245900000000004
0 0.3743830000000001 0.983607 0.027777799999999943 0.03114749999999992
0 0.556481 0.24959 0.054938299999999926 0.040163899999999995
0 0.598457 0.9922130000000001 0.030246900000000035 0.015573799999999926
0 0.705556 0.3 0.0493826999999999 0.049180299999999975
0 0.501235 0.991803 0.05555560000000003 0.016393400000000106
0 0.455556 0.21516399999999997 0.04938270000000004 0.040163899999999995
0 0.679321 0.329918 0.036419799999999884 0.06311479999999997
0 0.516975 0.597131 0.022839500000000016 0.02704919999999995
0 0.483642 0.820082 0.026543200000000024 0.07131149999999994
0 0.594753 0.75123 0.05 0.05327869999999997
0 0.47901199999999994 0.312705 0.027160499999999983 0.07295079999999995
0 0.475617 0.461475 0.024074099999999935 0.04918030000000007
0 0.543827 0.20655700000000002 0.05308640000000005 0.04426230000000001
0 0.571296 0.9606559999999998 0.020370400000000066 0.0754098000000001
0 0.56358 0.141393 0.025925900000000064 0.04344260000000001
0 0.47716 0.134836 0.06172839999999999 0.027049199999999995
0 0.555247 0.780738 0.026543200000000024 0.07622950000000002
0 0.513272 0.298361 0.05 0.05081970000000002
0 0.579321 0.602049 0.045061699999999934 0.045081999999999914
0 0.423148 0.987295 0.04753090000000005 0.023770500000000166
0 0.554321 0.540164 0.06049380000000007 0.03934430000000009
0 0.630556 0.810656 0.024074100000000005 0.08360659999999999
0 0.382407 0.893033 0.04753090000000005 0.05
0 0.620679 0.618033 0.031481499999999954 0.0754098000000001
0 0.530556 0.47909799999999997 0.05493830000000007 0.045081999999999914
0 0.33642 0.0217213 0.03209880000000005 0.0418033
0 0.541975 0.92377 0.027160499999999983 0.07868849999999987
0 0.545988 0.313934 0.04629629999999999 0.05245900000000004
0 0.677161 0.970492 0.023456799999999976 0.05737700000000012
0 0.645062 0.8782789999999999 0.04814809999999998 0.04672129999999984
0 0.569753 0.8827869999999999 0.03827160000000001 0.05737700000000012
0 0.891975 0.539344 0.023456799999999976 0.07868850000000006
0 0.459877 0.9225410000000002 0.028395100000000045 0.07950819999999999
0 0.519444 0.039754099999999994 0.04259259999999998 0.0598361
0 0.6608020000000001 0.0827869 0.05864199999999994 0.0377049
0 0.364815 0.159426 0.03209880000000005 0.06803280000000002
