0 0.389506 0.9667038019494907 0.028395100000000045 0.06393440000000007
0 0.570062 0.767623 0.024074099999999935 0.041803299999999946
0 0.6342589999999999 0.797951 0.05864199999999994 0.031967200000000036
0 0.4169002317150484 0.9454808995790871 0.026393063430096765 0.07359291949490483
0 0.5148396670003337 0.8572778019494904 0.027777799999999943 0.07459019999999991
0 0.508333 0.717623 0.022839500000000016 0.07295080000000005
0 0.46296300000000007 0.716393 0.04567900000000003 0.036065599999999934
0 0.504321 0.0659836 0.025925900000000064 0.04672130000000001
0 0.3740740000000001 0.645902 0.04567900000000003 0.04590159999999991
0 0.483642 0.670082 0.026543200000000024 0.07131149999999994
0 0.449074 0.8643439999999999 0.05617279999999996 0.035245899999999816
0 0.502778 0.125 0.027777799999999943 0.07131149999999999
0 0.388889 0.741803 0.028395100000000045 0.06393440000000007
0 0.429012 0.739754 0.025925900000000064 0.07295080000000005
0 0.398765 0.895902 0.03580250000000006 0.05901639999999998
0 0.557407 0.271311 0.04567900000000003 0.05901639999999998
0 0.582099 0.9803280000000001 0.022222200000000056 0.03934430000000009
0 0.5480492109327693 0.3055300308051695 0.05724790691938661 0.04252061138362125
0 0.597222 0.104098 0.05740740000000002 0.034426200000000004
0 0.6474292071274023 0.7669804937257055 0.059017762606592854 0.033200466917356626
0 0.44845699999999994 0.793033 0.033950600000000046 0.06147540000000003
0 0.477778 0.753689 0.06172839999999999 0.041803299999999946
0 0.533642 0.770902 0.04876539999999994 0.048360700000000076
0 0.485494 0.9 0.05370370000000001 0.04262289999999994
0 0.472222 0.109426 0.03333329999999994 0.07131149999999999
0 0.549074 0.713934 0.026543200000000024 0.08196720000000003
0 0.533951 0.977869 0.027160499999999983 0.04426230000000017
0 0.519444 0.258197 0.033950600000000046 0.07213110000000003
0 0.466049 0.6 0.05432099999999997 0.04918030000000007
0 0.605247 0.156557 0.029012299999999974 0.07377050000000003
0 0.36821 0.366393 0.05246909999999995 0.05245900000000004
0 0.507716 0.607377 0.05 0.05245900000000004
0 0.3 0.62582 0.03703699999999999 0.06311480000000007
0 0.485185 0.04754100000000001 0.044444399999999974 0.0606557
0 0.46358 0.522541 0.04074069999999996 0.06311480000000007
0 0.41450600000000004 0.865574 0.04382720000000004 0.06065569999999991
0 0.615123 0.0668033 0.05000000000000007 0.0418033
0 0.662037 0.0709016 0.03765429999999991 0.06639339999999999
0 0.314506 0.384016 0.04876539999999997 0.05163930000000002
0 0.596605 0.869262 0.035185199999999965 0.06147540000000003
0 0.727778 0.722541 0.04074069999999996 0.0647541
0 0.35956800000000005 0.193033 0.04259259999999998 0.06147540000000003
