0 0.493888755785054 0.6766971456488012 0.024293947684937697 0.0804335960576263
0 0.571015259119982 0.7140087897766719 0.05672227323182626 0.04907076599580851
0 0.7297297297297297 0.44705361098803725 0.039372706039372686 0.04253433761630481
0 0.40299366815135723 0.3927797995889106 0.02800669850681462 0.080234755863037
0 0.5483420294284329 0.6099130468485984 0.031702575786879045 0.0407345284703184
0 0.5226899254203009 0.4835506070609299 0.031601567437744886 0.06238460247300393
0 0.5707626530979578 0.3296423327064501 0.03766010974962489 0.07382396029569478
0 0.5481535243353136 0.26068368376461704 0.036714482530653486 0.07674151178593405
0 0.6077339340980913 0.23604332233256864 0.05828597666118893 0.03929924466513733
0 0.49188076965854743 0.8000110766504208 0.025303080858636424 0.04449121252399943
0 0.475799448786197 0.09462575825938736 0.023596481292709633 0.04887953075650476
0 0.7137971304637971 0.4746344705361099 0.05522188855522183 0.031236154186973872
0 0.38212876707630156 0.33525847747530957 0.044659240650130244 0.06491210209053988
0 0.5823674694960603 0.6098389950567895 0.02769753899212059 0.06885779011357913
0 0.516261735096117 0.5992426315793021 0.028014979904448976 0.07891943761168996
0 0.43286721470249556 0.39290505671905557 0.027156422711141343 0.07848025604100861
0 0.528086 0.991393 0.04753090000000005 0.01721309999999985
0 0.49821883454999366 0.2463267072385721 0.03195783090001263 0.045050885522855695
0 0.2849719479942991 0.2714605481037249 0.03005640401140183 0.045603203792550256
0 0.5456946699195213 0.5709588355494322 0.04811626016095731 0.054803028901135836
0 0.568142350915392 0.25105876874895094 0.035080064528293944 0.07864674382028751
0 0.46059948837726616 0.7735194210604046 0.028083639194750275 0.06350612907989957
0 0.33771284026126025 0.27334937584599184 0.029070864952618257 0.07745525642953828
0 0.5496565963005099 0.46424774799977614 0.05224792483040492 0.05623006769988247
0 0.4356314145470771 0.6331473434722497 0.033839059943477634 0.07628876160379215
0 0.5534487843930392 0.4022827728976668 0.045506257110352624 0.05706932244167177
0 0.5291281547036127 0.21508977829522527 0.029065124452800663 0.0655403655378996
0 0.48877090970378795 0.18533542214513513 0.04677031980786243 0.06406311195658254
0 0.3084532034583003 0.3778763723868251 0.05398874919771959 0.04637288815360705
0 0.6344971848371544 0.3177991138016619 0.03710924172525257 0.07759313136710669
0 0.567284 0.955738 0.024691400000000033 0.07049180000000001
0 0.6037982426871316 0.8221643774922462 0.039483928372817306 0.051875646137941135
0 0.558025 0.0221311 0.03580250000000006 0.0409836
0 0.5150002106771162 0.14127454820119734 0.04276745459908145 0.06881888882672187
0 0.40887982784007254 0.2741013686268612 0.05889681730660325 0.0609114152504136
0 0.37808641975308643 0.49265710382513667 0.05594135802469136 0.0443989071038251
0 0.30425034759315894 0.21283030180227602 0.03936429518631786 0.06664400360455203
0 0.32088006670432234 0.06035929854637666 0.047069582291078334 0.044644451587556706
0 0.4458827455119493 0.09106379002230912 0.03662900897610153 0.07033131995538178
0 0.534224336466946 0.08447385571765179 0.038509457469702094 0.06968466436055548
0 0.512261408165845 0.7298718737760868 0.039817974971558555 0.0593073350864433
