0 0.5695018964542061 0.2949165382068878 0.026657992908412274 0.04557167641377555
0 0.465432 0.014344299999999997 0.023456799999999976 0.027049199999999995
0 0.563889 0.17582 0.045061699999999934 0.04344260000000001
0 0.6172648449062111 0.17551156435061635 0.05929761018757779 0.03586237129876732
0 0.607407 0.676639 0.023456799999999976 0.031967200000000036
0 0.559259 0.786885 0.023456799999999976 0.07704919999999996
0 0.545679 0.156148 0.04074069999999996 0.06967209999999999
0 0.53179 0.03360660000000001 0.04506170000000007 0.0606557
0 0.529012 0.662705 0.04691359999999995 0.035245900000000004
0 0.587037 0.776639 0.029629599999999933 0.07295080000000005
0 0.512654 0.0979508 0.04753090000000005 0.04508200000000001
0 0.3089509999999999 0.4766389999999999 0.03271609999999998 0.056557399999999945
0 0.524074 0.828279 0.05061729999999996 0.03688520000000002
0 0.525926 0.22909799999999997 0.024691400000000033 0.06639340000000002
0 0.385494 0.8073769999999999 0.024074099999999935 0.06885249999999998
0 0.516049 0.781148 0.04814809999999998 0.055737700000000015
0 0.5156475921045076 0.6124509553119838 0.05512521579098484 0.04559068937603253
0 0.534568 0.134426 0.029629599999999933 0.0377049
0 0.58642 0.376639 0.027160499999999983 0.0745902
0 0.462037 0.488115 0.05 0.056557399999999945
0 0.330556 0.841393 0.03148149999999999 0.031967200000000036
0 0.754321 0.9799179999999998 0.03703700000000009 0.0401638999999999
0 0.49104899999999996 0.19876999999999997 0.05246909999999995 0.04508199999999999
0 0.553704 0.702459 0.05061729999999996 0.04754099999999996
0 0.46265400000000007 0.44508200000000003 0.05 0.05245900000000004
0 0.34753100000000003 0.49016400000000004 0.024691400000000033 0.07704919999999996
0 0.635494 0.709836 0.03271610000000001 0.07377049999999997
0 0.403086 0.318443 0.028395100000000045 0.06147540000000003
0 0.638272 0.27418 0.04567900000000003 0.03852459999999998
0 0.439506 0.563115 0.030864199999999994 0.05409840000000009
0 0.471296 0.22582000000000002 0.04629629999999999 0.056557400000000015
0 0.604938 0.509016 0.04197530000000002 0.06229509999999996
0 0.35432099999999994 0.553689 0.04197530000000002 0.06147540000000003
0 0.342901 0.786885 0.04382720000000004 0.0606557000000001
0 0.33827199999999996 0.05942619999999999 0.05308640000000001 0.03360660000000001
0 0.589506 0.979098 0.059259300000000036 0.03852459999999998
0 0.746605 0.533607 0.035185199999999965 0.06393440000000007
0 0.44537000000000004 0.9647540000000001 0.05987649999999997 0.032786900000000146
0 0.754012 0.8405739999999999 0.05740740000000002 0.031967200000000036
0 0.44321 0.740984 0.04938270000000004 0.04754099999999996
