0 0.57037 0.00614754 0.017284000000000015 0.012295100000000002
0 0.6306983539338471 0.5487633106391546 0.028120169317776274 0.07086151479674026
0 0.6082528235781061 0.3873564655808775 0.025468752843787877 0.05643376883824504
0 0.5214980012934418 0.3698499024637544 0.031078497413116364 0.04226779507249123
0 0.614506 0.19590200000000002 0.04135800000000006 0.034426200000000004
0 0.30069395491151074 0.5665827330924855 0.027314009823021478 0.08070736618497105
0 0.563889 0.563115 0.026543200000000024 0.0754097999999999
0 0.50679 0.461066 0.034567900000000006 0.07622950000000002
0 0.580864 0.415984 0.05185190000000002 0.03852459999999998
0 0.583951 0.170492 0.04938270000000004 0.055737700000000015
0 0.55 0.20082 0.029629599999999933 0.06885250000000001
0 0.534568 0.584836 0.03209880000000005 0.06639339999999992
0 0.539815 0.404918 0.026543200000000024 0.07868850000000002
0 0.533951 0.5133964021605231 0.05679010000000006 0.035245900000000004
0 0.567901 0.139344 0.04074069999999996 0.0393443
0 0.2734515746788696 0.735158463183455 0.039517150642260745 0.04607737363309014
0 0.49660499999999996 0.527049 0.026543200000000024 0.07049180000000001
0 0.586728 0.247951 0.05246909999999995 0.041803300000000036
0 0.535802 0.12131100000000002 0.027160499999999983 0.0393443
0 0.517593 0.567623 0.033950600000000046 0.06967210000000008
0 0.466049 0.47623 0.03827160000000001 0.06721310000000004
0 0.289198 0.331557 0.035185199999999965 0.025409799999999996
0 0.657099 0.9864749999999999 0.05370369999999994 0.02704919999999995
0 0.526852 0.8627049999999999 0.04382720000000004 0.054918000000000085
0 0.389506 0.212295 0.05802469999999998 0.027868899999999974
0 0.522839 0.9795080000000002 0.04074069999999996 0.040983600000000016
0 0.2908318452740313 0.4221289482185161 0.05203359054806254 0.03606049643703214
0 0.512037 0.918443 0.05 0.045081999999999914
0 0.5482001237832727 0.8107313504501089 0.048964770630842806 0.049152290097602594
0 0.41759300000000005 0.625 0.04629629999999999 0.048360700000000076
0 0.46697500000000003 0.860246 0.029012299999999974 0.07459019999999991
0 0.494753 0.141803 0.05246909999999995 0.04426229999999999
0 0.552161 0.9524589999999998 0.05246909999999995 0.05737700000000012
0 0.449691 0.9340159999999998 0.029012299999999974 0.0663934000000001
0 0.731481 0.0180328 0.0493826999999999 0.0360656
0 0.583025 0.693033 0.05 0.03852459999999998
0 0.625926 0.812295 0.05308640000000005 0.05737700000000003
0 0.7014774090023551 0.8162181804652706 0.04141826413330473 0.06850176093054104
0 0.230864 0.126639 0.05802469999999998 0.04508200000000001
