0 0.574074 0.4381149999999999 0.029629599999999933 0.06639339999999996
0 0.367593 0.882377 0.05370370000000001 0.031967200000000036
0 0.6614899809110057 0.45811537248659784 0.048625038177988245 0.06081935502680444
0 0.54537 0.305738 0.04876539999999994 0.03770490000000005
0 0.5921594874685507 0.5737391564000466 0.030495325062898607 0.07219278719990674
0 0.423457 0.613115 0.022222200000000056 0.07213109999999993
0 0.366358 0.915164 0.027777799999999943 0.035245899999999816
0 0.5058966939400491 0.989570733681508 0.03758961211990194 0.020858632636984044
0 0.44567899999999994 0.601229 0.027160499999999983 0.056557399999999945
0 0.652469 0.614754 0.029629600000000075 0.03114749999999992
0 0.48456800000000005 0.618852 0.04938270000000004 0.04590159999999991
0 0.365432 0.8479509999999999 0.05802469999999998 0.03688520000000002
0 0.5922986081373237 0.5018860937436874 0.04060903262828395 0.056751470348069315
0 0.446605 0.397951 0.05493830000000007 0.035245900000000004
0 0.449383 0.356557 0.05308640000000005 0.04754099999999996
0 0.476543 0.571721 0.03209880000000005 0.048360700000000076
0 0.573148 0.621311 0.03641980000000002 0.03770490000000005
0 0.46358 0.709016 0.039506200000000075 0.06393440000000007
0 0.532099 0.131557 0.04814809999999998 0.04672129999999998
0 0.7092946006406879 0.27489518763499343 0.0406709987186238 0.03545582473001318
0 0.505247 0.654508 0.05246909999999995 0.03852459999999998
0 0.516358 0.588115 0.04506170000000007 0.05983609999999991
0 0.615741 0.9176229999999999 0.021604899999999955 0.06147540000000003
0 0.3725837268869581 0.32080267001592727 0.025413553773916103 0.08094924003185457
0 0.604938 0.44180299999999995 0.04197530000000002 0.06885250000000004
0 0.5734555580090791 0.9753776922083306 0.04444678398184164 0.04924361558333848
0 0.492901 0.143033 0.03271610000000001 0.07950819999999999
0 0.3756169999999999 0.7 0.054938299999999926 0.03934430000000009
0 0.478395 0.9368849999999999 0.029629599999999933 0.04262289999999994
0 0.488272 0.0639344 0.022222200000000056 0.04754100000000001
0 0.491358 0.363934 0.04320989999999994 0.05081970000000002
0 0.6461583546860739 0.9599255929642152 0.05898270937214779 0.0384316487976017
0 0.45092600000000005 0.781967 0.05 0.04262289999999994
0 0.541358 0.0864754 0.05185190000000002 0.0385246
0 0.7141979999999999 0.609016 0.055555599999999886 0.04262289999999994
0 0.538889 0.452049 0.03827160000000001 0.06639339999999996
0 0.6757664797290972 0.7865143912827286 0.02931075945819438 0.03368398256545732
0 0.373457 0.966803 0.04074069999999996 0.05327870000000016
0 0.7156296998230062 0.8614384568059981 0.053926300353987246 0.03613928638800398
0 0.5254167742446079 0.815106306220897 0.025709851510784438 0.07634388755820629
0 0.563272 0.261066 0.05 0.033606599999999986
0 0.533642 0.9487699999999999 0.03271610000000001 0.07459019999999991
0 0.287654 0.620902 0.034567900000000006 0.07295080000000005
0 0.570679 0.9020490000000001 0.05493830000000007 0.048360700000000076
0 0.497222 0.330328 0.05246909999999995 0.05245900000000004
0 0.629321 0.777459 0.030246900000000035 0.056557399999999945
0 0.6533950000000001 0.920902 0.05246909999999995 0.04672129999999984
0 0.6071413082587327 0.10966130930968845 0.030033596565443816 0.07170394097195243
0 0.454012 0.0987705 0.029012299999999974 0.06967209999999999
0 0.281481 0.362705 0.05802469999999998 0.035245900000000004
0 0.403086 0.291393 0.04197530000000002 0.06803279999999996
0 0.422531 0.47090200000000004 0.05370370000000001 0.048360700000000076
0 0.38395100000000004 0.19877 0.04567900000000003 0.06147539999999998
0 0.421296 0.0217213 0.05246909999999995 0.0418033
0 0.0302469 0.615164 0.04320990000000001 0.07295080000000005
0 0.5480954888537827 0.15985548908398725 0.035398747879000644 0.048558775541915934
