0 0.4 0.272951 0.03950619999999993 0.06229509999999996
0 0.4909447656751923 0.5139563302667681 0.05733534753694149 0.04284890825666912
0 0.4218104853909465 0.3242714193533697 0.05349837078189295 0.043624738706739524
0 0.500309 0.47418 0.027777799999999943 0.07295080000000005
0 0.602469 0.182377 0.03703699999999995 0.06803280000000002
0 0.524691 0.4475410000000001 0.024691400000000033 0.08032789999999997
0 0.516049 0.986885 0.028395100000000045 0.026229499999999833
0 0.510450756325207 0.4116829623417722 0.039420412650414086 0.06893538264162691
0 0.39012300000000005 0.8479509999999999 0.027160499999999983 0.06967209999999999
0 0.4700619999999999 0.4368850000000001 0.029012299999999974 0.04262289999999999
0 0.364506 0.8635249999999999 0.025308599999999966 0.06475410000000009
0 0.47963 0.986066 0.044444399999999974 0.027868900000000068
0 0.480556 0.0827869 0.03271610000000001 0.07049179999999998
0 0.555247 0.462295 0.029012299999999974 0.07704919999999996
0 0.628395 0.21188499999999996 0.027160500000000056 0.06803279999999999
0 0.480864 0.394262 0.04691359999999995 0.04262290000000003
0 0.48858 0.939344 0.04259259999999998 0.05081970000000011
0 0.510802 0.0848361 0.026543200000000024 0.07786880000000002
0 0.594444 0.477049 0.030864199999999994 0.07213109999999993
0 0.547222 0.562295 0.027777799999999943 0.08360660000000007
0 0.423148 0.662295 0.04876539999999994 0.0606557000000001
0 0.443827 0.719262 0.03703699999999995 0.06311480000000007
0 0.512963 0.843033 0.034567900000000006 0.06967209999999999
0 0.566358 0.790164 0.024074099999999935 0.06721310000000004
0 0.445062 0.821311 0.05679010000000006 0.036065599999999934
0 0.617901 0.843852 0.05061730000000003 0.040163899999999995
0 0.693519 0.9032790000000002 0.040123500000000034 0.03442620000000007
0 0.374691 0.733607 0.039506200000000075 0.06229509999999996
0 0.305247 0.9758200000000001 0.03395060000000001 0.04180330000000013
0 0.444753 0.159426 0.03765430000000005 0.07131149999999999
0 0.6733473980309422 0.2827350072629176 0.05821222065947812 0.048765304004980296
