0 0.707401583973911 0.5996752242499227 0.028243652457488815 0.0811939375193319
0 0.42866121970327226 0.9879846316964894 0.0171589259207903 0.026486161459043527
0 0.5867282021604938 0.6994245728200209 0.03410783589440507 0.045518137617718786
0 0.4728132387706856 0.7409748866410881 0.04990806409246125 0.05362748517614235
0 0.6136785770372105 0.6379332252033549 0.027592764397509958 0.07736584158215466
0 0.5657323990657324 0.7902082410279131 0.03837170503837165 0.043863535666814286
0 0.5215591391449961 0.4694626195500523 0.04824042171000795 0.051237760899895325
0 0.3813352826510721 0.19952545297670402 0.04304743339831057 0.05823986194995686
0 0.5213546880213547 0.8717323881258308 0.03603603603603601 0.0434204696499778
0 0.444575781455214 0.507063132193931 0.029550827423167832 0.08109522148587368
0 0.49139051332033784 0.23224043715846993 0.0579380550140784 0.03379350014380211
0 0.6005122066259522 0.7338943646145796 0.03748359830575264 0.07127649574468085
0 0.12056971596689488 0.6534557669137244 0.025021309356869855 0.049837526014093164
0 0.5344694401431572 0.7326471751918381 0.03691875039401104 0.05981900852807811
0 0.6328514186701322 0.21462467644521135 0.027886073207710603 0.044578659764164495
0 0.5240346729708432 0.653993721660272 0.05516154452324664 0.05580746424834317
0 0.3960307206431237 0.1011484940907358 0.026557565317255238 0.07124475791078917
0 0.580663997330664 0.834625609215773 0.05755755755755755 0.03610988037217546
0 0.557716 0.719262 0.05 0.05
0 0.488935097583399 0.6899809333972794 0.05916780483320204 0.039710733205441225
0 0.42573678599676745 0.3707931869035116 0.05020805392207436 0.0662130690899128
0 0.4109206724454951 0.5528426927101499 0.05286314683477805 0.04883153121730027
0 0.5785056301129745 0.6457315474017941 0.04960416022594919 0.05867609480358794
0 0.7242319839219065 0.040983606557377046 0.027993109388458177 0.04193671368661837
0 0.591803043353431 0.1590497521921464 0.022968705139247817 0.0412218833396874
0 0.5153486820153487 0.90861763402747 0.04537871204537866 0.06668143553389465
0 0.4577094825321775 0.6382978723404255 0.05319148936170213 0.05231949773282177
0 0.5267202629892304 0.6019621270666201 0.05396587402153931 0.048535345866759755
0 0.2636368107815651 0.3595454248579452 0.045742954109488 0.05159689112402846
0 0.3737328410627596 0.8057098842327304 0.05728969053108797 0.03573089507864529
0 0.1626826029216467 0.18369146365358238 0.02533077566278098 0.07347658546143297
0 0.5580181245074861 0.4392657830484827 0.048266351457840806 0.06321939309382622
0 0.4820068295245599 0.3830223229856993 0.052534804307853976 0.05711545169166375
0 0.6935960265450581 0.9006356156572103 0.06250115309011602 0.04225483131442038
0 0.2517092125325857 0.6056103455032329 0.05041562146475824 0.04473907648096142
0 0.49624964111398223 0.04479603507434236 0.05437123169681308 0.05575676706061762
0 0.028281933992425356 0.3788126183789432 0.03393832079091043 0.069884396838874
