0 0.5818241085320923 0.024012974195348036 0.03278381706418462 0.04638654839069607
0 0.5392991749789929 0.0666874202815209 0.048025656247172165 0.0563084484250279
0 0.594136 0.853279 0.03641980000000002 0.03442620000000007
0 0.736111 0.495082 0.035185199999999965 0.05901639999999998
0 0.265123 0.990574 0.025308600000000035 0.018852500000000084
0 0.512963 0.62541 0.05555560000000003 0.040983600000000016
0 0.561111 0.309016 0.05061729999999996 0.04754099999999996
0 0.414198 0.27582 0.05185190000000002 0.030327900000000015
0 0.47716 0.0987705 0.04938270000000004 0.030327900000000015
0 0.505864 0.672131 0.04876539999999994 0.04754099999999996
0 0.578395 0.0967213 0.03209880000000005 0.0721311
0 0.162654 0.9885249999999999 0.04382719999999999 0.021311500000000125
0 0.515741 0.383607 0.054938299999999926 0.040983600000000016
0 0.503395 0.422951 0.05246909999999995 0.03770490000000005
0 0.519753 0.576639 0.04691359999999995 0.05327869999999997
0 0.49784 0.178279 0.05617279999999996 0.03688519999999998
0 0.4329390500274707 0.6008624143614282 0.023010799945058547 0.08679907127714365
0 0.428704 0.197131 0.03888889999999997 0.041803300000000015
0 0.46574100000000007 0.23442599999999997 0.03765430000000005 0.0639344
0 0.6324299291448516 0.6668699982233284 0.02658865828970323 0.07472279644665689
0 0.5742112599314847 0.1711484103446056 0.044777661120806694 0.05337737036735042
0 0.574383 0.236066 0.031481499999999954 0.06229510000000003
0 0.4700619999999999 0.639344 0.030246900000000035 0.06229509999999996
0 0.502469 0.715574 0.04320989999999994 0.055737700000000015
0 0.539815 0.12131100000000002 0.04753090000000005 0.05901639999999998
0 0.544753 0.0385246 0.03888889999999997 0.040983599999999995
0 0.54537 0.403279 0.05370370000000001 0.0393443
0 0.49321 0.779918 0.05308640000000005 0.03852459999999998
0 0.531482 0.74959 0.03209880000000005 0.06967210000000008
0 0.397222 0.320082 0.05740740000000002 0.035245900000000004
0 0.511111 0.11311499999999998 0.04691359999999995 0.05901639999999998
0 0.549383 0.9426230000000001 0.05061729999999996 0.03442620000000007
0 0.539198 0.256148 0.04135800000000006 0.06639340000000002
0 0.459877 0.154918 0.05061729999999996 0.05409839999999999
0 0.555864 0.721311 0.03641980000000002 0.07049180000000001
0 0.607407 0.338115 0.034567900000000006 0.07295079999999995
0 0.49691399999999997 0.05327869999999999 0.04814809999999998 0.06393440000000002
0 0.727778 0.17541 0.04074069999999996 0.02950819999999999
0 0.4871487026371922 0.49760345551669394 0.0590365947256157 0.04249898896661238
0 0.489198 0.281967 0.05 0.055737700000000015
0 0.329012 0.9225410000000002 0.03209880000000002 0.035245899999999816
0 0.586111 0.9004099999999999 0.054938299999999926 0.04672129999999984
0 0.355247 0.165984 0.029012299999999974 0.07131149999999999
0 0.632099 0.472951 0.04814809999999998 0.05081969999999993
0 0.556173 0.44917999999999997 0.04567900000000003 0.057376999999999935
0 0.710802 0.941393 0.027777799999999943 0.07459019999999991
0 0.713889 0.297541 0.0561728000000001 0.040983600000000016
0 0.24784 0.852869 0.05740740000000002 0.030327900000000015
0 0.27284 0.744262 0.04814809999999998 0.06065569999999991
