0 0.672531 0.129508 0.05370369999999987 0.05081969999999999
0 0.521605 0.288525 0.028395100000000045 0.08032790000000001
0 0.4888283570065276 0.35898330091388736 0.054200814013055196 0.0376392018277746
0 0.699383 0.905738 0.023456799999999976 0.0459016000000001
0 0.4645059999999999 0.280738 0.029012299999999974 0.041803300000000036
0 0.395062 0.11434400000000002 0.03703699999999995 0.05655739999999999
0 0.415123 0.165574 0.05246909999999995 0.040983600000000016
0 0.6231479999999999 0.05409839999999999 0.026543199999999954 0.06721309999999998
0 0.384877 0.692213 0.026543200000000024 0.06967210000000008
0 0.49537 0.318033 0.029012299999999974 0.07213110000000003
0 0.55 0.305738 0.028395100000000045 0.07704919999999996
0 0.35956800000000005 0.708607 0.024074099999999935 0.0647541
0 0.6774689999999999 0.918852 0.022839499999999874 0.06721309999999985
0 0.595988 0.9004099999999999 0.04135800000000006 0.06475409999999981
0 0.475617 0.23729500000000003 0.045061699999999934 0.041803300000000036
0 0.308333 0.8950820000000002 0.03641979999999999 0.07049180000000001
0 0.5225697406733362 0.9466834905643491 0.05625118134667237 0.04746588112869784
0 0.597531 0.0307377 0.03580250000000006 0.0598361
0 0.576235 0.8864750000000001 0.03641980000000002 0.058196699999999865
0 0.504012 0.254508 0.03765430000000005 0.06639340000000002
0 0.6206789999999999 0.913525 0.03271609999999994 0.06147540000000003
0 0.48425900000000005 0.784426 0.04135800000000006 0.05081969999999993
0 0.451852 0.881967 0.06172839999999999 0.027868900000000068
0 0.437037 0.019672099999999998 0.034567900000000006 0.0377049
0 0.439506 0.666803 0.05679010000000006 0.035245900000000004
0 0.43857999999999997 0.563525 0.035185199999999965 0.06311480000000007
0 0.513889 0.847541 0.035185199999999965 0.05737700000000003
0 0.497531 0.887705 0.028395100000000045 0.07868849999999987
0 0.589506 0.320492 0.029629599999999933 0.07213110000000003
0 0.300309 0.820082 0.03395060000000001 0.041803299999999946
0 0.689198 0.748361 0.038888900000000115 0.03442620000000007
0 0.542901 0.405738 0.027777799999999943 0.08360660000000003
0 0.47284000000000004 0.841803 0.04691359999999995 0.05081970000000002
0 0.561111 0.634016 0.023456799999999976 0.06639339999999992
0 0.508025 0.686885 0.03580250000000006 0.07049180000000001
0 0.612346 0.688115 0.05308639999999998 0.040163900000000086
0 0.41759300000000005 0.506967 0.04876539999999994 0.06147540000000003
0 0.370062 0.578689 0.03888889999999997 0.06229509999999996
