0 0.5285899125 0.18091998518518515 0.02309029624999995 0.07363388796296293
0 0.5165318 0.9843473962962963 0.048233031874999985 0.026180926851851735
0 0.7915625 0.5012277222222222 0.026682127500000045 0.049907407407407386
0 0.626591437895083 0.8788376796037356 0.022055592665166063 0.08666005579252911
0 0.55758141875 0.37318627592592585 0.04823303187499993 0.04418033277777777
0 0.6935572937500001 0.02956129907407407 0.020524726249999976 0.05563448203703703
0 0.587084975 0.015652703518518517 0.025142735625000037 0.029453555185185182
0 0.42964619323386993 0.125817312127629 0.03372431618898055 0.0670712999972109
0 0.4209401750287681 0.9835582694280461 0.02124817380753612 0.02939584410687067
0 0.483352721879101 0.48919636400775207 0.04539669242156356 0.049050870223240395
0 0.6368577312500001 0.3555959111111111 0.041562499999999974 0.05972529240740735
0 0.5960649687499999 0.6609409970418657 0.028734566875000075 0.07117944166666654
0 0.80310773125 0.041015448333333336 0.03643135999999991 0.042543968703703715
0 0.5194406471760474 0.8888165191782721 0.03232234859531443 0.05894575678040231
0 0.28999040625 0.47872846481481485 0.04361493937500013 0.029453555185185214
0 0.5699724229120188 0.2039472656557855 0.0444994414301424 0.04039895386070595
0 0.6163333375000001 0.49631783148148145 0.040536238749999974 0.043362150740740846
0 0.6030625060499751 0.2677216044404345 0.03759916647495025 0.06202530278579767
0 0.5580943 0.8178532907407409 0.03181326750000011 0.05645266407407393
0 0.39227240692135706 0.6187289942582314 0.03777674492077392 0.05991208066204826
0 0.5955520875 0.3551866703703703 0.026682127500000045 0.06545236703703702
0 0.4324734934671035 0.3742104078371616 0.026867621309207123 0.06176743969604719
0 0.6196683125 0.38586774814814817 0.04618059250000014 0.03190800148148151
0 0.41882542461802513 0.5049667918463778 0.024621965693715234 0.08837376586669145
0 0.5670734625 0.5192263296296297 0.020011595624999975 0.08099722685185182
0 0.5999128250000001 0.7315374314814816 0.025142735625000155 0.040907704444444554
0 0.44803014999999996 0.9904830129629629 0.031300136875000106 0.015544959629629686
0 0.55142351875 0.7090381740740741 0.041049369375000096 0.054816300000000186
0 0.4408464875 0.5392711407407407 0.029247697499999958 0.06872499537037034
0 0.45053148887534017 0.590705630734974 0.04843921717908527 0.03607603349249894
0 0.5595281788000385 0.03367666907245961 0.028524538225076886 0.06376688370693262
0 0.51140049375 0.7573096166666666 0.04104936937500003 0.035180629814814776
0 0.47445641875 0.3036432981481481 0.024629605000000037 0.07690651629629636
0 0.27587993749999995 0.7470825907407408 0.015393503124999933 0.042543968703703666
0 0.5888813062499999 0.18746484259259258 0.043101891874999985 0.04090770444444445
0 0.6470370813254747 0.5917847586733036 0.042172738778038975 0.05369558765339282
0 0.47240323125 0.022607001296296295 0.04720677062500004 0.03354436555555556
0 0.468555375 0.9716659240740739 0.03130013687499999 0.053180035740740865
0 0.5587686793374982 0.9355028032089423 0.03932050804999629 0.0485995615450783
0 0.4870274124999999 0.9307578203703705 0.0425887612500001 0.03518062981481467
0 0.56886979375 0.7331743944444444 0.028734566875000075 0.042543968703703666
0 0.6499419497820216 0.03528842361111111 0.022577520189043198 0.06872499537037037
0 0.5668174374999999 0.46072885925925916 0.04618059250000014 0.04254396870370361
0 0.540648025 0.02219796018518519 0.019498464999999972 0.0425439687037037
0 0.5948771342408197 0.770432196391835 0.04790946973163959 0.033479933327440974
0 0.41859144996880865 0.08386015348287172 0.03373508006238287 0.038236449187965725
0 0.4675287812500001 0.8963955722222223 0.02103777375 0.035180629814814776
0 0.5650211062500001 0.16823851296296294 0.04874616250000005 0.04663477907407407
0 0.6318861892601554 0.6184872660200602 0.04388593203445493 0.05073229832193112
0 0.35746546250000005 0.39486705185185184 0.03283952874999999 0.05808892833333335
0 0.5605669304198564 0.6327955887997624 0.02239103708971264 0.07967046277084575
0 0.5203175081289948 0.30467388449090804 0.04579292186701055 0.03478735620403842
0 0.52833305625 0.8096714703703703 0.022577165624999947 0.07772459851851855
0 0.53474698125 0.4914089388888889 0.033352659374999996 0.04663477907407407
0 0.38927823125 0.20219152037037033 0.043101891874999985 0.04090770444444448
0 0.49395421875 0.8698059037037038 0.02155090437500006 0.06381600296296291
0 0.30698382304173344 0.595144020712755 0.0293689073334671 0.06170254357448999
0 0.54423985625 0.5249537037037038 0.02462960499999992 0.046634779074074116
0 0.2989695687500001 0.8873962685185184 0.03797066874999994 0.03518062981481467
0 0.48979299293856937 0.44137299510509453 0.024742797872861287 0.051286299469448064
0 0.58828914976141 0.5962553590380626 0.027551002022820133 0.03493550377572679
