0 0.4758366015266321 0.005253425997720962 0.029544981956390236 0.012195346745914586
0 0.575309 0.92377 0.023456799999999976 0.040983600000000016
0 0.524074 0.415984 0.03209880000000005 0.07131149999999999
0 0.5517771480984144 0.05491608961619144 0.05787569619682876 0.04089426004972419
0 0.446914 0.0159836 0.05432099999999997 0.0303279
0 0.520988 0.988934 0.027160499999999983 0.022131099999999935
0 0.602778 0.262295 0.05617279999999996 0.032786899999999966
0 0.510185 0.22418 0.027777799999999943 0.04836069999999998
0 0.507716 0.283607 0.027777799999999943 0.07049180000000001
0 0.6400076806842783 0.9547336467349079 0.05948993863144349 0.033156206530184064
0 0.652469 0.925 0.05802470000000005 0.031967200000000036
0 0.562346 0.428689 0.044444399999999974 0.05901639999999998
0 0.553086 0.46393400000000007 0.05679010000000006 0.040983600000000016
0 0.3798168759478673 0.8025035921062854 0.047223658437189196 0.049098945847253606
0 0.4685190000000001 0.8729510000000001 0.044444399999999974 0.036065599999999934
0 0.5142328330480955 0.8737315648648124 0.025598660069627324 0.07859513190505776
0 0.434568 0.8963109999999999 0.025925900000000064 0.07295080000000005
0 0.489198 0.826639 0.026543200000000024 0.07131149999999994
0 0.478086 0.268033 0.033950600000000046 0.07049180000000001
0 0.620062 0.22582000000000002 0.05 0.041803300000000015
0 0.394753 0.897951 0.029012299999999974 0.06311479999999989
0 0.587963 0.12541 0.027777799999999943 0.04262289999999999
0 0.611111 0.314754 0.029629599999999933 0.07213110000000003
0 0.483025 0.9102459999999999 0.06234569999999995 0.04180330000000013
0 0.457099 0.0639344 0.04259259999999998 0.06885250000000001
0 0.520988 0.0196721 0.06172839999999999 0.0344262
0 0.55463 0.871311 0.025308599999999966 0.08196720000000003
0 0.470988 0.757377 0.05432099999999997 0.04754099999999996
0 0.453704 0.95 0.034567900000000006 0.06229510000000014
0 0.3740740000000001 0.52418 0.05308640000000005 0.05163929999999992
0 0.512963 0.765164 0.05061729999999996 0.05327869999999997
0 0.305556 0.782787 0.03827160000000001 0.06229509999999996
0 0.490741 0.206148 0.044444399999999974 0.0598361
0 0.539198 0.927869 0.04876539999999994 0.049180299999999885
0 0.606481 0.0762295 0.031481499999999954 0.07049179999999998
0 0.468827 0.679508 0.040123500000000034 0.06393440000000007
0 0.32037000000000004 0.540984 0.04814809999999998 0.05245900000000004
0 0.667284 0.22909799999999997 0.03703700000000009 0.06639340000000002
0 0.365432 0.35082 0.04197530000000002 0.0606557
0 0.732716 0.879508 0.03950619999999993 0.06393440000000007
0 0.6673102802644667 0.004855877554191593 0.04680826165818271 0.008157874291041877
