0 0.5032212514562685 0.01847148464557839 0.02989900291253698 0.03694296929115678
0 0.30741193225526 0.59990171818864 0.025934264510519923 0.07357453637727998
0 0.3124325633150757 0.1596512380223967 0.029803626630151226 0.07667997604479335
0 0.482407 0.268443 0.025308599999999966 0.0647541
0 0.489506 0.166803 0.05432099999999997 0.035245900000000004
0 0.6000240858121647 0.6270791202579178 0.04563022837567055 0.031087259484164485
0 0.490741 0.19631099999999999 0.05432099999999997 0.03524589999999998
0 0.452161 0.294262 0.026543200000000024 0.07213110000000003
0 0.683085704660059 0.38900956171784806 0.04987859067988186 0.044932076564303876
0 0.475617 0.0463115 0.035185199999999965 0.030327899999999998
0 0.6373460000000001 0.872131 0.05864199999999994 0.03442620000000007
0 0.487963 0.84918 0.029012299999999974 0.026229499999999926
0 0.64537 0.773771 0.027777799999999943 0.040983600000000016
0 0.644444 0.844672 0.04074069999999996 0.03524589999999991
0 0.5660711520170406 0.1500231901754791 0.037219546078942775 0.07053778035095822
0 0.609877 0.145492 0.03827160000000001 0.03688520000000002
0 0.452778 0.21598400000000004 0.025308599999999966 0.08114750000000001
0 0.576543 0.82582 0.05802469999999998 0.03688519999999993
0 0.630864 0.504098 0.027160499999999983 0.0606557000000001
0 0.577469 0.8909839999999999 0.054938299999999926 0.03442620000000007
0 0.495062 0.572131 0.04197530000000002 0.055737700000000015
0 0.414198 0.559426 0.029629599999999933 0.07131149999999994
0 0.510185 0.883197 0.025308599999999966 0.07295080000000005
0 0.539198 0.79959 0.04753090000000005 0.05
0 0.696605 0.813934 0.033950600000000046 0.032786899999999966
0 0.6250783855329508 0.19697514766797508 0.03657597106590159 0.07591809533595015
0 0.446605 0.527459 0.04382720000000004 0.0647541
0 0.615432 0.0155738 0.055555599999999955 0.027868899999999995
0 0.614506 0.75041 0.048765400000000014 0.05163929999999992
0 0.529321 0.419672 0.031481499999999954 0.07213110000000003
0 0.5686962349476439 0.7578875456141103 0.03791603010471208 0.06783070877177935
0 0.601852 0.451639 0.04691359999999995 0.04754099999999996
0 0.477778 0.445902 0.05185190000000002 0.05081969999999993
0 0.519136 0.941393 0.044444399999999974 0.05327870000000016
0 0.544444 0.027049199999999995 0.04320989999999994 0.0491803
0 0.593827 0.968852 0.03580250000000006 0.04426230000000017
0 0.362037 0.460656 0.027777799999999943 0.07213109999999993
0 0.342901 0.022541 0.040123500000000034 0.045082
0 0.4487434810076509 0.11944143390094666 0.03452486201530165 0.07166896780189332
0 0.409568 0.303689 0.04382720000000004 0.04508200000000001
