0 0.44060845775227464 0.4250055927710922 0.012723298037117322 0.005800384616258496
0 0.5531308672997834 0.5218028659686649 0.013743255087933193 0.005670130826218543
0 0.5121026886598853 0.4252477986964429 0.01059285863734735 0.009828335163547676
0 0.5117489645833333 0.5466621777777778 0.006279580833333339 0.002972072592592562
0 0.5017511291666666 0.43230492407407406 0.01371592937500002 0.005809046481481482
0 0.47504926379798307 0.5304523812035059 0.010218305825132687 0.011885002222617841
0 0.5464566551845669 0.42354530410218927 0.007592152339199861 0.01422798301919333
0 0.5224902260416666 0.3952891648148148 0.013550673020833355 0.008781119074074044
0 0.5151843594411223 0.4117674086566806 0.0067705288016955 0.013688109910343055
0 0.4894184575490847 0.44422426012746136 0.011941326776830567 0.0061413846993672305
0 0.5310009416666667 0.5109972407407406 0.013054903958333301 0.007835461111111141
0 0.538189178125 0.3990042555555555 0.007932090833333424 0.006754704444444439
0 0.5094596034465205 0.40341762867940745 0.013171651127792335 0.006124805136592689
0 0.43268160047370974 0.40102806377665046 0.00718468006985411 0.008150424409542143
0 0.45812497531013263 0.44836075516921514 0.009502978529691338 0.011825985179774639
0 0.5084438375 0.4487188314814815 0.014872697083333304 0.00783546111111109
0 0.5037347226082417 0.42200857614852716 0.006774181658516495 0.010761851411676928
0 0.4957193927083334 0.4393974 0.010245626250000051 0.009996957962962938
0 0.5281916104166666 0.3991393377777778 0.009088858541666649 0.007024885370370324
0 0.5112802023521181 0.4415201980823528 0.015918302412569692 0.005481312724183254
0 0.5249612594431174 0.4329520203940962 0.012873836386234967 0.008027337730326134
0 0.5365347275116703 0.40544228366049156 0.015198873460840664 0.005496658790127956
0 0.4831483037417925 0.4517262650246153 0.011873853316918334 0.008575529210028672
0 0.48291249375 0.5358546111111111 0.013054903958333301 0.006484523518518606
0 0.5249692052083333 0.41352691296296296 0.009915113541666661 0.009321497407407422
0 0.4757239895833333 0.45243392222222223 0.006279580833333339 0.008240740740740772
0 0.5145699861848508 0.4676166603183837 0.007578063567798251 0.011857613044174832
0 0.45936406562500004 0.5059987370370371 0.01090662489583328 0.009726777037037053
0 0.4986941677083333 0.5295726944444444 0.01156765031249994 0.010942615925926
0 0.47960736666666665 0.5075524462962963 0.014046415312500097 0.007970559814814836
0 0.4801379852535238 0.44264999627242063 0.0073669707429523616 0.007856064211507885
0 0.4954717625000001 0.4265634351851852 0.0064448371874999445 0.005944145185185229
0 0.5614072541666667 0.4889769925925926 0.0071058358333334105 0.012158471296296342
0 0.4747078580522902 0.5412656801197638 0.007582051212727118 0.011306351296886208
0 0.5080602388271285 0.5238702889607163 0.007164438383423644 0.011397895405181551
0 0.5311539512378347 0.48680551050061943 0.009064579142336153 0.01217834288765013
0 0.46382900722602544 0.5320969189996462 0.006657073410957004 0.012997205892085828
0 0.5216907595471804 0.524186242075884 0.007878915384805948 0.012556045963305416
0 0.46659397896248694 0.47492737219480335 0.007174632197983222 0.010169369538632761
0 0.5256301770833334 0.3863054059259259 0.006940579479166686 0.005673947777777789
0 0.5367020583333333 0.38833182055555554 0.009254114895833254 0.009726777037037053
