0 0.257099 0.357787 0.03395059999999998 0.03852459999999998
0 0.6435308676050286 0.9949559613083228 0.0610860647899426 0.01008846738335441
0 0.430864 0.0127049 0.034567900000000006 0.0237705
0 0.6306776490238301 0.43391478155102303 0.04975610195233998 0.03544933689795401
0 0.51821 0.634016 0.022839500000000016 0.07786879999999995
0 0.48786366934495545 0.09495285151023838 0.04279196131008907 0.055995896979523216
0 0.64321 0.0348361 0.04074069999999996 0.0663934
0 0.5551790838827839 0.02472979235272924 0.025172967765567794 0.04782018470545848
0 0.504938 0.287705 0.03209880000000005 0.032786899999999966
0 0.45369632382285385 0.7340547234654976 0.034581852354292314 0.038448753069005054
0 0.7108746716772938 0.2829158747192698 0.023929056645412134 0.04400385056146041
0 0.404012 0.494262 0.031481499999999954 0.032786899999999966
0 0.6567852852234664 0.49736325265281484 0.03210822955306727 0.07084799469437034
0 0.394136 0.462705 0.05370370000000001 0.03360660000000008
0 0.6079738311219645 0.6765101474118778 0.024793137756071077 0.07156950517624448
0 0.619753 0.0184426 0.034567900000000006 0.0368852
0 0.449074 0.02950819999999999 0.05246909999999995 0.05409839999999999
0 0.535802 0.20860699999999996 0.029629599999999933 0.07459019999999998
0 0.601235 0.16803300000000002 0.022222200000000056 0.09016390000000002
0 0.467593 0.270902 0.05 0.05327869999999997
0 0.583025 0.026639300000000008 0.03271610000000001 0.05327869999999999
0 0.650926 0.397541 0.03271610000000001 0.06885250000000004
0 0.640432 0.22131099999999998 0.024074100000000005 0.040983600000000016
0 0.6358019999999999 0.931967 0.029629600000000006 0.07213109999999993
0 0.6709879999999999 0.888934 0.0493826999999999 0.045081999999999914
0 0.66358 0.0635246 0.030864199999999994 0.07131149999999999
0 0.599383 0.570902 0.03209880000000005 0.06639339999999992
0 0.447839 0.295082 0.04753090000000005 0.04754099999999996
0 0.45 0.8286890000000001 0.05185190000000002 0.04262290000000003
0 0.4425051453475226 0.3970686195238235 0.028952767970855785 0.0687424152921675
0 0.526852 0.107787 0.05617279999999996 0.028688500000000002
0 0.326634713671822 0.666450507843932 0.031915472656356 0.031033484312135935
0 0.497222 0.032376999999999996 0.026543200000000024 0.0631148
0 0.447222 0.8762299999999998 0.05370370000000001 0.03114749999999992
0 0.287346 0.829918 0.025308600000000035 0.06803279999999996
0 0.831173 0.0713115 0.048765400000000084 0.024590200000000003
0 0.768519 0.65082 0.03827160000000001 0.04754099999999996
0 0.825926 0.70041 0.04691359999999995 0.05819670000000005
0 0.439815 0.130328 0.030246900000000035 0.0754098
0 0.369136 0.617623 0.05308640000000005 0.04672130000000003
0 0.60467389510582 0.8331384130562061 0.07107549021164022 0.03512832611241202
0 0.514815 0.837295 0.04691359999999995 0.06147540000000003
0 0.154321 0.720492 0.061728400000000024 0.04918030000000007
0 0.38765399999999994 0.926639 0.04074069999999996 0.06311479999999989
