0 0.34771319583333327 0.6858456185185186 0.04646411437499995 0.0182430167592591
0 0.4701190239583333 0.7503329972222222 0.021483402499999946 0.03181921166666676
0 0.5239356038855393 0.6300824731835661 0.04415195233993678 0.022035013155231632
0 0.5031240459567976 0.7513835789568153 0.030414280065571356 0.029382204563600568
0 0.37719063333333325 0.37274454259259265 0.031475703437499905 0.03181921166666671
0 0.5730391489583333 0.34792597777777773 0.033474131250000025 0.03224348231481481
0 0.5612983552083333 0.6417234379629629 0.03197533062499988 0.03181921166666665
0 0.38493473333333333 0.4266254138888889 0.04596448718750009 0.01824301675925926
0 0.3941769864583333 0.7645455722222222 0.03047644906249995 0.0042425615555555605
0 0.3457148489583333 0.3269251759259259 0.021483402499999946 0.03606176287037036
0 0.5068403677083333 0.4245038018518519 0.03996912281250005 0.032667752962962975
0 0.5465596364583334 0.5025671166666668 0.04246717781249991 0.021637078425925965
0 0.4888544364583333 0.5886914185185186 0.03797069499999986 0.019091506296296263
0 0.5195807395833333 0.7450297435185186 0.024481084687500026 0.02460686944444435
0 0.4298030575039552 0.6477992942496458 0.030170881971256353 0.028698112573365655
0 0.22630694583333338 0.36595683333333334 0.03047644906249995 0.03351624250000003
0 0.49834678645833336 0.4732936324074074 0.017986093125000064 0.03606176287037036
0 0.34087717709096715 0.7005697166407358 0.04078667845276745 0.017644189403713786
0 0.28701007083333335 0.625177037962963 0.054957533749999975 0.022485567962962916
0 0.34671361770833337 0.570023924074074 0.03447338562499987 0.026728119166666623
0 0.4528817645833333 0.4875062074074074 0.019984601874999914 0.020364318240740642
0 0.37521774686675186 0.575229527122703 0.022534387066836813 0.0417720650138531
0 0.5210788927083334 0.257347067037037 0.026479593437500053 0.015697496388888878
0 0.5058407895833333 0.4011696925925926 0.030976076249999925 0.03266775296296292
0 0.29775209583333334 0.5757516037037037 0.018485720312499985 0.03818306435185179
0 0.34421588645833334 0.4529289518518519 0.030476449062500067 0.022485567962962916
0 0.4264022520833333 0.7516057574074074 0.021983029687499923 0.029273691296296322
0 0.42765111770833325 0.3271373888888889 0.03147570343750002 0.02884942064814816
0 0.4888544364583333 0.6400262518518519 0.01898534749999996 0.026728119166666623
0 0.3781894020833334 0.4003213583333333 0.04146800437499998 0.020788537129629643
0 0.5767865552083333 0.4442318435185185 0.047962995937499996 0.01781874611111115
0 0.44826905095459196 0.7539422672866068 0.022750227117517122 0.023751767926785936
0 0.4868560895833334 0.6069339694444444 0.049961423749999886 0.021637078425925965
0 0.33097613020833333 0.724665062962963 0.02198302968750004 0.036486033518518625
0 0.4698689270833334 0.3383800175925926 0.040968377187499884 0.027576660462962945
0 0.4204072114583334 0.2813175563888889 0.03597218624999989 0.03224348231481481
0 0.3796883645833334 0.4497473101851852 0.03547264000000017 0.019515776944444424
0 0.5732892458333334 0.7592423185185184 0.04396605937499996 0.0140004655555555
0 0.5120859270833333 0.513173624074074 0.0374710678125 0.035213273333333406
0 0.39534023979665545 0.5815179364790911 0.021156213948355783 0.04123067925447875
0 0.4701190239583333 0.40477627777777775 0.03847032218750002 0.026303900277777834
0 0.35695625833333333 0.7206350870370372 0.03397375843749988 0.020788537129629643
0 0.3377206520833333 0.6099039157407407 0.03547263999999994 0.03181921166666665
0 0.46037576770833327 0.6022673546296297 0.03297450406250005 0.024182598796296292
0 0.47836250833333327 0.36362300833333333 0.039969122812500105 0.022909838611111077
0 0.4491351677083334 0.6869066833333334 0.02847802124999994 0.036486033518518625
0 0.4838581645833333 0.3091065333333333 0.041967631562499955 0.016545985925925936
0 0.6190035552083334 0.29616651148148143 0.03946949562499995 0.0178187461111111
0 0.39367760208333336 0.3071971342592593 0.021483402500000064 0.01527322574074077
0 0.42565277083333336 0.3827149287037037 0.046464114375000067 0.01866728740740742
