0 0.6882716805555557 0.9758198389344264 0.04567886111111114 0.04672097786885228
0 0.5020099108486393 0.07121931719092263 0.04374696777980735 0.04037829120394133
0 0.5908573351563626 0.3022788005262486 0.027393270312725277 0.0652134010524973
0 0.47397079032401407 0.5133571908560312 0.04163424680069177 0.06724492172609561
0 0.4361554965653072 0.553427060124705 0.058553006869385554 0.03904777975059009
0 0.6335817519971658 0.5638273695126619 0.03081411045539715 0.07410580189449528
0 0.575926 0.686885 0.04197530000000002 0.055737700000000015
0 0.500028859633953 0.10826668656790203 0.05179428073209386 0.03920352686419593
0 0.546914 0.317623 0.024691400000000033 0.04344259999999996
0 0.3561740799538839 0.870946054268993 0.0365589832925013 0.058197194262295096
0 0.4060383340538983 0.5005740894303756 0.05548349906326561 0.046246093002487755
0 0.572839 0.9840160000000001 0.03209880000000005 0.031967200000000036
0 0.3392538991905654 0.8519837770188811 0.025195601618869124 0.043573345962237615
0 0.559877 0.473361 0.029629599999999933 0.05
0 0.6247007584582314 0.5032181672450086 0.05386024030119615 0.035854920214326826
0 0.49537 0.170492 0.03765430000000005 0.0377049
0 0.462346 0.181557 0.03827160000000001 0.05
0 0.5121008103953499 0.9417969150810105 0.05136162079069995 0.042795147320915945
0 0.5516405938571841 0.6987943281798177 0.032521712285631915 0.07782084364036487
0 0.58858 0.759836 0.04259259999999998 0.05245900000000004
0 0.4445416463263199 0.5872346988023858 0.05966052249843876 0.033032037618804626
0 0.503395 0.9114750000000001 0.04382720000000004 0.04262289999999994
0 0.3283374165345631 0.6268737641130319 0.03026372676178125 0.07558844166613508
0 0.5942258730844984 0.6279900491165402 0.050439544602968775 0.04401352299547103
0 0.4953834251717346 0.361861200508707 0.03145474965653071 0.07627709898258597
0 0.50463 0.477869 0.033950600000000046 0.07377049999999997
0 0.6854312599906327 0.32876848915130447 0.031356819981265376 0.08048687830260892
0 0.6008948813842052 0.8259633698985775 0.05631659261420953 0.039085571231740765
0 0.6099448116923668 0.7683962457102763 0.033950600000000046 0.06885250000000008
0 0.46530832678700107 0.8866604392900427 0.030616953574002116 0.05036987858008548
0 0.654938 0.278689 0.05308640000000005 0.049180299999999975
0 0.5056671085507037 0.7022071311507304 0.03924944048614121 0.07227132805383688
0 0.633951 0.20041 0.025925899999999995 0.07131150000000001
0 0.298765 0.893033 0.029629600000000006 0.0401638999999999
0 0.37284 0.25082 0.030864199999999994 0.06393439999999997
0 0.6871545774559256 0.7498344011226638 0.03309764508814896 0.07082399775467234
0 0.5486971883076331 0.9514111228551384 0.04259259999999998 0.07459019999999991
0 0.376235 0.980738 0.04506170000000007 0.03852459999999998
0 0.6087848975368689 0.12540489665911847 0.05831049507373777 0.04261369331823693
0 0.41142 0.163934 0.03271610000000001 0.06557380000000002
0 0.608025 0.0266393 0.04938269999999997 0.0385246
0 0.754321 0.640984 0.0493826999999999 0.05409840000000009
0 0.4357015900465966 0.7045353064999681 0.03506749291444489 0.06633922306563751
