0 0.24741359610219618 0.6117356559218782 0.04049217647522608 0.08097991334142886
0 0.18587778535426042 0.31552823315118395 0.04717008405908061 0.045334952438777575
0 0.3773142458333333 0.3579876333333334 0.06954219687499984 0.04568912444444446
0 0.3279238083333334 0.7495429259259258 0.04662493145833343 0.07218882999999997
0 0.31211963645833335 0.3854009296296296 0.07507397708333344 0.04020646518518505
0 0.29947501875 0.0008059972222222232 0.052946856249999875 0.0016119944444444464
0 0.13352161250000005 0.5284082592592593 0.045044386249999846 0.07218882999999997
0 0.42038301458333344 0.9750590610185184 0.04346384104166674 0.04988187796296302
0 0.39509505937500006 0.5722695333333334 0.06559096187500006 0.03929265148148149
0 0.3603246010416667 0.49185682592592594 0.059268909062499965 0.06853368666666661
0 0.7827139781250001 0.7399488296296296 0.03635164364583332 0.04751664037037034
0 0.3828460260416667 0.902601425925926 0.06796165166666673 0.05482692703703686
0 0.3563725979166666 0.6147606999999999 0.051366439062500054 0.067619872962963
0 0.4851846000000001 0.46307230740740735 0.045044386249999964 0.08955073296296287
0 0.4496229729166666 0.5220114518518518 0.07191288666666674 0.03198236481481487
0 0.3002649072916667 0.31412524444444445 0.03398082583333325 0.08589558962962972
0 0.20978106249999992 0.8898089259259259 0.03319055322916652 0.08224044629629645
0 0.400082192348777 0.30290191644150977 0.07984027074725546 0.03233621973790727
0 0.50849719375 0.48865842222222217 0.055317674062499954 0.07493015962962962
0 0.4152468187499999 0.251531737037037 0.06005918166666658 0.0593958840740741
0 0.006109240182291605 0.7737578185185185 0.01221848036458321 0.0402064651851851
0 0.4855789041666666 0.39453906666666666 0.055317674062499954 0.036551321851851844
0 0.4136670416666667 0.7618794666666667 0.07270315927083336 0.03472369444444431
0 0.45634022604166674 0.5859761814814816 0.06954219687499995 0.05391322481481485
0 0.3512364020833333 0.34062550740740744 0.06638123447916691 0.051171783703703705
0 0.4530625411870654 0.327924333305505 0.040860474457464116 0.08571104264824936
0 0.3413583145833333 0.4553053925925926 0.04978589385416659 0.08132663259259264
0 0.4903207958333334 0.6828368666666667 0.031610136041666695 0.07036131407407424
0 0.3673600272480796 0.6937033846018011 0.05911587876699222 0.0394913674630641
0 0.42512490625000005 0.6970005888888888 0.059268909062499965 0.07858530296296298
0 0.4824180697916667 0.9732316844444443 0.031610136041666695 0.05353663111111115
0 0.38561255625 0.2661525333333333 0.03872233343749999 0.04660293814814817
0 0.6922301333333334 0.7020261740740741 0.07349343187499997 0.03746513555555566
0 0.42275396041666663 0.0377069111111111 0.05294685624999999 0.06670617074074074
0 0.5543312125 0.4594168296296296 0.06638123447916655 0.04386160851851847
0 0.501779940625 0.19487684814814818 0.0640104166666666 0.04477531074074074
0 0.49150626875000003 0.25427306666666666 0.06559096187500006 0.0374651355555555
0 0.6400731656249999 0.9837399846296294 0.07191288666666651 0.03252003074074086
0 0.37849971875000005 0.5215543777777778 0.059268909062499965 0.062137213703703696
0 0.45396928020833344 0.5503388962962964 0.08060575729166679 0.046602938148148115
0 0.4484375 0.46855496666666674 0.050576166458333204 0.0676198729629631
0 0.5384221603904256 0.4186548859117588 0.06617275421835131 0.03766395113944557
0 0.8514662864583333 0.10989562962962965 0.04899562124999998 0.07401634592592596
0 0.3140949979166666 0.6887766000000001 0.034771098437499974 0.0676198729629631
