0 0.3868692316912382 0.023316886837498007 0.030528586839266448 0.046633773674996014
0 0.536788583974717 0.19276503017647806 0.036369256462399094 0.05369047784685824
0 0.548980865720873 0.4319476309615897 0.03391088191234867 0.03651334340345865
0 0.8162768031189083 0.7131479392048847 0.03811166091867854 0.05409172363443287
0 0.541721975381936 0.9124698730535019 0.032239634055515214 0.07619958029751063
0 0.39688218944298626 0.3126145186717439 0.030665321823660868 0.07146629047373175
0 0.45697788615347373 0.4819155562886175 0.028778656193012144 0.04094100935926289
0 0.6870321765334889 0.29963211565767395 0.04155730533683299 0.0538918290951336
0 0.6728836767596457 0.21818821666324523 0.05466110117272912 0.04310976861491538
0 0.6140810329851218 0.39765634027952923 0.026586272111427642 0.07138551195880623
0 0.5819929978610238 0.770697991792564 0.025977980444605746 0.07920090518947108
0 0.556614743996611 0.8000430275259831 0.02874631200677799 0.07860314494803389
0 0.5078807929207348 0.4961784349441052 0.02622448156217225 0.075538412086146
0 0.48364149733048223 0.8933951588485304 0.05494000533903544 0.04208514965534475
0 0.684257602862254 0.18798205225959708 0.05201086596435424 0.04633566966773221
0 0.43641504612819065 0.9833574413371906 0.041984722558433524 0.03164577306332361
0 0.5976887284023524 0.3490673096101717 0.04829861943715368 0.03465198077965662
0 0.5304741924204525 0.8365477338476375 0.02810726485381537 0.0876817029179614
0 0.6706887333527753 0.34658577513876343 0.057475454457081736 0.03582031754227444
0 0.4941523901947336 0.5721623343128326 0.03135685655612048 0.062146991076467116
0 0.42538883750607565 0.35080371021363105 0.04161077643141829 0.06385017606170132
0 0.5275469038592397 0.3012456434748935 0.03779041508700298 0.07422227959210016
0 0.6120390543048495 0.8019929283188686 0.03926948008284245 0.07071681131468979
0 0.4466177352887382 0.9473741809805707 0.0451975157857931 0.06067861757384189
0 0.4261142042550902 0.6458266366655953 0.06092148793673854 0.040894317654202
0 0.47104297785107196 0.5106521374602664 0.04960290091046016 0.0562342085967357
0 0.2525401507702393 0.8532569273175683 0.04643286354200808 0.03989554620629618
0 0.5179485040596152 0.06553684832373358 0.022661550439328212 0.07125978437453846
0 0.588597645642029 0.8352423886897746 0.04338621978401799 0.061719944217650695
0 0.5084187310040614 0.7264545162327226 0.046397159686920035 0.058216364870173905
0 0.5438554022432018 0.5939497839208543 0.05352483929099762 0.05428765313046888
0 0.4314263428279405 0.5391263973713347 0.0462626751660884 0.05071609700346443
0 0.5732040582983673 0.9112153836360228 0.04566267605503107 0.06335086778634921
0 0.42058706822668707 0.9301128998089219 0.04798443258828903 0.05909004476945603
0 0.25122910521140607 0.7938488321485564 0.02895225609089918 0.07659944871608877
0 0.3682399213372664 0.7183374437835484 0.038785097782147976 0.07413317858697228
0 0.4327338319219705 0.025067667845774307 0.04571536384394109 0.050135235691548624
0 0.4107157266198661 0.4485874495517697 0.03469700637456629 0.07035965570198939
0 0.6786236278259787 0.06286905892554817 0.0555089094131916 0.04562910352231903
0 0.4582560047338551 0.6925247330261796 0.053121385728502654 0.0525018750669667
0 0.6400646678424456 0.5306630849060935 0.05731922398589067 0.0448868071818891
0 0.520988 0.663934 0.04814809999999998 0.055737700000000015
0 0.24633372088122607 0.4284094071791973 0.05809884176245213 0.033868014358394656
0 0.2724925147196428 0.19601157521613832 0.033874329439285554 0.06907195043227665
0 0.672153635116598 0.9630532171515778 0.05190375560745926 0.04750652291635911
