0 0.39696874304666796 0.9400225160908936 0.022817325793419985 0.034709867818213246
0 0.6197529999999999 0.661885 0.035802499999999994 0.03688519999999993
0 0.6984570000000002 0.9876465568620718 0.024074100000000074 0.020491800000000008
0 0.6407827770538427 0.8514225427001973 0.029545645892314714 0.04633491459960512
0 0.674691 0.976229 0.03827160000000001 0.0459016000000001
0 0.6709879999999999 0.8516390000000001 0.032098799999999914 0.040983600000000016
0 0.519611544528977 0.7092931468178971 0.057073210942046176 0.037151606364205995
0 0.533333 0.107787 0.05555560000000003 0.035245900000000004
0 0.532099 0.745492 0.04074069999999996 0.035245900000000004
0 0.573765 0.731967 0.029012299999999974 0.040983600000000016
0 0.541358 0.163115 0.030864199999999994 0.07213109999999998
0 0.515432 0.020491799999999998 0.05555560000000003 0.0393443
0 0.36821 0.857377 0.05987649999999997 0.036065599999999934
0 0.585494 0.962295 0.025308599999999966 0.07377050000000017
0 0.42685199999999995 0.218852 0.054938299999999926 0.03442619999999998
0 0.40524699999999997 0.246721 0.05246909999999995 0.0393443
0 0.574074 0.628279 0.04691359999999995 0.05819670000000005
0 0.4868868895077888 0.8064177085507681 0.042320849644496096 0.05225770795210714
0 0.6040119999999999 0.422951 0.05740739999999995 0.032786899999999966
0 0.475 0.590164 0.029012299999999974 0.07213109999999993
0 0.540123 0.8635249999999999 0.05432099999999997 0.04344260000000006
0 0.547531 0.804508 0.05308640000000005 0.05
0 0.516049 0.0614754 0.04691359999999995 0.05409839999999999
0 0.636111 0.740164 0.024074100000000005 0.057376999999999935
0 0.585185 0.597131 0.04814809999999998 0.05327869999999997
0 0.612654 0.969262 0.03271610000000001 0.06147540000000003
0 0.684259 0.905738 0.027777799999999943 0.05737700000000012
0 0.549074 0.8946719999999999 0.05370370000000001 0.0401638999999999
0 0.45637328936069826 0.7656836052965438 0.03046302127860337 0.06744322604677873
0 0.697839 0.334426 0.03271610000000001 0.0606557
0 0.3730511505785017 0.6494207210797357 0.05513209884299668 0.03886375784052877
0 0.37129600000000007 0.82377 0.05370370000000001 0.032786899999999966
0 0.35032318531445933 0.4475410000000001 0.023456799999999976 0.04918030000000007
0 0.650617 0.953279 0.03827160000000001 0.07213109999999993
0 0.442284 0.854098 0.029012299999999974 0.07049180000000001
0 0.6237555768105685 0.34567437002975876 0.05619244637886295 0.05127355994048241
0 0.47963 0.9737699999999999 0.05185190000000002 0.05081970000000011
0 0.573457 0.05942619999999999 0.029629599999999933 0.07295079999999998
0 0.610185 0.729098 0.03641980000000002 0.07459019999999991
0 0.526852 0.9643439999999999 0.027777799999999943 0.07131150000000012
0 0.23950599999999997 0.832787 0.03333330000000002 0.03114749999999992
0 0.467593 0.944672 0.045061699999999934 0.06147540000000003
0 0.48456800000000005 0.528689 0.04197530000000002 0.06393440000000007
0 0.32314800000000005 0.289754 0.04259259999999998 0.06967209999999999
0 0.364506 0.115164 0.031481499999999954 0.08606559999999999
