0 0.506173 0.00696721 0.030864199999999994 0.0139344
0 0.3988830099941211 0.40085870413739266 0.05232216343327458 0.046838407494145175
0 0.50679 0.992623 0.04691359999999995 0.013114799999999885
0 0.559568 0.011475399999999998 0.04629629999999999 0.0213115
0 0.65 0.9893439999999999 0.028395100000000045 0.019672099999999894
0 0.5233685671957672 0.6395980092701015 0.026161160728982908 0.08302099941452006
0 0.432407 0.379918 0.03271610000000001 0.033606599999999986
0 0.46327199999999996 0.34877 0.040123500000000034 0.06967209999999999
0 0.4864344197677837 0.8398517935402029 0.053586186919459086 0.03926596795472291
0 0.498765 0.662295 0.034567900000000006 0.08032789999999992
0 0.39165202868900645 0.6674666662373145 0.027983420576131658 0.07802529359875089
0 0.463889 0.82377 0.05 0.0393442999999999
0 0.4278074327454439 0.5872949598360656 0.03092246549088768 0.07131171967213118
0 0.46574100000000007 0.640574 0.031481499999999954 0.05163929999999992
0 0.682716 0.0721311 0.032098799999999914 0.06721309999999998
0 0.667593 0.720082 0.038888900000000115 0.035245900000000004
0 0.494136 0.604918 0.05370370000000001 0.04262289999999994
0 0.5403155679300572 0.10228846376538879 0.05593993586011434 0.042281527530777595
0 0.423148 0.326639 0.04382720000000004 0.0598361
0 0.520870076425632 0.5534738485558157 0.03644914756025867 0.0741608118657299
0 0.49321 0.802869 0.059259300000000036 0.045081999999999914
0 0.6546883306143445 0.7601090781420765 0.042474838771310974 0.06666624371584706
0 0.509568 0.05 0.026543200000000024 0.0803279
0 0.4809230407995297 0.32531218350897734 0.045796481599059344 0.06210006701795473
0 0.33796300000000007 0.659426 0.025308599999999966 0.07131149999999994
0 0.6042768962522045 0.6591530513661201 0.05687830749559081 0.034153097267759676
0 0.53642 0.816491399687744 0.029629599999999933 0.07459019999999991
0 0.37037 0.0159836 0.03333329999999994 0.0319672
0 0.458333 0.978279 0.035185199999999965 0.04344260000000006
0 0.4622576458994709 0.5871586043715846 0.043268966108171665 0.0673695116315379
0 0.5358612580834803 0.47228727556596406 0.05232216343327458 0.030444964871194354
0 0.406173 0.9795080000000002 0.05061729999999996 0.03934430000000009
0 0.4221046443268665 0.47638563622170177 0.048794826572604345 0.061280249804840016
0 0.447222 0.9032790000000002 0.04382720000000004 0.05901639999999998
0 0.2075543649617872 0.676678362334114 0.04532624902998238 0.04578451545667457
0 0.601235 0.939344 0.030864199999999994 0.07377050000000017
0 0.5561667789342845 0.17813850309370413 0.04445634213143099 0.05519899381259167
0 0.7032921412551439 0.8369829402615144 0.05267481748971202 0.04242801947697124
0 0.5455469171516755 0.9376657585675254 0.05640835517342742 0.03692402298985166
0 0.6269254951352146 0.029488694652615142 0.05420309556143436 0.057337989305230284
0 0.43363100232862567 0.11217845381450535 0.04257130465725135 0.08501350762901067
