0 0.5588434941241356 0.4611007830544758 0.039243137754019726 0.04112444369331307
0 0.4643004735596708 0.4016969866683568 0.02749365425947135 0.07104086646949485
0 0.4996610517407206 0.03547689413441771 0.046713085720776246 0.05813123715700291
0 0.449229913424398 0.010801806821132931 0.029544084653465363 0.02351893139912352
0 0.4339126489964114 0.11676951577824403 0.042702004436142575 0.03138753577753278
0 0.7062704170378855 0.44448200101402735 0.02778838403122479 0.05858824854937748
0 0.46057273681877825 0.11394618015006576 0.020179075785329778 0.04627996643078129
0 0.4724025285308217 0.6624978874429609 0.0407280132366043 0.0704185679680018
0 0.5404658600727589 0.28452909758464306 0.03430662999236354 0.08401509900568985
0 0.47834203046115986 0.505886992282125 0.05048576640787406 0.04394118641203311
0 0.5118015465315976 0.10739343236081807 0.03396933084586242 0.04620972674078883
0 0.5490313978822882 0.08953091579694855 0.05509696465591007 0.043629289977276435
0 0.49202409740783165 0.4105402512534505 0.030333884858512586 0.07577037913356993
0 0.42885619012546533 0.08495783854237048 0.052431321896842666 0.035852165829806916
0 0.5074716548740986 0.18181713088784288 0.045807209748197006 0.057076661775685766
0 0.506154440450434 0.14252939230644376 0.0567535809008679 0.05319799188443433
0 0.5684415002757626 0.280456325728128 0.035185199999999965 0.06803279999999996
0 0.5233125450765771 0.3995549546504422 0.047091765304823785 0.06563010534617772
0 0.40439611211552334 0.8370530621753703 0.04641472645835986 0.05166231836797925
0 0.43930896226613214 0.8543309874218354 0.04158062453226421 0.0709560748436706
0 0.485451275351424 0.07137235362765786 0.05831148181151452 0.03579773715305957
0 0.4855029364105855 0.18950636336227886 0.03816171060383817 0.05825395076286319
0 0.5789955228957193 0.31554679176384426 0.047303595929319917 0.04267127479015261
0 0.4596750243943829 0.5775730944735508 0.026727758686521566 0.07182693932736182
0 0.6755144137860082 0.813934294262295 0.02633742757201656 0.07868878852459024
0 0.4812862325908956 0.7316702750366176 0.054779365457553734 0.048123592791955244
0 0.5516288455934482 0.03814318726667749 0.02521071120889872 0.04447324241194612
0 0.6443848768942769 0.7727703760069856 0.03468634621144624 0.057737247986028986
0 0.518665108803936 0.024752450247524753 0.04053312428187259 0.052426604130822924
0 0.44345179449217254 0.6827504798856403 0.03161531101565489 0.07712284022871956
0 0.4577282212840728 0.0332819626197046 0.04139479811147783 0.06523286099659147
0 0.6296455819110347 0.8142076724043715 0.0378919868673368 0.06830605519125693
0 0.6012185480272368 0.9260931547814208 0.03130775991260453 0.04344210573770483
0 0.5915849985151245 0.529060737020852 0.05551313054176744 0.037897261321293785
0 0.47452377922022815 0.8275590107599571 0.027152008824402843 0.07886879612416202
0 0.576447651743668 0.8897202478578672 0.055360196788426505 0.03700344991549773
0 0.40038606762547196 0.9636076840741367 0.05027364133893346 0.06309503689932958
0 0.6859052908436214 0.9763661202185792 0.03148136358024686 0.048907103825136675
0 0.3701582453014297 0.5664469607346064 0.04497051461541719 0.06985521942425782
0 0.658025 0.0184426 0.04691359999999995 0.035245900000000004
0 0.708994708994709 0.6791569086651053 0.03527336860670192 0.041373926619828263
0 0.42362787667123214 0.20670454220985424 0.03476028331274764 0.03388965931303888
0 0.641255090020576 0.8842894338797814 0.03395072530864198 0.07950856393442605
0 0.7443415637860081 0.8039617486338797 0.033950617283950615 0.0778688524590163
0 0.8137862128600823 0.773633893306011 0.04609012572016464 0.0603824866120218
0 0.6586483390607101 0.40955439130189847 0.032667260616859706 0.038871049518336975
