0 0.45499953125 0.7609743555555556 0.05053373697916677 0.0873163829629633
0 0.3155954375 0.3656581037037036 0.05227618229166667 0.09090470148148135
0 0.9198224010416669 0.5079957111111111 0.056632648437500065 0.0932968651851853
0 0.54996809375 0.3285797851851851 0.07667182812500002 0.0717668081481482
0 0.5747984687500001 0.43144442962962964 0.03746462083333325 0.10525797555555551
0 0.498126640625 0.5331154 0.03572203437499996 0.10765028518518525
0 0.7891312395833333 0.6174401555555555 0.08277073958333313 0.04664843259259265
0 0.6462436666666667 0.9021153703703704 0.03746462083333348 0.10406196666666657
0 0.5665216770833333 0.5528504222222221 0.08886965104166672 0.0610018525925925
0 0.6092140572916667 0.3393447407407407 0.0714442098958332 0.07894359111111134
0 0.546483203125 0.21494872592592595 0.0575038005208332 0.09329686518518508
0 0.6105947036502591 0.500508993131944 0.035077127091015944 0.11417453220731909
0 0.7137664218750001 0.9218518518518519 0.031365709375000016 0.1315725059259259
0 0.44282391530040816 0.5360429850016165 0.04360935768414968 0.09436858333656631
0 0.6192340000000002 0.7059529851851851 0.040949652604166546 0.10884643999999997
0 0.4123071510416666 0.012382827777777813 0.07492924166666673 0.024765655555555627
0 0.6972128385416665 0.5737820370370371 0.03659332760416672 0.05980569777777768
0 0.5775998774179253 0.7654713808419479 0.07730485475209256 0.06580220555287485
0 0.4428017083333334 0.8658753827817597 0.038335914062500066 0.09449302000000001
0 0.5255724479166666 0.6114601111111111 0.0470485640624999 0.08970854666666683
0 0.5455664382392041 0.4984508159310118 0.06456494852159136 0.05258256295279127
0 0.8054931906818058 0.5737672817573866 0.08315499207388856 0.04787599500374532
0 0.47765202604166657 0.7161196444444444 0.06098897343749989 0.0885123918518519
0 0.5255724479166667 0.7155228074074074 0.07841441458333342 0.053825069629629366
0 0.6675891510416666 0.4948390296296296 0.0365933276041666 0.11961139555555546
0 0.8004581927083332 0.9613233555555555 0.06708788489583337 0.07176680814814779
0 0.48070218750000004 0.8351339111111112 0.037464620833333365 0.10645413037037033
0 0.4192769322916666 0.3937678148148149 0.0627314187499999 0.06578632592592579
0 0.33607146354166667 0.024942672222222222 0.06708788489583331 0.049885344444444445
0 0.735548046875 0.7226994444444444 0.048791150520833305 0.08970854666666683
0 0.6449195649537705 0.5795766788178427 0.07052726552829884 0.08186415551297528
