0 0.631742935314468 0.6535562009415375 0.03719945284172184 0.0922009607643169
0 0.49915618958333335 0.7235409287037038 0.037035746250000064 0.05982922027777788
0 0.30680867500000014 0.4207215537037037 0.0406198476041664 0.08607010861111117
0 0.579798228125 0.9408153509259258 0.033451644895833375 0.08082200777777779
0 0.24542626203297632 0.6861750191537186 0.05285594687845266 0.05058937715552603
0 0.43468372320728826 0.43448349476658726 0.05862403808124294 0.045950425929788284
0 0.3513132516398059 0.5826927752517267 0.04958403838377853 0.04552933634839841
0 0.5125957229166667 0.6794565231481481 0.04360658260416675 0.08292122249999993
0 0.5090844593011139 0.3198256852797888 0.04603377267716198 0.06801252904499211
0 0.42526307115081974 0.8078257020391469 0.03896099656496143 0.08183872466379251
0 0.5330525412177924 0.8601105464867603 0.06049603876700473 0.0748784704094301
0 0.3786770754868566 0.4417739781882037 0.029494216109620316 0.1092822811912217
0 0.3573421096137366 0.6399243604621775 0.05122353876052195 0.05168614778423146
0 0.15432465201196408 0.7517375857363802 0.028992725559405484 0.06164051850979793
0 0.4474848768589249 0.9774925731712965 0.029270165240483575 0.04501485365740716
0 0.44151173958333334 0.8610431425925923 0.029270177187499986 0.08921899472222208
0 0.27694132500000007 0.9942868992129631 0.02628344218750011 0.011426201574073924
0 0.477504475795775 0.1605849538506631 0.026256510633252777 0.10338622408045024
0 0.4053717041666667 0.5734431703703704 0.031062276250000073 0.05143210527777803
0 0.341869646640492 0.04797450682383336 0.029692135277261757 0.09594901364766673
0 0.442270603398418 0.07236875537473555 0.035689194398733665 0.09128532946570486
0 0.3186415805471535 0.6405263684253458 0.039546781313960486 0.09151831493618964
0 0.4376283260416667 0.929269862037037 0.05376161708333337 0.05982922027777746
0 0.4855649811960757 0.0756279361991573 0.0588296880757263 0.0569672797438453
0 0.394320475 0.7896675370370371 0.0483854166666666 0.05353144805555564
0 0.33425475326398923 0.9668259506765823 0.05250182017381159 0.06634809864683533
0 0.39372339895833336 0.9350426064814814 0.053164250729166675 0.06717666388888899
0 0.4389219914530338 0.7370125210464983 0.06384471791435681 0.04529513749904292
0 0.5409698989583334 0.7702491925925925 0.04420394895833333 0.07137522138888897
0 0.45435419687500006 0.629073064814815 0.023894073541666807 0.053531448055555535
0 0.4140941819542409 0.5232880613435134 0.055431997758184436 0.051886242779619875
0 0.5863689677083334 0.0466172584490741 0.034646377604166764 0.0932345168981482
0 0.4516055466018931 0.5666072138654409 0.05369673686619875 0.04411187106541398
0 0.7422774249999999 0.8038381648148147 0.029867543541666684 0.04408466166666661
