0 0.354403495905146 0.9295366012011035 0.0484353990954651 0.051736731050154174
0 0.587037 0.50123 0.029629599999999933 0.07459019999999991
0 0.645866359225633 0.22102443069464822 0.026420713839650174 0.04273776870574728
0 0.5613855474965708 0.4906781542029735 0.030938521679086516 0.07159408716831597
0 0.4359185918591859 0.8730319753286804 0.027197164160860522 0.042200941405616
0 0.4904754243274728 0.17977935024558273 0.05238285134505454 0.04699889950883459
0 0.6099041258984232 0.9649202424565817 0.02802240654565458 0.07218750650056802
0 0.7480785524086176 0.5525755384120862 0.018609295570079943 0.03475570556091296
0 0.5005898456285728 0.1111980623764113 0.03547304448767834 0.07676825618740832
0 0.39183796155726686 0.9079453707433858 0.051797179684635104 0.03655297164421363
0 0.4492911923756264 0.8316951555997405 0.060665259705415 0.04108873677974401
0 0.5453518456973475 0.9840895695990911 0.036126011404473815 0.03383406534653473
0 0.6389008983042705 0.26471901511768836 0.057645193831964196 0.04082413727116162
0 0.4756715022457607 0.02050298006314984 0.055046004491521354 0.03936656012629968
0 0.5535047783109799 0.6212896901040248 0.03035150321972025 0.075431621371385
0 0.5677103573941971 0.13878272303055433 0.04112278521160588 0.056859953938891365
0 0.6014233311548254 0.1507797974325445 0.031721238924917246 0.06585764057536522
0 0.47323347117019743 0.10413678164508515 0.03782474234039489 0.06728936329017032
0 0.5725919814203643 0.8171360168803766 0.031016990587947664 0.06350430124979721
0 0.5530560133021635 0.943324795609479 0.05114258774599687 0.04891281748092841
0 0.4286974561789512 0.9816590466198669 0.05278667375626448 0.03992903302223679
0 0.4603654809925437 0.7341543580587566 0.029336266960029396 0.06472163609803606
0 0.3595012509741191 0.6497467458199444 0.02830072597514453 0.07624857033930614
0 0.47593313157515493 0.2441474771958921 0.034827304606811764 0.0813293359698922
0 0.3486333285295672 0.17525674555080695 0.027141278762549823 0.07239905594182562
0 0.5038766196998723 0.8603094628745054 0.0546669393997446 0.04520922574901088
0 0.5530068314017722 0.4058681402943928 0.056630462803544265 0.037965880588785555
0 0.5395733095006723 0.9135775544554455 0.06001692825449212 0.049440452199318405
0 0.17398058786329015 0.6170360363649641 0.05210481453985537 0.05805250282960309
0 0.5829695278327833 0.908253324533355 0.03282574433443344 0.07693515093329015
0 0.152778 0.9811479999999999 0.052469100000000005 0.03442620000000007
0 0.23117589536731448 0.7028079857166045 0.04981053660921647 0.0495049504950495
0 0.831173 0.956557 0.03271610000000001 0.06229510000000014
