0 0.5284665645240652 0.4263188505345688 0.024834629048130264 0.04116130106913755
0 0.5664000822986055 0.1442581396204348 0.047884916967167034 0.050753288711326
0 0.456331234089025 0.10253967036305382 0.0338395894351186 0.0677515748692849
0 0.5488195598617401 0.10737628521248577 0.05107154137726859 0.03802881102724375
0 0.4431002126335968 0.07440639088237608 0.033360222510880236 0.04657189410111255
0 0.6536052961173735 0.45248277500593964 0.02755412417248164 0.07483962936564507
0 0.5092145285382 0.47944880019006886 0.05582393988191088 0.03801377999524826
0 0.48148100000000005 0.4088856555001188 0.03209880000000005 0.0606557
0 0.5250841821829405 0.8294833389095877 0.04710062179199395 0.053899690784897876
0 0.5048356144032922 0.7424118596249379 0.06279505970819305 0.027297638772975807
0 0.5119341736625515 0.9757821643070045 0.04032925267489713 0.048434671385991133
0 0.4605217821268237 0.909612637891207 0.041919398709315395 0.030253114679582544
0 0.5242152557324511 0.13600452333805088 0.036923427606063375 0.03856216848291856
0 0.5799849346146652 0.6539247317933432 0.06000768408155616 0.03839991544957767
0 0.7227589908749329 0.4964362081254455 0.028806584362139825 0.044428605369446414
0 0.48334148546200073 0.019771395997955733 0.04436004651389995 0.040262216456343126
0 0.48114313880821274 0.05377598944942408 0.04905279927021348 0.034760400705664975
0 0.5378041134212495 0.9002236346497765 0.034754661298166865 0.04754080819672138
0 0.5461216896940418 0.38908279378712285 0.031392333619610004 0.03580447657400803
0 0.45498493677515894 0.877409494622454 0.05213223793490464 0.037481681743666055
0 0.510802 0.864754 0.05617279999999996 0.03114749999999992
0 0.48686880693041523 0.9067683928340784 0.020650713860830526 0.044883482588176746
0 0.4993113999821077 0.35668208066642904 0.057846274646627296 0.040045083167023016
0 0.45010271430041154 0.9906857439642323 0.03338911734006736 0.0201196250372579
0 0.5780115310980172 0.8320914759438648 0.025421008136924786 0.04470924880774939
0 0.5592683734501287 0.03638791710795298 0.0518345530997424 0.045256865784094026
0 0.5132804288602613 0.40980618247208367 0.03838814925746993 0.07513698169398908
0 0.467972803721596 0.25291043003088615 0.03488996242619429 0.07103825136612023
0 0.507407 0.707377 0.05308640000000005 0.04754099999999996
0 0.5356056539631419 0.2674031836540746 0.033100733583825384 0.041102399619862194
0 0.43397745571658614 0.19885958660014255 0.03381642512077292 0.03706343549536706
0 0.5749158249158248 0.882762046696473 0.05480733258511034 0.04371584699453546
0 0.5330153385708941 0.9357923497267758 0.05667789001122331 0.05240933929458506
0 0.46015391164340663 0.38178298222855783 0.030703242860976875 0.07789240779282486
0 0.4510488313378926 0.02088490312045446 0.03641983456790124 0.04098355000000001
0 0.8005904455179818 0.37526728439059154 0.03131150474145634 0.059158945117605125
0 0.5446127406004488 0.8150271773224043 0.041339427141788135 0.057973464530551355
0 0.516393757998046 0.020459384143177262 0.02769742938093972 0.04321064949089908
0 0.5638994744263848 0.07617346817726148 0.05791914334014273 0.050900301920430865
0 0.43060231949120836 0.7408097367113761 0.05013093901982793 0.037009438648782894
0 0.4941636426206509 0.6796944612518628 0.052300349214365875 0.05685539046199706
0 0.576225215114104 0.7131147540983607 0.054059109614665125 0.049677098857426744
0 0.483025 0.8266270725285645 0.03888889999999997 0.06229509999999996
0 0.520781719855967 0.7798065039865871 0.048971539711934076 0.05141530797317441
0 0.584568 0.356967 0.059259300000000036 0.05163930000000002
0 0.4310179180477494 0.46341774574217015 0.05356199260220014 0.043375645850609205
0 0.5827650880524244 0.4189711082264196 0.029369861200572594 0.08336868354716093
0 0.5343810309857838 0.9735344559115748 0.04444407345679015 0.05327882786885248
0 0.4212431886202149 0.10441955232043873 0.0424353150353791 0.07264062960451312
0 0.6061012703524781 0.4706581135661677 0.0563607085346216 0.04371584699453546
0 0.6328935773381967 0.6406357295702931 0.03421214532360645 0.07610504085941387
0 0.4835861672278339 0.7857298435171386 0.04629629999999999 0.06147540000000003
0 0.4407968574635241 0.5809736711376056 0.054433221099887734 0.05265772478887234
0 0.6150169621169731 0.041972299599992144 0.04568624037510723 0.055222755440893175
0 0.49803591470258135 0.5730253353204172 0.038346427235316054 0.06358668653750625
0 0.682099 0.805738 0.0493826999999999 0.04590159999999991
