0 0.621765364303016 0.4528896745538494 0.04725005975152365 0.051867749190703534
0 0.5341614581184561 0.8191064996576054 0.050195083763088004 0.048671600684789436
0 0.439506 0.575 0.05308640000000005 0.041803299999999946
0 0.619444 0.0827869 0.030246899999999965 0.0803279
0 0.5288756197609001 0.4572994531074912 0.05212536047819978 0.03786099378501764
0 0.551852 0.532377 0.05679010000000006 0.035245900000000004
0 0.7672799610407877 0.07942521776820917 0.029637277918424736 0.07065786446358165
0 0.454321 0.769672 0.05555560000000003 0.03114749999999992
0 0.567593 0.687705 0.029012299999999974 0.06557379999999993
0 0.285494 0.387295 0.026543200000000024 0.035245900000000004
0 0.54784 0.9409840000000002 0.022839500000000016 0.040983600000000016
0 0.573457 0.9684429999999999 0.027160499999999983 0.06311479999999989
0 0.458333 0.615574 0.04135800000000006 0.0540983999999999
0 0.596914 0.031147500000000005 0.03950619999999993 0.057377
0 0.42276157976636974 0.8075793392975722 0.05539885953273951 0.039748978595144056
0 0.5020315674324113 0.7275887113509026 0.05782153461478358 0.033720688939614
0 0.5155471511911925 0.6072236210668728 0.048909586020453456 0.04926774431262085
0 0.314815 0.378279 0.033333299999999975 0.0745902
0 0.483025 0.293443 0.03765430000000005 0.07049180000000001
0 0.254938 0.0827869 0.029629600000000006 0.03278690000000001
0 0.3759259999999999 0.4995899999999999 0.044444399999999974 0.03852459999999998
0 0.49104899999999996 0.19057400000000002 0.04382720000000004 0.054918000000000015
0 0.542593 0.0364754 0.03209880000000005 0.0696721
0 0.572839 0.231557 0.04320989999999994 0.06147540000000003
0 0.506481 0.901639 0.04629629999999999 0.06229510000000014
0 0.614815 0.305328 0.029629599999999933 0.07295079999999995
0 0.4049380000000001 0.0442623 0.028395100000000045 0.06721310000000001
0 0.32592600000000005 0.17377 0.044444399999999974 0.03606559999999998
0 0.47037 0.978279 0.030864199999999994 0.04180330000000013
