0 0.6743201534868202 0.1784725299069561 0.03232399065732394 0.07836730172795746
0 0.5653956355225671 0.3905407800574102 0.07266161642425159 0.031430003733324524
0 0.7691356203703703 0.7558387765545154 0.0567897592592592 0.0342236468909693
0 0.46276761994061566 0.7321712665144912 0.05065895712871807 0.05637407484263681
0 0.5676176742777527 0.32642046764120264 0.03636995144449442 0.07011046471759476
0 0.6178462538111661 0.382624278223933 0.04460938671464979 0.06537465985265808
0 0.7064565441107774 0.012732598593265396 0.03040523009676339 0.025764311010190517
0 0.6011206551522429 0.8817096602755407 0.02893999568978789 0.07747025877928122
0 0.562963 0.990984 0.059259300000000036 0.016393400000000106
0 0.5172032088347137 0.7429791796361623 0.02721779444704903 0.07660648820640514
0 0.667593 0.8590160000000001 0.06111109999999989 0.03114749999999992
0 0.3904457153231663 0.02086849083895853 0.026570442992011594 0.04173698167791706
0 0.4466741813864145 0.7463096809798022 0.05233153722717093 0.06147873804039576
0 0.5507271074755736 0.7259504173790606 0.034272513822616105 0.07329276878205773
0 0.5138053068480193 0.6139420057604434 0.06050524324412479 0.03659830651623101
0 0.581256808278867 0.07601554966248794 0.027346586782861334 0.04836668273866924
0 0.5485373400963409 0.5253738297962469 0.0296679108048617 0.06756470538399628
0 0.6762008297096016 0.35060065042808786 0.05335632528614985 0.053428021503949
0 0.560494 0.8799179999999999 0.03580250000000006 0.054918000000000085
0 0.49753738767389133 0.5137297788942546 0.0547156579741344 0.03540723736925306
0 0.38024655864075213 0.5672164774687615 0.028395982718495746 0.08196094506247699
0 0.6661345253299277 0.5244488411531939 0.05236270753512144 0.05907292255511581
0 0.515432 0.884426 0.05802469999999998 0.032786900000000146
0 0.5099332788671024 0.0274228543876567 0.029743100944081304 0.0548457087753134
0 0.6766490732541465 0.9011550855812219 0.047125846508292796 0.05312947116244407
0 0.5678104575163399 0.1490929363548698 0.04970043572984749 0.053790983606557374
0 0.6265201194544503 0.617206982543641 0.03355808010837103 0.06643227995584813
0 0.631907884609464 0.7646866440456237 0.04156275976724856 0.06418380278811169
0 0.4033139259911606 0.6396041319271499 0.05463411451962748 0.04655997574550094
0 0.3809005083514887 0.19826422372227578 0.04749455337690628 0.07521697203471552
0 0.29541446208112876 0.7939809150966478 0.03487851746558215 0.05697507777272883
0 0.34829339143064636 0.27955641272902604 0.05054466230936819 0.04532304725168753
0 0.803395 0.9610660000000001 0.05 0.048360700000000076
