0 0.6034398514609597 0.3126216531856914 0.02605948076484577 0.043470738353735036
0 0.6533950000000001 0.00737705 0.024074100000000074 0.0147541
0 0.3244006793389509 0.6742779078844652 0.042948592331308356 0.06136698759649579
0 0.41778780204706134 0.4055450469384896 0.05289121029861774 0.05131708000560458
0 0.591143033975048 0.35760629785025305 0.02915404410567122 0.04476837233444355
0 0.5376233830702954 0.17699851165815997 0.06055573385940906 0.03780687668368011
0 0.5217513478509073 0.5389128223571522 0.045457856759177795 0.04159993597690217
0 0.48189415118451795 0.3934371100354453 0.02636852112112111 0.0726738525919362
0 0.5591890950837161 0.21424239175894289 0.03442809016743219 0.040826172838358044
0 0.585494 0.013524599999999998 0.026543200000000024 0.025409799999999996
0 0.5091845240545295 0.592932420661577 0.02824484810905891 0.07110994132315404
0 0.43915532341458274 0.35825627014151606 0.0581671415004748 0.030650133109149474
0 0.5685060827665396 0.2863086776828582 0.0451199214860418 0.04275014657640896
0 0.5175883697617363 0.42497476576227816 0.03088932654259365 0.07882760626897495
0 0.5485770148327307 0.38076616182144557 0.060253377741945974 0.037648004225961366
0 0.48184160594755415 0.6098028707731753 0.029619458967475386 0.07311899862294119
0 0.5031699871204538 0.3713279244018609 0.024524825759092407 0.08193365119627831
0 0.3940682106909019 0.09137505947489077 0.05749372943744101 0.035252389809247796
0 0.5733269879404671 0.16612556097356976 0.027624353449951365 0.05934570685370169
0 0.5332487057794058 0.983975744631598 0.056959378564645204 0.031760274382994065
0 0.5240264147673314 0.9533960247072598 0.05565017046533713 0.039110550585480054
0 0.42973605473605475 0.9089897973094695 0.04949546616213287 0.042946364667676096
0 0.30092592592592593 0.749468731026108 0.04515317786922722 0.04629629629629624
0 0.5129645916805107 0.6927202733682253 0.02752532655786835 0.06401660971495306
0 0.3336340126461559 0.5636177046014399 0.056189574707688324 0.03997719079712022
0 0.44620810978835973 0.9712576118312016 0.04843305460588799 0.03910970878220116
0 0.5294146389133196 0.11559756044811627 0.029805531124792367 0.0789394004931009
0 0.5971468274939262 0.2045921230643887 0.02688736538995501 0.08788600207716106
0 0.333951 0.606148 0.05308640000000001 0.048360700000000076
0 0.5707840646275123 0.07136986893896795 0.039903579921170086 0.06834205631731476
0 0.4345798102496924 0.6188392810078541 0.027986185542455626 0.0780138105529492
0 0.6845679999999998 0.0290984 0.03580250000000006 0.0581967
0 0.5932603667871919 0.5319217959254293 0.04935014169842666 0.05687962282105632
0 0.4929313658425356 0.19291491846533154 0.058470959966122726 0.04065919806219992
0 0.7012795168321704 0.9180029431278213 0.044211408275183245 0.07466173075552389
0 0.4330624075602398 0.48046086182067377 0.05245721814536938 0.03849844398292127
0 0.4133396278456112 0.9527922687758963 0.05100431334961329 0.04555931687083386
0 0.3691173367099293 0.3442447807201906 0.05869473462066055 0.04080846293961051
0 0.7601842413259335 0.138241339549807 0.034356476762185215 0.04787687371534567
0 0.37175478028600284 0.12327522816730828 0.04837291116974494 0.05493317184999351
0 0.4953259371264394 0.5166480146342236 0.048634358161288735 0.06019808895739199
0 0.30750187302517995 0.07547904321121156 0.02703671129352749 0.05190535922834032
0 0.34593960715332744 0.03990224490678663 0.05765660119222129 0.04347073835373502
0 0.43714778983028757 0.2568233920152256 0.05244470503925204 0.05471689951987541
0 0.6701018891834098 0.9020500584628023 0.03220732875816992 0.06510943868709594
0 0.46491742402032643 0.05049958908257277 0.0526075767940324 0.046066006315152036
0 0.895988 0.507377 0.05493830000000007 0.040983600000000016
0 0.5630476562754487 0.7588996063843592 0.050490243981888665 0.05320299320904886
0 0.48100183516850187 0.8398870181657067 0.05067567567567567 0.03710677891005754
0 0.38799215882549215 0.8036109880372175 0.05651484818151485 0.044860434204696556
0 0.24259019070951626 0.9397525036677936 0.03891050583657586 0.049435478726797266
0 0.908642 0.805738 0.04691359999999995 0.04590159999999991
