0 0.580864 0.0057377 0.024691400000000033 0.00983607
0 0.531482 0.0118852 0.04938270000000004 0.0172131
0 0.6443713937030674 0.4363655216241339 0.028553890715285753 0.04158364324826773
0 0.459877 0.643852 0.034567900000000006 0.03852459999999998
0 0.573457 0.508197 0.027160499999999983 0.040983600000000016
0 0.508025 0.866803 0.027160499999999983 0.03360659999999989
0 0.47253100000000003 0.667213 0.029012299999999974 0.06393440000000007
0 0.47963 0.42991799999999997 0.04814809999999998 0.05327869999999997
0 0.49784 0.695492 0.031481499999999954 0.045081999999999914
0 0.32489821823851345 0.23398678690637145 0.036216036477026876 0.074531073812743
0 0.556173 0.0368852 0.04197530000000002 0.055737700000000015
0 0.434877 0.146721 0.029012299999999974 0.0754098
0 0.598457 0.634426 0.030246900000000035 0.07213109999999993
0 0.667284 0.727869 0.04444440000000011 0.04918030000000007
0 0.653704 0.762705 0.03580250000000006 0.040163900000000086
0 0.581173 0.0401639 0.045061699999999934 0.057377
0 0.517593 0.281148 0.024074099999999935 0.06721310000000004
0 0.508025 0.638934 0.025925900000000064 0.06967210000000008
0 0.640432 0.0516393 0.05246909999999995 0.031147499999999998
0 0.541667 0.279098 0.026543200000000024 0.06803279999999996
0 0.504321 0.990984 0.05555560000000003 0.016393400000000106
0 0.668827 0.620492 0.026543200000000024 0.07049180000000001
0 0.550309 0.577459 0.04382720000000004 0.05983609999999991
0 0.307716 0.0446721 0.040123500000000034 0.04672130000000001
0 0.321605 0.0668033 0.034567900000000006 0.043442600000000005
0 0.48778473747295403 0.26426800122528304 0.052825425054091865 0.046872997549433824
0 0.6120369999999999 0.560656 0.05740739999999995 0.03934430000000009
0 0.6563380587883416 0.21481760171117117 0.026257317576683245 0.0706183034223424
0 0.582716 0.703279 0.05308640000000005 0.04918030000000007
0 0.640123 0.106967 0.025925899999999995 0.07622950000000002
0 0.471914 0.608607 0.04135800000000006 0.06639339999999992
0 0.281173 0.333197 0.020370399999999997 0.08278689999999997
0 0.506173 0.753689 0.030864199999999994 0.07295080000000005
0 0.547531 0.668443 0.05308640000000005 0.03688519999999993
0 0.573457 0.598361 0.044444399999999974 0.055737700000000015
0 0.46142 0.0127049 0.04753090000000005 0.0237705
0 0.567593 0.898771 0.05864199999999994 0.03852459999999998
0 0.562037 0.968852 0.025308599999999966 0.06065569999999991
0 0.613889 0.884016 0.03271610000000001 0.06147540000000003
0 0.667284 0.9012300000000001 0.028395100000000045 0.058196699999999865
0 0.560802 0.207787 0.030246900000000035 0.04672130000000001
0 0.572222 0.8286889999999999 0.05185190000000002 0.05245899999999995
0 0.514506 0.920082 0.04629629999999999 0.048360700000000076
0 0.49104899999999996 0.0606557 0.04629629999999999 0.04262289999999999
0 0.551235 0.394262 0.04814809999999998 0.06393440000000002
0 0.379321 0.661885 0.054938299999999926 0.03360660000000008
0 0.415123 0.326639 0.03641980000000002 0.0647541
0 0.795062 0.171311 0.05679009999999992 0.05245899999999999
