0 0.7718473713541667 0.3102381666666667 0.08828378916666667 0.02908319462962957
0 0.7256519786458332 0.8119232518518519 0.06775263286458338 0.04217062777777785
0 0.6630325921875001 0.888993464814815 0.06364646812500005 0.04653307592592592
0 0.5485718572916667 0.7668440296296296 0.04003572984374995 0.06979961388888893
0 0.6542607126122593 0.43550876221121393 0.09352703527301606 0.03484063715264438
0 0.8195827213541667 0.46837824259259264 0.06261988536458342 0.05598516518518532
0 0.7446436765625002 0.3611336907407408 0.08315104166666659 0.04653307592592592
0 0.9022198895833333 0.6414232018518519 0.08828378916666679 0.03708107537037032
0 0.49159763662760425 0.34077554400349114 0.04722139341145824 0.06252862291894348
0 0.8041831484375002 0.5908913629629629 0.0359293988020833 0.06252883740740742
0 0.6953683692708332 0.9395253037037039 0.04208872906249989 0.028356090370370537
0 0.6584127203124999 0.34223004444444444 0.0646730508854167 0.04944140425925925
0 0.8570150554936109 0.8606119468515295 0.09246250109611177 0.03484802036972538
0 0.7610676703125 0.40330431851851856 0.08315104166666672 0.03926229944444446
0 0.5557569341825809 0.4178985735306959 0.06672687237557882 0.05660757497564504
0 0.5752616786458333 0.5120027240740741 0.08725720640624993 0.03271853851851839
0 0.8216348890624999 0.507640275925926 0.08109787614583333 0.055985165185185266
0 0.8544846827879051 0.210749700650172 0.06056767146122688 0.04774510055150782
0 0.3689240317708332 0.8508216000000001 0.11189469374999987 0.038535195185185375
0 0.9582958578125 0.5414496925925926 0.08340828437499989 0.02908319462962957
0 0.7800593682291667 0.820284462962963 0.10265561520833337 0.03708107537037043
0 0.39150785468750005 0.7664803444444446 0.04003572984375007 0.0647100614814815
0 0.5208542890625 0.10520186185185185 0.08315104166666672 0.03053731444444444
0 0.7466975072916667 0.47492191481481477 0.07904487692708363 0.04580597166666662
0 0.7831392828125 0.7890199555555554 0.07801829416666652 0.032718538518518504
0 0.24471134270833314 0.408394137037037 0.06261988536458295 0.056712180740740706
0 0.9330173723958334 0.8791783999999998 0.06775263286458338 0.05453095666666667
0 0.9561134057291667 0.37749331481481485 0.06877921562500025 0.05598516518518516
0 0.4903186383683928 0.18808695473654585 0.08367354178886886 0.04362918811950086
0 0.5624298098958332 0.5501745888888888 0.07185896390625005 0.02908319462962957
0 0.7092279848958334 0.6152485129629629 0.041062312604166706 0.035626866851851936
0 0.9268575432291667 0.10156651796296295 0.08828378916666667 0.02762898611111112
0 0.6430148104166666 0.0888425925925926 0.06877921562500014 0.04289773203703704
0 0.5562699807291668 0.4661970185185185 0.08417762442708324 0.035626866851851936
0 0.8319007166666668 0.6596003648148149 0.07699171140624989 0.06180173314814828
0 0.8478125000000001 0.1510079222222222 0.10060244968750011 0.03344564277777777
0 0.5932272927083334 0.7752052407407407 0.041062312604166706 0.06761838981481484
0 0.6861302885416667 0.13973811666666666 0.06877921562500001 0.05016850851851849
0 0.6425009369791667 0.2633414055555555 0.07391196312499998 0.054530956666666644
0 0.4921106369791666 0.7570289648148149 0.07288554666666668 0.04580597166666657
0 0.47363281249999994 0.8253742814814816 0.07288554666666668 0.05307683685185193
0 0.8621843260416665 0.08411654796296296 0.053380973125000133 0.033445642777777784
0 0.4957044249999999 0.9457061777777778 0.09444311942708315 0.014541552962963224
0 0.5880938143004116 0.3066029143897997 0.047221579218107004 0.0271443027727181
0 0.7841653666666667 0.8762698055555556 0.03900914708333332 0.045805971666666674
0 0.48800463854166665 0.5567182611111111 0.06467305088541657 0.03780809092592592
