0 0.5626307304617332 0.2974023325979053 0.043980354336949884 0.061107033137522686
0 0.5473827250000001 0.9844855011111111 0.062062737031250016 0.03102899777777776
0 0.5431159880208334 0.777188538888889 0.030255626718749914 0.07914848999999993
0 0.4236448390625 0.7750132611111111 0.0535291373958333 0.06784150222222231
0 0.13466546718750003 0.31360395 0.034134524218749955 0.068711295
0 0.5722077192708334 0.017422590000000005 0.07292375057291664 0.03484518000000001
0 0.6133064061646926 0.8140913908925319 0.031807110312499984 0.040878881111111105
0 0.7126254677083333 0.8237203833333334 0.03568613348958335 0.07653911166666669
0 0.46396149417418325 0.6108586228392533 0.03185534566205028 0.07781924932149382
0 0.5954818583333333 0.16878881111111108 0.04344392848958331 0.04696721833333334
0 0.44187681354166664 0.23706494444444445 0.06826904843749991 0.039139295555555606
0 0.7172792901041667 0.721523711111111 0.03258291494791656 0.0739298394444445
0 0.8654550848958334 0.8989552833333333 0.03103143135416649 0.07219035999999998
0 0.21922603593750004 0.3583966333333333 0.035686133489583285 0.08175776222222221
0 0.48531961093750003 0.8398110722222222 0.0372376170833333 0.08784609944444442
0 0.5031632432291666 0.8893872444444444 0.03103143135416673 0.05305555555555562
0 0.7236611298151002 0.009594693749999997 0.04464636630730005 0.019189387499999995
0 0.5985848255208334 0.9189593500000001 0.07292375057291653 0.03566033666666676
0 0.5694930942708333 0.8367667444444445 0.038013421718750114 0.07653911166666678
0 0.4946297692708333 0.3335673809653917 0.051201723489583274 0.04783701111111117
0 0.5248853048349088 0.006550551666666667 0.0620629193405995 0.013101103333333334
0 0.6495751203516023 0.06293032525956285 0.07489733742179622 0.042982690591985465
0 0.5423405604166668 0.8798202666666668 0.04732282598958347 0.05305555555555562
0 0.607158992881634 0.9821881305350639 0.07086039906425903 0.035623738929872306
0 0.3893618834649761 0.9888341731944443 0.04392085953411886 0.022331653611111387
0 0.46049461666666675 0.040063724444444455 0.03568613348958335 0.027832413888888883
0 0.5159555848385395 0.7949385124134791 0.037997180354162316 0.0676821737158469
0 0.3033982625 0.6080187777777778 0.04577134239583339 0.07479963222222226
0 0.5272128098958333 0.95375 0.06826904843749991 0.040878881111111105
0 0.5163517963541666 0.72717625 0.06671743916666664 0.05218576277777787
0 0.5795774234375001 0.7832761333333333 0.044219733124999765 0.0756694249999999
0 0.476010709375 0.3009926444444444 0.062062737031250016 0.04696721833333331
0 0.5002937915258715 0.13861119243397085 0.05551099116237808 0.05975393571493626
0 0.3206610323025859 0.31437814697859745 0.036072053832328047 0.054985802153916186
0 0.2815041717837675 0.938752276867031 0.03655528892767108 0.04599271402550092
0 0.5005033580684224 0.2431942357012751 0.041892319218750036 0.07219035999999998
0 0.5745352588541667 0.08485704444444446 0.0698206577083333 0.03392075111111111
0 0.4069090157928409 0.873034965034153 0.04488198241901517 0.056298011643897895
0 0.6590958276041669 0.03528002333333333 0.051201723489583274 0.037399816111111116
0 0.4890511753491032 0.07633198852231331 0.032505197294812875 0.07866571330145719
0 0.6040153322916667 0.95375 0.0698206577083333 0.040878881111111105
