0 0.47573435504469985 0.19714527981910684 0.03689513268057335 0.06547955530431507
0 0.5057330844579253 0.17807603201903147 0.03862606891585068 0.03484096403806292
0 0.460802 0.22458999999999998 0.030246900000000035 0.0639344
0 0.3792463205832269 0.3340164545081967 0.02623845007804737 0.07249846464104015
0 0.4657582886618419 0.16218681155078196 0.03769017732368384 0.05060282310156399
0 0.420679 0.134836 0.027777799999999943 0.041803299999999995
0 0.506481 0.520492 0.06111110000000003 0.03114749999999992
0 0.433025 0.21844299999999997 0.026543200000000024 0.07295079999999998
0 0.541049 0.781148 0.045061699999999934 0.032786899999999966
0 0.6574069999999999 0.747541 0.05185190000000002 0.040983600000000016
0 0.48642 0.565574 0.03333329999999994 0.0540983999999999
0 0.534877 0.0897541 0.026543200000000024 0.07950820000000001
0 0.7953699999999999 0.927869 0.027777799999999943 0.03934430000000009
0 0.568827 0.8627049999999999 0.033950600000000046 0.04672129999999984
0 0.520679 0.898771 0.04259259999999998 0.056557399999999945
0 0.485185 0.0790984 0.030864199999999994 0.03360660000000001
0 0.489506 0.43729500000000004 0.029629599999999933 0.054918000000000036
0 0.6703699999999999 0.727459 0.055555599999999886 0.05163929999999992
0 0.535494 0.321311 0.025308599999999966 0.06393439999999997
0 0.660494 0.515984 0.032098799999999914 0.03360660000000008
0 0.476235 0.273361 0.05370370000000001 0.040163899999999995
0 0.54784 0.912295 0.03888889999999997 0.06065569999999991
0 0.661111 0.8393439999999999 0.027160500000000126 0.040983599999999926
0 0.571914 0.802459 0.045061699999999934 0.03770490000000005
0 0.458333 0.47377 0.05617279999999996 0.027868900000000068
0 0.457716 0.696721 0.05 0.04426229999999999
0 0.595062 0.8434429999999999 0.03827160000000001 0.06065569999999991
0 0.570679 0.0729508 0.04876539999999994 0.05245899999999999
0 0.518519 0.752049 0.03580250000000006 0.0647541
0 0.613889 0.565574 0.04135800000000006 0.06557379999999993
0 0.521605 0.39959 0.05061729999999996 0.033606599999999986
0 0.582099 0.57418 0.044444399999999974 0.06803279999999996
0 0.47037 0.652049 0.05308640000000005 0.048360700000000076
0 0.881173 0.472131 0.025308600000000105 0.07704919999999996
0 0.551543 0.730738 0.04259259999999998 0.06803279999999996
0 0.650617 0.137295 0.03456789999999986 0.07131149999999999
0 0.444753 0.0368852 0.031481499999999954 0.0721311
0 0.690741 0.554508 0.05308640000000005 0.031967200000000036
0 0.584259 0.128689 0.04753090000000005 0.06557380000000002
0 0.7719139999999999 0.8827869999999999 0.0438271999999999 0.05245900000000004
0 0.539506 0.679508 0.04197530000000002 0.0754097999999999
0 0.576852 0.024180299999999995 0.05 0.045082
0 0.464815 0.791803 0.03950619999999993 0.07049180000000001
0 0.21790099999999998 0.138115 0.04691360000000002 0.04672129999999998
0 0.122222 0.689754 0.05185190000000002 0.05
0 0.546509152830992 0.23412474090823437 0.025897545054633146 0.03203316374599585
