0 0.78690976875 0.5207830148148148 0.07444449562500009 0.04650724611111101
0 0.533137395506532 0.8100212269095064 0.05932768586193588 0.07575554881901243
0 0.2847979499999999 0.9637083962962965 0.06901623937500018 0.055365807777777866
0 0.20763907500000003 0.5927576462962962 0.038773151250000144 0.09079991935185185
0 0.12505194375 0.6470162351851853 0.05971069312499999 0.07751207685185171
0 0.3589605075895333 0.5604132583547291 0.06802864669593352 0.054900050413161976
0 0.43135961250000004 0.8562989777777777 0.039548634374999975 0.09522920018518521
0 0.15684637500000012 0.8042559074074074 0.027141155625000007 0.09965848101851849
0 0.34101890625000003 0.8419048620370371 0.04342592437500012 0.0996584810185186
0 0.08589086249999997 0.9796399292361112 0.05118050437499981 0.04072014152777768
0 0.3832816687499999 0.16367250092592592 0.05815972687499998 0.07419015000000002
0 0.50309023125 0.5041733805555556 0.06979172250000013 0.06643894231481479
0 0.6930791999999999 0.33087795370370376 0.031018571249999974 0.04761460009259261
0 0.3080611875 0.7239744324074074 0.05971069312500011 0.06090244259259247
0 0.3006945375000001 0.6359440462962962 0.03722218500000001 0.10851704268518514
0 0.4406659124999999 0.9702278594444443 0.039548634374999975 0.05954428111111122
0 0.10998232777453415 0.7522820589991697 0.03577520054906813 0.10173190811277222
0 0.25222841249999983 0.9929280081481482 0.06591430687499991 0.01414398370370354
0 0.21733229999999998 0.5069414277777778 0.07677081937499987 0.04982917296296294
0 0.6956593536979905 0.7261295422496509 0.08944473947901924 0.040851144869672375
0 0.5436808711398988 0.8546384229515788 0.04134115959520225 0.04761447164389812
0 0.5899423312500001 0.4554508861111112 0.05428243687499996 0.06643894231481484
0 0.5342198973417597 0.9271249567408293 0.06846307155851913 0.06209374457389732
0 0.27061438428874734 0.9108893220253772 0.07013741448454833 0.05219198001384484
0 0.41933981249999996 0.5468045500000001 0.06358798312500001 0.07197557712962971
0 0.35458891875000004 0.6110289194444445 0.045752373750000075 0.036541465555555416
0 0.20376103124999995 0.759963099074074 0.08064810937499978 0.04429267324074062
0 0.35458891875 0.890072125925926 0.055057920000000135 0.08526341962962963
0 0.15800966250000006 0.030069410671296298 0.0403241174999998 0.060138821342592595
0 0.36040535625000003 0.12325590435185184 0.07289352937500009 0.06200966148148148
0 0.17351806874999998 0.42278549722222225 0.02946760500000008 0.10962426157407419
0 0.5705558812499999 0.6508920416666666 0.0666897900000001 0.058687734629629694
