0 0.563224767454746 0.008729784997857067 0.02393105628446169 0.019327458112432586
0 0.5620070588908801 0.7505289026969858 0.049422759956192795 0.04680047065044928
0 0.4924150730250948 0.10428943890853244 0.03994190268700068 0.05821636487017394
0 0.4721050660594691 0.17493028252437584 0.02569223211893815 0.04658216504875175
0 0.5505123860243687 0.08777099182113647 0.05554210710347244 0.04768027429551055
0 0.5033067592763708 0.9842687546832398 0.03906549379293741 0.03251611435856845
0 0.5046758838766106 0.38068968597846964 0.053991321021293795 0.04757225175324965
0 0.4398316253799188 0.14741597914211224 0.028645202937141893 0.06410943247973143
0 0.45163692760412705 0.9835627589423369 0.0584545398534743 0.03325486384353851
0 0.5121191890283165 0.8800889437632543 0.02923242069612396 0.07841937943077404
0 0.4285526827412446 0.48069603163265306 0.030523760241874594 0.08042794342589492
0 0.3606084047902365 0.588114544205876 0.03456033508556072 0.03436359759077005
0 0.5933911324055061 0.9579392062476856 0.0548837680938981 0.048305113272966
0 0.4360509957195731 0.9582168005385936 0.028691846180951636 0.034385598922812816
0 0.5479497408113836 0.3312793831498191 0.026312648763750158 0.07268936877875558
0 0.5974594522054908 0.9838592546832395 0.04237163732856745 0.03367173535698664
0 0.4733182710670002 0.04982320797171328 0.024610667312192393 0.07750276795599843
0 0.5309192255444013 0.9678754296832397 0.025815869898851648 0.06260979637122527
0 0.41642539997646527 0.02219634237472767 0.03215363803625696 0.04525337403835851
0 0.49134522767699673 0.480578930695885 0.05031533955656334 0.05724294155235855
0 0.5405354019317058 0.9053421752448916 0.034096382487895115 0.06766082068199418
0 0.7205351370232917 0.9088686045546559 0.028064825953416306 0.03636069089068818
0 0.5695459011491307 0.8264790969425378 0.05745653381178183 0.04935050201372745
0 0.5838818647462277 0.19667862616254153 0.03936932949245545 0.05237295232508303
0 0.6597755539886041 0.5905634602353931 0.028596692022792053 0.05985747952921386
0 0.495062 0.938525 0.04320989999999994 0.06557379999999993
0 0.4675180114831292 0.9188489423965732 0.05385367703374146 0.04754741520685356
0 0.550109340033851 0.7258195110655737 0.04764998233771415 0.05132172969328405
0 0.7322086902171739 0.9820135722638877 0.05041228221872346 0.03862726399415936
0 0.20502192815676729 0.9108122664691823 0.03561741070296855 0.04897835526980178
0 0.6186280366387893 0.7940243257535695 0.05207088809239341 0.054204124801692226
0 0.6790748238116658 0.8927623282670736 0.044859299245264155 0.07085020242914962
0 0.4951658522013155 0.006147892913990458 0.020346712492291953 0.013533110909144169
0 0.49951150706118486 0.4154583768075893 0.05927415679968768 0.030744031661991127
