0 0.4993830000000001 0.566803 0.023456799999999976 0.07459019999999991
0 0.5909448687749956 0.31200625928192105 0.044853437549991326 0.03057071856384208
0 0.6870239365675535 0.4975180655622258 0.03701107313510698 0.03244020228584636
0 0.6342589999999999 0.529098 0.04135800000000006 0.035245900000000004
0 0.5677447286254566 0.5738972365389056 0.05647715725091288 0.03438054423920573
0 0.477469 0.531557 0.027777799999999943 0.02540980000000009
0 0.635185 0.45614799999999994 0.025925899999999995 0.040163900000000086
0 0.21733561359808748 0.7893299884914242 0.030760572803825003 0.06724142301715147
0 0.566049 0.508197 0.05802469999999998 0.03770490000000005
0 0.509877 0.62418 0.04567900000000003 0.05327869999999997
0 0.461728 0.718033 0.05432099999999997 0.03934430000000009
0 0.5033471884678513 0.8070570054013078 0.04197530000000002 0.04344260000000006
0 0.29617033064684406 0.2817365470157008 0.02668211735350377 0.07610206182175017
0 0.6207616066770996 0.18644654814130687 0.029560076508433304 0.062341260678827067
0 0.436111 0.208607 0.04382720000000004 0.06475410000000002
0 0.6269128321291949 0.5550105443084737 0.060989635741609996 0.03752051138305235
0 0.60463 0.433607 0.04876539999999994 0.05409839999999995
0 0.558951 0.441393 0.03641980000000002 0.06639339999999996
0 0.403704 0.24098399999999998 0.029629599999999933 0.07213110000000003
0 0.508025 0.722131 0.034567900000000006 0.06885250000000008
0 0.489506 0.776639 0.04938270000000004 0.04344260000000006
0 0.48447665998522 0.25267825871623184 0.04215798002956007 0.05857748256753639
0 0.5839220723613787 0.6531318108594713 0.035324341682723186 0.04690609305410783
0 0.52963 0.481967 0.04814809999999998 0.04918030000000007
0 0.2854099264504389 0.8304582979816166 0.029179947099122232 0.07842820403676681
0 0.5593020766431172 0.7741874348526485 0.03960608006850782 0.06064626172652326
0 0.6730218670665972 0.06841374691179866 0.0514862658668057 0.046779006176402675
0 0.3664702545832441 0.788074607009855 0.030021790833511742 0.05335948598028999
0 0.591049 0.132377 0.04753090000000005 0.05
0 0.5174579328029909 0.09915747949665203 0.034220334394018434 0.0770958410066959
0 0.351543 0.140984 0.027777799999999943 0.07213109999999998
0 0.467593 0.126639 0.05123460000000006 0.051639300000000006
