0 0.596914 0.556557 0.024691400000000033 0.07704919999999996
0 0.6496696226743176 0.4170514892634496 0.02651712745609465 0.06638189794504734
0 0.565123 0.42541000000000007 0.05 0.02950819999999999
0 0.579012 0.586066 0.03580250000000006 0.07213109999999993
0 0.500309 0.528279 0.027777799999999943 0.08114749999999991
0 0.482716 0.12254100000000001 0.05185190000000002 0.028688500000000016
0 0.565741 0.494262 0.026543200000000024 0.0754098000000001
0 0.461111 0.013934399999999996 0.04074069999999996 0.027868899999999995
0 0.608333 0.258197 0.05 0.049180299999999975
0 0.577778 0.397131 0.059259300000000036 0.033606599999999986
0 0.575926 0.183197 0.03333329999999994 0.04508200000000001
0 0.633025 0.285246 0.029012299999999974 0.0393443
0 0.537654 0.514754 0.025925900000000064 0.09016390000000009
0 0.482407 0.0922131 0.05864199999999994 0.03360660000000001
0 0.513272 0.0709016 0.020370400000000066 0.05327869999999999
0 0.537654 0.27541 0.05679010000000006 0.031147500000000012
0 0.680081635719875 0.40655742950819673 0.02995982856025042 0.07540994098360657
0 0.47932099999999994 0.486475 0.03641980000000002 0.07295080000000005
0 0.562963 0.0815574 0.03703699999999995 0.06639339999999999
0 0.5894494140149539 0.5143268305241284 0.027777799999999943 0.07049180000000001
0 0.572839 0.141393 0.07037039999999993 0.027049199999999995
0 0.5122675937880369 0.48948283859385827 0.027317312423926234 0.06693612281228348
0 0.4865416414188837 0.15659182706649735 0.05456408283776729 0.0377745541329947
0 0.5893235073161189 0.6541793172535213 0.05765971463223794 0.03659634124913414
0 0.4231002884020171 0.5802758124740245 0.05503382319596587 0.04764467505195098
0 0.354938 0.259426 0.03703699999999995 0.06967209999999999
0 0.506481 0.0217213 0.04135800000000006 0.0418033
0 0.389815 0.0139344 0.05 0.022950799999999997
0 0.611728 0.42582000000000003 0.04197529999999995 0.05163929999999997
0 0.377778 0.291803 0.04074069999999996 0.06721310000000004
0 0.6322463815553818 0.5158682671553914 0.028325877125717307 0.0707802054721773
0 0.585494 0.219262 0.04259259999999998 0.0647541
0 0.589815 0.07827870000000002 0.031481499999999954 0.06475410000000001
0 0.513272 0.384426 0.05987649999999997 0.04754099999999996
0 0.55679 0.708607 0.03333329999999994 0.06967210000000008
0 0.48642 0.956148 0.03703699999999995 0.035245899999999816
0 0.52037 0.326639 0.05185190000000002 0.04508200000000001
0 0.6518520000000001 0.027459000000000008 0.023456799999999976 0.05327869999999999
0 0.347222 0.832377 0.04382720000000004 0.05327869999999997
0 0.489815 0.731967 0.04876539999999994 0.04426229999999999
0 0.526543 0.8172130000000001 0.028395100000000045 0.07704920000000004
0 0.4339509999999999 0.783197 0.05679010000000006 0.035245900000000004
0 0.500309 0.9049180000000001 0.03888889999999997 0.07049180000000001
0 0.454321 0.413525 0.05679010000000006 0.035245900000000004
0 0.082716 0.0872951 0.0246914 0.036885200000000014
0 0.31635893794137376 0.2278933970263238 0.030213963519680177 0.075966891027942
0 0.642901 0.118852 0.045061699999999934 0.05245899999999999
0 0.550926 0.0438525 0.04135800000000006 0.07131150000000001
0 0.598457 0.747131 0.04259259999999998 0.07459019999999991
0 0.17403539718329436 0.33085567265913457 0.051773494366588804 0.05679404531826906
0 0.568827 0.9774590000000001 0.04629629999999999 0.04344260000000006
0 0.754938 0.94959 0.03580250000000006 0.0663934000000001
