0 0.3720885087374316 0.40855987210579686 0.0212547825251368 0.058289255788406207
0 0.6330247250000001 0.2423155057377049 0.030864130246913538 0.042008332786885226
0 0.4834994588081672 0.03773645863808322 0.03679975284900281 0.05189152156368217
0 0.336111 0.977049 0.026543200000000024 0.04262289999999994
0 0.542284 0.988115 0.04259259999999998 0.023770500000000166
0 0.574383 0.4237699999999999 0.04753090000000005 0.05245900000000004
0 0.478395 0.984426 0.04938270000000004 0.02950819999999999
0 0.483025 0.95 0.05617279999999996 0.036065599999999934
0 0.51358 0.565984 0.04938270000000004 0.041803299999999946
0 0.436111 0.681967 0.024074099999999935 0.08032789999999992
0 0.4750949571937321 0.7350884818095839 0.02426398846153848 0.06916813638083232
0 0.452469 0.0159836 0.04691359999999995 0.0303279
0 0.5550112569142166 0.5178594211424709 0.05199861382843335 0.03408004228494163
0 0.48425900000000005 0.497131 0.031481499999999954 0.07295080000000005
0 0.474691 0.341393 0.024691400000000033 0.05
0 0.502469 0.759426 0.025925900000000064 0.07622950000000002
0 0.459259 0.539344 0.029629599999999933 0.08032789999999992
0 0.5159305869183286 0.07320304000630518 0.050854526163342836 0.04047921998738965
0 0.6564819999999999 0.451639 0.026543200000000024 0.06229509999999996
0 0.409568 0.310246 0.05370370000000001 0.041803300000000036
0 0.4645059999999999 0.0991803 0.05123460000000006 0.04426229999999999
0 0.5575261501187085 0.6764186637137453 0.05208920023741685 0.03808322742749054
0 0.552161 0.771311 0.024074099999999935 0.07868850000000006
0 0.355864 0.969672 0.030246900000000035 0.05901639999999998
0 0.414198 0.601229 0.023456799999999976 0.09098360000000001
0 0.523765 0.9262300000000001 0.03271610000000001 0.07049180000000001
0 0.527778 0.6 0.04567900000000003 0.05901639999999998
0 0.514198 0.334016 0.03703699999999995 0.07131150000000003
0 0.637037 0.0422131 0.05308640000000005 0.04180330000000001
0 0.601543 0.609426 0.054938299999999926 0.041803299999999946
0 0.7376539999999999 0.9213110000000001 0.023456799999999976 0.06065569999999991
0 0.454321 0.206557 0.05308640000000005 0.04262289999999999
0 0.6048670986942071 0.7473515797288777 0.048290702611585995 0.04955814054224468
0 0.577469 0.880738 0.035185199999999965 0.06475409999999981
0 0.419136 0.8950820000000002 0.03333329999999994 0.07049180000000001
0 0.685802 0.740574 0.04444440000000011 0.0598361000000001
0 0.6342589999999999 0.970902 0.05493830000000007 0.03688520000000012
0 0.365741 0.118443 0.04259259999999998 0.06147539999999999
0 0.234568 0.102869 0.04320990000000001 0.053278699999999984
0 0.5215094819905817 0.9778181510900796 0.036273386788850726 0.047321277674497134
