0 0.8376306700984661 0.20310082779896305 0.03256996860284929 0.09647379966627788
0 0.9969155771062163 0.544114435227774 0.006168845787567534 0.09250523078804718
0 0.4484596666666665 0.2989461481481482 0.04654064843750021 0.18601991111111116
0 0.8071410001628326 0.14098884826564978 0.07863308118936937 0.12114898245338157
0 0.7631190109545812 0.10639802181238615 0.07936838798667066 0.16121731399514266
0 0.6435448160436813 0.6826868728494253 0.08977119406652925 0.10387365615300102
0 0.9049603463738923 0.29210870323790145 0.040909081049489045 0.17390396527925198
0 0.6805671049580088 0.2590856276727252 0.06036991394538707 0.10565318237213511
0 0.40615060937499997 0.21572442592592594 0.05077155416666699 0.16448097222222222
0 0.8630305071597351 0.24078176652202826 0.05343834085330492 0.19391357161101724
0 0.7649240668652193 0.6161744564027467 0.09559469102210526 0.09199780571302517
0 0.7009936027420309 0.35225565302353745 0.0941205666963267 0.07614941128070217
0 0.7013668232081003 0.977376568690403 0.07508190978081745 0.04524686261919421
0 0.6958777374082987 0.547595796211173 0.09910814206551445 0.07990767242806827
0 0.689571861029695 0.10717982990656655 0.04844812421667596 0.17655820698632346
0 0.7827926914803496 0.47795414122871094 0.09536915587736607 0.12171661939442989
0 0.7009054142055955 0.7884146351667299 0.07466640197702953 0.13076203367251557
0 0.8544806150977481 0.7789508622234999 0.08643051196632984 0.11890428851596316
0 0.7950946253826106 0.3584390567073118 0.09106666611689047 0.08350453128928545
0 0.8345343240920382 0.8645533498962032 0.10095187616958891 0.13250346562717033
0 0.5764475208333334 0.046182475462962974 0.042309742708333195 0.09236495092592595
0 0.7959282187499999 0.018768960185185184 0.0899079890625 0.03753792037037037
0 0.5098095989583332 0.03932905185185185 0.0613490755208332 0.0786581037037037
0 0.7599532133673733 0.7017493475346498 0.10046329600557986 0.09316335678255207
0 0.8879659258569225 0.11404017076535491 0.0708413253694881 0.11775883412330243
0 0.7573204114583335 0.7816187592592592 0.05077155416666652 0.09007281666666656
0 0.7578498958333335 0.7453936481481481 0.07298419479166658 0.10769588888888888
0 0.9020901310208198 0.6767114407966524 0.04498636144969067 0.18489759253493387
0 0.75626315625 0.8824609259259258 0.08461931406250009 0.08419853888888892
