0 0.532716 0.994262 0.03703699999999995 0.011475400000000024
0 0.4334213084215167 0.0377634894028103 0.03351011684303347 0.03454327880562061
0 0.528395 0.0389344 0.023456799999999976 0.0745902
0 0.562346 0.00819672 0.023456799999999976 0.014754100000000001
0 0.420679 0.9643439999999999 0.022839500000000016 0.06147540000000003
0 0.602469 0.45082 0.023456799999999976 0.032786899999999966
0 0.578086 0.991393 0.024074099999999935 0.015573799999999926
0 0.3812945314327485 0.6554140599654875 0.03419456286549703 0.056730119930974994
0 0.502469 0.317623 0.04320989999999994 0.04836069999999998
0 0.63179 0.0946721 0.03641980000000002 0.06967210000000001
0 0.535494 0.361475 0.04876539999999994 0.04590160000000001
0 0.573457 0.853279 0.019753099999999964 0.04426230000000008
0 0.494444 0.057786899999999995 0.034567900000000006 0.04508199999999999
0 0.578395 0.4381149999999999 0.03827160000000001 0.07622950000000002
0 0.4798060375220458 0.910772969379391 0.057142775044091626 0.03793883875878218
0 0.491358 0.013524599999999998 0.05432099999999997 0.022131100000000004
0 0.6135799999999999 0.42172100000000007 0.05185189999999995 0.03688519999999998
0 0.4685190000000001 0.538934 0.05308640000000005 0.040163900000000086
0 0.528704 0.278279 0.029012299999999974 0.07622950000000002
0 0.393827 0.9717209999999998 0.028395100000000045 0.054918000000000085
0 0.569753 0.304098 0.029629599999999933 0.08032790000000001
0 0.470988 0.595492 0.024691400000000033 0.07622950000000002
0 0.557099 0.44467200000000007 0.027777799999999943 0.06639339999999996
0 0.613889 0.263525 0.026543200000000024 0.08278689999999997
0 0.566049 0.24508200000000002 0.05432099999999997 0.04426229999999999
0 0.453086 0.97541 0.03333329999999994 0.049180299999999885
0 0.439815 0.46352499999999996 0.03641980000000002 0.048360700000000076
0 0.645062 0.21721300000000002 0.034567899999999936 0.07049180000000001
0 0.47932099999999994 0.334836 0.04382720000000004 0.06147540000000003
0 0.587346 0.057377 0.029012299999999974 0.04590160000000001
0 0.43642000000000003 0.522951 0.059259300000000036 0.04590159999999991
0 0.662346 0.12623 0.04691359999999995 0.06393440000000002
0 0.566358 0.168852 0.03271610000000001 0.06885249999999998
0 0.665432 0.936475 0.025925899999999925 0.07786880000000013
0 0.602778 0.623361 0.027777799999999943 0.04344260000000006
0 0.61142 0.17704899999999998 0.03765430000000005 0.07049179999999998
0 0.744444 0.795082 0.023456799999999976 0.04262289999999994
0 0.572531 0.385246 0.05370370000000001 0.040983600000000016
0 0.471914 0.0692623 0.04382720000000004 0.07459019999999998
0 0.458025 0.15 0.05308640000000005 0.0377049
0 0.511728 0.460656 0.034567900000000006 0.07704919999999996
0 0.647839 0.496311 0.05246909999999995 0.05163929999999992
0 0.5432979041005291 0.9292738268149882 0.029806308201058146 0.061827053629976536
0 0.808642 0.360656 0.04691359999999995 0.032786899999999966
0 0.39567900000000006 0.23647500000000002 0.06049380000000007 0.031967200000000036
0 0.61142 0.8545080000000002 0.05 0.05
0 0.304012 0.520082 0.05000000000000004 0.06311480000000007
0 0.5872539205872539 0.5314023039432876 0.05130130130130131 0.037660611431103226
