0 0.41005218279418665 0.9045964351940238 0.031699927394905486 0.048454127910355006
0 0.503704 0.128279 0.027160499999999983 0.06639340000000002
0 0.44845699999999994 0.931148 0.05740740000000002 0.036065599999999934
0 0.452161 0.9643439999999999 0.05246909999999995 0.03360659999999989
0 0.500309 0.863934 0.06358019999999998 0.027868900000000068
0 0.593518 0.782787 0.05617279999999996 0.02950819999999999
0 0.56142 0.694262 0.04753090000000005 0.05081969999999993
0 0.413889 0.129098 0.030246900000000035 0.035245900000000004
0 0.58179 0.986885 0.026543200000000024 0.026229499999999833
0 0.564506 0.623361 0.05 0.041803299999999946
0 0.614198 0.704098 0.023456799999999976 0.04590159999999991
0 0.640432 0.223361 0.05246909999999995 0.04672130000000001
0 0.514506 0.45 0.05 0.04754099999999996
0 0.629012 0.24959 0.04938269999999997 0.04672130000000003
0 0.564815 0.284426 0.04938270000000004 0.05901639999999998
0 0.508642 0.9118849999999998 0.06666670000000005 0.03032790000000011
0 0.622531 0.979098 0.03148150000000002 0.04180330000000013
0 0.582099 0.660246 0.05679010000000006 0.03852459999999998
0 0.53858 0.295492 0.05 0.06803279999999996
0 0.561728 0.108197 0.024691400000000033 0.0754098
0 0.538272 0.790984 0.03703699999999995 0.06721310000000004
0 0.476543 0.597541 0.022222200000000056 0.07049180000000001
0 0.60463 0.903689 0.03271610000000001 0.07622949999999984
0 0.479938 0.415164 0.04753090000000005 0.04508200000000001
0 0.519136 0.771311 0.030864199999999994 0.07704919999999996
0 0.461728 0.0868852 0.04814809999999998 0.05245899999999999
0 0.475309 0.283197 0.04074069999999996 0.05819669999999996
0 0.552469 0.730738 0.05185190000000002 0.048360700000000076
0 0.7935189999999999 0.640164 0.0438271999999999 0.032786899999999966
0 0.546605 0.156557 0.05493830000000007 0.04426229999999999
0 0.674691 0.833607 0.03580250000000006 0.07377050000000007
0 0.423148 0.0942623 0.03888889999999997 0.07049180000000001
0 0.703704 0.0459016 0.027160500000000126 0.0409836
0 0.26821 0.20327899999999996 0.03148150000000002 0.07049179999999998
0 0.523457 0.67582 0.04938270000000004 0.05983609999999991
0 0.607407 0.127869 0.05185190000000002 0.04918029999999999
0 0.417284 0.35 0.03827160000000001 0.06885249999999998
0 0.325309 0.115574 0.043209899999999975 0.06393440000000002
0 0.192593 0.8479509999999999 0.04197530000000002 0.06311479999999997
