0 0.573457 0.9938520000000001 0.023456799999999976 0.01229510000000014
0 0.515432 0.558607 0.027160499999999983 0.07295080000000005
0 0.41999515855725006 0.22768670309653916 0.036310820624546075 0.07178827815279117
0 0.5614498756838537 0.20857698548162432 0.0438879513677076 0.059648771991856864
0 0.541667 0.010245899999999999 0.025308599999999966 0.0188525
0 0.459259 0.035655700000000005 0.03950619999999993 0.0647541
0 0.4905242538932207 0.019104126675294795 0.030430807786441295 0.036568853350589584
0 0.4497379276649409 0.4107615510312004 0.02910505532988189 0.05103110206240086
0 0.3227199972919156 0.37570482750308476 0.02616480541616885 0.043671244993830446
0 0.4281406699346405 0.11048970173845493 0.05875133986928098 0.03510117082931535
0 0.5364622728092471 0.22193828965766638 0.032014354381505676 0.07743492068466733
0 0.419753 0.0766393 0.059259300000000036 0.0368852
0 0.4973418693747511 0.4665258338709678 0.05469897729988056 0.04438531445443327
0 0.573148 0.282377 0.04259259999999998 0.05327869999999997
0 0.5201980188935351 0.8993611681209237 0.036148062212929814 0.055376663758152735
0 0.6501758853312093 0.9739865130001761 0.029277829337581385 0.05038797399964741
0 0.569136 0.9258199999999999 0.04814809999999998 0.04180330000000013
0 0.34015655798818534 0.3966154678212586 0.035869015976370704 0.06081454294024332
0 0.4867516545732112 0.4353694935527939 0.046249890853577634 0.04401591289441218
0 0.553086 0.523771 0.04074069999999996 0.06393440000000007
0 0.282716 0.417623 0.030864199999999994 0.041803300000000036
0 0.585494 0.34877 0.05493830000000007 0.03688520000000002
0 0.632099 0.738525 0.028395100000000045 0.07213109999999993
0 0.6355369706624187 0.7963158822492509 0.0584096641444311 0.03878018684999123
0 0.5079945811131024 0.6462102918737881 0.04865971604274533 0.047258598343028396
0 0.533025 0.959836 0.03765430000000005 0.06229510000000014
0 0.56370294304394 0.7925789869337212 0.026914713912119945 0.07713752613255777
0 0.56142 0.976229 0.04382720000000004 0.0459016000000001
0 0.595062 0.291393 0.034567900000000006 0.07131150000000003
0 0.5816640863732908 0.6118896068394147 0.029423718930041084 0.07800114944473815
0 0.4934619843521837 0.7333950790851401 0.02396146870436746 0.06678995817028016
0 0.579012 0.15123 0.04938270000000004 0.040163899999999995
0 0.533744821090535 0.47507491708972327 0.043329281103146225 0.0758328942887362
0 0.6086419999999999 0.0237705 0.05185189999999995 0.0327869
0 0.6715255050876145 0.6539087661510664 0.024851089824771102 0.07742796769786707
0 0.61821 0.0877049 0.030246900000000035 0.0754098
0 0.684156378600823 0.9736911686938129 0.03816540554891819 0.050678653269874786
0 0.4900609782780602 0.22542305399121396 0.04061555655612042 0.07095824217293477
0 0.4435184012345679 0.9848361139344262 0.051234802469135844 0.028688427868852517
0 0.35992623250696926 0.5064692919002292 0.04681383498606132 0.04607801619954174
0 0.6714438124021624 0.272637168900675 0.03489117519567499 0.07275746219864998
0 0.389815 0.022131099999999997 0.05617279999999996 0.0426229
0 0.7306782618711005 0.840071588749339 0.05222337625779905 0.046087122501322096
0 0.673148 0.505328 0.045061699999999934 0.05819670000000005
0 0.311728 0.14918 0.02839510000000001 0.07213109999999998
0 0.40411537479423865 0.891063035814384 0.0353906495884773 0.06081417162876796
0 0.7391980000000001 0.162705 0.05 0.05491799999999999
