0 0.44771901373195233 0.23998329058766324 0.044841668392969235 0.06110022941094749
0 0.509568 0.991803 0.035185199999999965 0.016393400000000106
0 0.5830195823603265 0.07296471774798556 0.05492756472065286 0.054126135495971096
0 0.5238335416614355 0.168199277729925 0.03961100464532325 0.06826851933870519
0 0.644136 0.0168033 0.021604899999999955 0.0336066
0 0.540123 0.259426 0.04197530000000002 0.05
0 0.410185 0.295902 0.022839500000000016 0.06229509999999996
0 0.569444 0.257377 0.025308599999999966 0.07377049999999997
0 0.531173 0.102869 0.025308599999999966 0.07950819999999999
0 0.450309 0.281967 0.05370370000000001 0.03770489999999995
0 0.5157196328363675 0.5929700396012783 0.06732543432726512 0.03700982079744371
0 0.408333 0.22909799999999997 0.033950600000000046 0.040163899999999995
0 0.33311884066227243 0.44665872812586827 0.052615584651600725 0.03127244374826339
0 0.516049 0.266803 0.03209880000000005 0.06967209999999999
0 0.504321 0.19344299999999998 0.029629599999999933 0.07049179999999998
0 0.483642 0.205738 0.031481499999999954 0.06721310000000001
0 0.6884810256486712 0.3696514051403168 0.031282351297342484 0.06717121028063351
0 0.5291322439840972 0.6501253626007224 0.05370370000000001 0.03442620000000007
0 0.401235 0.0266393 0.029629599999999933 0.051639300000000006
0 0.47716 0.332377 0.05061729999999996 0.05491799999999999
0 0.5547604058066541 0.9792860578355098 0.0250470896212597 0.039788540066685196
0 0.43054007763653485 0.3805364793345374 0.025088499257166767 0.06901873346762992
0 0.54537 0.211066 0.04135800000000006 0.056557400000000015
0 0.524455785227035 0.6904764606001667 0.05654915153797866 0.037524190997499235
0 0.396914 0.485656 0.030864199999999994 0.07459019999999991
0 0.37037 0.467213 0.03703699999999995 0.07213109999999993
0 0.5615088116028458 0.606390559565157 0.03412822320569164 0.08063371832453456
0 0.5050166019407826 0.431932623867741 0.05818190388156522 0.029438447735482102
0 0.375309 0.0479508 0.05432099999999997 0.040163899999999995
0 0.6776678641347562 0.8058211245207001 0.0576167722536098 0.04090012383995557
0 0.38858 0.330738 0.05123460000000006 0.04508200000000001
0 0.489198 0.381557 0.040123500000000034 0.07131150000000003
0 0.6741734672525633 0.5729021950541817 0.03164888051893695 0.04341483745484853
0 0.47909602174095 0.8699918467282578 0.031031643481899938 0.07788238045290373
0 0.446605 0.0360656 0.05370370000000001 0.05409839999999999
0 0.6217516115034526 0.262955194873576 0.060201276993094806 0.03966421025284799
0 0.668827 0.732787 0.033950600000000046 0.07377049999999997
0 0.607407 0.05368850000000001 0.04320989999999994 0.06967210000000001
0 0.482716 0.0877049 0.03827160000000001 0.07213110000000002
0 0.589516536822557 0.8057935054181717 0.05448858360535684 0.055542747429841687
0 0.44336146000732374 0.8026048808210614 0.03292554200669604 0.045943336440677926
0 0.52963 0.8590160000000001 0.04320989999999994 0.049180299999999975
0 0.0817901 0.0680328 0.02901230000000001 0.040983599999999995
0 0.29657859606089143 0.17187414809669355 0.04871349212178281 0.053584296193387046
0 0.523148 0.0229508 0.05493830000000007 0.0409836
0 0.39928850717723374 0.6941511760489024 0.05679002962962958 0.03792724790219495
0 0.6473161283165935 0.528354906835232 0.06215684336681306 0.038371386329535864
