0 0.5242798380208333 0.3765630787037037 0.05162099416666669 0.07399809027777783
0 0.41713640312500005 0.47333043981481476 0.05462219666666665 0.05692170138888878
0 0.4201372166666667 0.947987181712963 0.028211439635416606 0.10402563657407397
0 0.6167676461736069 0.034713456818628835 0.05151912124653582 0.06942691363725767
0 0.5550693277922794 0.3485437604189383 0.0422880057207216 0.1072697129584198
0 0.4978685947916667 0.28762384259259255 0.03241316203125001 0.12380468750000001
0 0.482241242502212 0.14903667210696253 0.05046273119349257 0.05724319375096211
0 0.5188732200958642 0.47995451992846583 0.03411274242902061 0.14901841680776823
0 0.5837039197916667 0.008266869212962963 0.032413162031249956 0.016533738425925926
0 0.5702829299493566 0.89877999509418 0.04398655489871336 0.10538578527460282
0 0.5536918947916667 0.7593616898148148 0.04801953171875013 0.07115208333333321
0 0.5930834591603431 0.15553108777990504 0.04726689006473066 0.1043828931524026
0 0.5886832041985294 0.3473207257400086 0.030857649050858173 0.12366477323927619
0 0.5605939604166666 0.9956585358796297 0.03181299932291684 0.008682928240740804
0 0.5251802765625 0.7244971064814816 0.057023236458333314 0.07826736111111106
0 0.5313134612144876 0.7872711417392486 0.05392073727277058 0.07353766555388795
0 0.35506505730941734 0.5776338531912483 0.03781540432291675 0.06261388888888893
0 0.8024929822916665 0.5032141203703704 0.04261738666666671 0.07399809027777798
0 0.32011179245837235 0.7820001570624032 0.051452138145911167 0.07425882939371194
0 0.6098146927083333 0.9987151904845131 0.04982031156250007 0.002569619030973795
0 0.3675690643669421 0.6511302782594742 0.041924465452634035 0.11115744116623687
0 0.6238990580727175 0.48760066552930215 0.026368242603768265 0.1308394096821364
0 0.6748729745601263 0.47056417306300613 0.02654554556724733 0.11969628594082725
0 0.49576821979166663 0.4420231481481482 0.02340955453124991 0.14230416666666676
0 0.4721217153868826 0.9632676116533371 0.05389528479915171 0.06628163534371062
0 0.48256211197916665 0.7486880787037037 0.029411959531249938 0.13234288194444435
0 0.5512900770833333 0.43988946759259256 0.030012219479166664 0.08965156250000011
