0 0.2642472098004988 0.0018257234017287646 0.09099695885291771 0.0036514468034575293
0 0.4956877443633316 0.17045962098946318 0.05761888560166355 0.19124907021966678
0 0.31145633854166666 0.9669362979398148 0.03567059010416654 0.0661274041203704
0 0.240625 0.9011558046296296 0.07745630833333313 0.15829915500000016
0 0.005656613151041689 0.9074877296296296 0.011313226302083378 0.13719265250000007
0 0.304832359375 0.8515561546296295 0.042804741145833464 0.17729518750000023
0 0.18168923324031278 0.5292441214728476 0.05334627533479228 0.1996380936864362
0 0.12138346875000003 0.3523846796296296 0.05095808020833322 0.11186469499999988
0 0.2657663223939902 0.5014897139738264 0.07474315728798059 0.13953137145987768
0 0.25591199479166676 0.061116129629629645 0.0937628213541668 0.0949793900000001
0 0.36883831487368873 0.9762387161600297 0.0620451173890018 0.04752256767994065
0 0.50917353125 0.35977235462962964 0.09274363333333362 0.09709011749999977
0 0.04851309375000004 0.07483572962962969 0.0947820093750001 0.09709011749999998
0 0.3635602598298126 0.3581863427804728 0.09207565147612454 0.14650983776848175
