0 0.797222 0.0758197 0.036419799999999884 0.05327869999999999
0 0.4624865002223493 0.26122655568990244 0.05484615547508626 0.04189747771560328
0 0.520796403093302 0.27955203093594466 0.03288361420176609 0.07723145537918626
0 0.568475033394744 0.19851977421547676 0.04255991775194295 0.06889414670162812
0 0.5991000151319272 0.42662554085355564 0.035520826098511295 0.03503168408880012
0 0.5189527342624357 0.5596879556976352 0.026406413397073454 0.05572180252087842
0 0.837654 0.991393 0.03456789999999986 0.01721309999999985
0 0.5566135479717813 0.8102461032786885 0.05432057037037037 0.03852499344262286
0 0.3018601561202458 0.6658457693155923 0.04678071195261029 0.0657943100786591
0 0.5355992542923999 0.16621928773163117 0.026580419941553954 0.07936656241599413
0 0.5182655209617135 0.5171198076392599 0.03286310923173029 0.036536191037032865
0 0.5099210130656672 0.20224671709360853 0.02816424200071998 0.08618507999887523
0 0.5100163818483577 0.4794956132026264 0.04106065264913284 0.06705297597643624
0 0.5609449798457734 0.13633366649621498 0.026258140308453203 0.07815186700757007
0 0.5600528288800706 0.8457261830210773 0.029982525661375593 0.03665067845433262
0 0.41468140524744296 0.35331664932654727 0.041822840564978946 0.03908556645952254
0 0.6115663977299197 0.3998537806146838 0.0573872900916926 0.04442819784607594
0 0.46665662776189576 0.4382456284635716 0.04735294526819555 0.04075419480639988
0 0.5046404368263346 0.4214949501602789 0.055454530705376634 0.03573236720467908
0 0.46166116884707287 0.6492100699365415 0.03099856230585423 0.05403886012691696
0 0.5498758357368231 0.5184302133115879 0.044444399999999974 0.06229509999999996
0 0.34234346454077397 0.6400242593545541 0.03529314067430658 0.0652429611115195
0 0.6073440034247083 0.505325294646121 0.05444829315058338 0.04672741070775808
0 0.45952184316964195 0.3974636560470151 0.03790525803104421 0.05342631386553436
0 0.43005870120297973 0.5314761089167744 0.02908736739582513 0.08458876577300847
0 0.40004622997850625 0.2988479791988865 0.047493091005442294 0.05865257060709164
0 0.5123733599069922 0.7003050797618172 0.026020040967724093 0.07957803425714921
0 0.5814065859727959 0.6247794424304641 0.04904447826822257 0.054858682749991915
0 0.5915012743669036 0.1682007870847583 0.0380126345455271 0.06879483783172059
0 0.5531624550261525 0.2787649713030396 0.04692668345086086 0.06587078286702472
0 0.42496042687038094 0.31443067774653427 0.044982053740761925 0.0600569022467171
0 0.49831397379093967 0.7936119193198754 0.03489944758187941 0.052797838639750835
0 0.5 0.029918 0.04814809999999998 0.054918000000000015
0 0.6192112201181331 0.984829333153802 0.05024589956143676 0.03105833641902586
0 0.6506060346965462 0.45415527808818146 0.04135405304724389 0.06826622306048426
0 0.40462966203703704 0.015573749999999999 0.0611111759259259 0.031147499999999998
0 0.5533410839838343 0.678526795559803 0.03432430936167859 0.053297066823494776
0 0.4869369879563559 0.09136712287562038 0.045494015932344194 0.05740211560635684
0 0.5970374895718188 0.5466179827531423 0.04366934036168811 0.0725824412647976
0 0.6630064506776835 0.6676879150492445 0.06100359981638522 0.035128805620608924
0 0.46404139340548645 0.9728070353921049 0.039990393342235406 0.0533690712508166
0 0.47137550529880906 0.8687073843029159 0.0361630066644816 0.0739881038734949
0 0.5532261821569998 0.40660236762927765 0.055269677911187316 0.06298681213620903
0 0.22993800000000003 0.22049200000000002 0.0450617 0.036065600000000024
0 0.3954907822620827 0.7055428949496435 0.06131318164203067 0.041902521502609744
0 0.5988978603174603 0.8590161922131146 0.04576688959435624 0.06346644461358297
0 0.43651808389304186 0.0585626706396952 0.053078529990183775 0.055331669799969924
0 0.34711767298108515 0.08480727238055849 0.03744434596217014 0.07453244476111695
0 0.228086 0.160656 0.027777800000000016 0.0770492
0 0.6508803885853066 0.3308250470303682 0.05343047965998779 0.0483740929857565
