0 0.4380683972691045 0.20988780175347582 0.027566705461790915 0.07530579649304837
0 0.537963 0.181148 0.027777799999999943 0.04262289999999999
0 0.561728 0.447131 0.03703699999999995 0.045081999999999914
0 0.577469 0.666393 0.029012299999999974 0.02622950000000002
0 0.7391078406665104 0.39218178591512765 0.04858538133302077 0.058134871830255265
0 0.17530900000000002 0.244262 0.030864199999999994 0.06229509999999996
0 0.631481 0.251639 0.025925899999999995 0.055737700000000015
0 0.513889 0.9827869999999999 0.022839500000000016 0.02950819999999999
0 0.45740699999999995 0.256557 0.03827160000000001 0.024590200000000003
0 0.613272 0.647131 0.04506170000000007 0.04344260000000006
0 0.468827 0.359836 0.03765430000000005 0.05901639999999998
0 0.38765399999999994 0.49180299999999993 0.024691400000000033 0.04918030000000007
0 0.51821 0.0139344 0.029012299999999974 0.026229500000000003
0 0.498457 0.315984 0.04629629999999999 0.05
0 0.366358 0.259836 0.027777799999999943 0.032786899999999966
0 0.430247 0.278279 0.04074069999999996 0.04672130000000003
0 0.46821 0.628689 0.029012299999999974 0.04426229999999999
0 0.510494 0.589344 0.028395100000000045 0.036065599999999934
0 0.4715657931239256 0.08674517657709067 0.029707613752148806 0.07077194684581863
0 0.52037 0.43319700000000005 0.04938270000000004 0.058196700000000004
0 0.655247 0.24303300000000003 0.024074100000000074 0.04836069999999998
0 0.669444 0.838115 0.027777799999999943 0.03360660000000008
0 0.53179 0.401639 0.04382720000000004 0.057376999999999984
0 0.703395 0.9368849999999999 0.03148150000000009 0.03770489999999986
0 0.600309 0.257787 0.033950600000000046 0.07295079999999995
0 0.633025 0.901639 0.022839499999999947 0.07049180000000001
0 0.562346 0.856557 0.025925900000000064 0.03934430000000009
0 0.437346 0.737295 0.026543200000000024 0.040163900000000086
0 0.537654 0.292623 0.025925900000000064 0.07377049999999997
0 0.662037 0.777049 0.03271610000000001 0.0606557000000001
0 0.422531 0.221721 0.027777799999999943 0.04836069999999998
0 0.539506 0.869672 0.034567900000000006 0.06557379999999993
0 0.507099 0.8508200000000001 0.022839500000000016 0.08032790000000001
0 0.654938 0.8963109999999999 0.029629600000000075 0.07459019999999991
0 0.48425900000000005 0.295082 0.05 0.06557380000000002
0 0.491975 0.670492 0.027160499999999983 0.07377049999999997
0 0.594444 0.62582 0.04567900000000003 0.05819670000000005
0 0.6358019999999999 0.8422129999999999 0.03827160000000001 0.045081999999999914
0 0.42932100000000006 0.570082 0.05246909999999995 0.031967200000000036
0 0.41450600000000004 0.05368850000000001 0.05617279999999996 0.03196720000000001
0 0.622531 0.752459 0.05246909999999995 0.05081969999999993
0 0.334568 0.143443 0.028395100000000045 0.04262289999999999
0 0.519136 0.111066 0.05555560000000003 0.04836069999999999
0 0.438889 0.622541 0.05555560000000003 0.04672130000000003
0 0.576235 0.4 0.04876539999999994 0.05901639999999998
0 0.608025 0.804918 0.04320989999999994 0.057376999999999935
0 0.576543 0.72377 0.03827160000000001 0.07049180000000001
0 0.542901 0.0307377 0.03641980000000002 0.0598361
0 0.560494 0.943443 0.030864199999999994 0.04262289999999994
0 0.488889 0.747131 0.04691359999999995 0.06639339999999992
0 0.6302469999999999 0.414344 0.05308639999999998 0.05655739999999999
0 0.478086 0.9094260000000001 0.040123500000000034 0.0598361000000001
0 0.301543 0.179508 0.04012349999999996 0.0622951
0 0.146605 0.465164 0.030246899999999983 0.07459019999999991
0 0.195988 0.0336066 0.029012299999999974 0.0590164
0 0.44537000000000004 0.0217213 0.05246909999999995 0.0418033
0 0.35679000000000005 0.738934 0.06049380000000007 0.040163900000000086
