0 0.283025 0.992623 0.029012299999999974 0.014754100000000183
0 0.743519 0.706148 0.022839499999999874 0.07131149999999994
0 0.466049 0.17582 0.029629599999999933 0.06967209999999999
0 0.586111 0.570082 0.05 0.035245900000000004
0 0.5725132726007455 0.013601895592329098 0.05867715850221287 0.02692550049489636
0 0.551852 0.498771 0.04074069999999996 0.06803279999999996
0 0.44963289937595746 0.31253153866219935 0.03777170124808506 0.07821612267560132
0 0.575926 0.0463115 0.05061729999999996 0.035245900000000004
0 0.593518 0.402049 0.022839500000000016 0.07131149999999999
0 0.598148 0.457787 0.05802469999999998 0.031967200000000036
0 0.466358 0.737705 0.05123460000000006 0.04426229999999999
0 0.501543 0.8545080000000002 0.029012299999999974 0.07786880000000004
0 0.595988 0.709836 0.05123460000000006 0.03114749999999992
0 0.473148 0.771311 0.05 0.04918030000000007
0 0.560185 0.0803279 0.05493830000000007 0.04590160000000001
0 0.47901199999999994 0.806967 0.04691359999999995 0.056557399999999945
0 0.51358 0.384836 0.05432099999999997 0.040163899999999995
0 0.583951 0.622541 0.029629599999999933 0.07295080000000005
0 0.6163580000000001 0.347131 0.035185200000000035 0.06803279999999996
0 0.53179 0.507377 0.04135800000000006 0.06557379999999993
0 0.65463 0.62459 0.030246899999999893 0.06393440000000007
0 0.615432 0.746311 0.019753099999999964 0.05
0 0.635494 0.329508 0.036419799999999954 0.05409839999999999
0 0.675617 0.8516390000000001 0.05246909999999995 0.032786900000000056
0 0.53642 0.9049180000000001 0.023456799999999976 0.07868849999999987
0 0.511728 0.937295 0.03209880000000005 0.06803279999999996
0 0.620988 0.943033 0.023456799999999976 0.06475410000000018
0 0.48148100000000005 0.880738 0.03209880000000005 0.07295080000000005
0 0.7447529999999999 0.409426 0.04135800000000006 0.06639339999999996
0 0.584877 0.943852 0.030246900000000035 0.08114749999999991
0 0.413889 0.981967 0.05123460000000006 0.03442620000000007
0 0.6799379999999999 0.565164 0.036419799999999884 0.0647541
0 0.553395 0.969672 0.030246900000000035 0.05901639999999998
0 0.532716 0.193852 0.04320989999999994 0.05491799999999999
0 0.45740699999999995 0.912705 0.04814809999999998 0.04672129999999984
0 0.42962999999999996 0.8487699999999999 0.03827160000000001 0.06639340000000002
0 0.515741 0.560246 0.05864199999999994 0.03688519999999993
0 0.42654300000000006 0.509836 0.04320989999999994 0.06393440000000007
0 0.671914 0.901639 0.036419799999999884 0.04262289999999994
0 0.515741 0.134016 0.030246900000000035 0.08114750000000001
0 0.628395 0.50082 0.04197529999999995 0.06721310000000004
0 0.355247 0.629098 0.04629629999999999 0.048360700000000076
0 0.351235 0.120902 0.029629599999999933 0.040163899999999995
0 0.377778 0.713115 0.04938270000000004 0.06229509999999996
0 0.26358 0.160246 0.04197530000000002 0.04836069999999998
0 0.704321 0.0631148 0.05185190000000002 0.04262289999999999
