0 0.3385472891768094 0.45659338902566177 0.04759582164638137 0.05238622194867628
0 0.3761505911093661 0.434744829983201 0.05213104741962222 0.03707350981868735
0 0.508803587098111 0.8540102677445982 0.026322503420145665 0.04370280344378136
0 0.538272 0.146721 0.027160499999999983 0.07213110000000003
0 0.5954760127110326 0.7849952412211088 0.028364231503293716 0.043025296785031544
0 0.6891147168152721 0.6296560852914389 0.027520452057613085 0.03964047058287805
0 0.4446407538280329 0.26110757110583327 0.028573921388997926 0.06806464693274633
0 0.5131309165466998 0.5527718241325378 0.030318893687562697 0.0558999015234895
0 0.54537 0.0258197 0.027777799999999943 0.05
0 0.5682632416284954 0.7828448576869605 0.029341559817650333 0.060736926171580774
0 0.6049077848983553 0.8133176076420668 0.050054429767046195 0.057313113511556414
0 0.6582933241883859 0.5990057680631451 0.02800640146319149 0.05009107468123859
0 0.7336420000000001 0.0770492 0.015432100000000138 0.03278690000000001
0 0.41942900124547394 0.4005128944230435 0.02657339750905211 0.041598111153913035
0 0.4337346769620032 0.3581358975844291 0.05954717968852247 0.04141806175056478
0 0.571296 0.0315574 0.030246900000000035 0.0614754
0 0.5952536753479039 0.4968719226090483 0.028355799851677382 0.08022939234200308
0 0.6004503410362955 0.9900437757298848 0.0609018743118265 0.022328019414354444
0 0.6995170324645633 0.5902777777777778 0.052440557841792405 0.04591681845780212
0 0.5377305400689263 0.47184424031020095 0.053099753958905975 0.049186454211319064
0 0.5690082597031365 0.9756326035292243 0.03257656826549752 0.04719291371430238
0 0.43657025694717094 0.7329259109077217 0.033372595210051016 0.05010716561431965
0 0.5575186493914409 0.34452296819787986 0.03053701522488331 0.061113363841742444
0 0.5216376565022031 0.9014945258645658 0.06085590891244601 0.041997335341481826
0 0.48933809672490514 0.38799451958234377 0.05740110882301624 0.04484163916468745
0 0.5704086826887842 0.9306712417337659 0.03922015152685081 0.044467630649365694
0 0.4857991318806439 0.9595942676200545 0.057232779313353375 0.03828718553264204
0 0.49192295916437645 0.8331911400509763 0.052903197044453155 0.04905041426171609
0 0.524001909090215 0.440456257343741 0.059913254118134564 0.04849636453976709
0 0.5893643938402477 0.7324914557145339 0.053221655106225146 0.04112842495510626
0 0.4676525760153557 0.9181486416034293 0.05016795358373683 0.04518334009152527
0 0.5680985589418924 0.4358409732867984 0.03293838211621511 0.07749785342640339
0 0.5300353356890459 0.5261252389503562 0.040134362866989494 0.06343045820541048
0 0.34354142127993714 0.17696808202514044 0.02879204292631854 0.0758848404101257
0 0.4255551193124809 0.8742686670914673 0.05758408585263708 0.03562532584139493
0 0.4151943462897526 0.5177257718820599 0.05474850586746938 0.054741354341655606
0 0.5295128025083977 0.9651813486995308 0.036035594983204675 0.07089447055552346
0 0.4199930201108057 0.6484967850315704 0.057365964315316466 0.03591496263685336
0 0.13663757140522875 0.5104948922693667 0.053522242810457483 0.035744384538733555
0 0.6449853858569995 0.9295892950240398 0.03751690441914226 0.07038174129641421
0 0.817035407244428 0.4834171941784342 0.035651713319480166 0.0649245252394092
0 0.21594032194738907 0.22895788680994034 0.049731710509095674 0.05010716561431965
0 0.1573746891768093 0.14148757458147482 0.05300353356890458 0.05705844870532353
