0 0.6444795051071512 0.2994666189375193 0.03587211021430235 0.05139153787503865
0 0.698765 0.0118852 0.05185190000000002 0.0221311
0 0.562963 0.825 0.04320989999999994 0.03524589999999991
0 0.4446878767665488 0.23734044662451606 0.046166153533097526 0.053369193249032006
0 0.3852711888171117 0.3849883737800229 0.02116017763422338 0.07161684756004576
0 0.615741 0.338525 0.027777799999999943 0.06557380000000002
0 0.539815 0.8627049999999999 0.05370370000000001 0.035245899999999816
0 0.583642 0.316803 0.029012299999999974 0.03688520000000002
0 0.28858 0.95041 0.05987649999999997 0.035245899999999816
0 0.47716 0.881967 0.04691359999999995 0.04754099999999996
0 0.584568 0.711885 0.05308640000000005 0.035245900000000004
0 0.469444 0.656967 0.04382720000000004 0.054918000000000085
0 0.4385047857966457 0.129167919803588 0.048917328406708684 0.05805746039282401
0 0.48642 0.620492 0.04320989999999994 0.057376999999999935
0 0.290432 0.9168029999999999 0.05123459999999999 0.0401638999999999
0 0.594275528144654 0.836544950541293 0.025029043710691843 0.0793688989174143
0 0.499691 0.8536890000000001 0.026543200000000024 0.06967209999999999
0 0.299074 0.561475 0.029012299999999974 0.027868900000000068
0 0.468827 0.82418 0.033950600000000046 0.07131149999999994
0 0.530864 0.931148 0.024691400000000033 0.036065599999999934
0 0.542284 0.254918 0.06234569999999995 0.036065600000000024
0 0.631481 0.025 0.03580250000000006 0.048360700000000006
0 0.587037 0.752049 0.05432099999999997 0.041803299999999946
0 0.658025 0.988934 0.0506173000000001 0.022131099999999935
0 0.446296 0.604508 0.044444399999999974 0.06967210000000008
0 0.382716 0.533197 0.03333329999999994 0.0647541
0 0.538889 0.792623 0.05555560000000003 0.0393442999999999
0 0.512654 0.447951 0.031481499999999954 0.054918000000000085
0 0.425 0.0704918 0.05740740000000002 0.031147500000000012
0 0.537037 0.212295 0.03950619999999993 0.057377000000000004
0 0.665741 0.67377 0.022839499999999874 0.04426229999999999
0 0.541667 0.614754 0.05370370000000001 0.03114749999999992
0 0.363889 0.0635246 0.030246900000000035 0.0385246
0 0.466667 0.385656 0.04691359999999995 0.04508200000000001
0 0.50216 0.0471311 0.05864199999999994 0.03360660000000001
0 0.835185 0.4704920000000001 0.04691359999999995 0.03770490000000005
0 0.4064809999999999 0.665164 0.04135800000000006 0.0598361000000001
0 0.259877 0.492213 0.044444399999999974 0.05819670000000005
0 0.690061652770023 0.20816581152277783 0.05172730554004599 0.05075792304555566
0 0.580247 0.9655739999999999 0.04938270000000004 0.05901639999999998
0 0.671914 0.0688525 0.05246909999999995 0.0393443
0 0.571605 0.10123 0.04197530000000002 0.04672130000000001
0 0.729012 0.627869 0.058024700000000116 0.036065599999999934
0 0.219136 0.817213 0.04938270000000004 0.04262289999999994
0 0.4339509999999999 0.505328 0.03703699999999995 0.08770490000000004
0 0.7346580156799134 0.42957999282039006 0.06533297287555194 0.03350484623668785
0 0.5981346309813462 0.4795381117625942 0.02838605028386047 0.042479358621514925
