0 0.511111 0.331557 0.017284000000000015 0.035245900000000004
0 0.4872363313642757 0.5328492896451547 0.05225026272855126 0.036189779290309074
0 0.355864 0.343443 0.022839500000000016 0.040983600000000016
0 0.6243904164986717 0.41550090565988795 0.05923604463978736 0.0332853851940237
0 0.46358 0.0151639 0.044444399999999974 0.027049199999999995
0 0.55 0.74918 0.03333329999999994 0.07049180000000001
0 0.572531 0.763115 0.026543200000000024 0.03442620000000007
0 0.659259 0.0356557 0.032098799999999914 0.0680328
0 0.6667680530629786 0.24993239837621914 0.0323023061259571 0.06871789675243821
0 0.571914 0.593852 0.040123500000000034 0.02704919999999995
0 0.515432 0.293443 0.03209880000000005 0.040983600000000016
0 0.497222 0.718443 0.04259259999999998 0.056557399999999945
0 0.486728 0.498771 0.06111110000000003 0.03688519999999993
0 0.513272 0.565164 0.05493830000000007 0.02868850000000006
0 0.486728 0.417213 0.06234569999999995 0.031147499999999963
0 0.620679 0.46885199999999994 0.030246900000000035 0.0754097999999999
0 0.513272 0.640984 0.05987649999999997 0.036065599999999934
0 0.593827 0.541393 0.024691400000000033 0.07622950000000002
0 0.573457 0.488525 0.020987700000000026 0.07049180000000001
0 0.786728 0.0127049 0.026543200000000024 0.0237705
0 0.64321 0.144672 0.03580250000000006 0.06967209999999999
0 0.50216 0.67582 0.05 0.040163900000000086
0 0.452778 0.390574 0.029012299999999974 0.031967200000000036
0 0.449383 0.538525 0.023456799999999976 0.07704919999999996
0 0.633951 0.0430328 0.024691399999999964 0.07950820000000001
0 0.6574069999999999 0.8549179999999998 0.04691359999999995 0.03934430000000009
0 0.23364199999999996 0.48401599999999995 0.017901200000000016 0.03360660000000008
0 0.47253100000000003 0.725 0.04382720000000004 0.06803279999999996
0 0.528704 0.739344 0.03271610000000001 0.07868850000000006
0 0.67284 0.643033 0.0506173000000001 0.031967200000000036
0 0.420679 0.513934 0.040123500000000034 0.03770490000000005
0 0.475926 0.0459016 0.04938270000000004 0.03442619999999999
0 0.576235 0.8856560000000001 0.024074099999999935 0.03852459999999998
0 0.716975 0.651639 0.035185199999999965 0.05081969999999993
0 0.641049 0.370902 0.05493830000000007 0.04508200000000001
0 0.565432 0.42663900000000005 0.04691359999999995 0.05327869999999997
0 0.451852 0.771311 0.027160499999999983 0.07213109999999993
0 0.550309 0.688115 0.05864199999999994 0.035245900000000004
0 0.6589510000000001 0.130328 0.033950600000000046 0.06393440000000002
0 0.351543 0.135246 0.05370370000000001 0.03278690000000001
0 0.579321 0.631557 0.045061699999999934 0.05819670000000005
0 0.525309 0.0385246 0.05185190000000002 0.0360656
0 0.619136 0.680738 0.048148100000000055 0.04672130000000003
0 0.310494 0.584016 0.02839510000000001 0.07131149999999994
0 0.41172800000000004 0.762705 0.034567900000000006 0.06147540000000003
0 0.606173 0.841803 0.029629599999999933 0.07213109999999993
0 0.553086 0.869672 0.03580250000000006 0.06557379999999993
0 0.495679 0.191393 0.05555560000000003 0.03196719999999999
0 0.5767541544147523 0.20904756654388876 0.05449294136583839 0.053994512066818844
0 0.6533950000000001 0.934836 0.033950600000000046 0.07295080000000005
0 0.482407 0.8385250000000001 0.05740740000000002 0.04262290000000003
0 0.358333 0.0770492 0.040123500000000034 0.05901639999999998
0 0.573148 0.971311 0.04629629999999999 0.05081970000000011
