0 0.4495143000890127 0.41837967007554344 0.02883238515422422 0.06513695462253968
0 0.3438728117184709 0.6148858784460492 0.04743757691238937 0.050603552791102124
0 0.6013060219919814 0.9420958304780982 0.027589218371640654 0.04137894681355751
0 0.694006091163093 0.7877048745901638 0.027842268615984267 0.040638568334771315
0 0.5506367254753269 0.17317475207593522 0.03082614904934609 0.07004459584812958
0 0.5761465155960362 0.18402834901250184 0.031353523374363416 0.07461489802500362
0 0.4379036586280814 0.5160427707105582 0.06162764991465203 0.040572178920457586
0 0.3810884839823747 0.5938010647830899 0.0504148306935017 0.03637130356860465
0 0.738889 0.23524600000000004 0.014814800000000038 0.032786899999999966
0 0.5628002064229289 0.5028728058615782 0.03155889007979038 0.0616730799641558
0 0.6000234041308291 0.6537953538963562 0.02867006026563686 0.0815787429104188
0 0.42495335635742926 0.5583522218122398 0.027787701957048105 0.04454166886300139
0 0.5177666983222539 0.708674863387978 0.02888572333016779 0.05490752416981931
0 0.3485437555419139 0.3344352866588171 0.030011595389127614 0.07653292274250521
0 0.5939621293319043 0.8896473564914871 0.05299511730379892 0.041906067155131586
0 0.4411997467553023 0.8898171500630515 0.03363406141183917 0.05254308532997066
0 0.6092068925906077 0.9701753864016128 0.05188116142670013 0.05796244210373758
0 0.6626055880441845 0.7567946505608282 0.02761533463287847 0.04896462467644527
0 0.5355425549526452 0.6838491838926294 0.03871727198189703 0.06252812818878976
0 0.5432495732602914 0.3054662379421222 0.030169504981937944 0.07537820884507934
0 0.542901 0.629508 0.04876539999999994 0.04754099999999996
0 0.7042722547108511 0.7491371872303709 0.05181936322287205 0.04572907679033649
0 0.49324783009110396 0.5457250691937694 0.05514619603628281 0.04607555872911294
0 0.5726251439005995 0.9374835274893257 0.02977253781112304 0.06325444098887784
0 0.4980175688509022 0.9829865489701556 0.05744697689142132 0.036065573770491986
0 0.5305002036483064 0.5986073594682639 0.05830968238366569 0.04914830447667091
0 0.4248541145647255 0.8054398819250436 0.05696478901194872 0.036898423910178633
0 0.572716771327952 0.5938207905422446 0.032343957344096244 0.0779316189155107
0 0.4197927831368346 0.6760318380686311 0.05478146957246641 0.05429339518212008
0 0.5424130856870718 0.08810867344456876 0.05760706304722126 0.03855134504061877
0 0.16448913530284429 0.3008198262295082 0.05366957060568853 0.05590948258309939
0 0.14207836491769546 0.6680479159987855 0.05329182983539094 0.036096031997571394
0 0.22065343428142692 0.3869667602572231 0.04979196507741628 0.04936147088126076
0 0.821914 0.641803 0.03271610000000001 0.06229509999999996
