0 0.580458208820067 0.6338931420096997 0.03350538802861539 0.06332919155076355
0 0.5651821452095049 0.33078423897198983 0.06367060174629716 0.0334148146486959
0 0.5391361065911223 0.17676414362187362 0.052592186817755404 0.03171861275625274
0 0.5903070495887897 0.04539913928207169 0.05114370819985392 0.042787134008308664
0 0.49321 0.417623 0.028395100000000045 0.05163930000000002
0 0.4977147304154942 0.18186949548422932 0.029997060830988354 0.07521479096845861
0 0.5659487064577399 0.8317701572824716 0.03777653453624563 0.0659153390710383
0 0.5424245494924929 0.3755802740463322 0.04213744067825235 0.05505595299499898
0 0.4348539766565503 0.03010457180526879 0.040168246686899334 0.05946285638946243
0 0.4811289573633157 0.5036300478922717 0.03386201472663142 0.04004669578454334
0 0.5716216850500752 0.36769033962570924 0.04386713301582466 0.05289498175640818
0 0.47575990106837607 0.6472863262820512 0.05275370213675213 0.04054714567044974
0 0.5376521064023425 0.8147988030159731 0.030860712804685015 0.08041710603194623
0 0.5596808273504273 0.7850015435056745 0.034959945299145284 0.04966891298865074
0 0.2934745373015873 0.4181496460187354 0.03774272539682542 0.03583090796252927
0 0.5154104676479898 0.8361733370954183 0.02687137239632791 0.08022793699033173
0 0.48809200398442454 0.31093430598420774 0.029279483232213466 0.07314922441781235
0 0.46138018360240585 0.6129150903741067 0.045504906616017735 0.05411937788986967
0 0.5608053536402445 0.25654971656197334 0.030806507442021437 0.0709361115366937
0 0.37680776014109346 0.42704918032786887 0.0298059964726631 0.0831381733021077
0 0.47405379369787304 0.18455246238260342 0.02915304078890664 0.07658127714006799
0 0.5095081640780567 0.28605896351136967 0.03509557945041817 0.07304336329984136
0 0.4998220273890481 0.13737903927958406 0.06182206485696625 0.047140476131247035
0 0.6258655977052406 0.4302905248906731 0.049547283250578326 0.05350475228633592
0 0.5911844708327001 0.4298652254216098 0.03007469211886298 0.08014530883922757
0 0.49244222855333963 0.8428567675493904 0.02769863880974988 0.07421710802858356
0 0.5483356133150934 0.43713978157027206 0.04146189052709799 0.05729855800497859
0 0.41838617208994705 0.48208435421545665 0.04841255582010584 0.05878229156908657
0 0.29091710758377426 0.45117096018735364 0.05943562610229276 0.03583138173302113
0 0.5137565400680595 0.7416822886086591 0.030179227556188595 0.060088554350567466
0 0.4334182385607417 0.6759247973672985 0.03361788058194503 0.04738253397525749
0 0.3588183890652557 0.5878222292154567 0.02804242186948859 0.07025804156908665
0 0.5677864830642608 0.970441887347625 0.033760683760683786 0.05905317360235395
0 0.48209899999999994 0.462705 0.06296300000000005 0.04672130000000003
0 0.6725620751837981 0.1148461963529195 0.02455264253017063 0.035181433044759625
0 0.5194821363801836 0.6835726322404371 0.04246972534029754 0.06544195704077342
0 0.5858756726812282 0.9530658890290039 0.0331394428616651 0.06896279949558645
0 0.7530087041477929 0.43725675197546876 0.027422506439292935 0.04835475881589811
0 0.2620372024691358 0.5403983268735363 0.04753119506172844 0.033958246252927426
0 0.5577179735359291 0.895552159794031 0.03148554707185813 0.04028491958806216
0 0.4587895022905505 0.5604959274151974 0.04289929342340245 0.05438705021136203
0 0.6029953871003483 0.8430566099621689 0.05014249582146248 0.05831721303068505
0 0.812893214436231 0.536535859486725 0.03470817112753787 0.07446908102654992
0 0.6799026590693257 0.8733974358974359 0.04392212725546061 0.06252627154266498
0 0.399074 0.9491800000000001 0.031481499999999954 0.07704919999999996
0 0.36793372319688106 0.2691312139111966 0.0493577247963213 0.05442357469967476
0 0.5236141553794563 0.0927883778203438 0.04627287884748688 0.058956690464936935
0 0.8412258671121682 0.3864327530593573 0.05335066577566357 0.04844579388128546
0 0.7029024216524217 0.9569409415720891 0.0440210509654954 0.04255989911727615
0 0.180864 0.614754 0.04814809999999998 0.06065569999999991
0 0.8158724821889306 0.06615856692300606 0.04532536437786087 0.061825433846012155
