0 0.575309 0.9938520000000001 0.034567900000000006 0.01229510000000014
0 0.5316034870447692 0.4896856870435333 0.059502374089538394 0.03811724633115441
0 0.5201101433243168 0.13031846724995394 0.035087813351366334 0.03444426550009209
0 0.5443628711605899 0.9014624157316451 0.05168834232117998 0.041177994332461505
0 0.624573960463531 0.8138891682590766 0.06759827311974553 0.035200643668912804
0 0.614999828293755 0.9882013953806517 0.05518552859767514 0.02309788184865149
0 0.6979105158119658 0.9862862047288776 0.03257316837606831 0.027427390542244794
0 0.5356452485888812 0.4572367295253088 0.05915100904662491 0.03970019507854482
0 0.6298582533150435 0.36227484314916014 0.03276939490931258 0.08055049585104229
0 0.5807004002476757 0.2993269043817041 0.027442363656454933 0.07732271420765031
0 0.4235289569318797 0.44637051233786235 0.03518131910616249 0.04295150415825324
0 0.4464663027153558 0.25737224305120643 0.0520392776459981 0.04357115768097254
0 0.39979518057846075 0.26057250840820556 0.045741862452455644 0.060914294290606665
0 0.5563176345069349 0.311778992106861 0.028959000152415818 0.09937259664035622
0 0.6896159963644626 0.5767876898320425 0.03484056653790806 0.039726440712058775
0 0.6470120427175641 0.7770542089912501 0.03294705748693479 0.03746354219048579
0 0.4581771126612567 0.21808362069902373 0.04660807467748649 0.04088265860195246
0 0.5660757651582842 0.9356256643602092 0.04621230693183457 0.04429373729986601
0 0.5274289099723134 0.15905654551694803 0.05832570730764541 0.03924037045920456
0 0.6079597229223712 0.953844703670983 0.050353311997406044 0.041663147355999346
0 0.4992508884900818 0.2993231641830908 0.040477276980163596 0.06409082396389759
0 0.5929920874249336 0.48966425955713744 0.03801644372277632 0.057325712721174545
0 0.49157634233596886 0.25645127706299503 0.049722887529476956 0.05773660594032051
0 0.47050181705714067 0.44739724152092814 0.050001288693007566 0.06245935863650362
0 0.3731928066469852 0.29102513535875507 0.04393436977992479 0.062211829282489924
0 0.6600502022474353 0.2043696372258139 0.041627095505129635 0.05027702554837218
0 0.39001153677759887 0.3521741696008553 0.04051727355519764 0.06828173920171064
0 0.26229627903036856 0.2944868341210961 0.0235562419392629 0.05528933175780789
0 0.3814725996980194 0.15459763336871485 0.029309885424993354 0.07174588198293824
0 0.2375221973985891 0.5844846500585481 0.05317490626102295 0.044379136182669754
0 0.4380633189426646 0.6864125515437997 0.04298265545709305 0.05380669817962382
0 0.5398567446202976 0.658735336163212 0.061315064875893305 0.03725124258859147
0 0.4603120502916003 0.7716483958563813 0.05263955161705674 0.03570351000704011
0 0.5735438915398016 0.7559338227899023 0.04241460274180109 0.054560997686814876
0 0.649350091862841 0.9336168175288995 0.035800752073352954 0.07763514900020523
0 0.50007205649229 0.8842571920648086 0.03843012922130944 0.05836575875486378
0 0.5080080080080079 0.5572478215920839 0.04393282171059949 0.06221385319745973
0 0.43764988009592326 0.0890435192829343 0.050182076560973475 0.04874788693635255
0 0.7023025070059834 0.7832143216333098 0.044308111792774364 0.06537262395655231
0 0.40293143533170006 0.9407492129361485 0.05401127066340014 0.037236025872297074
0 0.5636231755336472 0.10820851515508904 0.0492938982147615 0.06624208829657585
0 0.4971897968006917 0.9491611915545066 0.040832012297641364 0.05868469732729465
0 0.34320691594872244 0.03331760820851516 0.04189241199632886 0.05366198844203326
