0 0.7382059998807181 0.5573374514928329 0.024750998986103605 0.08038330561495212
0 0.578395 0.189754 0.059259300000000036 0.03852459999999998
0 0.5200825706327906 0.7528826821414429 0.0548964587344188 0.03193943571711407
0 0.732391006143019 0.6460362714817455 0.05129122681457619 0.04316147936960485
0 0.512654 0.4282790000000001 0.029012299999999974 0.06967210000000003
0 0.5885071867358502 0.6268313930466461 0.026540227828472582 0.032470103745941226
0 0.45123500000000005 0.9737699999999999 0.03209880000000005 0.05081970000000011
0 0.57716 0.227459 0.05061729999999996 0.041803300000000015
0 0.621296 0.538115 0.05617279999999996 0.031967200000000036
0 0.516358 0.711066 0.05740740000000002 0.040163900000000086
0 0.499691 0.23524600000000004 0.027777799999999943 0.05901639999999998
0 0.5290153277270829 0.7945275995881842 0.059640961412297966 0.04157757186980277
0 0.575926 0.263525 0.03827160000000001 0.05327869999999997
0 0.574074 0.651639 0.044444399999999974 0.0540983999999999
0 0.5460130017295879 0.5973311158628337 0.03697739607562472 0.03444998812069375
0 0.490432 0.42541000000000007 0.03888889999999997 0.06885250000000004
0 0.47716 0.743033 0.029629599999999933 0.07786879999999995
0 0.4351793183112662 0.698152855583274 0.04075286337746762 0.06107168883345208
0 0.486111 0.805328 0.026543200000000024 0.07786880000000004
0 0.483642 0.107787 0.031481499999999954 0.06639340000000002
0 0.5347362869505576 0.8949316718203058 0.030527026098884687 0.03964555635938842
0 0.537346 0.227459 0.035185199999999965 0.07950819999999999
0 0.45 0.082377 0.034567900000000006 0.05491799999999999
0 0.42932100000000006 0.765164 0.05123460000000006 0.031967200000000036
0 0.479938 0.670082 0.035185199999999965 0.06803279999999996
0 0.63858 0.633197 0.045061699999999934 0.056557399999999945
0 0.301235 0.433607 0.04197530000000002 0.055737700000000015
0 0.562346 0.469262 0.029629599999999933 0.06803279999999996
0 0.47284000000000004 0.9573770000000001 0.04074069999999996 0.06393440000000007
0 0.49670039559998813 0.5327371971529263 0.0538944911999762 0.040884994305852684
0 0.619753 0.581148 0.05555560000000003 0.05081969999999993
0 0.494136 0.056967199999999996 0.06111110000000003 0.0368852
0 0.6278386603805094 0.7662883743248594 0.024814120761018653 0.07192154864971886
0 0.6058030655454166 0.8533301655183337 0.033100733583825315 0.06256434624217956
0 0.4550218192595574 0.4854774177833215 0.05538866148088501 0.03724136443335708
0 0.3492456430727024 0.21500441357012748 0.03676248614540461 0.07591102714025498
0 0.5992604051649073 0.9454718552546131 0.0557999896701854 0.03856388949077371
0 0.145679 0.104918 0.028395099999999993 0.0819672
0 0.108642 0.0680328 0.03209879999999998 0.04590160000000001
0 0.5857734707045644 0.05392871829708204 0.03451024140912885 0.07179183659416408
0 0.274925307949869 0.22218067955787377 0.03750441589973811 0.0673127591157476
0 0.4563051733491148 0.003601755036999848 0.04216600088770532 0.006985221889939098
