0 0.449876684375 0.4271921148148148 0.022643724739583367 0.039945353333333364
0 0.45720245781249996 0.6032299481481481 0.02930359723958335 0.03530055666666659
0 0.4849519265625001 0.6308668481481482 0.027971651510416664 0.03390712333333336
0 0.4798458229166666 0.6821921148148148 0.02841565739583339 0.03344262666666669
0 0.5524389510416667 0.6283123148148148 0.02974760312500019 0.02508197000000002
0 0.4849519265625 0.7332844814814814 0.03418759005208341 0.028797829999999917
0 0.47296383958333327 0.18612628948148147 0.029747603125000015 0.009289593333333339
0 0.45081180064707926 0.6290374420925451 0.03764499657042482 0.027347178777872655
0 0.5422945580106399 0.68143359250141 0.02263946919901194 0.018871837836350432
0 0.4512080546875 0.6852107481481481 0.03862750505208332 0.01718581000000012
0 0.44121882135416673 0.32965064814814815 0.03463152401041659 0.02972676666666669
0 0.2807142541666667 0.7040223814814814 0.0412914684375 0.02136610999999991
0 0.5171414541666667 0.6090360148148147 0.02752764562500006 0.0413387866666668
0 0.2449729671875 0.4868774148148149 0.04173547432291667 0.017185810000000013
0 0.30335833854166666 0.5270552148148149 0.023531736510416696 0.02043717333333335
0 0.4603104270833333 0.7253885481481481 0.039959522708333375 0.019508180000000014
0 0.43122886875 0.38422744814814813 0.03596354166666664 0.027404396666666636
0 0.4305628239583334 0.7028612814814814 0.02930359723958329 0.020901613333333346
0 0.4671924104166667 0.2569597814814815 0.033299578281249964 0.03204919333333336
0 0.4112489635416667 0.7251562148148148 0.04306742005208335 0.02090161333333345
0 0.436334253125 0.3579839814814815 0.03907151093749993 0.02322404000000002
0 0.4547605333333333 0.7407163148148149 0.027083639739583394 0.013005453333333342
0 0.5214795355924353 0.3794691605361392 0.01965965602048107 0.043410341007562234
0 0.46203155949407987 0.5384901042959481 0.036517042105589974 0.0201576646587937
0 0.18370188125 0.5676971148148147 0.03107962078124995 0.01904374000000012
0 0.43811085208333334 0.2193366848148148 0.039071510937499984 0.022759543333333323
0 0.42878694427083336 0.24256078148148147 0.037295559322916755 0.020901613333333346
0 0.5122576052083333 0.7416456481481482 0.03107962078124995 0.012076516666666677
0 0.4034977340929688 0.6124306537171275 0.018685994279687534 0.039766897804625397
0 0.488725940625 0.5142819814814815 0.03995952270833344 0.026475403333333352
0 0.3859414192708333 0.6761537148148149 0.02264372473958325 0.0390164166666667
0 0.5872926578125001 0.6406208814814816 0.03640754755208337 0.025546466666666687
0 0.26140111302083335 0.5802385814814816 0.022199718854166703 0.041338786666666696
0 0.5047294027570112 0.19910513003904995 0.02579141728485575 0.03338936711513696
0 0.47429592916666663 0.6176289481481482 0.034187590052083355 0.032513633333333354
0 0.4616306858377277 0.7047193814814815 0.03951551682291665 0.025546466666666583
0 0.42390237604166664 0.7446642814814814 0.012431877083333317 0.006038229999999898
0 0.3783933911458333 0.34381731481481476 0.015539774427083349 0.047841513333333315
0 0.3528635921875001 0.18821642814814815 0.04173547432291667 0.01161202000000001
0 0.5787115746363584 0.5374829920398425 0.02134954785832714 0.044374364737782494
0 0.43833238750000003 0.7414133148148148 0.01642778619791668 0.012540956666666674
0 0.40991687395833326 0.6954294481481482 0.026195699895833317 0.03297812999999992
0 0.5311276755208333 0.7000744148148148 0.01997976135416663 0.022759543333333347
0 0.5781910046875001 0.6763860481481482 0.01909174958333336 0.037622926666666695
0 0.40791873958333336 0.7411809814814815 0.017759803854166676 0.012076516666666781
0 0.2627324833333333 0.4253340148148148 0.03463152401041668 0.03437156333333341
0 0.5504408166666667 0.6680254481481481 0.03107962078125013 0.02926227000000002
0 0.42752004457018306 0.4087292013361289 0.032725408411717304 0.03228012362403855
0 0.5972826104166666 0.2825062481481481 0.02619569989583314 0.03483606000000002
0 0.49449808906250003 0.4878067481481481 0.026639633854166612 0.019972676666666682
0 0.29359064062499995 0.6833532148148149 0.03862750505208326 0.01811474666666668
0 0.4103606640625 0.6561809814814816 0.01731579796874989 0.020437173333333246
0 0.40525527968749997 0.36588048148148145 0.022199718854166703 0.03530055666666669
0 0.5229136026041667 0.6457299481481481 0.03551953578124992 0.02368853666666679
0 0.4587560828125001 0.6573420814814815 0.02264372473958331 0.036693990000000135
0 0.5222475578125 0.2704294481481482 0.03507552989583331 0.028333333333333353
0 0.41702111197916664 0.28506078148148145 0.041291468437499944 0.02415297666666663
0 0.42190496093749996 0.44553908148148147 0.03773949328124993 0.021830606666666683
0 0.4592005921875 0.23071642814814813 0.03862750505208338 0.022295103333333326
0 0.4671924104166667 0.4116320148148149 0.026195699895833258 0.040409849999999976
0 0.43899843229166663 0.6589678481481482 0.021311707083333253 0.04180328333333347
