0 0.705788901882652 0.7064808976694223 0.06470713501963511 0.19469390575947929
0 0.06385999479166658 0.7095053249999997 0.051359957812499836 0.12800770990740762
0 0.6484449919347232 0.8823353485614299 0.06064075387021634 0.2043593038743535
0 0.35917950260416664 0.029679662314814823 0.06882229687500008 0.059359324629629645
0 0.2667325104166667 0.007221742754629716 0.05238718359374985 0.014443485509259432
0 0.4081521999288802 0.8715247565288126 0.06615344110728169 0.1953835540022192
0 0.5761739277291565 0.8608588709490068 0.0732750326354901 0.17260956144568199
0 0.8734418673627445 0.43718869307739394 0.05165830529840569 0.11569224014150871
0 0.4672230464886252 0.09433332612663237 0.055170039290031996 0.18866665225326473
0 0.3201455885416667 0.1177491620370369 0.05238718359374997 0.1976258563888886
0 0.6264846239971427 0.17050739902961784 0.07955458704253242 0.1416088554137637
