0 0.6549925542382588 0.9063291167906034 0.0270526915234823 0.03980036641879324
0 0.3396046579101439 0.7095785459100895 0.03353091582028757 0.07653329182017911
0 0.547222 0.4803279999999999 0.05617279999999996 0.03114749999999992
0 0.628395 0.452869 0.028395100000000045 0.02868850000000006
0 0.6621772926689576 0.1436792633555856 0.029967414662084656 0.03723177328882879
0 0.6342589999999999 0.0110656 0.024074100000000005 0.0188525
0 0.4933178655752832 0.3323431269562278 0.025709168849433552 0.06810014608754435
0 0.576235 0.681557 0.027777799999999943 0.045081999999999914
0 0.599383 0.47172100000000006 0.029629599999999933 0.03032789999999992
0 0.546605 0.21598400000000004 0.06975309999999997 0.03196720000000001
0 0.478395 0.48278699999999997 0.04691359999999995 0.03114749999999992
0 0.532099 0.754918 0.023456799999999976 0.06721310000000004
0 0.6543210000000002 0.582787 0.024691399999999895 0.07704919999999996
0 0.53179 0.427869 0.05 0.050819699999999975
0 0.521605 0.0430328 0.034567900000000006 0.07131150000000001
0 0.446914 0.206148 0.05185190000000002 0.033606599999999986
0 0.33765400000000007 0.540984 0.03333329999999994 0.04426229999999999
0 0.324074 0.519672 0.04074069999999996 0.04754099999999996
0 0.6713758431971489 0.6870035490958256 0.03181876034109716 0.06591177961804971
0 0.571605 0.513525 0.039506200000000075 0.056557399999999945
0 0.576852 0.031147500000000005 0.033950600000000046 0.0360656
0 0.440432 0.181148 0.05370370000000001 0.036065600000000024
0 0.655556 0.528279 0.05185190000000002 0.031967200000000036
0 0.163889 0.309426 0.027777800000000016 0.03688520000000002
0 0.555864 0.754098 0.026543200000000024 0.06721310000000004
0 0.810802 0.0122951 0.026543200000000024 0.0245902
0 0.596296 0.515984 0.04691359999999995 0.056557399999999945
0 0.588889 0.9786890000000001 0.027160499999999983 0.040983600000000016
0 0.503086 0.736475 0.05185190000000002 0.045081999999999914
0 0.54784 0.0385246 0.030246900000000035 0.0737705
0 0.44970097031946027 0.6214634327953354 0.03393165936107923 0.07510533440932894
0 0.297222 0.805738 0.022839500000000016 0.07704919999999996
0 0.176852 0.279508 0.048765400000000014 0.049180299999999975
0 0.505864 0.536475 0.04629629999999999 0.04344260000000006
0 0.497531 0.154098 0.05432099999999997 0.040983600000000016
0 0.495062 0.9020490000000001 0.04938270000000004 0.05327870000000016
0 0.430864 0.79959 0.03703699999999995 0.06311480000000007
0 0.619444 0.247131 0.05123459999999999 0.056557400000000035
0 0.635185 0.04754099999999999 0.055555599999999955 0.049180299999999996
0 0.358025 0.108197 0.03703699999999995 0.08032790000000001
0 0.566358 0.866803 0.04876539999999994 0.0598361000000001
0 0.8095679999999998 0.646311 0.0561728000000001 0.05327869999999997
0 0.27716 0.0971311 0.04074070000000003 0.06639340000000002
