0 0.6448061649760163 0.2177090947060666 0.037744751120547274 0.0428109011172601
0 0.6553827044585987 0.023642595118513108 0.026814208917197407 0.0456457902370262
0 0.43913863678933707 0.6987050685783648 0.026661326421325834 0.04521216284327035
0 0.521914 0.657377 0.033950600000000046 0.05409840000000009
0 0.3769165852107415 0.01868277059883053 0.02543867042148313 0.03572624119766105
0 0.4950066839663443 0.4121854442936201 0.024376818432020112 0.06839302495562284
0 0.629012 0.0237705 0.023456799999999976 0.0459016
0 0.46697500000000003 0.0127049 0.022839500000000016 0.0237705
0 0.454321 0.446311 0.030864199999999994 0.03032789999999992
0 0.3102069218192184 0.3596873183094915 0.03143845636156326 0.06259276338101707
0 0.550617 0.484836 0.05308640000000005 0.031967200000000036
0 0.603086 0.548361 0.020987700000000026 0.06557379999999993
0 0.505247 0.0143443 0.054938299999999926 0.0286885
0 0.537963 0.716803 0.04876539999999994 0.048360700000000076
0 0.424691 0.47868900000000003 0.05185190000000002 0.040983600000000016
0 0.19030063037272943 0.4943929136629424 0.027513860745458796 0.07731002732588484
0 0.558642 0.0168033 0.029629599999999933 0.0319672
0 0.5490798568766219 0.3159550161089067 0.03890091375324364 0.0614177322178135
0 0.4440903546866399 0.5206301023023912 0.027129505299992168 0.06138154124464852
0 0.352469 0.0364754 0.04074069999999996 0.0696721
0 0.6446940793819297 0.2637855867521144 0.06740184123614065 0.03472372649577108
0 0.500926 0.52418 0.05 0.048360700000000076
0 0.592901 0.706557 0.05246909999999995 0.040983600000000016
0 0.564506 0.414344 0.03641980000000002 0.04836070000000003
0 0.566049 0.531148 0.05185190000000002 0.05245900000000004
0 0.413272 0.547951 0.05 0.031967200000000036
0 0.533333 0.906967 0.044444399999999974 0.05327870000000016
0 0.7120724499017064 0.7928158793359089 0.03387990019658729 0.0799410413281821
0 0.436111 0.315984 0.05370370000000001 0.040163899999999995
0 0.324074 0.0442623 0.04938270000000004 0.0491803
0 0.552778 0.8790979999999999 0.05864199999999994 0.04672129999999984
0 0.331173 0.429098 0.04135800000000003 0.05655739999999999
0 0.572531 0.27541 0.035185199999999965 0.06229510000000005
0 0.360494 0.39918 0.03580250000000006 0.06557379999999997
0 0.595988 0.46762299999999996 0.040123500000000034 0.06147540000000003
0 0.121605 0.528279 0.02345680000000001 0.07459019999999991
0 0.531173 0.759016 0.05 0.055737700000000015
0 0.6614199999999999 0.428689 0.04259259999999998 0.034426200000000025
0 0.628704 0.608197 0.05370370000000001 0.04262289999999994
0 0.325 0.164344 0.026543200000000024 0.05
0 0.27037 0.560246 0.04320990000000001 0.05819670000000005
0 0.40215999999999996 0.163115 0.030246900000000035 0.06557380000000002
0 0.447222 0.19549199999999997 0.03271610000000001 0.06475409999999997
0 0.192593 0.197541 0.04814809999999998 0.036065600000000024
0 0.5018872375560274 0.308812780620236 0.054651254226625756 0.03706797535762764
0 0.6799952819061099 0.7471024329121855 0.026342690886215193 0.036545891197661017
