0 0.5795792406249999 0.16031459907407408 0.06065104166666669 0.06568537046296294
0 0.8629906411458333 0.10107044351851853 0.031448656822916615 0.11720330500000002
0 0.8367845390624999 0.4745738583333333 0.05990224390625005 0.0811406408333334
0 0.9011789630208333 0.8480788444444445 0.03294625234375026 0.0553817521296297
0 0.6215097317708334 0.4494598296296296 0.0681387766666667 0.05666974370370381
0 0.5759556899740801 0.8014306872574478 0.06040810322892322 0.06625163391103031
0 0.5737852644207909 0.3036680535512545 0.04827649532508514 0.09066189474934293
0 0.6260027609374998 0.37153924629629625 0.07113396770833316 0.0553817521296296
0 0.27782090000000004 0.3489990009259259 0.05915344614583334 0.06954918805555545
0 0.5522486682291666 0.49325028611111116 0.05990224390625005 0.07212501407407407
0 0.7383199989583334 0.38956987129629633 0.045675450364583155 0.0965960683333333
0 0.34333858125 0.3039216527777777 0.05091691338541674 0.09530807675925924
0 0.7257530170198246 0.5640941177937575 0.06481963866868436 0.06953368413470687
0 0.4957158322916666 0.4655593314814815 0.06664130244791658 0.06568537046296304
0 0.40998073281249997 0.9060376796296297 0.03893651312500002 0.11720330499999987
0 0.6673740083612836 0.8825823181752778 0.057132216513237924 0.06328067146080966
0 0.6007519607925964 0.5950421291008876 0.07970325732105721 0.05400394402044684
0 0.5934307255208334 0.05214470055555556 0.03444384786458343 0.10428940111111112
0 0.49116480674043006 0.974934185740381 0.06139983942708322 0.05013162851923817
0 0.4713802083333334 0.6265527787037037 0.052414508906249914 0.0682611964814815
0 0.393506696875 0.7102683027777777 0.0823655702083333 0.05022994296296293
0 0.9670714677083334 0.4539678787037037 0.06439490916666687 0.10174787749999997
0 0.6743616515185545 0.793877572410408 0.04056001126627583 0.10668403519118667
0 0.5739629541666668 0.725080912962963 0.035941322083333206 0.10303586907407386
0 0.6841932207925313 0.9787012030982939 0.07605476742535397 0.04259759380341195
0 0.519301809375 0.6072336907407407 0.025458517343750132 0.10947551268518531
0 0.6503383848958334 0.7456868925925926 0.052414508906249914 0.11591531342592597
0 0.49476124481757366 0.8813535880082615 0.06995212025091119 0.059782303892648804
0 0.8099967504543084 0.3182900953195072 0.04975705809611668 0.10343756804642174
0 0.5818245421875 0.5344638166666668 0.06214863718749998 0.0695491880555555
0 0.45340930468749996 0.942393027175926 0.03144865682291673 0.11521394564814795
0 0.4863561635416666 0.13970861944444446 0.03893651312500014 0.07856481481481484
0 0.5305331692708334 0.06114380462962964 0.029951182604166723 0.11462732185185182
0 0.7207239187500001 0.34449252314814816 0.040433987343749915 0.1120514958333333
0 0.4215869161458334 0.6072336907407409 0.04268038062499991 0.10174787750000007
0 0.7117378604166665 0.1229648861111111 0.038936513124999905 0.10689968666666672
