0 0.6875433485920377 0.4026524221771965 0.05590234429185745 0.041996684472278493
0 0.5095170747517604 0.057611800148675604 0.05819263973599694 0.03384326460346648
0 0.5141187017461106 0.7497369566138616 0.032643739088267565 0.0514743349239964
0 0.2137668214838633 0.662722049443888 0.02818466912786311 0.07511464867429235
0 0.512940569621964 0.37882974818832815 0.05705465117270501 0.037276625559841424
0 0.5107502067611494 0.4138809463838368 0.06002410300584878 0.03512606751662225
0 0.4658079225073294 0.7372808383656558 0.05603847597299551 0.04442114408371721
0 0.4661905914629227 0.7009178899246402 0.06226633314505499 0.032144005143040846
0 0.655556 0.579918 0.030864199999999994 0.0647541
0 0.722131445170661 0.21255223400835743 0.055979181796175295 0.04861780777884922
0 0.47056805212216574 0.5954625117111325 0.03497940288065846 0.06802777709203903
0 0.46397159686920036 0.48287438837101326 0.03442803733290296 0.07321690060359295
0 0.5710055871709746 0.972441395847842 0.02878193202773941 0.0584314898634757
0 0.5052509851529089 0.8852618470025715 0.059725846472471006 0.03811232870995388
0 0.612963 0.6 0.05432099999999997 0.05245900000000004
0 0.612963 0.557787 0.05679009999999999 0.03852459999999998
0 0.563272 0.657377 0.05123460000000006 0.04262289999999994
0 0.46229054035880474 0.8006535947712419 0.053121385728502654 0.05518054216222015
0 0.5414899934361478 0.7284013989220389 0.02654325555555558 0.07975299784407779
0 0.4829544089983593 0.9833543662255795 0.027576695024072742 0.03726482374013358
0 0.5906871501726807 0.7450846028148226 0.046842126156166876 0.04427810869221445
0 0.4599370612442508 0.3943890853244759 0.026627935124667212 0.08196721311475409
0 0.46957485986174996 0.8638789306341297 0.03245508027650022 0.05912683873174022
0 0.6047843495303723 0.8053387859281608 0.02741992354879306 0.07808809834618581
0 0.487469238413486 0.6134628435256617 0.044454191076952115 0.07526367685453048
0 0.4636398094000433 0.16914725337935002 0.03005198180636773 0.07873166522864539
0 0.584568 0.525 0.03580250000000006 0.06311480000000007
0 0.29940976603996877 0.38240584908836034 0.05846072737835863 0.024428113048680245
0 0.327316572414535 0.4310518264473731 0.028548220995723475 0.07828707534554805
0 0.4984946654375136 0.16598353975409835 0.05401781662334842 0.0440754859217716
0 0.5918839785324047 0.9151849457423146 0.03688079626368271 0.06733181214764328
0 0.6720623242154199 0.019398676651807972 0.02582610136487122 0.039504063160209976
0 0.36454193821861924 0.2835432350664884 0.04715731468235043 0.04362203616407517
0 0.5065925583716614 0.6609912520956106 0.05731166907662934 0.05485238276902744
0 0.5028368199961695 0.021665579841738725 0.043653545116237875 0.04176615322782583
0 0.8392120832184898 0.022331313972550514 0.03274436643697962 0.04654239272999209
0 0.451543 0.304918 0.06111110000000003 0.032786899999999966
0 0.4009073855952537 0.519029137461623 0.031845744448806855 0.06545791577361992
0 0.4481696656714812 0.9362834386942391 0.027569326770488702 0.08428872459730696
0 0.5799626670902929 0.8632312421006109 0.05516861667877024 0.05296521644165871
0 0.0240741 0.730738 0.0308642 0.06639339999999992
0 0.7765042800618965 0.8898536937754054 0.024768239876206796 0.08586721244918907
0 0.5146050189623174 0.5293939069252473 0.04774200489523656 0.06375227686703092
0 0.2284796315159222 0.11455696201013159 0.027330463031844415 0.03895052402026314
0 0.37891013744318025 0.37751348262437945 0.053928292853492585 0.04214436229865353
0 0.3146701388888889 0.033299180327868855 0.031828703703703706 0.06531762295081968
0 0.369126473240663 0.897819713424454 0.044158348104611764 0.058430028492381415
0 0.33513484872569277 0.17343277281362132 0.06040375139087584 0.036586223879546895
