0 0.5481478125 0.04718351998148148 0.04139659374999998 0.013186071111111117
0 0.62059253125 0.11466533777777778 0.03300544375000006 0.06282782851851855
0 0.4731864375 0.3589958240740741 0.031327159375000115 0.05196869999999999
0 0.5352817812499999 0.15848983333333333 0.027970681250000004 0.031026122037037036
0 0.2673226875 0.9787423018518518 0.021257725000000012 0.014737429259259182
0 0.489410125 0.8651091500000001 0.04699078437500006 0.05119311555555547
0 0.4424192500000001 0.9077700796296294 0.034683637500000114 0.029474763888888825
0 0.44577509374999996 0.8732539222222222 0.049228406250000016 0.03955830796296301
0 0.44820194079412506 0.051840414442402914 0.030950249661749987 0.02405129388480582
0 0.33613062500000007 0.897299311111111 0.029089537499999808 0.06437918666666663
0 0.44857268749999996 0.19533293333333332 0.046990784374999886 0.0318018011111111
0 0.5489870000000001 0.834470914814815 0.05090660000000001 0.04576355129629635
0 0.32909319218369115 0.4449327864985168 0.02244780608634116 0.03161896364360596
0 0.5984954374999999 0.9368573351851851 0.04810955000000009 0.039558307962962794
0 0.3012917862780259 0.4894218965021957 0.031017119431052127 0.0781092012548679
0 0.5724824374999999 0.25660940370370366 0.0453125 0.03025044296296305
0 0.43346821874999997 0.2403208055555555 0.0458719281249999 0.048866078333333327
0 0.46397975159997445 0.5980328973883225 0.04200196569994876 0.05324851263076282
0 0.549452375984595 0.39902607463067863 0.02498453009418995 0.03861480129419827
0 0.775270375 0.20464070370370369 0.02461420312499989 0.07058442999999993
0 0.40689606250000004 0.17943231666666667 0.03636192187500006 0.05739826425925927
0 0.6852045312499999 0.9806812629629631 0.054822506249999965 0.009307836611111498
0 0.83680565625 0.23799386296296296 0.021257725000000012 0.0721356935185185
0 0.43514659375 0.12862708796296296 0.03356478124999995 0.044212193148148136
0 0.34340237500000004 0.8367978574074073 0.05594136250000001 0.03490432814814837
0 0.45976125 0.41716938888888894 0.04475307187499998 0.04731481481481484
0 0.6863237499999999 0.7134689537037037 0.022376581249999934 0.03335306462962967
0 0.399119468100402 0.2567577983228626 0.022825120049195863 0.06312461775683645
0 0.75289325 0.8468815907407408 0.05370374062500005 0.033353064629629454
0 0.70198646875 0.26746910000000007 0.03915897187500003 0.05352005814814818
0 0.4975210625 0.12630005074074072 0.01957944062499995 0.06593045018518519
0 0.46507550000000003 0.4563403777777778 0.0453125 0.0542956425925926
0 0.5618539375 0.19029106666666665 0.04755012187500007 0.03878262888888891
0 0.4092355332602275 0.40611536882017685 0.04887186027045504 0.039948185692979726
0 0.6474438124999999 0.14336423333333334 0.03748068750000009 0.053520058148148135
0 0.4035393125 0.9267736018518519 0.027411253124999983 0.07523831518518528
0 0.44577509374999996 0.5707494925925924 0.05258488437500007 0.044212193148148116
0 0.5446082727265914 0.2291728108119327 0.025900708384691797 0.057032850719209605
0 0.49360515624999995 0.2321769796296296 0.0453125 0.04653913574074072
0 0.665625 0.07665829333333334 0.027970681250000004 0.061276565000000005
0 0.2779511875 0.9349183740740742 0.042515450000000024 0.05429564259259276
0 0.3473182812499999 0.14220123518518515 0.03804011562499999 0.03412874370370373
0 0.61220065625 0.8011177555555556 0.03859954375000001 0.04576355129629635
0 0.4105328437499999 0.9760273777777776 0.040277737499999945 0.01861563537037017
0 0.3118723983715205 0.7765440504819417 0.021970584243040867 0.07629551533241294
0 0.37640799999999996 0.31323198888888887 0.05034726250000006 0.042660929629629626
