0 0.492901 0.465984 0.026543200000000024 0.06311480000000007
0 0.3089509999999999 0.602869 0.02654319999999999 0.040163900000000086
0 0.573148 0.486475 0.024074099999999935 0.040163900000000086
0 0.5613291215373205 0.5840874528181661 0.05555560000000003 0.032786899999999966
0 0.5176293646119617 0.4498307264090829 0.022839500000000016 0.07622950000000002
0 0.565432 0.615164 0.05308640000000005 0.040163900000000086
0 0.462037 0.0106557 0.045061699999999934 0.0196721
0 0.516975 0.547131 0.03765430000000005 0.048360700000000076
0 0.4089778824761156 0.5403174419278224 0.03489944597129524 0.05126571279615364
0 0.455104230701697 0.29356266443404977 0.024224204478035197 0.07150874400451826
0 0.56821 0.645492 0.05617279999999996 0.031967200000000036
0 0.3942119724763338 0.6598984669929908 0.03503215504733241 0.04249866601401842
0 0.520679 0.647541 0.04876539999999994 0.03114749999999992
0 0.485185 0.556148 0.023456799999999976 0.05
0 0.5045653260600707 0.6162138059245207 0.05506704787985865 0.03970328815095871
0 0.537654 0.505738 0.029629599999999933 0.07377049999999997
0 0.5778060576517036 0.8779368371879164 0.051908715303407106 0.03292317437583279
0 0.49653643492562055 0.4028977288434803 0.05384153014875892 0.05158124231303945
0 0.551852 0.915574 0.06172839999999999 0.027868900000000068
0 0.7741591399304191 0.5649931626513353 0.024521220139161522 0.07165347469732952
0 0.7685512367491166 0.845449805943347 0.05692972124067531 0.03649423622777031
0 0.471583024574663 0.50786820854863 0.029673050850674034 0.08426448290274
0 0.5366726808598351 0.012599175602444534 0.03383956171967012 0.025198451204889068
0 0.477778 0.0290984 0.04197530000000002 0.045082
0 0.652469 0.49344299999999996 0.028395100000000045 0.07377049999999997
0 0.4171325509019326 0.7136896351865261 0.05338999819613488 0.0463910296269478
0 0.593827 0.840984 0.05679010000000006 0.03770489999999995
0 0.49382699999999996 0.9409840000000002 0.04567900000000003 0.04426230000000017
0 0.546914 0.45655700000000005 0.03703699999999995 0.07213109999999993
0 0.507099 0.896721 0.04629629999999999 0.04262289999999994
0 0.191667 0.022541 0.027777800000000016 0.0434426
0 0.541358 0.8397540000000001 0.03703699999999995 0.07295080000000005
0 0.6564367665663308 0.39506458900538727 0.025956462941150765 0.0735677460464577
0 0.421914 0.446311 0.04259259999999998 0.06639339999999996
0 0.394136 0.823361 0.03888889999999997 0.06639339999999992
0 0.525309 0.969672 0.039506200000000075 0.06065569999999991
0 0.340123 0.0188525 0.029629599999999933 0.0377049
0 0.373765 0.8856560000000001 0.05740740000000002 0.03852459999999998
0 0.674691 0.689754 0.05185190000000002 0.04344260000000006
0 0.258951 0.05286890000000001 0.029012299999999974 0.07786880000000002
0 0.935185 0.401639 0.058024700000000116 0.03770490000000005
0 0.32623500000000005 0.288525 0.035185199999999965 0.07049180000000001
0 0.7843627472364001 0.9695750360177838 0.044928434751123396 0.05998654310085143
