0 0.433025 0.322541 0.03888889999999997 0.05491799999999999
0 0.5278316130169214 0.27897511831938554 0.03692887396615736 0.06500056336122892
0 0.523148 0.0877049 0.027777799999999943 0.07868849999999998
0 0.515123 0.0155738 0.035185199999999965 0.031147499999999998
0 0.526852 0.9893439999999999 0.025308599999999966 0.019672099999999894
0 0.62238176157947 0.9791927632093318 0.03177897684106013 0.0416137735813367
0 0.556481 0.0954918 0.040123500000000034 0.05163929999999999
0 0.486728 0.0758197 0.04135800000000006 0.058196700000000004
0 0.576543 0.982377 0.03580250000000006 0.035245899999999816
0 0.520679 0.42254099999999994 0.029012299999999974 0.04508199999999996
0 0.512346 0.48606600000000005 0.05185190000000002 0.05245900000000004
0 0.595062 0.904098 0.034567900000000006 0.03770489999999986
0 0.583333 0.564754 0.023456799999999976 0.03770490000000005
0 0.542284 0.12049199999999999 0.035185199999999965 0.06393440000000002
0 0.494444 0.0315574 0.03827160000000001 0.0614754
0 0.392593 0.973361 0.03580250000000006 0.035245899999999816
0 0.215432 0.373361 0.044444399999999974 0.04836069999999998
0 0.37060343233186566 0.6339763315172532 0.05478726466373138 0.040083563034506525
0 0.396296 0.744262 0.030864199999999994 0.03770490000000005
0 0.57716 0.505738 0.027160499999999983 0.07213109999999993
0 0.537037 0.506557 0.03950619999999993 0.06065569999999991
0 0.574383 0.43770499999999996 0.04629629999999999 0.05409839999999995
0 0.566975 0.941803 0.054938299999999926 0.040983600000000016
0 0.580864 0.0717213 0.030864199999999994 0.07131149999999999
0 0.7175930000000001 0.941393 0.030246899999999893 0.0401638999999999
0 0.72963 0.853279 0.05185190000000002 0.04262289999999994
0 0.632099 0.8901640000000001 0.03209879999999998 0.07049180000000001
0 0.522222 0.893033 0.027160499999999983 0.07295080000000005
0 0.736728 0.734836 0.038888900000000115 0.08770490000000004
0 0.544444 0.793033 0.04938270000000004 0.04672130000000003
0 0.6818894068894069 0.9928264358592227 0.032517482517482536 0.012707784019259455
0 0.5920314253647588 0.31583170927433224 0.054821721488388146 0.03783102143757884
