0 0.472222 0.462705 0.04567900000000003 0.041803299999999946
0 0.64537 0.516393 0.05617280000000003 0.04426229999999999
0 0.478704 0.155328 0.05617279999999996 0.03196719999999999
0 0.668827 0.707377 0.026543200000000024 0.04426229999999999
0 0.516049 0.14959 0.022222200000000056 0.04836069999999998
0 0.507099 0.24877 0.05617279999999996 0.033606599999999986
0 0.654938 0.0754098 0.05061730000000003 0.0393443
0 0.36142 0.985246 0.05 0.027868900000000068
0 0.512037 0.201639 0.05246909999999995 0.05245899999999999
0 0.508951 0.283607 0.05 0.04262290000000003
0 0.550926 0.17377 0.025308599999999966 0.07377050000000003
0 0.355556 0.9573770000000001 0.05308640000000005 0.032786900000000146
0 0.452161 0.556557 0.030246900000000035 0.06721310000000004
0 0.589198 0.193852 0.04629629999999999 0.05327869999999997
0 0.623457 0.24385199999999999 0.03703700000000002 0.06311479999999997
0 0.425926 0.641393 0.05679010000000006 0.03852459999999998
0 0.533642 0.737295 0.05617279999999996 0.03852459999999998
0 0.470988 0.9241800000000001 0.023456799999999976 0.04344260000000006
0 0.453086 0.8450819999999999 0.025925900000000064 0.07213109999999993
0 0.436111 0.320082 0.024074099999999935 0.07622950000000002
0 0.554012 0.988934 0.04876539999999994 0.022131099999999935
0 0.6431050842019855 0.3301970522012844 0.05781426840397105 0.03252460440256885
0 0.651235 0.11229499999999999 0.05679009999999999 0.04262289999999999
0 0.615741 0.163115 0.026543200000000024 0.07213109999999998
0 0.47932099999999994 0.869672 0.029012299999999974 0.07868849999999997
0 0.576852 0.238115 0.06234569999999995 0.028688499999999967
0 0.442284 0.767623 0.03641980000000002 0.07131149999999994
0 0.546605 0.67377 0.05617279999999996 0.04590159999999991
0 0.46697500000000003 0.402869 0.035185199999999965 0.06147540000000003
0 0.453704 0.277459 0.04197530000000002 0.0598361
0 0.580864 0.138115 0.04320989999999994 0.06311479999999997
0 0.483025 0.563934 0.03888889999999997 0.09016390000000009
0 0.446914 0.390984 0.030864199999999994 0.06885249999999998
0 0.7608019999999999 0.572131 0.029012299999999974 0.04426229999999999
0 0.443519 0.710656 0.04753090000000005 0.04754099999999996
0 0.6469139999999999 0.165164 0.03333329999999994 0.07950819999999999
0 0.490123 0.758607 0.04938270000000004 0.05
0 0.693519 0.506557 0.03271610000000001 0.05901639999999998
0 0.494136 0.70123 0.033950600000000046 0.06803279999999996
0 0.716358 0.977869 0.05 0.03442620000000007
0 0.403395 0.138115 0.05 0.025409799999999996
0 0.6734570000000001 0.771311 0.028395100000000045 0.06885250000000008
0 0.405864 0.288525 0.04135800000000006 0.05081970000000002
0 0.4104940000000001 0.588115 0.04074069999999996 0.06147540000000003
0 0.6518520000000001 0.284836 0.04074069999999996 0.06639340000000002
0 0.514506 0.379098 0.04876539999999994 0.056557400000000035
0 0.446914 0.968033 0.039506200000000075 0.06393440000000007
0 0.330556 0.9258199999999999 0.06481480000000003 0.028688499999999877
0 0.49382699999999996 0.10901599999999999 0.03703699999999995 0.06393440000000002
0 0.727469 0.307787 0.04753090000000005 0.041803300000000036
0 0.500309 0.955738 0.035185199999999965 0.06229510000000014
0 0.350617 0.0479508 0.03580250000000006 0.06967209999999999
0 0.433642 0.9196719999999999 0.05123460000000006 0.032786900000000146
0 0.588272 0.432377 0.04320989999999994 0.0647541
0 0.581481 0.640164 0.059259300000000036 0.04426229999999999
0 0.700926 0.8954919999999998 0.024074100000000074 0.07786880000000013
0 0.337346 0.706148 0.04506170000000004 0.054918000000000085
0 0.184568 0.377869 0.03209879999999998 0.05409839999999999
0 0.609568 0.765984 0.04629630000000006 0.054918000000000085
0 0.198148 0.202049 0.06296299999999998 0.03852460000000002
0 0.293519 0.169262 0.03148150000000002 0.06639340000000002
