0 0.599113565117405 0.9922051037528127 0.018125459937061245 0.017598892815815025
0 0.5368344244613894 0.755022488098682 0.03320599978213504 0.07706527774027655
0 0.47809247155652385 0.7372026679524268 0.05537400145243285 0.04198810671809709
0 0.812346 0.555328 0.03580250000000006 0.05327869999999997
0 0.5768364778988138 0.6152561209819994 0.026221975405470742 0.08176585816457733
0 0.5444143298717018 0.2736658705078753 0.033394140256596525 0.034634858984249416
0 0.5323317598644396 0.034353905496624884 0.037369886226095356 0.05585020893603343
0 0.4888344226579521 0.41515991642558664 0.031469377874606644 0.060872709739633546
0 0.5346043617465505 0.9872428799260686 0.03221950211813122 0.02647856030215358
0 0.5249183006535948 0.6784394085503054 0.028897361413701247 0.09000321440051436
0 0.6151990222343259 0.9020815735133398 0.035336644468651666 0.03367034702667942
0 0.567284 0.9811479999999999 0.04197530000000002 0.036065599999999934
0 0.5523421476216412 0.6427432482160077 0.02988400475671747 0.08008630356798452
0 0.43097318338779955 0.8295444177434909 0.04219306677559913 0.03771283600128577
0 0.45156449180585806 0.32522499942944394 0.02773561638828373 0.039713901141112166
0 0.42135681433067057 0.48878977820636443 0.061425804889857175 0.03977820636451309
0 0.6094499339687728 0.23999127187399552 0.027469049999999936 0.0740997449051752
0 0.678704 0.027049199999999995 0.05 0.040983599999999995
0 0.5027535705640281 0.3384161041465767 0.02632534495279592 0.07694471231115398
0 0.5932976943597192 0.19048523882192223 0.04764598179617531 0.035422422356155586
0 0.4408918515674171 0.7908753156219864 0.04535258347857661 0.060808031565413055
0 0.666975 0.06024589999999999 0.05370369999999987 0.040163899999999995
0 0.666379206003389 0.18854468016714881 0.05794601791333825 0.036362905818064915
0 0.6813543426833697 0.14127300916104146 0.04099481463326081 0.05351998167791706
0 0.5203732080004841 0.8972196230633237 0.056445547204066804 0.036161846769527425
0 0.5029805131929315 0.5688484410157506 0.046145001210360755 0.0576583092253295
0 0.42074539020818197 0.19223709283992282 0.041467341103848934 0.06353288600128575
0 0.4464295983175986 0.9824614021938282 0.02654353456790119 0.0370860959337832
0 0.245988 0.638115 0.027777800000000016 0.07786879999999995
0 0.41605236417332364 0.7743931097717777 0.04748841268458006 0.05690258084217303
0 0.246914 0.696721 0.04567900000000003 0.03770490000000005
0 0.4753693297627693 0.8725771427434907 0.039034471677559905 0.053977814898746417
0 0.583850639070443 0.675345706252009 0.04326458968772697 0.06766281443265823
0 0.4663003121883321 0.3526557303921568 0.05112002437666415 0.05449246078431378
0 0.6266549324376665 0.8742607682095789 0.05656573512466721 0.0432820635808421
0 0.6069958847736625 0.6453913532626165 0.039034132171387015 0.06810511089681767
0 0.5678648175744372 0.753447337584378 0.04830570738320022 0.06655437658309231
0 0.483025 0.913525 0.04753090000000005 0.0401638999999999
0 0.5156894220164608 0.5073046132835102 0.04886855596707811 0.05752147343297981
0 0.5385348583877996 0.43575216972034714 0.05310457516339868 0.053841208614593426
0 0.6352880658436214 0.3720668595306975 0.05749213265553134 0.04620700739312118
0 0.66600096828855 0.9292630986820958 0.041757443718228086 0.06890871102539371
0 0.6228304284676833 0.9776317904210865 0.055573710965867815 0.043097074895531925
0 0.4264251997095134 0.38191096110575373 0.047355361897845505 0.052635808421729324
0 0.3629924745462593 0.5607079877212461 0.03836505828537702 0.07380314806348377
0 0.3920055676591624 0.15479347476695596 0.03177196804647787 0.07332851173256186
0 0.24040789155168238 0.27000964320154286 0.058702493343016235 0.03576020572163296
0 0.5229514645364318 0.1422372227579556 0.03767247639796658 0.07513661202185791
0 0.45328007746308396 0.5360012857602057 0.053255870249334286 0.05303760848601739
0 0.525926 0.9536889999999999 0.04074069999999996 0.06967209999999989
0 0.40554647785039943 0.29120459659273545 0.03434398450738319 0.0709177113468338
0 0.5684912854030502 0.8812479909996787 0.05522270636649717 0.06167630986820958
0 0.2669843783224401 0.03769288083413693 0.035203356644880154 0.07046766166827387
