0 0.5830644844616883 0.3444561906600518 0.061191468923376784 0.03153628132010349
0 0.48734600000000006 0.0102459 0.030246900000000035 0.0204918
0 0.524691 0.9118849999999998 0.05555560000000003 0.023770500000000166
0 0.61142 0.990164 0.026543200000000024 0.019672099999999894
0 0.49967047210074506 0.21447468699039335 0.05991755579850991 0.03990382601921336
0 0.58179 0.384836 0.05 0.041803300000000036
0 0.7435527962156281 0.7152170748437777 0.026063976864254303 0.0766180602292991
0 0.5339506172839507 0.949149969641773 0.058756287151348834 0.03976927747419547
0 0.4550444516430911 0.23992735267409074 0.03581326710578408 0.05448549443196482
0 0.592593 0.783607 0.028395100000000045 0.02950819999999999
0 0.47389388908055285 0.06994095109687903 0.03914667816110569 0.06611150219375805
0 0.4893111394872764 0.2657161740883238 0.0317077789745527 0.07077574817664771
0 0.5806717648822912 0.419791597531028 0.038236617183985626 0.05409172363443287
0 0.5053970567776279 0.3919558641949293 0.026842713555255582 0.05932182838985861
0 0.46265400000000007 0.147131 0.05864199999999994 0.033606599999999986
0 0.483025 0.89959 0.029012299999999974 0.07786880000000013
0 0.6246910000000001 0.736885 0.054321000000000036 0.04918030000000007
0 0.4905350775720165 0.9604282620673951 0.02633764485596712 0.07750497586520952
0 0.51821 0.585656 0.029012299999999974 0.06639339999999992
0 0.520988 0.8672130000000001 0.05679010000000006 0.040983600000000016
0 0.49660499999999996 0.581148 0.03888889999999997 0.06721310000000004
0 0.551235 0.753279 0.034567900000000006 0.03114749999999992
0 0.4847738946502057 0.825181966575592 0.035391410699588455 0.0693074668488161
0 0.541975 0.384426 0.034567900000000006 0.07868849999999997
0 0.625926 0.695082 0.055555599999999955 0.032786899999999966
0 0.440123 0.8524590000000001 0.04074069999999996 0.06229510000000005
0 0.5911799461496239 0.21106579467213116 0.03421139229924772 0.0696716893442623
0 0.316358 0.067623 0.022839500000000016 0.07131150000000001
0 0.434877 0.920082 0.05246909999999995 0.03360659999999989
0 0.643827 0.788115 0.044444400000000044 0.054918000000000085
0 0.579321 0.807377 0.045061699999999934 0.05409840000000009
0 0.46018499999999996 0.643443 0.054938299999999926 0.03442620000000007
0 0.737402172278689 0.8013895948323165 0.052356255442622214 0.041482710335367025
0 0.501543 0.688525 0.05493830000000007 0.03934430000000009
0 0.567901 0.62582 0.030864199999999994 0.06967210000000008
0 0.306481 0.589754 0.042592600000000015 0.056557399999999945
0 0.6322359174211248 0.9207040612780814 0.024416965157750378 0.07334497744383736
0 0.279938 0.379098 0.03641980000000002 0.06639340000000002
0 0.353704 0.370492 0.03580250000000006 0.07377049999999997
0 0.348148 0.0663934 0.039506200000000075 0.06721310000000001
0 0.150926 0.261475 0.02901230000000001 0.08032790000000001
0 0.114198 0.22458999999999998 0.03209879999999998 0.04590160000000001
