0 0.7200972807517555 0.5473370597278933 0.04449955020423156 0.04738206922115919
0 0.464732536736805 0.4982367736409524 0.05146135704410124 0.040735547281904705
0 0.48543431589800523 0.5809430034417296 0.032596231796010344 0.06516540688345925
0 0.4641446363303208 0.09051304051305405 0.03596474170230506 0.07291155960391442
0 0.4644508911999193 0.4629708886731139 0.05841614406431866 0.042477394494572634
0 0.5321552489308481 0.1965248758884246 0.05486968449931415 0.04946605235901283
0 0.5411746896760521 0.3390360477062581 0.03582601675244723 0.07012998615267792
0 0.5106468866686851 0.5607048733640059 0.026575167356275464 0.07571358377629875
0 0.5774211995828709 0.374882744449904 0.023547616644801064 0.03997855898512528
0 0.4818851549096781 0.38102470183588694 0.028929929020755495 0.05136909813731184
0 0.5044628691324404 0.15768685544483732 0.05758223790177254 0.0400067334976249
0 0.5093861170190399 0.3821571144503506 0.02976949570255991 0.04240395576003934
0 0.42601543482092424 0.014962385550631912 0.026863898141808184 0.030574838578673727
0 0.5474095825842696 0.9822481619911585 0.027056646095158815 0.03642485594032037
0 0.32155963544850213 0.8321534026453056 0.03243973799533802 0.052992289057663705
0 0.6381044544148265 0.9748452163077762 0.028444913638896303 0.04049686538686184
0 0.6233775170400646 0.39654951248827447 0.03607114401385933 0.03640987502345109
0 0.33169077518147616 0.3533736719904313 0.056694749112488736 0.037641595722226105
0 0.6094882483771373 0.6491254646992352 0.05131699576144018 0.04925402466386071
0 0.45311847754146056 0.4306619901214991 0.06121391205806167 0.03629159537678111
0 0.46161326974703454 0.21307817515625563 0.02569623949406929 0.06386115031251112
0 0.5183353118535786 0.735320220566319 0.05635464339117668 0.046818361572853295
0 0.5490799609782353 0.5308884620538705 0.04322669626938472 0.05985616652521549
0 0.46847989780065613 0.9306257314456037 0.02263616399464727 0.06698423583629474
0 0.5492819207726453 0.9428027320685207 0.02745918522679983 0.04246600390495486
0 0.5302052233787892 0.2479552841172899 0.0420936550203072 0.039465695203400125
0 0.664815 0.811066 0.05308640000000005 0.040163900000000086
0 0.5171224812460053 0.44691115379461294 0.05365492649779661 0.05806941528565689
0 0.32016637524505903 0.30693731091254484 0.05113124569490806 0.05593470766199955
0 0.39680998014331353 0.663332569070274 0.04640421307087974 0.05989911727616647
0 0.5214612063586989 0.9139453078437864 0.06046992277427112 0.03612417619595373
0 0.5999444228610896 0.8238779662959991 0.05165436415436411 0.028473575604723148
0 0.68434380158793 0.9822629517464274 0.02884419682414004 0.03547329650714551
0 0.5097060714344298 0.8579131370113492 0.032992242868859566 0.07484207402269867
0 0.47022587176897174 0.8266678291270206 0.058987528740395395 0.04952962821850277
0 0.687346 0.85 0.04753090000000005 0.05081970000000002
0 0.557605974272641 0.7200791012266423 0.030432530432530438 0.06219190645420153
0 0.4812811717676646 0.017017585990571092 0.05279578874364561 0.03632448372084718
0 0.4135004020806355 0.7863781892468188 0.04798840416127078 0.04881876767167258
0 0.4254079254079254 0.935028086667431 0.060433393766727114 0.034678436317780635
0 0.3229949063282397 0.7859967900951508 0.05072088405421735 0.047288776796973464
0 0.37306828973495637 0.7775421300011464 0.05244755244755246 0.05216095380029805
0 0.5437925481136148 0.841467733681073 0.041656033013899744 0.07162145112919867
0 0.6531575205222674 0.914406488713415 0.06043565380389113 0.03712127714359287
0 0.5601397755719589 0.763295344033016 0.05169662083225408 0.051421463716611396
0 0.575 0.312295 0.04382720000000004 0.06393439999999997
0 0.6020676854010187 0.7367018227673966 0.05417422084088751 0.053593947036569965
0 0.6481514330810375 0.4167506506577478 0.048938833303057795 0.05496075255505434
0 0.4293182961120525 0.1858416762464731 0.05092256010920144 0.06310090311975426
0 0.6601269101269102 0.6990141006534449 0.05201588534921877 0.034965034965034926
0 0.503173834691627 0.08419943569413194 0.038328088437020964 0.0758955676988464
0 0.3198653198653199 0.9764415911956896 0.06043339376672715 0.03783102143757884
0 0.5959512177355369 0.14896194636092722 0.04851503936036613 0.036485984225122406
0 0.27141068807735474 0.8845867247506591 0.05590088923422259 0.051301157858535
0 0.17195767195767195 0.34153005464480873 0.03086419753086418 0.07611241217798598
