0 0.6340141051184233 0.03464960548265672 0.027473299856938322 0.07212061595370435
0 0.46255248144969 0.1527722579909238 0.026519050241085165 0.08001799721030042
0 0.78858 0.00696721 0.05246909999999995 0.0139344
0 0.415741 0.252869 0.030246900000000035 0.040163899999999995
0 0.492593 0.0180328 0.04074069999999996 0.0360656
0 0.48209899999999994 0.0459016 0.029629599999999933 0.0442623
0 0.5424418304363376 0.39287952886969674 0.02622843912732468 0.06669904226060643
0 0.630795490751338 0.5176002729543375 0.027022381502675785 0.04831454590867519
0 0.574074 0.420082 0.023456799999999976 0.035245900000000004
0 0.5011854817026969 0.3317067892897348 0.028492936594606163 0.08084832142053053
0 0.551235 0.454918 0.05061729999999996 0.03442620000000007
0 0.5219598276519366 0.27887504287799897 0.0499070446961267 0.03569281424400201
0 0.47716 0.987295 0.027160499999999983 0.02540980000000009
0 0.6821967199279394 0.7134701839302047 0.024362984665924754 0.06113393031731507
0 0.596605 0.526639 0.04259259999999998 0.03852459999999998
0 0.528395 0.9877049999999999 0.025925900000000064 0.02459019999999991
0 0.516358 0.510656 0.05864199999999994 0.03114749999999992
0 0.6207401289792296 0.5703299877928656 0.04289424530016432 0.049799462956448375
0 0.421605 0.293443 0.05555560000000003 0.02950819999999999
0 0.452469 0.254098 0.034567900000000006 0.04262290000000003
0 0.464815 0.340164 0.03580250000000006 0.055737700000000015
0 0.45452247917130295 0.03869696756490537 0.025093758342605785 0.07739393512981074
0 0.358025 0.9893439999999999 0.05061729999999996 0.019672099999999894
0 0.429938 0.116803 0.03271610000000001 0.035245900000000004
0 0.3838817006278811 0.4027772041124323 0.0270228012557622 0.08588300822486447
0 0.557407 0.017623 0.05185190000000002 0.0319672
0 0.6488406852447942 0.5762487595493563 0.023253298084565065 0.05273712524097654
0 0.5958166919541144 0.11121681832477309 0.058300383908228684 0.03718783664954618
0 0.328086 0.797951 0.027777799999999978 0.07295080000000005
0 0.8089452156228474 0.2650444416009991 0.027788168754305242 0.04532141679800179
0 0.376543 0.139344 0.05061729999999996 0.049180300000000024
0 0.5117269046773167 0.41169012383205517 0.03950849064536651 0.05858745233588974
0 0.4421026698047475 0.7846092979226764 0.03431396039050499 0.07340490415464712
0 0.7786253818258889 0.40947202212411177 0.048746551284904384 0.03585813698022937
0 0.60679 0.057786899999999995 0.03580250000000006 0.06967210000000001
0 0.573148 0.49754100000000007 0.03888889999999997 0.0606557000000001
0 0.419753 0.181967 0.03333329999999994 0.07213110000000003
0 0.526543 0.554508 0.05555560000000003 0.04672130000000003
0 0.3947874499947014 0.01928865724688665 0.047599899989402866 0.03529871449377331
0 0.502469 0.668852 0.027160499999999983 0.07049180000000001
0 0.4738250410639538 0.23059874762541335 0.05219096063159006 0.05734187011890524
0 0.183025 0.023360699999999998 0.03148150000000002 0.045082
0 0.4652636505007154 0.45874196520614924 0.04672504380861557 0.04996827572996548
0 0.7136158882186192 0.551646189500809 0.03252554884226143 0.068873947600788
0 0.358025 0.111885 0.04938270000000004 0.051639300000000006
0 0.7681727019525249 0.1159270893213959 0.03525919609495054 0.0615875213572082
0 0.6641709864475706 0.13801628428375431 0.04449732710485868 0.06003313143249141
0 0.441975 0.931148 0.04938270000000004 0.04754099999999996
0 0.709259 0.90082 0.04074069999999996 0.05901639999999998
0 0.633642 0.9102459999999999 0.05246909999999995 0.048360700000000076
