0 0.5375649640616005 0.46672047068079514 0.03630180812064216 0.07044935043319468
0 0.3790059489541355 0.3900874883207339 0.026866244482824785 0.07517200373736518
0 0.6310369587938974 0.5142616555168606 0.029424835050854 0.07442411103372128
0 0.6199153564458478 0.2323617622222869 0.057452360590312036 0.037853419910898856
0 0.6743795133659567 0.4804169395820946 0.03519157326808676 0.04900172083581072
0 0.36333116742473465 0.12238588273963595 0.03434512206442032 0.04694112330005341
0 0.5487407407407408 0.311344262295082 0.032395061728395076 0.05455737704918033
0 0.7371425829975053 0.5802471757411026 0.028945180067805328 0.048203516520852814
0 0.462320987654321 0.4129180327868852 0.03851851851851851 0.06596721311475412
0 0.2493411014010265 0.7288404862773992 0.028783465113053106 0.04075336157671759
0 0.5324741408074741 0.9878858366563285 0.0575519964408854 0.027388864274110265
0 0.43892524521179493 0.02686018324499774 0.0445171570902565 0.0539257981018119
0 0.530052045570268 0.6740463004629236 0.05804341733512438 0.0360066091310627
0 0.5971099269784883 0.2648771510933815 0.03333096506808763 0.04765594153102526
0 0.5227723405616325 0.6369447039836914 0.045416746625727596 0.042257708315637445
0 0.47400992472654 0.5149665646373057 0.047041150546919965 0.04547717072538859
0 0.547079895093712 0.4894674254650471 0.04253822043113929 0.06880149494606307
0 0.5192346395061729 0.22918041434426228 0.05822207901234572 0.04524572868852458
0 0.6131645039323866 0.4859443353329652 0.030461292135226747 0.07237282933406948
0 0.32063989347959065 0.9905624799069562 0.05791864804248694 0.017973283547481983
0 0.511472474523444 0.5366941843264249 0.05106515777841745 0.044423573927630994
0 0.5817914368120239 0.3064942449236663 0.03584027783309286 0.07786575137795348
0 0.47682330499087217 0.08727143069250995 0.0514896875522139 0.034586519444102064
0 0.5621475860967184 0.41947900016775674 0.053483427806563066 0.04137029966448643
0 0.5911030078711699 0.37118526987174044 0.054600739199130194 0.06243707089102178
0 0.5431111111111111 0.1403934426229508 0.025283950617283973 0.07645901639344262
0 0.47724647169113554 0.9834037104526658 0.023283956617728876 0.03319347909466857
0 0.38526568187075966 0.896831834946832 0.045840563741519263 0.04284496989366427
0 0.482716 0.785246 0.027160499999999983 0.07704919999999996
0 0.6906863685792874 0.6165590758515247 0.02782575321435436 0.07580905461649538
0 0.3361424199368845 0.6490236039049548 0.030309139873768865 0.0636216078099098
0 0.45765878096939877 0.04702428785693742 0.04371582399517313 0.06454462860840626
0 0.43510018382748034 0.4156606869808035 0.04214433234503927 0.07195672603839291
0 0.5042098895061728 0.3735904086065574 0.0397284209876544 0.06101688278688527
0 0.4160157989845199 0.5654741621655482 0.030566751675941906 0.06798143019196466
0 0.480556 0.19262300000000002 0.04753090000000005 0.03934430000000002
0 0.39912134356578804 0.9839167035888347 0.053609164720275874 0.030527248560035525
0 0.5034707018626814 0.02629112661469247 0.04244131232401996 0.05403675330334031
0 0.305556 0.545902 0.034567900000000006 0.07049180000000001
0 0.519136 0.781557 0.05185190000000002 0.041803299999999946
0 0.444444 0.137295 0.03827160000000001 0.06803280000000002
0 0.5161726922839507 0.34383592254098355 0.05654291543209875 0.06314725491803277
0 0.4708291671254588 0.9191774769642592 0.06017683425091752 0.0350758539285186
0 0.355864 0.787705 0.05864199999999994 0.03442620000000007
0 0.6038024691358025 0.13763934426229507 0.051259259259259234 0.06439344262295082
0 0.8576618053990109 0.6239451983476638 0.0328245892019783 0.0734207033046723
0 0.741358 0.827459 0.05432099999999997 0.04672130000000003
0 0.6719183777905713 0.4096534443217532 0.03177892918825555 0.036464792321413274
