0 0.36566265885416677 0.16396157037037037 0.04269870624999991 0.11444070500000002
0 0.41461618698446906 0.2678406480939345 0.1043529624893953 0.05759183001583473
0 0.407712258486114 0.34531777572161976 0.0799557366736052 0.08876240114935285
0 0.40330490104166655 0.06146844907407403 0.09551015859374996 0.08048570648148157
0 0.391719586380529 0.5541764553979649 0.09621085041602555 0.0785042568892554
0 0.5381445494791667 0.2620529018518518 0.05505881015624989 0.11192544037037029
0 0.5053987858228449 0.5271842312621808 0.09294592424985643 0.09531333239389342
0 0.4887030416666666 0.33939491111111114 0.05955352578125002 0.09809194518518514
0 0.39375554166666665 0.417995012962963 0.06292438046875001 0.08928882583333343
0 0.5061197916666667 0.11931769444444443 0.08764458828124996 0.09557683398148142
0 0.28925504166666666 0.009983483125000019 0.11685951171875028 0.019966966250000037
0 0.11902305729166679 0.25073467129629634 0.0752844843750001 0.10186468870370373
0 0.13756294010416667 0.314243799074074 0.049440597656250064 0.10815269685185193
0 0.12744928385416673 0.4984807194444444 0.08539741250000006 0.08928882583333343
0 0.07760625078739801 0.32676689937624376 0.07784955808521292 0.08792520810433925
0 0.10967703926542503 0.5324250046793372 0.0784207905790975 0.07429700393218899
0 0.7308501119791665 0.921658574074074 0.04944059765625018 0.05281871611111131
0 0.03296868940275353 0.9619027694332388 0.06593737880550705 0.0761944611335223
0 0.7308501119791664 0.8361435657407409 0.0741608054687499 0.11066780805555528
0 0.3261921119258538 0.6338485399704723 0.10779308369143775 0.05975915493954587
0 0.2763326432291668 0.20420365648148148 0.07753184218749994 0.10689506453703701
0 0.6040126548785831 0.5102000892864903 0.10310521732616683 0.07087923457516773
0 0.17071083072916676 0.07593037685185185 0.09326298281250006 0.06413710009259259
0 0.25891771354166687 0.1809381490740741 0.06517173828125007 0.09306156935185186
0 0.2066674635416666 0.046377474999999994 0.09551015859374996 0.07294021944444445
0 0.13322986604657996 0.8050979366827635 0.058106199677673116 0.1023315031159541
0 0.0020830303471009635 0.36493875682784943 0.004166060694201927 0.05635431511754266
0 0.19430754166666667 0.7814380175925926 0.05730616796874995 0.05659145962962932
0 0.30877249178627053 0.8033931219426524 0.06209547319829234 0.11077350296654724
0 0.3204318937573977 0.4756298084173649 0.04776318800603754 0.11235387992452989
0 0.4443183619791667 0.1337796222222222 0.10337572890624998 0.07419785175925916
0 0.07182963541666669 0.19603065740740735 0.10225205000000012 0.05784909194444444
0 0.19910764146640533 0.6817064090070056 0.052199955869272806 0.120234836152655
0 0.45892636979166673 0.22495451296296295 0.07640816328124984 0.09306156935185186
0 0.22441322740463754 0.1487616652287814 0.07574940743030822 0.09333818659771295
