0 0.6203462064186229 0.5147088672881419 0.028442787162753835 0.0394338654237161
0 0.5214696131360637 0.9932126178029317 0.05953077372787251 0.013574164394136556
0 0.6004748288698956 0.6291877457860445 0.04984173194048746 0.03576070010508617
0 0.5869012987542763 0.3630679717904404 0.03603675992116599 0.06736593277700964
0 0.48440339178618635 0.07753465788957767 0.025596883572372678 0.04359381577915532
0 0.5183353855054301 0.40293955628312583 0.04937768345864669 0.03326793538148652
0 0.6308820352030229 0.9095458275786146 0.03714506800926544 0.028423307111831646
0 0.5708590397570833 0.013604187542752682 0.0286789362065902 0.030286612530958833
0 0.570062 0.744262 0.026543200000000024 0.04918030000000007
0 0.6077086122266845 0.294415366383567 0.0535475234270415 0.039255382184475565
0 0.4602125099595039 0.18214790970955638 0.05847727110717396 0.037547247777154416
0 0.5796052590460964 0.03554959925993632 0.04937816651567635 0.05686400468805282
0 0.5651430531060161 0.9856470639257524 0.028319942517473492 0.03183710642727039
0 0.5441780841504573 0.017634758597711995 0.028306057474020815 0.03578839057671895
0 0.4966530813185031 0.12436826800243508 0.06217761571498919 0.04148458484911379
0 0.4871437853893994 0.4347960064094662 0.028404344193817883 0.077776408233699
0 0.5737986770786851 0.22639765145664623 0.06112642986761856 0.04567398407070904
0 0.3817293129560788 0.5458894509110854 0.05759787048510718 0.03321348040709366
0 0.5670872337539004 0.8642586921275446 0.031203364536697847 0.07476130426950102
0 0.5458755745794329 0.930754183213235 0.026766750841134154 0.06963903357353021
0 0.5798907882241215 0.5484184531315678 0.04392212725546061 0.062263556116015126
0 0.543827 0.19959 0.03209880000000005 0.04672130000000001
0 0.5340851630974992 0.6318412625788146 0.04373217459639129 0.06040322515762923
0 0.4803549130707427 0.9806594519711161 0.027271979123391552 0.0366073070994883
0 0.5454062460091875 0.15414625945482271 0.03896069201837488 0.044357118909645464
0 0.5640035974912947 0.6100094229192938 0.02663034854384298 0.07464277669188725
0 0.4461459322570433 0.34415720891130724 0.05460588793922127 0.043610760823875556
0 0.6902297956219526 0.3815952610552418 0.023731714908185465 0.06715801074528174
0 0.5239276404400127 0.5241066962379152 0.026962593320671163 0.0845732075241699
0 0.6347033424194919 0.9789247961379999 0.030919520425893382 0.04181177459883794
0 0.5334716327002216 0.5887609738020176 0.04446779848053182 0.05415078324926431
0 0.5247677545532331 0.2585822106800844 0.05546387972130545 0.043215387112481726
0 0.5547019977651346 0.3365320759085522 0.03417716227130751 0.0639885049674106
0 0.5452755462013295 0.43917066560529633 0.06012950272238048 0.04273895462379154
0 0.6257279291870487 0.6898907103825136 0.03435825762869795 0.04974739663882869
0 0.5170906123382417 0.3672375811327276 0.055451490926669664 0.05108586738099944
0 0.42503755960546086 0.9856470639257524 0.05544450976549742 0.031403417468991245
0 0.46683549772466265 0.05589498603698056 0.0521888954493253 0.04785547207396111
0 0.44231802435127465 0.14141727030118187 0.04986717129801313 0.0450343118566527
0 0.42129402501721047 0.6035100876074105 0.03025154996557894 0.07166762478517885
0 0.5597682020519604 0.8014609522803698 0.05533810410392083 0.04062580456073986
0 0.4855491312282368 0.611254849779319 0.03238385213675215 0.07005019955863813
0 0.5758718261803012 0.952422891357413 0.05297755236060247 0.04255108271482607
0 0.40324842486106 0.8517797561581544 0.03183940839801191 0.07682559050041997
0 0.5046976744544932 0.18939647785932137 0.03711627899799027 0.0705970557186428
0 0.5062632840410618 0.9387197501951602 0.055171166282277376 0.045937668888488596
0 0.3997093023255814 0.09840831109416699 0.05760120585701976 0.03431185665268777
0 0.3582082702280967 0.5745322688768358 0.052778925145715735 0.05759034676092388
0 0.07870370000000002 0.277459 0.020370400000000004 0.06311479999999997
0 0.6929928794124371 0.975323098273918 0.03481977802926375 0.05195593720183889
0 0.46013657124768237 0.9028403290698374 0.03165558721114276 0.07085810364498878
0 0.505556 0.773771 0.044444399999999974 0.06393440000000007
0 0.27913444580111246 0.7226926079385096 0.03323836657169992 0.07386056566384434
0 0.24951482297178132 0.7817149792559899 0.04047585405643739 0.06279944148802025
0 0.620955492677308 0.15210178701792243 0.03769652660903045 0.07012226566084971
0 0.7329022143836956 0.9242995923323791 0.04507152655300803 0.05833116488854184
