0 0.36052029765491167 0.4227349361518551 0.027160499999999983 0.032786899999999966
0 0.4878492972059779 0.2696369199172485 0.046523805588044156 0.04433306016550321
0 0.501235 0.483607 0.05432099999999997 0.04590159999999991
0 0.557407 0.251229 0.05185190000000002 0.031967200000000036
0 0.557407 0.4704920000000001 0.05679010000000006 0.032786899999999966
0 0.7318802055644161 0.6004392501372657 0.0348514383602103 0.035296886030276864
0 0.595679 0.407787 0.03333329999999994 0.04672130000000003
0 0.535802 0.429098 0.03703699999999995 0.06967210000000003
0 0.604321 0.614754 0.03333329999999994 0.03934430000000009
0 0.525926 0.847541 0.04074069999999996 0.03770489999999995
0 0.461728 0.46024600000000004 0.024691400000000033 0.06639339999999992
0 0.5323556709522121 0.28903643517530786 0.06471154190442444 0.032171070350615755
0 0.560185 0.504918 0.05493830000000007 0.0393442999999999
0 0.4478603989647942 0.6159284826672681 0.034044693239411644 0.07726531876617779
0 0.7491759430681079 0.21776203603223782 0.05696738848130435 0.03745420074123463
0 0.573765 0.21311499999999997 0.05740740000000002 0.03770489999999998
0 0.5495481176442791 0.01695232965722802 0.0545454446689113 0.031982861275394146
0 0.52716 0.884426 0.04938270000000004 0.03934430000000009
0 0.486111 0.402049 0.06111110000000003 0.02704919999999995
0 0.506481 0.354098 0.040123500000000034 0.08360659999999999
0 0.475 0.314754 0.04629629999999999 0.04426229999999999
0 0.500617 0.0184426 0.04938270000000004 0.03196720000000001
0 0.400617 0.531148 0.03209880000000005 0.06557379999999993
0 0.520988 0.9450819999999999 0.03827160000000001 0.036065599999999934
0 0.48056864882745587 0.5803458123774413 0.04938270000000004 0.041803299999999946
0 0.434877 0.5558260618872067 0.040123500000000034 0.06147540000000003
0 0.521605 0.211475 0.03827160000000001 0.07377049999999997
0 0.46358 0.680738 0.05432099999999997 0.04672130000000003
0 0.581173 0.445902 0.05740740000000002 0.04918030000000007
0 0.488272 0.956148 0.03950619999999993 0.05327870000000016
0 0.55463 0.679098 0.05617279999999996 0.035245900000000004
0 0.373457 0.195492 0.03827160000000001 0.06803280000000002
0 0.633642 0.89959 0.05617280000000003 0.03852459999999998
0 0.397222 0.0864754 0.05370370000000001 0.04508199999999999
0 0.633025 0.802869 0.05 0.03360660000000008
0 0.765432 0.345492 0.04197529999999988 0.056557400000000035
0 0.373457 0.0319672 0.03580250000000006 0.0409836
0 0.6589510000000001 0.9700819999999999 0.025308600000000105 0.0598361000000001
0 0.353395 0.259016 0.05740740000000002 0.0393443
0 0.437037 0.938525 0.03333329999999994 0.06557379999999993
0 0.6543210000000002 0.0606557 0.05185190000000002 0.04262289999999999
