0 0.36882699999999996 0.346721 0.05864199999999994 0.036065600000000024
0 0.488272 0.378689 0.028395100000000045 0.04754099999999996
0 0.447531 0.327459 0.029629599999999933 0.03852459999999998
0 0.461728 0.351639 0.028395100000000045 0.06721310000000004
0 0.564506 0.19221300000000002 0.025308599999999966 0.040163900000000016
0 0.656616993978774 0.4082108896390566 0.047260412042451794 0.05570852072188668
0 0.6329867879575481 0.1186367558239862 0.028156811782542736 0.040264595916019545
0 0.643519 0.447951 0.035185199999999965 0.04344260000000006
0 0.588272 0.956557 0.05308640000000005 0.032786900000000146
0 0.552161 0.658607 0.024074099999999935 0.06803279999999996
0 0.58858 0.319262 0.031481499999999954 0.07295079999999995
0 0.617593 0.773771 0.022839500000000016 0.06557379999999993
0 0.497222 0.322541 0.025308599999999966 0.06803279999999996
0 0.49642134055000686 0.4370234150211825 0.031571245935636066 0.07732543004236503
0 0.4537903280482731 0.9209244302357708 0.04678194620613118 0.05629076008473006
0 0.604321 0.982377 0.05432099999999997 0.03360659999999989
0 0.540432 0.260246 0.04382720000000004 0.0598361
0 0.469136 0.11229499999999999 0.04814809999999998 0.05409839999999999
0 0.417284 0.988934 0.03580250000000006 0.022131099999999935
0 0.551852 0.764344 0.028395100000000045 0.0647541
0 0.528086 0.744672 0.025308599999999966 0.08442620000000008
0 0.537963 0.354098 0.05370370000000001 0.0393443
0 0.6165592630843391 0.8231350291812488 0.03682182616867804 0.05938475836249774
0 0.603086 0.569672 0.03209880000000005 0.06229509999999996
0 0.547222 0.707377 0.05123460000000006 0.04754099999999996
0 0.657099 0.586066 0.027777799999999943 0.057376999999999935
0 0.6574490279199611 0.30495484370510223 0.028311844160077586 0.0720574125897956
0 0.557716 0.584836 0.05987649999999997 0.03852459999999998
0 0.56358 0.282377 0.044444399999999974 0.056557400000000035
0 0.602469 0.244262 0.05679010000000006 0.0393443
0 0.555247 0.8758200000000002 0.03271610000000001 0.07459019999999991
0 0.559877 0.931967 0.05061729999999996 0.040983600000000016
0 0.396914 0.9491800000000001 0.05555560000000003 0.040983600000000016
0 0.599383 0.9065570000000001 0.03209880000000005 0.06885250000000008
0 0.461728 0.292213 0.04074069999999996 0.0647541
0 0.562037 0.515574 0.05246909999999995 0.05245900000000004
0 0.573148 0.387705 0.05246909999999995 0.05081970000000002
0 0.49321 0.690984 0.05679010000000006 0.040983600000000016
0 0.419136 0.909836 0.028395100000000045 0.0803279000000001
0 0.504938 0.606967 0.04691359999999995 0.048360700000000076
0 0.269753 0.0282787 0.020987700000000026 0.054918
0 0.505247 0.802869 0.031481499999999954 0.07295079999999995
0 0.490432 0.9295079999999999 0.026543200000000024 0.05573769999999983
0 0.40463 0.0217213 0.03641980000000002 0.0434426
0 0.0527778 0.815164 0.05740739999999999 0.041803299999999946
0 0.541358 0.07622949999999999 0.04814809999999998 0.06229509999999999
0 0.4976175005414771 0.5500431406384814 0.03573749187784272 0.028760425654299756
