0 0.5703507277036165 0.009823030852401089 0.028866227705797578 0.020903089659387128
0 0.5928013152277866 0.9931022549526667 0.028412576551904035 0.016105225675363592
0 0.5121072431515922 0.30412298599873355 0.04238859746728133 0.043973826778301556
0 0.539613255479213 0.22534177961536236 0.03711951704837932 0.05849792718530962
0 0.7346333376957641 0.35103979609569597 0.02791955677703622 0.0422869721369403
0 0.4858983426122235 0.10624020180733361 0.033437831671247094 0.06882055306725367
0 0.4995913445487742 0.9887726757388594 0.05978084593983654 0.0247630841029785
0 0.5939449461239803 0.2066558535596362 0.03969811979234826 0.055899901523489545
0 0.4056309216192937 0.410908311094167 0.025660350272753363 0.0707682043461685
0 0.3921726959517657 0.5089592070148685 0.042886879127189206 0.05861608844834159
0 0.6241955864806121 0.9471081532671439 0.026169772961224153 0.0764602115908569
0 0.4370065000218121 0.08732549383073626 0.058674693539240076 0.0356253258413949
0 0.13139019300991134 0.9602285846224892 0.025430359937402194 0.05079658277534068
0 0.6430340223944875 0.5251620282119711 0.027095894343956303 0.042889820815859736
0 0.455247 0.815984 0.026543200000000024 0.07622950000000002
0 0.4141037386031497 0.15611423275212882 0.02944640753828031 0.07356774604645776
0 0.5321221511109223 0.7770092297839274 0.046386485179522055 0.05253954043214528
0 0.4357248840969155 0.6789014814245251 0.049537131806169095 0.06186873715095005
0 0.5072853861613552 0.3559855127716356 0.052397358598909004 0.05432710636675562
0 0.7175930000000001 0.9077870000000001 0.024074100000000074 0.07622949999999984
0 0.2749658552261589 0.6688951317520713 0.045392464047561656 0.04871803989900786
0 0.5016329313809934 0.5416031261913838 0.057242319839219034 0.034788410217308434
0 0.5115878362997862 0.16381000904680532 0.04169367259957252 0.06860311809361058
0 0.4954630720237316 0.22316515090077044 0.0530035335689046 0.055899901523489545
0 0.17418408507517416 0.49383217010225616 0.026280405818359623 0.07344586917708165
0 0.5398508048684727 0.09558014250130337 0.059329058151201854 0.040549151364189316
0 0.537037 0.9102459999999999 0.05308640000000005 0.04672129999999984
0 0.587346 0.9536889999999999 0.04753090000000005 0.058196699999999865
0 0.6024516860794834 0.4687771534495742 0.023120882955983062 0.04083878815964774
0 0.573332460847184 0.1501766784452297 0.05343977664354576 0.03852169379597983
0 0.6577125994732363 0.06009096521606905 0.03025310105352704 0.0732607695678619
0 0.5340723895670318 0.9610134219002539 0.05339930015649453 0.05442201327637979
0 0.5674481821270813 0.7482328169649571 0.04832559368746927 0.06166340803128296
0 0.26223700226047647 0.9137612560609559 0.050643366371065916 0.04329254213807424
0 0.36971251973781794 0.03559783288680994 0.04930243947563579 0.059720165773619875
0 0.4927013351719712 0.692342316274377 0.05286972965605774 0.05466006745124584
0 0.4214960803468962 0.8621448810725006 0.05163486069379239 0.04724106214500108
0 0.03956776733349401 0.6869421428825432 0.03441257598885943 0.06916539241136521
0 0.46785341679707876 0.9460863541907183 0.05238219440097368 0.05368275225121217
0 0.1448744258770644 0.16490765171503957 0.03208573569171635 0.07028850728837753
