0 0.7419291458333334 0.7525710574074074 0.0496778052604166 0.058465355277777714
0 0.4613772432291666 0.07231861907407408 0.040124432760416676 0.03950363666666666
0 0.5960800843749999 0.3010450185185185 0.053499278072916684 0.029232725833333324
0 0.4960880776041667 0.14421547685185182 0.04840408416666655 0.056885252222222196
0 0.4266664088541666 0.12841377157407408 0.03311860562500009 0.06952636583333333
0 0.48717151406250003 0.5910011101851852 0.04840408416666655 0.05135474694444442
0 0.5767436155706148 0.6143497901391173 0.02374187223497953 0.08366466036991338
0 0.46710873020833343 0.2820833962962963 0.04267197812500013 0.06399586055555552
0 0.28686765156250005 0.32198164907407406 0.05795745666666683 0.03950363666666663
0 0.42312835468641935 0.05833102420125677 0.033825386252161256 0.04471147858769872
0 0.6135954260416666 0.3437086685185185 0.05923128093749999 0.03397313138888888
0 0.7677234166666665 0.8572561379629628 0.05923128093749999 0.029232725833333428
0 0.2900527281249999 0.9425834379629628 0.02866032385416647 0.07189666499999987
0 0.5040492213541667 0.44286295462962966 0.05413608703124992 0.036343334166666776
0 0.5489498244791666 0.18450892407407407 0.05222545380208329 0.05214484666666666
0 0.43080587343750004 0.2627265796296296 0.032481693489583324 0.06004555472222224
0 0.5050046411458332 0.724919012962963 0.04458271453124999 0.053724949722222255
0 0.4913109786458333 0.40493971018518515 0.0566837355729166 0.03950363666666669
0 0.4495944203124999 0.46814479629629624 0.04713025989583339 0.0553050527777777
0 0.27253738645833336 0.20426093518518518 0.04203506598958337 0.028442626111111112
0 0.45660014427083334 0.9437690212962964 0.05222545380208329 0.0331830316666667
0 0.4444995359375 0.33304227407407405 0.05222545380208329 0.04582424166666662
0 0.5208116771227721 0.5148196270304429 0.060912236537210875 0.0409643032539292
0 0.5428995203124999 0.2611458018518518 0.03885060848958345 0.06162565777777779
0 0.855615846875 0.9880134490740741 0.045219626666666575 0.020541918055555764
0 0.4309830698311087 0.20015323626734668 0.04620028472933235 0.05144985421519611
0 0.6569040067708334 0.1951753185185185 0.02993404494791664 0.06873636249999998
0 0.5015017791666666 0.683044787962963 0.0503147173958333 0.045824241666666675
0 0.518697271875 0.30697004351851853 0.051588541666666585 0.05372494972222221
0 0.3712561880208334 0.4910573990740741 0.0496778052604166 0.04898454416666664
0 0.3967326734374999 0.36109047685185186 0.0356661509895833 0.0703164655555555
0 0.5311177291666666 0.13038897268518518 0.05095162953125 0.029232725833333348
0 0.26393964010416665 0.5123892240740741 0.036303063124999826 0.05688525222222227
0 0.4670043408159453 0.09946444862320672 0.04955147136752499 0.05427508778745747
0 0.4941772380208334 0.6380109351851853 0.057320647708333304 0.03950363666666674
0 0.6839725145833333 0.9244122046296297 0.03311860562500021 0.033973131388888675
0 0.5811132166666667 0.22519756574074073 0.04012443276041656 0.040293736388888925
0 0.5107361281249999 0.08653993212962963 0.04967780526041672 0.0616256577777778
0 0.37091474498127547 0.6779737668060045 0.02743340212078221 0.07202447324163883
0 0.44991323749999995 0.7304488435185186 0.03757688739583334 0.06794626277777777
0 0.5097807083333333 0.20702633240740737 0.057957456666666594 0.03555323444444443
0 0.47506987395833333 0.7577066574074075 0.03311860562500009 0.06715616305555569
0 0.41042530416666667 0.8576513324074074 0.03757688739583334 0.03318303166666681
0 0.4607406406249999 0.4239013324074074 0.05540991130208338 0.03792353361111109
0 0.7498913213541666 0.9899884574074074 0.026112675312500024 0.01817171527777772
0 0.4664721276041666 0.1521155101851852 0.04904099630208343 0.056885252222222196
0 0.5145578072916668 0.7869394796296296 0.05477299916666674 0.03713343388888891
0 0.41870526510416656 0.9030803796296296 0.05668373557291654 0.045034141944444384
0 0.5384412385416668 0.651441762962963 0.031207869218750104 0.060045554722222186
