0 0.410185 0.9938520000000001 0.030246900000000035 0.01229510000000014
0 0.6401463191586648 0.1629857316332726 0.053155006858710614 0.04136308439587128
0 0.421296 0.00942623 0.017901199999999947 0.0172131
0 0.475926 0.432787 0.05308640000000005 0.02950819999999999
0 0.552161 0.868033 0.04629629999999999 0.05901639999999998
0 0.46821 0.746721 0.026543200000000024 0.07377049999999997
0 0.18858 0.553689 0.022839500000000016 0.03852459999999998
0 0.596296 0.534426 0.04938270000000004 0.03770490000000005
0 0.513889 0.712295 0.024074099999999935 0.07213109999999993
0 0.251235 0.245902 0.025925899999999995 0.0754098
0 0.441975 0.741393 0.023456799999999976 0.07131149999999994
0 0.489198 0.0229508 0.020370400000000066 0.0459016
0 0.567284 0.394672 0.05061729999999996 0.03852459999999998
0 0.394444 0.835656 0.024691400000000033 0.06639339999999992
0 0.5411981118770005 0.28901052753491197 0.055875876245999205 0.02853714493017613
0 0.46327199999999996 0.495082 0.031481499999999954 0.03442620000000007
0 0.523148 0.393852 0.03271610000000001 0.03852459999999998
0 0.562346 0.579098 0.028395100000000045 0.06147540000000003
0 0.57716 0.180328 0.044444399999999974 0.0393443
0 0.620062 0.20983599999999997 0.03765429999999998 0.07049179999999998
0 0.47963 0.171311 0.023456799999999976 0.07377049999999997
0 0.48179000000000005 0.284016 0.029012299999999974 0.0745902
0 0.610494 0.620492 0.024691400000000033 0.036065599999999934
0 0.476543 0.537295 0.05802469999999998 0.035245900000000004
0 0.539198 0.72418 0.040123500000000034 0.06803279999999996
0 0.522222 0.646721 0.030864199999999994 0.07049180000000001
0 0.504012 0.75082 0.03888889999999997 0.05901639999999998
0 0.528704 0.0606557 0.026543200000000024 0.0491803
0 0.466049 0.8770489999999999 0.05802469999999998 0.040983600000000016
0 0.680864 0.638934 0.022222200000000056 0.07131149999999994
0 0.52716 0.8827869999999999 0.034567900000000006 0.07213109999999993
0 0.424383 0.804918 0.05 0.040983600000000016
0 0.203395 0.566803 0.03888889999999997 0.06639339999999992
0 0.533951 0.216393 0.03333329999999994 0.057377000000000004
0 0.487963 0.0848361 0.040123500000000034 0.056557400000000015
0 0.19351900000000002 0.508607 0.026543200000000024 0.06311480000000007
0 0.583642 0.469672 0.03271610000000001 0.06229509999999996
0 0.504938 0.806148 0.05679010000000006 0.045081999999999914
0 0.37284 0.9885249999999999 0.024691400000000033 0.02295080000000005
0 0.463889 0.0381148 0.05 0.051639300000000006
0 0.3 0.8954919999999998 0.024691400000000033 0.04344260000000006
0 0.562037 0.0315574 0.029012299999999974 0.0598361
0 0.6342589999999999 0.584836 0.05123459999999999 0.05
0 0.558025 0.44836099999999995 0.04938270000000004 0.06885250000000004
0 0.365123 0.8204920000000001 0.035185199999999965 0.07213110000000003
0 0.473457 0.92541 0.04197530000000002 0.06557379999999993
0 0.521605 0.961475 0.027160499999999983 0.07704919999999996
0 0.7160489999999999 0.628279 0.03950619999999993 0.06311480000000007
0 0.36821 0.571721 0.04135800000000006 0.05163929999999992
0 0.698765 0.44549199999999994 0.04197529999999988 0.06639339999999996
0 0.642284 0.0729508 0.033950600000000046 0.0721311
0 0.431241426611797 0.0783621736490589 0.021719250114311865 0.033773527625986635
0 0.2932098765432099 0.6411007025761124 0.02116402116402116 0.06674473067915693
