0 0.11011660000000009 0.3504552407407407 0.03600690843749999 0.031420768518518535
0 0.39617196979166674 0.20452322222222225 0.058677996874999985 0.016757757407407432
0 0.49852494999999997 0.2533999259259259 0.03133932822916664 0.031420768518518535
0 0.3758348875 0.41085324074074075 0.03800734624999992 0.02723131851851853
0 0.40650740312500006 0.4153914814814814 0.03267295343750002 0.03281725185185185
0 0.4215104166666666 0.448732537037037 0.02933899843750005 0.019201592592592562
0 0.21180309166666658 0.41451875925925924 0.026005043437499965 0.01291743888888893
0 0.6435537208333334 0.37175153703703706 0.03734053364583332 0.024438351851851843
0 0.5365320802083333 0.3427749444444445 0.06067832666666651 0.018154198148148105
0 0.4691864916666667 0.11479979629629629 0.030005811041666657 0.032817251851851845
0 0.32482528958333334 0.44419387037037034 0.02800537322916661 0.0282786703703704
0 0.5091941677083334 0.07796742592592593 0.052676791458333184 0.018503329629629636
0 0.5698727104166667 0.09978761111111112 0.06067832666666663 0.0153612740740741
0 0.34116128020833325 0.3110047037037037 0.03800734624999992 0.018154198148148105
0 0.3294928697916666 0.2719034259259259 0.052009978854166646 0.01885246111111111
0 0.448181840625 0.43319688888888896 0.04134130125000001 0.03072250555555553
0 0.4605178197916666 0.22128127777777776 0.03800734625000004 0.02932606481481483
0 0.3948389927083334 0.2701579814814815 0.06534590687500016 0.01605949444444448
0 0.5019106621745856 0.4447716982662673 0.03944470184917114 0.02642479420820602
0 0.42351096250000003 0.1842742777777778 0.0506764616666666 0.020248944444444403
0 0.49752467708333337 0.151981 0.04267492645833334 0.03037341666666667
0 0.43684721458333337 0.06784303888888889 0.03734053364583332 0.029675153703703716
0 0.42417745104166665 0.22302672222222222 0.04667569406250003 0.016757757407407325
0 0.49985900729166666 0.418533537037037 0.028672185833333388 0.03421373518518522
0 0.22080554791666676 0.17083333333333334 0.0400076760416668 0.028976933333333302
0 0.3668335114583334 0.4309275555555556 0.0640123896875 0.012219175925925817
0 0.3908379010416666 0.2961671481481481 0.07334744208333331 0.012917438888888823
0 0.6638908031249999 0.12090927777777778 0.04734250666666675 0.022692779629629616
0 0.4012967455754255 0.04455696610196855 0.06176577759914892 0.015254318354970152
0 0.3678005781209428 0.39426486639098407 0.048741896258114654 0.017795467967153367
0 0.5131952593749999 0.17415001851851852 0.039340971458333304 0.014663011111111107
0 0.29481926249999996 0.26073181481481483 0.02933899843750017 0.01536127407407406
0 0.43951424895833335 0.4073619259259259 0.03200614083333318 0.01955068148148153
0 0.3911716854166667 0.08407690740740742 0.0446752562500001 0.030722505555555543
