0 0.34807340208333337 0.9294322296296297 0.04441100249999999 0.06258343148148159
0 0.19800715833333335 0.7054726148148148 0.03796430770833335 0.05632508833333321
0 0.46375766041666666 0.9973488417592593 0.06518385333333328 0.005302316481481529
0 0.6249256104166666 0.809182425925926 0.06661650374999996 0.03844413907407413
0 0.45695181666666673 0.5700244296296295 0.05873715854166666 0.0572191685185185
0 0.5744265979166667 0.6361844 0.051574022500000066 0.053642956851851935
0 0.6070180604166668 0.5154873925925927 0.052290347708333344 0.06973585481481492
0 0.62671729375 0.07069749814814814 0.042978352083333365 0.05990129999999999
0 0.84805516875 0.0346782162037037 0.030084846458333203 0.0693564324074074
0 0.22594302916666667 0.9906435948611111 0.053722998125000004 0.018712810277777745
0 0.506018875 0.29376270555555556 0.037964307708333325 0.07688827814814811
0 0.6474899125 0.27454058148148147 0.04870883770833328 0.050960825370370395
0 0.45659440833333326 0.5311329777777779 0.05802083333333332 0.05274898574074082
0 0.59913883125 0.34919415 0.03796430770833344 0.07510022685185186
0 0.8537864666666667 0.5914814814814814 0.03868051687500002 0.07152401518518518
0 0.46733870625 0.8051597740740741 0.07234698937499999 0.03397384722222217
0 0.5103170583333333 0.1373046722222222 0.036531657291666755 0.08046448981481481
0 0.6159718354166667 0.3934498648148148 0.051574022500000066 0.05990129999999999
0 0.6628898020833333 0.48866607777777776 0.02936852124999992 0.0840407014814814
0 0.6202700187500001 0.7649267111111111 0.06303499375000002 0.05543111722222199
0 0.5747851666666667 0.9924317552314815 0.02793598687499994 0.015136489537037
0 0.5919755791666667 0.24503713518518513 0.036531657291666755 0.0795704096296296
0 0.46089143125000004 0.7340827444444444 0.06088601812499993 0.06168946037037026
0 0.6388935458333334 0.5883521462962963 0.04441100250000005 0.06347751166666667
0 0.5117501729166666 0.9616178074074073 0.06231866854166661 0.06079538018518486
0 0.4394028354166666 0.9777105962962962 0.05658818291666658 0.03755005888888916
0 0.48739534791666667 0.2749877851851852 0.040829492499999925 0.07152401518518524
0 0.5719189375 0.7300590018518518 0.03223382208333329 0.08225254111111113
0 0.42400178541666667 0.4985001962962963 0.034382681666666554 0.09476922740740724
0 0.6786494208333332 0.9562535444444443 0.04082949249999987 0.07331206648148117
0 0.32049609999999995 0.9115517166666666 0.04655997812500008 0.04291443092592599
