0 0.7216049999999999 0.993033 0.027160500000000126 0.013934400000000065
0 0.7696512068614858 0.7489768513005781 0.04925745546992077 0.048129008201459274
0 0.6221439770802112 0.16929777098455415 0.029529215610504686 0.0650811376480622
0 0.5376006008010419 0.26961774714062353 0.0494687477306787 0.0406943834786316
0 0.535802 0.648361 0.029629599999999933 0.0393442999999999
0 0.6 0.232787 0.059259300000000036 0.03770490000000005
0 0.590741 0.136066 0.04814809999999998 0.040983600000000016
0 0.482407 0.990164 0.04753090000000005 0.018032799999999967
0 0.533333 0.09631149999999998 0.039506200000000075 0.06475409999999998
0 0.600617 0.9803280000000001 0.03333329999999994 0.03934430000000009
0 0.554321 0.9729509999999999 0.03703699999999995 0.040983600000000016
0 0.662346 0.11352499999999999 0.023456799999999976 0.07786879999999999
0 0.43874261714836227 0.799748645588932 0.0281024342967245 0.0749080911778642
0 0.282099 0.263115 0.03333330000000002 0.032786899999999966
0 0.3220224077642189 0.39964938879939355 0.02747448797545132 0.07912441959632331
0 0.5643490813209163 0.9233062495996398 0.05448887796331988 0.045740386236141295
0 0.235494 0.259426 0.027777800000000016 0.035245900000000004
0 0.151543 0.77623 0.022839500000000016 0.04426229999999999
0 0.5060103958146007 0.6784064252984934 0.06575660837079852 0.04154704940301338
0 0.5587757814850496 0.7453471310835781 0.026386209098694102 0.08231815136454088
0 0.478704 0.23442599999999997 0.03271610000000001 0.0852459
0 0.35839054663526726 0.3899198730645314 0.04394109327053458 0.05688914612906289
0 0.14349196783879253 0.3438430813986544 0.027723835677585105 0.046702162797308835
0 0.497222 0.0635246 0.025308599999999966 0.06639340000000002
0 0.3516879447816314 0.9719131254477398 0.04307383569185748 0.03286284225338772
0 0.620679 0.103689 0.03765430000000005 0.06967210000000001
0 0.4183239330853494 0.7363426104828011 0.055944233829301394 0.04370767903439775
0 0.7026439166630986 0.9287929046148017 0.04622147945479195 0.06603780490855686
0 0.326543 0.05 0.04938270000000004 0.0360656
0 0.445062 0.0655738 0.029629599999999933 0.0754098
0 0.19321 0.566393 0.03209879999999998 0.040983600000000016
0 0.516358 0.845492 0.04382720000000004 0.06147540000000003
0 0.647222 0.643033 0.030246899999999965 0.07295080000000005
0 0.475 0.952869 0.04876539999999994 0.04344260000000006
0 0.251852 0.865164 0.030864199999999994 0.06475410000000009
0 0.218827 0.963934 0.0450617 0.04426230000000017
0 0.6268519999999999 0.880738 0.04135799999999999 0.056557399999999945
0 0.504938 0.39262299999999994 0.04814809999999998 0.055737699999999966
0 0.327778 0.827869 0.05802469999999998 0.05573769999999992
