0 0.4240843936126805 0.1316407704223396 0.05160103909813769 0.05069456362878575
0 0.36470520333228706 0.8382257669838845 0.027380693335425754 0.07600696603223116
0 0.594136 0.00901639 0.020370400000000066 0.016393400000000002
0 0.561728 0.671311 0.059259300000000036 0.03114749999999992
0 0.562963 0.169262 0.05432099999999997 0.033606599999999986
0 0.556173 0.990574 0.023456799999999976 0.018852500000000084
0 0.500309 0.847541 0.04753090000000005 0.05573769999999992
0 0.383333 0.542213 0.029629599999999933 0.06967210000000008
0 0.495679 0.406148 0.025925900000000064 0.040163899999999995
0 0.543827 0.9295079999999999 0.03950619999999993 0.06393440000000007
0 0.497531 0.352459 0.05432099999999997 0.03442619999999998
0 0.5304040761037875 0.33066143373853846 0.035489047792425184 0.04031703252292295
0 0.574691 0.727459 0.024691400000000033 0.03032789999999992
0 0.7163268126804772 0.8339679921853292 0.0327791746390458 0.07304851562934137
0 0.39320999999999995 0.12131100000000002 0.028395100000000045 0.07868850000000001
0 0.5302914215731196 0.08764575946848065 0.03220050892198028 0.07388878106303869
0 0.515123 0.988934 0.03641980000000002 0.022131099999999935
0 0.652469 0.43770499999999996 0.03827160000000001 0.03442620000000007
0 0.5810003993722537 0.19615840969019174 0.05896593069679858 0.03696909337315925
0 0.569136 0.473361 0.027160499999999983 0.07295080000000005
0 0.576235 0.777869 0.022839500000000016 0.07049180000000001
0 0.601852 0.695082 0.06049380000000007 0.032786899999999966
0 0.48209899999999994 0.638115 0.03950619999999993 0.0647541
0 0.534259 0.145082 0.05 0.0393443
0 0.574383 0.11926199999999999 0.031481499999999954 0.06803280000000002
0 0.566358 0.35041 0.027777799999999943 0.07622950000000002
0 0.529012 0.646721 0.05802469999999998 0.0393442999999999
0 0.65216 0.320902 0.029012299999999974 0.04508200000000001
0 0.384877 0.634016 0.06111110000000003 0.04344260000000006
0 0.516358 0.602869 0.035185199999999965 0.06639339999999992
0 0.6925929999999999 0.531967 0.028395100000000045 0.06229509999999996
0 0.610494 0.9840160000000001 0.030864199999999994 0.031967200000000036
0 0.525 0.9581970000000001 0.03765430000000005 0.06885250000000008
0 0.589506 0.0344262 0.03333329999999994 0.0590164
0 0.564506 0.597951 0.04876539999999994 0.045081999999999914
0 0.538889 0.818443 0.04320989999999994 0.06147539999999993
0 0.370679 0.161885 0.05617279999999996 0.041803299999999995
0 0.392593 0.219672 0.039506200000000075 0.0606557
0 0.395062 0.368033 0.034567900000000006 0.06393439999999997
0 0.437037 0.386066 0.04320989999999994 0.06885250000000004
0 0.47932099999999994 0.026229499999999996 0.031481499999999954 0.0508197
0 0.464198 0.142213 0.027160499999999983 0.05655739999999999
0 0.298148 0.342213 0.043209899999999975 0.05491799999999999
0 0.0271605 0.0282787 0.054321 0.0418033
