0 0.46082603125 0.006314369629629658 0.0925749489583333 0.012628739259259315
0 0.685442075 0.08497050370370374 0.07405995916666666 0.10774125555555558
0 0.2391336395833334 0.9749894885185186 0.04482580630208333 0.050021022962962895
0 0.6786207463541666 0.00477492046296301 0.08185578588541678 0.00954984092592602
0 0.7297815005208332 0.6613863148148148 0.08867695666666649 0.09388888888888876
0 0.8184571942708333 0.9238132703703706 0.09647278338541684 0.07387985222222213
0 0.5972526041666666 0.11036557037037037 0.06723863052083345 0.11235889888888898
0 0.63671875 0.5713449925925927 0.07795779359375009 0.10158477333333314
0 0.6019259558120328 0.4877098352104126 0.0830360571349909 0.08020985658944582
0 0.7691644697053207 0.6121757927964202 0.04693894564144164 0.14921155292567767
0 0.4184362333333334 0.7906750703703705 0.0838046241666668 0.0692622088888889
0 0.8057901401041667 0.8560893370370372 0.09257494895833365 0.06464475333333355
0 0.46716113697916667 0.5851973592592594 0.03897897572916674 0.08003633444444441
0 0.7877620046874999 0.699865737037037 0.03508098343750004 0.15237697222222213
0 0.29029439375000005 0.9949984782407406 0.04190231208333337 0.010003043518518688
0 0.7565790135416667 0.792984737037037 0.09744728145833328 0.06772318222222216
0 0.6240501171875 0.3827973259259258 0.04677464458333335 0.15545540111111095
0 0.6542590838541666 0.8568592259259259 0.09160045088541674 0.07541887888888907
0 0.7327035739583334 0.7206433481481481 0.07893229166666677 0.06772318222222216
0 0.4972179878889226 0.4646117782901478 0.05089255404305592 0.1350773062774827
0 0.5699672895833333 0.865324248148148 0.047749142656250146 0.1416028466666664
0 0.7109501562804024 0.44135103762510985 0.06399969395980042 0.17509528572192723
0 0.38335556562499995 0.18424485925925918 0.0565194674479167 0.12467205111111113
0 0.43402851822916666 0.09882287037037038 0.050672636875000045 0.10774125555555564
0 0.6842069691676133 0.3506916480015309 0.05956602058179191 0.12050940664383421
0 0.3487626994791667 0.9796068032407408 0.03410648536458325 0.040786393518518524
0 0.5076013072916666 0.060185232129629604 0.04190231208333337 0.12037046425925921
0 0.7214983458333333 0.8376195148148148 0.07795779359375009 0.07080142333333352
0 0.5412201489583334 0.7583528814814814 0.08575362031249997 0.08465397777777786
0 0.5056516796875 0.9368957481481482 0.07308546109374998 0.09388888888888898
