0 0.5940554089937237 0.0036778398510241605 0.07856059038554371 0.007355679702048321
0 0.667414325244785 0.6075880301349018 0.06583386547467 0.08281209653218298
0 0.5707549845362131 0.8429164656291255 0.05319162420462907 0.15626850636276032
0 0.37941095833444494 0.9976144805602505 0.047639947737889564 0.004771038879498814
0 0.28148345995568214 0.41907907539738143 0.057956928616650846 0.09348168970778269
0 0.6039694547899853 0.0843925640999548 0.037682771225601756 0.1687851281999096
0 0.46553779345139523 0.48626525030885764 0.07331051977198833 0.0834689582951992
0 0.1978712494139709 0.6588260300661732 0.048759571808095 0.08777514545049346
0 0.6634788616135515 0.3879278577793236 0.08441376913429152 0.08676572663921434
0 0.4259603958333333 0.7322614629629629 0.07485343374999995 0.08305631064814824
0 0.5078282619479618 0.7914867307794514 0.07646122270077563 0.10444595199744842
0 0.3098927727460599 0.36155562493316323 0.07553529390623032 0.1183667052883413
0 0.46272154524411707 0.59036413612509 0.07203501304308624 0.13624752470003318
0 0.2896928967419628 0.23194267686208192 0.04443972720901392 0.17122404636722036
0 0.3645826120367699 0.09941584739561003 0.04342484637548741 0.10193407256552879
0 0.3366707918675832 0.03733642507909117 0.08270707226155048 0.07467285015818234
0 0.6670547032623578 0.005677456955032293 0.04736595110804937 0.011354913910064586
0 0.6917883573598078 0.47894912414471186 0.07638416670444398 0.08865707762862485
0 0.3749346097509939 0.9396520252539285 0.060298964218455826 0.1206959494921429
0 0.14070118377871538 0.8214178733101225 0.04258477887169866 0.09217612767363756
0 0.5603066297817324 0.5075737698684311 0.08237793748574032 0.08448018237377655
0 0.2928253818790542 0.8904349716485029 0.07341363255911286 0.10672589093678295
0 0.42240657381758495 0.05365554891206538 0.0384413152764953 0.10731109782413076
