0 0.5895841671875 0.4558498379629629 0.04020060421875004 0.015805238425925877
0 0.5717687110901041 0.5389002890945619 0.04070312500000005 0.018385696759259277
0 0.38807846250000005 0.5031039351851851 0.04020060421874998 0.017418034722222243
0 0.5574238140625 0.4308515740740741 0.02010034281249986 0.028384923611111144
0 0.637573965625 0.6022902777777779 0.03567808000000004 0.028062395833333337
0 0.5913433562500001 0.5492298148148149 0.041708166562500065 0.017418034722222243
0 0.4712439015625 0.38166175925925927 0.028642951874999944 0.02419170833333329
0 0.5664688625000001 0.6768006481481481 0.02412034624999985 0.015160143518518562
0 0.5993830375000001 0.42698092592592596 0.022612865312499984 0.03032028703703702
0 0.5335546875000001 0.532456875 0.044723209843750195 0.016127805555555493
0 0.5913433562500001 0.36988847222222226 0.03768808171874992 0.02322404629629631
0 0.31798141176378386 0.6869704748936668 0.037693533527567644 0.020016968305851944
0 0.6186837171526868 0.5284415947718584 0.04613860118037382 0.015194076117790629
0 0.570488703125 0.33182681018518523 0.021105302968750076 0.024514275462962955
0 0.46571641718749995 0.5930972916666667 0.05577834140625004 0.01290225231481488
0 0.6436037265625 0.32908508796296293 0.019597822031249972 0.024191708333333343
0 0.7443569859375 0.4958466666666667 0.032160515937499905 0.026772166666666583
0 0.62124224375 0.5082649305555555 0.04824077390624997 0.014192481481481422
0 0.5873925769968307 0.6155418973278999 0.04084287586866146 0.01527512541782288
0 0.6048790843766462 0.5641990273295568 0.05375279530850049 0.013594525853765542
0 0.5056657203125 0.6516410416666666 0.021105302968750135 0.029352624999999986
0 0.5497399952513926 0.5669380846240051 0.018803612690285475 0.027030699340602593
0 0.6534225278464344 0.6143658340576194 0.027174844442868818 0.02640888570783141
0 0.712698909375 0.7040565277777777 0.028140431093749876 0.012257118055555549
0 0.6843068515625 0.5016526388888889 0.02663295015625001 0.02741726157407411
0 0.546871121875 0.32263394212962965 0.02412034624999997 0.011289456018518515
0 0.43154532968750003 0.49165333333333333 0.03467303843749996 0.02354661342592587
0 0.528027203125 0.4505275 0.02663295015624995 0.019353358796296207
0 0.6782770906250001 0.4468181944444444 0.025627908593750113 0.02677216666666669
0 0.5865688796875 0.5969679398148148 0.02412034624999997 0.02515937037037043
0 0.5333031421875 0.6363197916666666 0.048240773906250034 0.016127805555555597
0 0.7801019368268934 0.4408018914250823 0.020971398377463164 0.030418381501687217
0 0.47591878985010005 0.6430883947573844 0.03034757420604984 0.02968521511486057
0 0.6889585529285916 0.5564973629119918 0.04450205741603727 0.01818969007419079
0 0.509434015625 0.32989148611111113 0.028642951874999944 0.025804504629629656
0 0.5808706612124599 0.7012254489794529 0.03451255570008011 0.017274613615168206
0 0.48430879062500004 0.5676153935185185 0.028642951874999944 0.02580450462962955
0 0.5219966281249999 0.6726073148148147 0.04070312499999993 0.013869914351851599
0 0.53204704375 0.6598663657407408 0.04070312500000005 0.012257118055555549
0 0.659484216981073 0.6616750685684168 0.049143236819104055 0.013155494807610753
0 0.5172980667396762 0.5721759346111008 0.03738309378456061 0.018581530231668142
0 0.5868204250000001 0.4924596527777777 0.031657995156250014 0.021288722222222292
0 0.6277750953125001 0.3713397685185186 0.04522573062499997 0.01516014351851851
0 0.5353130625 0.3565025462962963 0.031155474375000065 0.022256384259259274
0 0.6959817466413522 0.5132841653709286 0.031508042170724455 0.02490587112286899
0 0.6265189968749999 0.3848874305555556 0.04371816828125006 0.013869914351851914
0 0.7621955374999999 0.5345535416666668 0.03969808343750015 0.020321020833333345
0 0.8496323625 0.5292312037037037 0.04371816828124994 0.02580450462962955
0 0.6490921007461742 0.6371938537383136 0.03741425691370139 0.016554891632652606
0 0.55390625 0.7011535416666667 0.018090259687500065 0.018063129629629665
