0 0.09675686114763966 0.9547244376967519 0.08938031916305426 0.04517791150461495
0 0.06917080104166674 0.9040169333333333 0.09778545343750006 0.05173950166666638
0 0.14994912291666662 0.37649766111111116 0.06377308437499991 0.09897989833333325
0 0.37341655558240155 0.7293407771726219 0.09193090314396977 0.06365880176586708
0 0.20037360447544508 0.36726771901690825 0.039326764062500054 0.10460381388888891
0 0.15951586041666665 0.9023291000000001 0.06377308437499991 0.10010470888888887
0 0.4128829265589794 0.6555273408181596 0.06032099197212552 0.05831761391923633
0 0.387457875278105 0.491435600867623 0.06009248353182386 0.07034795033694419
0 0.2562387447916667 0.5131586444444443 0.040389677500000096 0.06861111111111114
0 0.3080340694271822 0.15283321175116826 0.04171105208561675 0.09812588760620018
0 0.21850557604166668 0.9756282190277779 0.07971644156250003 0.04874356194444418
0 0.2429527572916667 0.38943360000000005 0.0457040725 0.08660753111111119
0 0.36518349791666666 0.36243787222222223 0.07333913312499997 0.09110649888888879
0 0.5596916635416669 0.577270238888889 0.04570407249999988 0.05511379611111111
0 0.22286824585698248 0.5955822781297591 0.09481857306813168 0.05448173429603761
0 0.1951225135416666 0.6385701500000001 0.08396792312500002 0.0427412916666664
0 0.23669299277911376 0.3028652168018869 0.09270838472489433 0.07078092695178184
0 0.2796596462271688 0.4469080417306201 0.051093284433504256 0.11562959598320441
0 0.11806344166666657 0.5941417111111112 0.091408145 0.055113796111111224
0 0.1658936854166667 0.44398492222222224 0.05101846749999991 0.10122951944444449
0 0.125128085519593 0.5514977824782614 0.09565979875000004 0.04499091277777775
0 0.5299307760416666 0.14592041666666664 0.06058451624999996 0.0967304144444444
0 0.4130137416666667 0.8798342611111111 0.06696182468749991 0.09110649888888879
0 0.11328007291666674 0.6357584666666667 0.09672253999999979 0.043866102222222134
0 0.20150033854166682 0.5007853166666667 0.06483599781250007 0.06636162722222233
0 0.10477745416666663 0.4175518055555556 0.04145259093750001 0.05511379611111133
0 0.1414465041666667 0.9936249134722221 0.10628858874999984 0.012750173055555765
0 0.4480900572916665 0.9653168444444445 0.09884836687500011 0.05286431222222232
