0 0.1846977776528215 0.23291704460815765 0.010738429049832583 0.03127880651608
0 0.23884600507112536 0.5054135850277368 0.014978114232634473 0.01580480377111331
0 0.2281527787264229 0.5186480070069434 0.014157341544709202 0.017398984163695223
0 0.1712669258899851 0.4189678931920681 0.010634838805326445 0.02513767257127555
0 0.22861508325152335 0.42126852557150857 0.012150045036868947 0.03042054136192702
0 0.26594016657588965 0.240541328856983 0.010046939300411525 0.0206067627415265
0 0.22959388616557733 0.21947044983749417 0.01024393811022349 0.033973311546840926
0 0.1602109375 0.14664493796296296 0.012538567708333304 0.02158697101851851
0 0.22924735440091587 0.5350351669383767 0.015189073588023749 0.016401211460589277
0 0.21476204122247064 0.5484240225607044 0.013305628463108803 0.021111838194633598
0 0.17481517134920746 0.2528213108838177 0.007764214593251791 0.013742860454586826
0 0.19365594338371783 0.29114617522565794 0.011970005008986699 0.030640978824593147
0 0.24685572916666665 0.5318022462962964 0.013503098958333333 0.019314672870370416
0 0.2308546785483741 0.2502413590663952 0.014814310497861645 0.0201426464635642
0 0.24104354586979804 0.45030799955219614 0.009078379286986049 0.019706304073101966
0 0.230331226045151 0.15568067372000932 0.01003211354863535 0.029811878828907526
0 0.2568968563470878 0.4013914871155308 0.006842780280280269 0.034971788728619314
0 0.22933173814307165 0.5504920662239623 0.007257001825389094 0.016301810179009984
0 0.1704168761346039 0.3038688593767947 0.014458942123789509 0.0232411580908867
0 0.26696020756582955 0.399377777362859 0.009483944524124243 0.03424860967618352
0 0.1874563060983118 0.5048171773382607 0.012530985710119562 0.01819043452901728
0 0.18523501254820124 0.33625575010875586 0.01114541290324856 0.03003957503909486
0 0.22782793216968494 0.2720085266865707 0.009599471333994015 0.029331920399731568
0 0.21623025754206004 0.21202041633559832 0.013882934847292815 0.019541229783414882
0 0.20722319769828157 0.45665725641307586 0.006244396919520886 0.03359763317381321
0 0.16819580907326542 0.36687337437659584 0.014881754631875962 0.016537942481102373
0 0.23800912930829632 0.5486725257646528 0.010941617926617209 0.020416029223578443
0 0.18083233270942453 0.3184839126928199 0.007042585230248389 0.029316902987719485
0 0.21358196071046553 0.44672618268408565 0.008125258288086752 0.03815198326857699
0 0.2536450315056597 0.1576174397458354 0.012991150289644822 0.022160049737987384
0 0.17637611115048532 0.2656561950385654 0.011371740562027248 0.023144984268077873
0 0.28256152526395606 0.44214454763556704 0.007754196361245451 0.03163167786372667
0 0.20974990507820518 0.42240613233754465 0.010875892968589618 0.021555312959809635
0 0.22284910073686254 0.16146563480483314 0.01237193781914548 0.02656980643848725
0 0.22373856921711463 0.46918334072368123 0.013886617600895957 0.015304751699997083
0 0.23806545545618527 0.46818780507627805 0.014176468682155451 0.015108994800058105
0 0.2398164181059158 0.4211212982484658 0.007299193696466944 0.03429344214486852
0 0.24958854166666664 0.13225373175925925 0.010931067708333261 0.029161375185185204
0 0.21727203097111172 0.43969948431290706 0.005133072358890119 0.018408944273962356
0 0.17473261611916707 0.33205626265241567 0.011545211046457974 0.029749737677663764
0 0.25086975762527236 0.28778836595354595 0.009298343823125983 0.022091934831005883
0 0.2219692566399879 0.4276817828327015 0.012024683257185457 0.02335930117114234
0 0.20929888312541742 0.15690514564001817 0.012876914872988188 0.027362934988889843
0 0.23969660457078074 0.15161809746740032 0.00645066811265617 0.03595420995811899
0 0.2236681192412315 0.39829038097536257 0.013565966132247571 0.019843610014571574
0 0.2076873082801378 0.5295183958107241 0.007003850598922027 0.03518805367908242
0 0.20395710353751242 0.2864939795750636 0.014310194301955311 0.020783460064384415
0 0.20658679018742054 0.12007820876807584 0.01334412795849224 0.025487195056440856
0 0.27618299401033075 0.4583537147840061 0.0074412939150822295 0.03652333439632174
0 0.2255344697460657 0.4912489024026824 0.013838933713532715 0.020874269131659233
