0 0.49563064925831324 0.36858662253438007 0.026588354163922762 0.08051241801010525
0 0.4520866770833333 0.9258898537037036 0.039203937500000015 0.0664207377777778
0 0.392324482095407 0.7320836755997103 0.04958015169081419 0.048380844903124186
0 0.36665663541666665 0.3166064537037037 0.03218233958333337 0.06556926444444444
0 0.4111271979166667 0.2523148148148148 0.056757932291666674 0.056202226666666605
0 0.5079673125 0.890124025925926 0.03276748854166668 0.07663935277777796
0 0.38508887499999994 0.9855109700462964 0.025745890625000042 0.028978059907407257
0 0.48748757291666667 0.9804016106018518 0.031597190624999945 0.0391967787962962
0 0.42399990624999995 0.7108730981481483 0.03218233958333337 0.03491352333333345
0 0.5378086770833334 0.01928810212962963 0.029256689583333242 0.03857620425925926
0 0.335644907966821 0.9804016106018518 0.02516080135030864 0.0391967787962962
0 0.5842337090704741 0.07138792945512783 0.04875266623405174 0.03826543849715174
0 0.20633074999999998 0.20675745925925929 0.029841838541666672 0.03661657388888889
0 0.4555977604166667 0.9769954575462962 0.029841838541666554 0.046009084907407675
0 0.4248776770833334 0.43241763148148143 0.03978908645833338 0.08600639055555553
0 0.5021158229166667 0.25274075925925926 0.02808639166666656 0.07408472500000003
0 0.44594228125 0.1407620425925926 0.0362782875 0.047686662222222245
0 0.5264358091746655 0.42341115233698884 0.05491684066878152 0.047404217974806574
0 0.5863751875000001 0.991045780462963 0.0526620791666667 0.017908439074074068
0 0.5065037291666667 0.3072398314814815 0.05324713333333323 0.04853823944444444
0 0.6954554399760163 0.11005223986023611 0.05155917325758163 0.04495262081746778
0 0.5041633229166667 0.15140649814814816 0.061439029166666735 0.03491352333333332
0 0.4146750643765686 0.8105806806401138 0.04513022562813719 0.06061171387282019
0 0.4912906145833334 0.015030371851851854 0.049736334374999976 0.030060743703703707
0 0.5413197604166666 0.5022444703703702 0.04095938437499994 0.057053700000000054
0 0.41567563288888226 0.655523175925926 0.042129587500000024 0.06386610999999999
0 0.31571321326939333 0.08372724695875342 0.035089195594316 0.07482233444055784
0 0.4697823188381366 0.6554521997627515 0.04448853262070453 0.06821648809491497
0 0.41844132291666664 0.9237601314814815 0.029256689583333242 0.07238157055555561
0 0.40410597916666663 0.17737872037037034 0.04271473645833339 0.05960832777777772
0 0.6232377708333333 0.07178657314814817 0.03861878854166664 0.06982694277777779
0 0.5103077187499999 0.9693316261574074 0.02223509166666672 0.061336747685185045
0 0.6085764582368214 0.34430122267368973 0.052385889848603165 0.06568811962502752
0 0.6613910171116296 0.39247584028402344 0.033222395542670806 0.06913817204952832
0 0.5182067083333334 0.20888614259259258 0.03569313854166681 0.06471768722222228
0 0.48251385416666664 0.9416435648148148 0.049736334374999976 0.0417258294444443
0 0.5498036145833335 0.3127750314814815 0.050906632291666774 0.054499072222222264
0 0.78473528125 0.16247689814814817 0.0280863916666668 0.048538239444444416
0 0.4892421666666666 0.06369684925925928 0.023405389583333342 0.04342898388888889
0 0.21071865625 0.9965807207407407 0.04329988541666664 0.006838558518518522
0 0.5483409791666667 0.19398328148148147 0.04798098229166665 0.04513203444444445
0 0.521994986369357 0.804983261918669 0.048010509552952205 0.03233183579229159
0 0.59076309375 0.025802961481481486 0.04856613124999996 0.03576499666666667
0 0.43219180208333335 0.10286857037037038 0.04271473645833339 0.06727231499999997
0 0.453230828598632 0.6766733660922968 0.04032184782226379 0.07567379925840825
