0 0.29929235632914747 0.2906322093857736 0.028395099999999975 0.04426229999999999
0 0.5586205661950936 0.33356237904207414 0.057982732390187086 0.03434572668331816
0 0.5068297998039527 0.23328648119679166 0.03819200039209453 0.05146003760641667
0 0.494753 0.303689 0.05617279999999996 0.03852459999999998
0 0.554938 0.30123 0.05308640000000005 0.03852459999999998
0 0.44472669385497793 0.007563503205867867 0.02402088770995599 0.015126986411735734
0 0.3987177449266147 0.2290156898613945 0.0355004503788481 0.05276859213396187
0 0.475309 0.24385199999999999 0.023456799999999976 0.05327869999999997
0 0.551543 0.272131 0.05617279999999996 0.032786899999999966
0 0.567593 0.566393 0.05123460000000006 0.032786899999999966
0 0.4613414691715678 0.1939613632871315 0.030402961656864347 0.08256847342573702
0 0.5106116608792984 0.33450200711320627 0.049618621758596895 0.0345772142264124
0 0.4850845122662004 0.15162175473158376 0.030731733163778936 0.06613663547456554
0 0.3836828053118211 0.348184505922395 0.03510258937635774 0.04133488815521007
0 0.56358 0.17013667508618868 0.024691400000000033 0.040983600000000016
0 0.4970765351838605 0.5848270601526772 0.0451783445689609 0.04603489846619296
0 0.507628857468341 0.136885 0.024074099999999935 0.07213110000000002
0 0.37160499999999996 0.737705 0.027160499999999983 0.03114749999999992
0 0.566667 0.785656 0.05679010000000006 0.03360660000000008
0 0.541667 0.603689 0.06234569999999995 0.02868850000000006
0 0.7588512702432046 0.5332354666396961 0.05597414048640901 0.03674443293463733
0 0.5832884559423515 0.529228595314149 0.05811508811529696 0.038264409371702016
0 0.527778 0.191803 0.029629599999999933 0.07377049999999997
0 0.604938 0.723361 0.03209880000000005 0.04344260000000006
0 0.536728 0.142213 0.03641980000000002 0.0729508
0 0.511728 0.796721 0.05308640000000005 0.04590159999999991
0 0.49537 0.717623 0.06111110000000003 0.02704919999999995
0 0.570679 0.819672 0.05493830000000007 0.03934430000000009
0 0.457099 0.931557 0.033950600000000046 0.07459019999999991
0 0.471296 0.9856559999999999 0.05 0.028688499999999877
0 0.4714475050574895 0.7750015761661858 0.02624158988502092 0.06966824766762815
0 0.5312297322087108 0.5281609034229228 0.03877483558257832 0.07482599315415467
0 0.48425900000000005 0.629508 0.04629629999999999 0.04590159999999991
0 0.5167858614488953 0.6692428703686766 0.04203893783447258 0.08415550319425871
0 0.40767378701981666 0.4019417997643003 0.05361867403963336 0.04604252444241194
0 0.5639631146134689 0.9861165444751283 0.05602457077306201 0.02612741104974341
0 0.38410675980501247 0.5121577713325829 0.038759404673342844 0.06834610512207122
0 0.5466490712658295 0.743443 0.03580250000000006 0.06721310000000004
0 0.613889 0.928279 0.03271610000000001 0.03852459999999998
0 0.41203699999999993 0.133607 0.04259259999999998 0.06393440000000002
0 0.410802 0.8450819999999999 0.03271610000000001 0.06557379999999993
0 0.7648149999999999 0.251639 0.023456799999999976 0.06721310000000004
0 0.490123 0.894262 0.04938270000000004 0.03934430000000009
0 0.5907855971440683 0.7608070457837893 0.05776542416150049 0.049482791567579044
0 0.741049 0.9143440000000002 0.03271610000000001 0.035245899999999816
0 0.445062 0.8700820000000001 0.04074069999999996 0.06147540000000003
0 0.663889 0.377869 0.05246909999999995 0.04426229999999999
0 0.48642 0.0881148 0.05308640000000005 0.048360700000000006
0 0.363272 0.57459 0.05740740000000002 0.03934430000000009
0 0.642901 0.179508 0.027777799999999943 0.07377050000000003
0 0.6462960000000001 0.0815574 0.025925899999999925 0.07131150000000001
0 0.925639700115244 0.08728452865862238 0.059831299769511986 0.04018504268275522
0 0.7750531706233774 0.6587630591184126 0.04372155875324554 0.05952288176317453
