0 0.5628602304526749 0.39749362334877647 0.02117522705314003 0.07030142044428607
0 0.537963 0.406148 0.026543200000000024 0.04508200000000001
0 0.435494 0.756557 0.030246900000000035 0.03442620000000007
0 0.430556 0.413525 0.05740740000000002 0.03688519999999998
0 0.564815 0.24836100000000003 0.03580250000000006 0.03770489999999995
0 0.676543 0.271721 0.032098799999999914 0.03688520000000002
0 0.523457 0.576639 0.05308640000000005 0.03032789999999992
0 0.525 0.756557 0.027777799999999943 0.06557379999999993
0 0.649074 0.8782789999999999 0.05 0.04672129999999984
0 0.516667 0.543033 0.05555560000000003 0.03360660000000008
0 0.582407 0.736885 0.024074099999999935 0.07213109999999993
0 0.724074 0.673361 0.027160500000000126 0.03852459999999998
0 0.725309 0.264754 0.028395100000000045 0.06721310000000004
0 0.532407 0.49918 0.04506170000000007 0.04426229999999999
0 0.444136 0.722951 0.03888889999999997 0.06885250000000008
0 0.32592600000000005 0.0241803 0.05061729999999996 0.0467213
0 0.290432 0.8303279999999998 0.03271610000000001 0.06885249999999998
0 0.541049 0.205738 0.027777799999999943 0.07704919999999997
0 0.602161 0.465984 0.031481499999999954 0.05163929999999992
0 0.469136 0.432377 0.027160499999999983 0.06639339999999996
0 0.384259 0.397541 0.03641980000000002 0.06557379999999997
0 0.482716 0.716393 0.04691359999999995 0.05081969999999993
0 0.62963 0.579508 0.024691399999999964 0.0393442999999999
0 0.6608020000000001 0.8508200000000001 0.05246909999999995 0.04590160000000001
0 0.625926 0.06024589999999999 0.028395100000000045 0.06967210000000001
0 0.582407 0.19344299999999998 0.04506170000000007 0.0655738
0 0.559259 0.92377 0.05061729999999996 0.06885250000000008
0 0.46821 0.34959 0.05246909999999995 0.056557400000000035
0 0.458333 0.563115 0.033950600000000046 0.06885250000000008
0 0.585494 0.9102459999999999 0.05 0.0598361000000001
0 0.6277779999999998 0.756148 0.05308639999999998 0.048360700000000076
0 0.567284 0.785246 0.05432099999999997 0.04590159999999991
0 0.408642 0.34877 0.039506200000000075 0.06967209999999999
0 0.548148 0.336066 0.05432099999999997 0.06229510000000005
0 0.580247 0.0295082 0.025925900000000064 0.0590164
0 0.346605 0.743443 0.04259259999999998 0.06393440000000007
0 0.308333 0.0782787 0.048765400000000014 0.06803279999999999
0 0.495988 0.238525 0.04259259999999998 0.05901639999999998
0 0.38642 0.0614754 0.03827160000000001 0.0786885
0 0.434877 0.143852 0.035185199999999965 0.03852460000000002
0 0.495679 0.9106560000000001 0.04074069999999996 0.05737700000000012
0 0.295988 0.519672 0.035185199999999965 0.06229509999999996
0 0.478395 0.022541 0.05308640000000005 0.0385246
0 0.438272 0.970902 0.03827160000000001 0.058196699999999865
0 0.77716 0.42459 0.04074069999999996 0.07213109999999998
