0 0.43201973736003446 0.515221314296607 0.028552825279931075 0.033492571406786194
0 0.508642 0.734836 0.024691400000000033 0.04672130000000003
0 0.535185 0.75041 0.06049380000000007 0.031967200000000036
0 0.427161 0.251229 0.03209880000000005 0.03688520000000002
0 0.603704 0.339754 0.04691359999999995 0.040163899999999995
0 0.574383 0.634426 0.031481499999999954 0.03934430000000009
0 0.6112548988515647 0.3645874214163172 0.053688881596325136 0.027592217784979077
0 0.4228539761197244 0.4034932839401449 0.029601147760551238 0.060227132119710265
0 0.4839578135228252 0.2030453313762867 0.04593737324145862 0.061408384140297395
0 0.5291976904320987 0.705409812295082 0.02999968086419758 0.06655742459016385
0 0.582099 0.990984 0.059259300000000036 0.018032799999999967
0 0.5961529261484352 0.5525068172417079 0.032572126457077286 0.07064400943576063
0 0.49104899999999996 0.986885 0.033950600000000046 0.026229499999999833
0 0.4958299139175998 0.28761416875714835 0.030563072164800444 0.0772298624857034
0 0.403086 0.0627049 0.029629599999999933 0.035245900000000004
0 0.556481 0.823361 0.024074099999999935 0.06639339999999992
0 0.548457 0.022950799999999997 0.027777799999999943 0.0442623
0 0.6908695569910995 0.21035116965306902 0.048765400000000084 0.041803300000000036
0 0.505247 0.022950799999999997 0.031481499999999954 0.0442623
0 0.740432 0.42622999999999994 0.05 0.03606559999999998
0 0.7444869003192848 0.5991191699641982 0.0394207993614304 0.05258166007160347
0 0.5910852713178294 0.6129670224933282 0.04306632213608961 0.05170606176134196
0 0.550926 0.965164 0.06111110000000003 0.031967200000000036
0 0.329938 0.922951 0.030246900000000035 0.03442620000000007
0 0.6406546935902958 0.16383924871330538 0.05697657319839237 0.035455318814334724
0 0.439815 0.363934 0.040123500000000034 0.04426229999999999
0 0.47980458477821475 0.9530176278108226 0.0559048695564295 0.050297255621645026
0 0.4320809476744187 0.311547019919939 0.03700089534883715 0.049323039839878006
0 0.422531 0.0217213 0.05 0.0434426
0 0.40463 0.546311 0.024074099999999935 0.08606559999999994
0 0.578086 0.731967 0.04259259999999998 0.06557379999999993
0 0.4086741361613551 0.2019444184616851 0.03820672767728964 0.07316066307662983
0 0.848457 0.430738 0.025308600000000105 0.06803279999999996
0 0.523765 0.856967 0.035185199999999965 0.0598361000000001
0 0.4400336849770313 0.0836160884483416 0.047294100043066334 0.06770873046130385
0 0.536728 0.22663899999999998 0.05740740000000002 0.03852459999999998
0 0.551235 0.665984 0.03209880000000005 0.0647541
0 0.700562651188135 0.9366205181561003 0.05566479762372991 0.03659516368779935
0 0.4953669123743899 0.09816523926801372 0.04752342474877975 0.05862567853602744
0 0.515123 0.4909839999999999 0.03641980000000002 0.06393440000000007
0 0.6273441770800309 0.8625740134639918 0.05518794583993855 0.043703873072016064
0 0.4339509999999999 0.158197 0.05432099999999997 0.04426229999999999
0 0.4410490000000001 0.207377 0.040123500000000034 0.0622951
0 0.3401342233706575 0.06647922226458254 0.027813666379557844 0.02906976744186047
0 0.5293963321131209 0.5721929376191384 0.03903966422624181 0.07225537523827669
0 0.49791620481809246 0.9318910243000145 0.046448809636184814 0.049028048600029045
0 0.464198 0.0430328 0.04814809999999998 0.05
0 0.5109639678438128 0.5456538314906596 0.045399081251794426 0.05099123141441103
0 0.495062 0.364754 0.05679010000000006 0.03770489999999995
0 0.419444 0.759016 0.025308599999999966 0.06885250000000008
0 0.6550389717269596 0.11934801898589402 0.04177475654608099 0.054746362028211974
0 0.558025 0.123361 0.05679010000000006 0.04508200000000001
0 0.554938 0.291803 0.03827160000000001 0.07377049999999997
0 0.657716 0.762295 0.033950600000000046 0.08196720000000003
0 0.142901 0.077459 0.04629629999999999 0.04672130000000001
0 0.47686979615274194 0.007863133816240946 0.042886879127189206 0.014773160503240566
0 0.6307877198732655 0.9930255331495719 0.019906041734950326 0.012309589438561048
