0 0.516975 0.779508 0.022839500000000016 0.04754099999999996
0 0.603395 0.596311 0.031481499999999954 0.03852459999999998
0 0.524074 0.82377 0.028395100000000045 0.0393442999999999
0 0.5864575691738034 0.6659380933970857 0.03325696165239314 0.03861571320582873
0 0.53858 0.762705 0.025308599999999966 0.040163900000000086
0 0.491282131475658 0.04426230491803279 0.06157736295131607 0.03442620983606556
0 0.553395 0.387295 0.03271610000000001 0.04508200000000001
0 0.527469 0.9536889999999999 0.05617279999999996 0.03360659999999989
0 0.655556 0.24918000000000004 0.05432099999999997 0.05409839999999999
0 0.516975 0.9848359999999999 0.04135800000000006 0.03032790000000011
0 0.574074 0.607377 0.025925900000000064 0.06885250000000008
0 0.781173 0.45245900000000006 0.029012299999999974 0.04262289999999994
0 0.867901 0.0168033 0.024691399999999895 0.0319672
0 0.516358 0.8922130000000001 0.04506170000000007 0.031967200000000036
0 0.642901 0.270902 0.05123459999999999 0.04344259999999996
0 0.531173 0.918033 0.05987649999999997 0.03770489999999986
0 0.584568 0.834016 0.025925900000000064 0.0647541
0 0.33858 0.742213 0.031481499999999954 0.040163900000000086
0 0.525617 0.304918 0.04629629999999999 0.032786899999999966
0 0.532716 0.4368850000000001 0.03950619999999993 0.06065569999999996
0 0.54784 0.8159840000000002 0.035185199999999965 0.06803280000000006
0 0.498457 0.790164 0.029012299999999974 0.07049180000000001
0 0.505864 0.423361 0.04259259999999998 0.05655739999999999
0 0.6398149999999999 0.660656 0.027777799999999943 0.04590159999999991
0 0.501543 0.622131 0.033950600000000046 0.07049180000000001
0 0.477469 0.55123 0.05 0.05
0 0.599691 0.0864754 0.04135800000000006 0.06639339999999999
0 0.675617 0.0766393 0.05370369999999987 0.03360660000000001
0 0.546914 0.570492 0.04814809999999998 0.04426229999999999
0 0.537654 0.627049 0.03580250000000006 0.06885250000000008
0 0.524074 0.20204899999999998 0.04320989999999994 0.07622949999999999
0 0.557099 0.326639 0.04506170000000007 0.03688520000000002
0 0.503395 0.27582 0.035185199999999965 0.0647541
0 0.757407 0.406557 0.04197529999999988 0.05245900000000004
0 0.6462960000000001 0.363115 0.027160500000000126 0.04262290000000003
0 0.33858 0.8 0.03765430000000005 0.06885250000000008
0 0.566667 0.730738 0.028395100000000045 0.0647541
0 0.622531 0.761885 0.027777799999999943 0.06803279999999996
0 0.57963 0.367213 0.039506200000000075 0.0606557
0 0.44537000000000004 0.55041 0.03888889999999997 0.06803279999999996
0 0.645988 0.0377049 0.03271610000000001 0.034426200000000004
0 0.566975 0.0963115 0.04382720000000004 0.06639339999999999
0 0.7151229999999998 0.718443 0.05740740000000002 0.03360660000000008
0 0.512963 0.561066 0.039506200000000075 0.05983609999999991
0 0.454938 0.17418 0.05308640000000005 0.04836069999999998
0 0.536728 0.254098 0.04259259999999998 0.06885249999999998
0 0.680864 0.671721 0.05432099999999997 0.05
0 0.581481 0.77623 0.05308640000000005 0.04262289999999994
0 0.470679 0.0877049 0.033950600000000046 0.05409839999999999
0 0.442284 0.220082 0.05 0.04508200000000001
0 0.420679 0.692213 0.05 0.05
0 0.735494 0.59918 0.04259259999999998 0.05245900000000004
0 0.129321 0.8717210000000001 0.0401235 0.06311479999999989
0 0.105556 0.213934 0.05185190000000002 0.05081970000000002
0 0.449691 0.315574 0.03888889999999997 0.07213110000000003
