0 0.46833064949006975 0.41458778807317653 0.0373948828055108 0.03563791874554528
0 0.6467450705106622 0.01084201576005961 0.021885841021324206 0.020044731520119225
0 0.5238862050456253 0.43098123069612737 0.05725532295580602 0.0389641244951295
0 0.63112607557052 0.3394187779433681 0.06210250654695107 0.0340288127173373
0 0.5308641975308642 0.39807555238774056 0.0597602433351226 0.03682584937039677
0 0.513842124953236 0.31085444610034774 0.02581369248035911 0.07824143070044708
0 0.5487656422839506 0.5540983459016393 0.03827118456790125 0.047422220052268975
0 0.595679 0.0118852 0.04814809999999998 0.0237705
0 0.474691 0.4512300000000001 0.03580250000000006 0.03688519999999993
0 0.4808552513866523 0.4839629365645046 0.05457147969225262 0.034687574245664134
0 0.5187197336151368 0.5211568882810643 0.05622637007514763 0.03779964018769298
0 0.05789750674297744 0.9878992807850216 0.037291406267131545 0.022562094167661507
0 0.5895509035605654 0.45640294606794957 0.06154947217749151 0.056070325492991194
0 0.457716 0.0151639 0.05370370000000001 0.0303279
0 0.5355405910961466 0.16331346249379033 0.058361391694725005 0.040983606557377046
0 0.4857263337001252 0.7505585626395819 0.03337825047414569 0.03511475877880735
0 0.4842873176206509 0.3134624937903626 0.028806584362139894 0.08147044212617982
0 0.37967372503501773 0.11957071955866555 0.024524028245887335 0.05877785470360205
0 0.5087446251028805 0.20553881209637356 0.060700050205761295 0.05042262419274713
0 0.4771922234884457 0.031615169525010506 0.05068044697689143 0.04027953905002102
0 0.44310252281266777 0.766928011404134 0.03811057434245841 0.0746020432406747
0 0.5672838401234568 0.0192623 0.040740519753086415 0.0385246
0 0.5761885273855808 0.784236029345168 0.030011595389127614 0.07268363372882888
0 0.3602643689062995 0.13412128494115172 0.032874237812598885 0.07644006988230351
0 0.6150392817059483 0.22081470442126178 0.05985783763561543 0.03527074018877298
0 0.54900860456416 0.3133383010432191 0.03404414515525625 0.07228017883755589
0 0.6033865357069778 0.7559324336563717 0.023361298683582242 0.08083506928720224
0 0.3857577384147432 0.7658588738417677 0.05510824834496328 0.05203136136849611
0 0.22280856053943127 0.22016523206021021 0.02703671129352749 0.04887754660668714
0 0.36881157251527613 0.9565601368880057 0.030136758531820275 0.08058729370204785
0 0.5407226320942924 0.4794129704680446 0.04934736418858468 0.0637447409360894
0 0.5706135428357649 0.12257824143070044 0.05480733258511041 0.04595131644311972
0 0.6524644056572537 0.9220526348847435 0.031100704791637002 0.043338986244582725
0 0.39855072463768115 0.814207650273224 0.05636070853462153 0.04514136374435737
0 0.621605 0.057377 0.04320990000000001 0.0754098
0 0.42190016103059585 0.6582323592302209 0.05117194489175162 0.062485150867189344
0 0.517658814625609 0.9710586646567427 0.042460148526559764 0.05624332642421953
0 0.3257780401752334 0.0738240622763313 0.06009315773286001 0.051216109123540125
0 0.12470382840753211 0.9260639178671964 0.051544249075113284 0.05492079262571063
