0 0.5181776209389213 0.2470014936583261 0.03576951445743993 0.04568640008628124
0 0.4597793131254061 0.2653579447584124 0.03040888512020788 0.03917194482312336
0 0.38620457209302334 0.0069481449065955 0.04369766029285101 0.01490660763248189
0 0.6072874493927125 0.20948098493396164 0.02474134053081426 0.03268732992632904
0 0.6634403403172553 0.30671478070911173 0.028990694616709615 0.037066054288982055
0 0.7000071777203559 0.20730080060998857 0.024763135228251493 0.07005337399923751
0 0.7112223657766293 0.2992756385817766 0.04037467700258399 0.07481890964544415
0 0.6513970110461338 0.2795845224663171 0.06272804518418551 0.027211787349837403
0 0.5201429499675113 0.3294866264020707 0.030214424951267038 0.07614322691975842
0 0.575096258983367 0.7001080576208424 0.07401451788734068 0.03233882885720311
0 0.5906527972444371 0.3871482832202657 0.027459440642720497 0.04853828675645356
0 0.5065099889678438 0.02316525771063668 0.034927194042492046 0.04516776898589401
0 0.6833855336940837 0.4890781587502661 0.031994732611832645 0.07758148249946786
0 0.4675387596899225 0.10031452535264963 0.05939563594602351 0.036694624475791075
0 0.40188434048083166 0.3163287316652287 0.027940220922677016 0.07614322691975842
0 0.5607594028136664 0.08399256576439192 0.025839793281653766 0.07553373999237514
0 0.5775872335357867 0.636629592535976 0.035727045373347636 0.0714248062832745
0 0.558744380157596 0.8351813712007802 0.028952428998451858 0.06860726445100415
0 0.4374461581467126 0.02748761247617232 0.030447871848980835 0.05497522495234464
0 0.4455003248862897 0.21753666954270917 0.031676413255360664 0.0752804141501294
0 0.6576993110550842 0.23558772753020998 0.04334384128345787 0.06399419800858494
0 0.6117212173413724 0.035979794128860085 0.024763135228251493 0.07195958825772017
0 0.6273073716803621 0.6928996889989985 0.04505577388749953 0.06483580201359979
0 0.5272932816537468 0.08530308806709876 0.03355584266436982 0.06290507052992758
0 0.47182762538041917 0.06064141281929089 0.05548342279643985 0.04074538633244377
0 0.6859751013983169 0.6606370905421433 0.05521009720336628 0.05249551891571344
0 0.5773144176799254 0.4598110654722999 0.049075264640149246 0.05250916905540029
0 0.495679 0.189344 0.039506200000000075 0.06721310000000001
0 0.507820253265055 0.8232301934531654 0.05458298598705888 0.03663486373939178
0 0.6760350918978999 0.8341679405408255 0.05359056806002142 0.05798323757313785
0 0.5237981818903578 0.9223288176690738 0.059148108451431106 0.03716198408096567
0 0.391049 0.509836 0.04629629999999999 0.07213109999999993
0 0.39074099999999995 0.876639 0.028395100000000045 0.08114749999999991
0 0.412963 0.9487699999999999 0.05432099999999997 0.045081999999999914
0 0.358333 0.589754 0.04876539999999994 0.045081999999999914
0 0.41173198392190635 0.09674037361799466 0.04647573930519663 0.05670987418985894
0 0.6360406494382914 0.9264140003162723 0.033543725933865315 0.06799852406304357
