0 0.4318110831648338 0.36639671694571174 0.03279577846821525 0.05457204601514923
0 0.5957365232727551 0.6483555646064555 0.030212407024001246 0.07402504836574687
0 0.2700748785544107 0.00944985414355561 0.0364460534051177 0.01889970828711122
0 0.5756938972068995 0.5583653063597256 0.028748212357353437 0.04204937410378633
0 0.5745520776673424 0.28819847227997986 0.054146269099540144 0.03381557924226837
0 0.545178496529763 0.07909482896338892 0.037906776713677634 0.06648205143407473
0 0.3205246913580247 0.24549180327868853 0.0291975308641975 0.03524590163934426
0 0.5440132392535727 0.3660607852464488 0.026216380284000074 0.07419942580818142
0 0.5012032504244343 0.3595504388364814 0.058596647381694136 0.03863074262951693
0 0.5703337518309269 0.6282995276465685 0.026940782590500062 0.08092525701583772
0 0.4313202090979869 0.6928075616600207 0.03915026137248358 0.04814650716290055
0 0.5188521855188523 0.8485452665780536 0.051829607385162915 0.05361098803721765
0 0.40518125183009235 0.16267362344657685 0.03551119935637558 0.03749833843486723
0 0.47823662128932487 0.5776416332850843 0.03422313483915127 0.0814622816171273
0 0.46139708912294575 0.33487272647683247 0.04854208904053142 0.049464860250826276
0 0.5020753512132823 0.43704070096099495 0.033950617283950685 0.07447710570944038
0 0.581680924360052 0.3249140931077502 0.05192107995846315 0.045744052178861426
0 0.5584741557948807 0.5096306631011898 0.034147622800105075 0.07130953765066085
0 0.3556910569105691 0.2477134146341463 0.027288467329117688 0.07834366253498602
0 0.565315557290624 0.8351574105671244 0.031864714581247906 0.07743292661349871
0 0.4222555889222557 0.7529168512775071 0.03547992436881325 0.06793678924826466
0 0.7092743149653719 0.5657736905237905 0.06373582254341062 0.04078368652538984
0 0.509334906802227 0.1839239794278367 0.029653836843379307 0.0753375120540019
0 0.5227958265341442 0.3095384009280133 0.04788277373947156 0.06095559106130581
0 0.4086308533839395 0.8120146091456211 0.052719385435435445 0.044557401115049494
0 0.49928001185862825 0.056870905154233334 0.0574931707007179 0.04541236678570425
0 0.4018644494834971 0.12021351014325253 0.04420623468242515 0.050640226284254394
0 0.47313988425091763 0.7469908502695319 0.05716812383494607 0.04847879274110175
0 0.5267362894481539 0.6002930106847862 0.04223021172173718 0.06466442698729438
0 0.6917499510092102 0.9256006592072165 0.037233000195963116 0.07394396738659023
0 0.7125563190378209 0.8976644329104866 0.04363123807564158 0.06909996582097302
0 0.664326961369972 0.8252908514013748 0.04769016328156113 0.04666842940243253
0 0.22876143529620746 0.07098419624955772 0.03119726441069367 0.04024649133152494
0 0.4394045274548419 0.03205578831932064 0.05569320034728838 0.03824199308269831
0 0.34041204027227784 0.09932295425645254 0.054222636333048656 0.046740213767742386
0 0.6077451044887398 0.9600937600093179 0.051750981295090225 0.06129342224034
