0 0.4572146196243637 0.4087772383653175 0.04938270000000004 0.03360660000000008
0 0.500926 0.452869 0.029012299999999974 0.04672130000000003
0 0.45932352370545904 0.3459095689942506 0.05906051797437248 0.03772790575324374
0 0.6820899271546428 0.6665311409389326 0.05059985430928556 0.04678388392121829
0 0.6062882699330057 0.29186756561650223 0.0360338398660114 0.06734093123300441
0 0.3900914384559125 0.36494818633167586 0.03710172308817506 0.07338172733664827
0 0.425617 0.388115 0.022839500000000016 0.08114750000000001
0 0.714815 0.010655699999999999 0.029629600000000075 0.0213115
0 0.5270157949651864 0.2960823677433766 0.055845410069627247 0.03898316451324683
0 0.564506 0.604508 0.04629629999999999 0.03032789999999992
0 0.5453600915569599 0.6608539714435553 0.06778429292610144 0.026283666156475795
0 0.5622842431689193 0.6337891383730868 0.05441460417763732 0.041566311863880025
0 0.455247 0.971311 0.03271610000000001 0.03114749999999992
0 0.467593 0.930738 0.040123500000000034 0.058196699999999865
0 0.5005091883023228 0.5797781720379148 0.0281782766046457 0.07267114407582932
0 0.33747882117927575 0.6178231068273639 0.03368445764144872 0.04304268634527226
0 0.439506 0.185246 0.04320989999999994 0.04426229999999999
0 0.5131723339871862 0.6366385980595913 0.05390303202562752 0.0332803038808172
0 0.5471138633023228 0.16520263882371225 0.0650310733953543 0.035167922352575536
0 0.530864 0.12582 0.05185190000000002 0.04344260000000001
0 0.563889 0.0717213 0.05617279999999996 0.035245900000000004
0 0.483642 0.531148 0.025308599999999966 0.07868850000000006
0 0.51821 0.523771 0.04382720000000004 0.05901639999999998
0 0.44537000000000004 0.44098400000000004 0.05 0.03442620000000007
0 0.507099 0.0991803 0.04876539999999994 0.04426229999999999
0 0.429938 0.917213 0.026543200000000024 0.0754098000000001
0 0.8085511648572348 0.6771694200256391 0.0422505460681061 0.060469644137984675
0 0.672222 0.768033 0.03703700000000009 0.03442620000000007
0 0.660494 0.033196699999999996 0.03703700000000009 0.0614754
0 0.40813565573254934 0.5666379583598788 0.02861781146509853 0.07098171671975761
0 0.493519 0.717213 0.05 0.04590159999999991
0 0.642593 0.0192623 0.025925899999999995 0.0385246
0 0.47932099999999994 0.172951 0.021604899999999955 0.06885249999999998
0 0.475 0.688115 0.05123460000000006 0.04672130000000003
0 0.488272 0.771311 0.05555560000000003 0.04918030000000007
0 0.603395 0.884836 0.05123460000000006 0.035245899999999816
0 0.46327199999999996 0.604918 0.04753090000000005 0.05081969999999993
0 0.46018499999999996 0.75082 0.05123460000000006 0.03442620000000007
0 0.521296 0.9020490000000001 0.03888889999999997 0.06147540000000003
0 0.6614199999999999 0.736885 0.05370369999999987 0.04262289999999994
0 0.280247 0.0151639 0.05061730000000003 0.028688500000000002
0 0.715741 0.930738 0.030246899999999893 0.07459019999999991
0 0.567284 0.0213115 0.059259300000000036 0.03442619999999999
0 0.398457 0.857377 0.05493830000000007 0.040983600000000016
0 0.537654 0.8553280000000001 0.05555560000000003 0.048360700000000076
0 0.399074 0.172541 0.035185199999999965 0.06639340000000002
0 0.459568 0.082377 0.05370370000000001 0.041803299999999995
0 0.524383 0.247541 0.030246900000000035 0.06557380000000002
0 0.3757739697545492 0.23926079243065806 0.0675966395090984 0.03425908486131617
0 0.462346 0.860246 0.05308640000000005 0.05
0 0.69537 0.902459 0.03148150000000009 0.07704919999999996
0 0.5838203003247323 0.777377348716106 0.058284799350535314 0.04360560256778798
0 0.355247 0.806557 0.04506170000000007 0.05245900000000004
0 0.588272 0.259016 0.04197530000000002 0.06885249999999998
0 0.65 0.145492 0.05432099999999997 0.04344260000000001
0 0.6794627520493242 0.537751732817963 0.033666595901351605 0.06548093436407423
0 0.397222 0.727459 0.05493830000000007 0.03852459999999998
0 0.625617 0.948361 0.04382720000000004 0.0540983999999999
0 0.19404678008454743 0.4777638823071246 0.044882860169094894 0.0506100646142492
0 0.741358 0.0868852 0.0493826999999999 0.05081969999999999
0 0.848457 0.0741803 0.05370369999999987 0.06639340000000002
0 0.6016324381253291 0.3498174190039624 0.046515710022819026 0.041566311863880025
0 0.6146509858990112 0.4139150027192915 0.06143584342636485 0.03301996736850285
