0 0.492593 0.440164 0.05185190000000002 0.032786899999999966
0 0.571605 0.994262 0.024691400000000033 0.011475400000000024
0 0.4929575859850462 0.4084387661048259 0.05802469999999998 0.03442620000000031
0 0.5811726324074074 0.017622950000000002 0.03271563518518518 0.035245900000000004
0 0.6175448035254739 0.5755714504906487 0.051643135080855475 0.05065806877164645
0 0.569118173139454 0.7387611175363658 0.05929355372109191 0.03559196492726847
0 0.497222 0.471311 0.05493830000000007 0.03442620000000007
0 0.585494 0.5 0.033950600000000046 0.04426229999999999
0 0.523457 0.390164 0.019753099999999964 0.05737700000000003
0 0.509877 0.844262 0.028395100000000045 0.08196720000000003
0 0.572531 0.39959 0.03641980000000002 0.06639340000000002
0 0.587654 0.711885 0.059259300000000036 0.031967200000000036
0 0.451543 0.291803 0.054938299999999926 0.031147500000000012
0 0.608025 0.8762299999999998 0.023456799999999976 0.07049180000000001
0 0.33642 0.296311 0.05802469999999998 0.033606599999999986
0 0.48858 0.246311 0.029012299999999974 0.07786880000000002
0 0.659828552290906 0.7329486386054029 0.027065204581811872 0.06261807721080591
0 0.6419666836376283 0.6016564186561995 0.030620623335072015 0.04120344068344506
0 0.523148 0.806148 0.027777799999999943 0.06639340000000002
0 0.5748306698226395 0.8090741750288617 0.02811726035472089 0.0769338499422767
0 0.598765 0.831967 0.028395100000000045 0.07377050000000007
0 0.5883455684011477 0.9044215997517894 0.03688936319770473 0.0632879004964213
0 0.547531 0.831148 0.025925900000000064 0.09016389999999999
0 0.473148 0.318033 0.04506170000000007 0.05409839999999999
0 0.5989526129021041 0.9697184045312862 0.06013685383411576 0.034703112433618066
0 0.599074 0.396721 0.030246900000000035 0.06557380000000002
0 0.40914603574595726 0.018592717697991226 0.052860771491914475 0.03554603539598245
0 0.6417490301338897 0.8316960713807436 0.02670886026777944 0.06830954276148705
0 0.448765 0.0139344 0.024691400000000033 0.026229500000000003
0 0.38765399999999994 0.609016 0.04074069999999996 0.06721310000000004
0 0.596296 0.536885 0.04197530000000002 0.06393440000000007
0 0.5448095899973918 0.1407351861463865 0.04371412000521652 0.06443042770722696
0 0.5817638327030081 0.4571463818517663 0.06980483459398361 0.029970436296467284
0 0.621296 0.741803 0.04135799999999999 0.05081969999999993
0 0.32701290393844556 0.5454338331678595 0.02933360787689099 0.0728358663357192
0 0.510802 0.189344 0.026543200000000024 0.06885249999999998
0 0.547222 0.591803 0.05617279999999996 0.032786899999999966
0 0.394136 0.260656 0.04629629999999999 0.05245900000000004
0 0.530556 0.643443 0.05123460000000006 0.04754099999999996
0 0.3655972473048166 0.5767144563899791 0.037367494609633116 0.07146141277995853
0 0.6895060000000001 0.723361 0.028395100000000045 0.07131149999999994
0 0.40215999999999996 0.32623 0.05246909999999995 0.032786899999999966
0 0.4888801160450356 0.7985974958150543 0.03705426790992874 0.07329750836989152
0 0.653086 0.436475 0.044444400000000044 0.05163929999999997
0 0.463889 0.14877 0.03765430000000005 0.04672129999999998
0 0.547531 0.19057400000000002 0.044444399999999974 0.06967210000000001
0 0.616667 0.0864754 0.03333330000000002 0.03196720000000001
0 0.560802 0.362295 0.04135800000000006 0.07049180000000001
0 0.662654 0.331557 0.026543200000000024 0.08442619999999998
0 0.316975 0.271721 0.03888889999999997 0.07295079999999995
0 0.522531 0.7 0.05987649999999997 0.04426229999999999
0 0.547531 0.05 0.03209880000000005 0.0737705
0 0.516975 0.331557 0.04135800000000006 0.0598361
0 0.0941358 0.404098 0.024074100000000005 0.03770489999999995
0 0.464815 0.729098 0.05555560000000003 0.03688519999999993
0 0.18449348791322923 0.6464027724652319 0.05170227582645835 0.0567399449304639
0 0.474383 0.0618852 0.04629629999999999 0.0598361
0 0.573457 0.276639 0.04197530000000002 0.0647541
0 0.22991253655933003 0.11019348707580663 0.045010973118660064 0.041699274151613244
0 0.434259 0.8946719999999999 0.054938299999999926 0.045081999999999914
0 0.417284 0.0889344 0.04197530000000002 0.06639340000000002
