0 0.7316992024190062 0.31313348885757825 0.09405495483801202 0.0850985146922508
0 0.48672435000000003 0.9895776884259261 0.07793210499999989 0.020844623148147962
0 0.6036234333333332 0.2204288388888889 0.04572017499999994 0.14899660851851845
0 0.5075067833333332 0.540121512962963 0.05507210166666674 0.1229583542592594
0 0.6020646666666667 0.8872976481481482 0.06754122500000008 0.12585159166666646
0 0.86079805 0.760723364814815 0.07377578666666669 0.09547365777777793
0 0.6389815252001915 0.14327255916242226 0.06240556706704948 0.12682874537885902
0 0.6197278833333333 0.5813475870370369 0.0820884233333332 0.07811476277777779
0 0.4389261 0.27395214259259254 0.04052473499999986 0.14031724925925923
0 0.47009907199074075 0.33115163261993436 0.06130648564814803 0.11560651105642769
0 0.7132471499999998 0.6724826240740741 0.09247947166666665 0.063649105185185
0 0.5804319522212394 0.15307589579827624 0.04713596777581207 0.11879396284789184
0 0.62596295 0.9736648385648148 0.06338473833333337 0.052670322870370385
0 0.45328795767126023 0.44512648698178786 0.09832965377663759 0.061851798659103945
0 0.17239888333333334 0.9526896174074077 0.06026754166666682 0.09462076518518496
0 0.41502781666666666 0.04258715694444448 0.06961930000000009 0.08517431388888896
0 0.35095019797171123 0.041771856956674784 0.04720187886654372 0.08354371391334957
0 0.5812822333333334 0.004253614351851835 0.10287035166666682 0.00850722870370367
0 0.3848927833333332 0.19945401481481478 0.034290173333333486 0.11572561370370364
0 0.5021457914809899 0.037179821387462834 0.10046066796198012 0.05837884000285222
0 0.4908805 0.16184228148148144 0.04260280999999987 0.1330843322222223
0 0.45243485000000006 0.19945401481481478 0.04675929666666659 0.12440497296296298
0 0.5391989 0.19800686666666661 0.04364193166666676 0.16201582388888905
0 0.4716673984737952 0.009316073888888906 0.10185151861425676 0.018632147777777813
0 0.5580814028215184 0.7328826054732402 0.04815538064303671 0.1395794031275938
0 0.4373673333333333 0.608109238888889 0.07065842166666675 0.12874465259259255
0 0.29760858333333334 0.03535428402777783 0.04883737166666672 0.07070856805555566
0 0.6773988833333334 0.02595210074074067 0.09351859333333354 0.05190420148148134
