0 0.5086505734626412 0.1106286074955326 0.037054946925282314 0.06387991499106521
0 0.437037 0.318443 0.04691359999999995 0.0598361
0 0.5824072027777778 0.3533001310251729 0.053703294444444424 0.05241643794965421
0 0.4388232737215494 0.9036146980382256 0.026906391805628708 0.0730984039235491
0 0.353776799328594 0.2297376216008857 0.03117421769644839 0.03293495884158186
0 0.610494 0.0795082 0.055555599999999955 0.04754100000000001
0 0.591049 0.216803 0.04382720000000004 0.05819669999999998
0 0.47431699625241364 0.5028552523133399 0.032584192504827116 0.03849740462668022
0 0.59537 0.166803 0.05864199999999994 0.033606599999999986
0 0.7684570079837341 0.5926013661059747 0.028517784032531655 0.036107867788050724
0 0.42781450105318586 0.33941827532243035 0.04367472500146289 0.04993355268821379
0 0.44321 0.197131 0.028395100000000045 0.06967209999999999
0 0.383333 0.629508 0.03580250000000006 0.06721310000000004
0 0.662346 0.161885 0.032098799999999914 0.0729508
0 0.636111 0.212295 0.03271610000000001 0.06557380000000002
0 0.591358 0.990164 0.05185190000000002 0.018032799999999967
0 0.5203062065414547 0.12459000000000005 0.04320989999999994 0.06885250000000004
0 0.568519 0.0983607 0.025925900000000064 0.0737705
0 0.408333 0.202869 0.04135800000000006 0.05327869999999997
0 0.6988443741267334 0.32589914458861013 0.05663205174653313 0.04656171082277989
0 0.3185829811128664 0.26181906334395155 0.024562837774267113 0.04193507331209698
0 0.5431222082748229 0.3034999353935203 0.024867083450353857 0.07168792921295931
0 0.53642 0.517213 0.03333329999999994 0.07049180000000001
0 0.432407 0.154508 0.04135800000000006 0.0647541
0 0.619136 0.139754 0.04197530000000002 0.06147539999999998
0 0.6447530000000001 0.0692623 0.04753090000000005 0.0598361
0 0.46018499999999996 0.0413934 0.05123460000000006 0.0418033
0 0.5836053819715055 0.2662555627495921 0.03634666394301098 0.05874052549918421
0 0.64321 0.336066 0.04938269999999997 0.0606557
0 0.548220076385232 0.4060991223719991 0.06080736358317238 0.03603477648201379
0 0.476543 0.43893399999999994 0.028395100000000045 0.07622950000000002
0 0.480556 0.023360699999999998 0.05123460000000006 0.045082
0 0.440123 0.517623 0.029629599999999933 0.06639339999999992
0 0.4052482757211398 0.11939633615492191 0.058638848557720454 0.03989592769015616
0 0.767901 0.538115 0.04074069999999996 0.07131149999999994
0 0.47253100000000003 0.921721 0.035185199999999965 0.0663934000000001
0 0.4900194123793224 0.08817302012081424 0.04094807524135507 0.06135885975837153
0 0.3842390152126851 0.7733858976944294 0.059917969574629915 0.04339210461114129
0 0.58858 0.0319672 0.05246909999999995 0.052459000000000006
0 0.2466764612617752 0.7538070846418305 0.05137822252355043 0.04859746928366097
0 0.538272 0.9647540000000001 0.029629599999999933 0.06065569999999991
0 0.212654 0.673361 0.024074100000000005 0.07131149999999994
0 0.28282994174273013 0.0847564631982752 0.054549583485460205 0.044922626396550376
0 0.30179214080363936 0.1385014163779038 0.0529015881487333 0.038434973164478296
0 0.63642 0.761885 0.04197529999999995 0.06147540000000003
0 0.4878898185726406 0.6947848772608967 0.05131646939617343 0.04313202629554806
0 0.583642 0.811885 0.05864199999999994 0.03360660000000008
