0 0.4679582805308229 0.04914373536299763 0.08092027205122913 0.09828747072599527
0 0.803664999066113 0.537531035866077 0.09908090599279831 0.12870397475930248
0 0.5775325108287342 0.05133054988624808 0.06296827407690889 0.10266109977249616
0 0.620553228986902 0.8953791840491999 0.0780190426014426 0.1931517715494446
0 0.2797481867524922 0.9417281175940615 0.0808785419637657 0.11654376481187703
0 0.5212591012712243 0.8547809699099291 0.1075873151138012 0.11910911258754953
0 0.5173102927352784 0.029013113669875922 0.05480299195938668 0.058026227339751844
0 0.5684839474788113 0.5616217798594848 0.09182223156109141 0.15444476971116292
0 0.6980508397634051 0.5008602501413825 0.04827107761359765 0.2060056685089777
0 0.8969892640624998 0.9826722236574075 0.07560634312500032 0.034655552685185324
0 0.4669061873537087 0.5365940796948998 0.10117114448472447 0.16885906933775746
0 0.0946075952816471 0.4737574347697567 0.09939513018859204 0.13546744679321263
0 0.7713856494791667 0.39096704259259263 0.08292307963541651 0.17297807111111077
0 0.4472640844693073 0.3193942991586434 0.10198437576548104 0.151804688177639
0 0.6243757406029542 0.5256506689652182 0.07803075014084868 0.17754548312949953
0 0.15669484951850662 0.11095910125649808 0.09102001206698228 0.14827063090869963
