0 0.6727278529183635 0.4305165086001203 0.041079776678947785 0.06582230567333322
0 0.4472952596362265 0.4598141659366788 0.03369145226651589 0.03550869728444505
0 0.5638405816611387 0.9911149711157328 0.024401266510042388 0.019298696819182774
0 0.406182263688625 0.5665748967588536 0.04806333050607862 0.04974346139406827
0 0.42236423188804145 0.6143739164816449 0.058178153416248705 0.03467258736579581
0 0.5337360912072378 0.5399513098485796 0.03623101758552447 0.05124538030284069
0 0.5226022966197639 0.6080428090772425 0.05701115963124693 0.03454076884530035
0 0.5175287805386258 0.16237808673998755 0.06771891441371047 0.0515321297641281
0 0.5379053805048829 0.985811720088084 0.02734936428966275 0.03193662833374111
0 0.41568870526811796 0.5438616843292454 0.045164989463763995 0.043423531341509204
0 0.5742407711074646 0.17346589342878882 0.03399488639370739 0.06048330617693847
0 0.5047636528525915 0.44058155084155526 0.05956971452621767 0.040217037360748116
0 0.5330410961663418 0.04201896015962037 0.058934693957114995 0.03701462437446076
0 0.5524856384502923 0.07380695054194271 0.038303576900584786 0.03918506354079104
0 0.48886756287343325 0.5566791995588787 0.057982525746866485 0.04450669911775754
0 0.5458449505876327 0.7127248208747942 0.03909882058871095 0.03814832517717795
0 0.44652877986211326 0.6525441771343411 0.06115577544148976 0.029806259314456043
0 0.6094341889441681 0.9888979244922927 0.033130401105583296 0.024651733496452128
0 0.6079176896416106 0.1842118558397316 0.027796438188258495 0.07938703743861103
0 0.566049 0.54918 0.03580250000000006 0.06885250000000008
0 0.5343994480315795 0.14176981226869767 0.05836070393684104 0.04924707546260466
0 0.562053281351527 0.12047023295944778 0.05328135152696553 0.051984469370146676
0 0.44953332148713604 0.528551098416969 0.026858557025728043 0.07756271491678138
0 0.6411690039812422 0.5705394639630195 0.047291592037515436 0.050724372073961105
0 0.6822249530751083 0.46373896320058366 0.04786991803697222 0.056986926401167204
0 0.5818491915857997 0.7930095415742 0.026662283171599566 0.04831408314840006
0 0.46361087550654984 0.3582154924289826 0.03428046366977664 0.06350894756601179
0 0.5979195444397324 0.5653983565917907 0.03996311112053538 0.06428438681641842
0 0.6309901817788119 0.4532960814822762 0.036784836442376095 0.06717923703544763
0 0.28355972507247795 0.4406548726155976 0.031597120427375454 0.03655002378995634
0 0.2874367172928324 0.03375987734402642 0.025313082867039694 0.035676376931241885
0 0.5056944316849965 0.6596193937379197 0.029907163369992943 0.07169828747583941
0 0.4748357522095057 0.038415549827622596 0.05156309558098879 0.056779034644339685
0 0.509781976805786 0.9603958990335207 0.02820645361157172 0.0699715980670418
0 0.49044121477314156 0.2486684651034101 0.04427775173204151 0.06709552465933455
0 0.5463232519273276 0.6713973799126637 0.05485470914874122 0.04527883169876161
0 0.5912741730528086 0.4825724622092525 0.04461285389438314 0.06436387558149514
0 0.5210983884648006 0.3544612689275435 0.0557204787484686 0.03535227130521835
0 0.5168742250256079 0.7411053046030496 0.050407030028572976 0.049753024554370424
0 0.48507462686567154 0.9244250061169562 0.02648793071678639 0.06269880107658432
0 0.5809845095493562 0.027028086825441493 0.04160222023790602 0.05570249798775769
0 0.4944774707214009 0.09408989882853726 0.03155054258199546 0.06722018827130091
0 0.6505349384117742 0.6619103308898275 0.055719723176451554 0.038474538220344995
0 0.15185200000000001 0.233197 0.030864200000000012 0.07786880000000002
0 0.7568638290031323 0.8728131881575728 0.06218905472636803 0.0383839001712748
0 0.2566835420552447 0.13732456657624717 0.030864197530864196 0.07326925344969924
0 0.7311244702413856 0.9401761683386346 0.05078772802653391 0.040983606557377046
0 0.41719706613323637 0.04708754795953958 0.03667333454567503 0.07539373775857905
0 0.6293465955038008 0.8587765767055622 0.04110733732276679 0.07534540768845295
