0 0.413889 0.445902 0.035185199999999965 0.03114749999999992
0 0.163665194246234 0.1030230109790946 0.03171367085740173 0.040607610166942386
0 0.549691 0.531967 0.029012299999999974 0.07377049999999997
0 0.6799379999999999 0.39877 0.035185199999999965 0.04508199999999996
0 0.6830250000000001 0.452049 0.035185199999999965 0.03688519999999993
0 0.487037 0.395492 0.05185190000000002 0.04672130000000003
0 0.48209899999999994 0.54877 0.05308640000000005 0.03688519999999993
0 0.5250853295508274 0.5295865817056156 0.024822774047806594 0.05348815504011174
0 0.419444 0.181557 0.04629629999999999 0.058196700000000004
0 0.570062 0.477869 0.05123460000000006 0.06393440000000007
0 0.540741 0.402869 0.05185190000000002 0.03688519999999998
0 0.585185 0.557377 0.04197530000000002 0.06557379999999993
0 0.585185 0.37459 0.03209880000000005 0.08032790000000001
0 0.592593 0.147541 0.030864199999999994 0.07377049999999997
0 0.580247 0.4467209999999999 0.03580250000000006 0.06065570000000005
0 0.650926 0.189754 0.03271610000000001 0.06639340000000002
0 0.296914 0.9655739999999999 0.035802499999999994 0.06721309999999985
0 0.506481 0.309016 0.05 0.036065600000000024
0 0.47284000000000004 0.216803 0.04938270000000004 0.041803300000000015
0 0.47932099999999994 0.506148 0.05123460000000006 0.04672130000000003
0 0.572531 0.782787 0.031481499999999954 0.03114749999999992
0 0.203395 0.8495900000000001 0.026543200000000024 0.04344260000000006
0 0.632099 0.261885 0.05308640000000005 0.06639340000000002
0 0.606173 0.0922131 0.039506200000000075 0.05327869999999999
0 0.5776990795107737 0.9754833968129519 0.055398559021547396 0.03457439362590362
0 0.261111 0.338934 0.030864199999999994 0.06639340000000002
0 0.982099 0.969262 0.03580250000000006 0.0401638999999999
0 0.220062 0.605328 0.03641980000000002 0.06803279999999996
0 0.634568 0.82623 0.04074069999999996 0.06885250000000008
0 0.260802 0.959426 0.04135799999999999 0.0598361000000001
