0 0.7351982263954095 0.6052297390902794 0.03934098417666496 0.046178711613946016
0 0.552469 0.766803 0.028395100000000045 0.03852459999999998
0 0.5755713289979483 0.4878350382199016 0.03699397231760431 0.07484849164316763
0 0.5735749699290412 0.0073253408916807115 0.040977439858082325 0.016565803585108015
0 0.7188967136150234 0.6314938813207112 0.055425143453312474 0.03232509812976211
0 0.6362308180454597 0.013501608702313464 0.02801719164647505 0.02700321740462693
0 0.40881130430749013 0.5502020899058452 0.027498508614980387 0.07915898034698647
0 0.49032796461007205 0.06837769514689172 0.02673831523652363 0.045536432332413564
0 0.48149947809811755 0.25307078334846816 0.02249577079509047 0.047794293361372635
0 0.4861386138613861 0.015338419087810421 0.05375870920425378 0.030676838175620842
0 0.5287253627896903 0.6403840622995066 0.03308425384448774 0.06118227472843519
0 0.587654 0.768033 0.024691400000000033 0.07213109999999993
0 0.5532762575153871 0.41833167539908234 0.03623264135982443 0.07668559533766661
0 0.4969012837538734 0.956665142707857 0.026314495105995768 0.04408595127685963
0 0.612654 0.394262 0.05617279999999996 0.03770490000000005
0 0.6085755742462249 0.9770246881327149 0.039638974964340205 0.04888315590098638
0 0.551852 0.729098 0.04691359999999995 0.05327869999999997
0 0.064897709023688 0.012115496088455077 0.026379602674170055 0.02442798946011701
0 0.4383075981715437 0.5502318023228027 0.026455026455026474 0.07909955551307171
0 0.575617 0.8709020000000001 0.05493830000000007 0.04672129999999984
0 0.46779122356680114 0.13366336633663367 0.05036059161471701 0.05145268625223179
0 0.5169295259717638 0.05902047458610616 0.028602749792201444 0.07673262654601526
0 0.4654222615709999 0.9292338841355886 0.02926565343564009 0.06629220821631504
0 0.38765399999999994 0.493033 0.04320989999999994 0.0647541
0 0.517284 0.8864750000000001 0.03827160000000001 0.0598361000000001
0 0.5034553503941259 0.4045786933040195 0.031134146780405242 0.046838407494145216
0 0.4874709693191542 0.11686414543093655 0.04889377826671557 0.05713358221068009
0 0.5733722060252672 0.4094776083735602 0.034913436273980504 0.07814366964584425
0 0.5547433398310591 0.6216566005176877 0.05360623781676415 0.05565142364106993
0 0.522222 0.757377 0.025925900000000064 0.07704919999999996
0 0.4514451283158766 0.24996415427997895 0.03653313177122698 0.07264732590928641
0 0.574524986783593 0.061423793203121774 0.05628634511925867 0.03819630837841186
0 0.5642342011978976 0.17894822269112157 0.03715927148270382 0.0430124979711086
0 0.5351293956736134 0.37351240261912727 0.028614620451355117 0.06308846723701193
0 0.34331032243723125 0.43193939724166514 0.028596444874462373 0.07699429448333026
0 0.49952044726525996 0.8331689175886617 0.02565050546948015 0.08120296482267662
0 0.29033153003190454 0.42972923190274454 0.030794839783603832 0.04531221219377421
0 0.6403672184210526 0.4760786069456427 0.03505503684210526 0.0767470138912856
0 0.4409443355326489 0.7899595995409462 0.03444599028928378 0.0764063185198316
0 0.382407 0.65082 0.054938299999999926 0.04262289999999994
0 0.3138438063531696 0.5357340209983422 0.05423775835760855 0.04586480014735679
0 0.325617 0.21803300000000003 0.04629629999999999 0.04262290000000001
0 0.49346722816110566 0.34352148353486595 0.04643127092106682 0.06428332457104619
0 0.5199222546161322 0.2983558763083688 0.0428319475938523 0.06906275390718346
0 0.37121667205863107 0.027925345568557025 0.036260544117262136 0.05421129113711405
0 0.4137422164633049 0.43265784065382584 0.059748767231760425 0.061415666969363805
0 0.5394817259503728 0.24224963479954553 0.038259381493704905 0.06670994968349295
0 0.35902805042969943 0.11208943984243759 0.03359071674737163 0.07820193477379367
0 0.308642 0.370492 0.038271599999999975 0.06557380000000002
0 0.558884929633229 0.5603880896620943 0.045891372421984655 0.05639726616641979
0 0.23022728264188805 0.12063372530846317 0.05125856127033986 0.0634304582054104
