0 0.382755260025821 0.4612865307358861 0.011039498103768253 0.06777474195506983
0 0.36396886240535653 0.8671655827530521 0.02476134051671188 0.03151324957221191
0 0.36029245490109163 0.7551065761631283 0.01353355016367755 0.0425616491547489
0 0.362200212759166 0.1828216088266364 0.024125698557215358 0.027983366010088495
0 0.36496973504325475 0.153099409998771 0.018098032246106874 0.034534421141155985
0 0.33108535000000006 0.5692824074074074 0.014843119791666718 0.05218658925925939
0 0.27405383835633024 0.3109343934902437 0.023208035786331037 0.04019972439491881
0 0.4377375043531407 0.4916011861273187 0.011835616621143786 0.06473181322553184
0 0.32270398842386644 0.8010810516980069 0.01136784330460389 0.0645672887251333
0 0.2948116614190238 0.15122501689820791 0.010707071190852938 0.032664007779692146
0 0.37875958934898285 0.8494850787558128 0.013455335364632386 0.048889136099485336
0 0.3285484523242428 0.7512597688089228 0.019419964802244158 0.036611436168654955
0 0.4787136527673573 0.22990682136578472 0.011330754465285508 0.032206312916754624
0 0.22551415716566783 0.1536498734976737 0.013575268585331202 0.03848366361841013
0 0.38108260879797734 0.5344507674215878 0.01427329047759945 0.06053952985093382
0 0.4429805049189815 0.1627186741044323 0.013195650077160438 0.05400799749544628
0 0.36009083588853924 0.5729155174854129 0.019793039529483518 0.052713688187276585
0 0.38032129879383636 0.7448072117227136 0.023232618163804376 0.036729705246999506
0 0.3016549083333333 0.6146914574074075 0.012795782916666573 0.05354204749999993
0 0.4848133385931483 0.6831581390309186 0.01168489407592658 0.06210868635753981
0 0.5634567793749999 0.7393972537037036 0.01279578291666669 0.05489750574074069
0 0.3329946442688161 0.8489495362924495 0.022871988998073432 0.04379438729851965
0 0.4223044881135308 0.369633434179976 0.019550636712057805 0.03606896138381404
0 0.3817795468095789 0.7972070927136287 0.022023241166608306 0.04562613347302094
0 0.4072279797219677 0.5643453886603976 0.013202714886067923 0.05412399887578016
0 0.3667699199540308 0.2724289824077869 0.02239488647509648 0.03644389715568713
0 0.36341266850841536 0.6817270260383151 0.023760462804686 0.04535479427105692
0 0.37834782839101877 0.62754446570189 0.014501877444272893 0.05624889346591736
0 0.38122016235289874 0.2750449048775551 0.012459050790556602 0.06509942319368549
0 0.38016265062266336 0.7147404404654664 0.025814583949720672 0.026578330178458662
0 0.4163476721850149 0.44733290739219517 0.02235777141217715 0.034847144011757
0 0.348944773554597 0.7374652307753525 0.011004391365740673 0.06594391395811249
0 0.3732126512694302 0.9482735639254096 0.011432838145396928 0.030812488518462283
0 0.32805226723344055 0.8919075523591545 0.015290163450985142 0.055673433562819764
0 0.288393486729551 0.4681190861150338 0.02317618023766587 0.03472503632754138
0 0.3399143166666666 0.678738575 0.021241011250000004 0.03524282379629624
0 0.3713408782410756 0.6424280733966814 0.01842996671731972 0.06223191058434778
0 0.4204038163023085 0.8775490778592939 0.018307315151703682 0.04831297726268215
0 0.36078088884422743 0.448421264011275 0.02365390746535058 0.03082224687494293
0 0.4493072011625963 0.4513781696628757 0.0242368432256112 0.020198430511547634
0 0.31931325625 0.6312962962962962 0.022520581249999932 0.04337582129629635
0 0.2515117672243387 0.8709623597605898 0.010268499448677441 0.07099946362696835
0 0.3367081003187001 0.939250154159373 0.011932509319833666 0.048314185600077685
0 0.31931325624999995 0.596392399074074 0.023544228958333236 0.03185413685185181
0 0.36168897678027345 0.4774034121488576 0.024884992704508117 0.02904405397439231
0 0.43449617729913986 0.2785883945579295 0.02504238859746728 0.030251386967069777
0 0.3862352979166666 0.3873071981481482 0.02533564354166664 0.02710990898148143
0 0.38763382610703173 0.9093528803277365 0.011429783390265177 0.069694288023514
