0 0.6464993095488364 0.1237718602041654 0.06337723366103998 0.029146938887216402
0 0.7062181825676539 0.14327157283997918 0.04080875533296242 0.07444100823777335
0 0.6950885220223005 0.05172555351815868 0.025763103114243895 0.07033580557760201
0 0.6792433443978084 0.3343786971113289 0.03235882611261149 0.07883722845996657
0 0.6587398778782539 0.15130227975519306 0.028590855756507844 0.035390459510386156
0 0.4547783275853451 0.109096037698281 0.0306142850002499 0.03832879803544169
0 0.571996288227225 0.481691310403943 0.03469700637456629 0.07138647808850315
0 0.570493428027919 0.5454329758812814 0.07365045647542968 0.03011378204221581
0 0.5554651682324602 0.8796283024290285 0.03474846353507983 0.07353089514194314
0 0.5860240582462805 0.23288263042361404 0.028050367556540428 0.04915697538648357
0 0.5131851851851852 0.09088524590163934 0.03654320987654324 0.043803278688524586
0 0.45162509448223725 0.9005520240883239 0.05215419501133787 0.061726329876212724
0 0.3964982407927883 0.1605479224836204 0.027689296941685898 0.07367373455339618
0 0.7734384549566068 0.9104650219120272 0.056839017235056785 0.035505599740301784
0 0.522121506601159 0.8973571386918701 0.02736218679768201 0.07741752261625964
0 0.603086 0.05409839999999999 0.024691400000000033 0.03278690000000001
0 0.386111 0.722951 0.027777799999999943 0.08032789999999992
0 0.5532895764963275 0.680120356920523 0.029848413814658564 0.06910147333471676
0 0.4677500629881582 0.8868350618936097 0.05114638447971783 0.056373369019739085
0 0.5026566651039224 0.66860344469807 0.05516486951086101 0.03693712388462336
0 0.6226097468992249 0.537752435684331 0.043669106201550505 0.06711752863133823
0 0.6808391984923656 0.5061028548082325 0.054036383216030145 0.05490015831673569
0 0.5147160493827161 0.17331147540983607 0.029925925925925936 0.07593442622950819
0 0.5185966557274574 0.7685204399252957 0.06016565088295043 0.03755965968043161
0 0.4404534635527565 0.061873603245503415 0.03120432301694405 0.07430139776996082
0 0.5728651500164853 0.30421510920854206 0.049455984174085046 0.052658461837816806
0 0.6522743297058884 0.08057626189208797 0.04401155023805099 0.06618550224554601
0 0.3863960113960113 0.35407471626733916 0.04768122823678378 0.07553068516183267
0 0.35305872111427666 0.43433427910886924 0.05144032921810695 0.046106557377049134
0 0.670679 0.679918 0.048765400000000084 0.054918000000000085
0 0.4910156445244164 0.034263622486228176 0.041110611286049904 0.06686798964624677
0 0.63179 0.771311 0.031481499999999954 0.06393440000000007
0 0.30032753842277654 0.9475577116092336 0.03527336860670195 0.05804616928738712
0 0.6376014176829268 0.9192620610655737 0.04187033536585375 0.06311522213114758
0 0.408333 0.794262 0.05370370000000001 0.04590159999999991
