0 0.6093499039486576 0.161979622840229 0.032280007897315326 0.038713145680458
0 0.5089088510386047 0.11943461963960446 0.02764575079365083 0.044112805997918295
0 0.5876545154320988 0.66540124933132 0.05568512118258603 0.045383868895599665
0 0.6769914756025867 0.5115632318501171 0.029027042915931733 0.07806401249024196
0 0.5480343598602988 0.617472158175151 0.0528588431773879 0.049008164495254636
0 0.4599576048647854 0.012932618670309651 0.027321709729570827 0.027478504527712725
0 0.590805810591293 0.7899482767256256 0.05198162118258608 0.04391707899050891
0 0.5337546541250245 0.3301457194899818 0.04580638839898103 0.0663544106167057
0 0.5053399960807368 0.25964415820973197 0.027924750146972335 0.04797684100962789
0 0.5380765237816764 0.5779765261863675 0.05633498388564003 0.04249317316652285
0 0.539198 0.11024600000000001 0.029012299999999974 0.07131149999999999
0 0.552639253426655 0.48997461382900914 0.028190920579372 0.07938556860720272
0 0.5464587394411955 0.6736410698878343 0.030864197530864196 0.04961173425366692
0 0.5762510227095516 0.7141714792493529 0.03040893573749177 0.0690686031924072
0 0.4330708661417323 0.6591798975947678 0.02819092057937207 0.06540166085796648
0 0.6052471101851852 0.7094262090163934 0.030571406660168925 0.059145856341673825
0 0.5785246755927885 0.10625820256960707 0.04493967487752304 0.06005710513921416
0 0.40382683646025724 0.4112344563486941 0.03969411231003535 0.047115012262811416
0 0.5768356075373618 0.8440465918895599 0.05328135152696553 0.03451251078515958
0 0.591975 0.0188525 0.04074069999999996 0.0360656
0 0.5725162311581422 0.1630498327218319 0.036135478110915116 0.07560473216237314
0 0.4821619519782249 0.5634439137730735 0.027542853439616398 0.08863646142592829
0 0.536831071090535 0.05890583554514702 0.045590419664903 0.06349212906583399
0 0.5845352947043535 0.6251078438093185 0.03716675575048737 0.07118203792062128
0 0.5063352826510721 0.8047886108714408 0.027940220922677086 0.07808455565142366
0 0.5469624860298895 0.7475626330241587 0.05129919948018186 0.04887818520276095
0 0.6095066627474035 0.0810727296383034 0.03735547717029198 0.05903590944574551
0 0.5238464447205977 0.7292925627911993 0.04684902089018839 0.06988769581535807
0 0.3796053271118888 0.4734090615722215 0.046660834062408854 0.0346370638096467
0 0.5080734344866796 0.6917601646893874 0.04441197618583503 0.07679038977566868
0 0.5493704683519499 0.2419984387197502 0.03907015481089551 0.07318501170960184
0 0.48896665694565955 0.471687965233854 0.04601276692265318 0.06389570156189493
0 0.464385780579634 0.3292529661556519 0.04399789860782771 0.06001516988611516
0 0.8200620000000001 0.154508 0.026543200000000024 0.040163899999999995
0 0.4418356848912404 0.05399427530575072 0.05205271408975115 0.03708040593286495
0 0.3300418914860704 0.08489309783976098 0.05638008297214081 0.03699919567952195
0 0.49480697628845777 0.06302042674993497 0.03355869096609832 0.07399817850637526
0 0.705556 0.658607 0.04320990000000008 0.054918000000000085
0 0.3743830000000001 0.976229 0.040123500000000034 0.04754099999999996
0 0.3554933830713207 0.02899319888351614 0.048701779317286906 0.039902504226127296
0 0.149383 0.737705 0.05679009999999999 0.04918030000000007
