0 0.6672375651181046 0.23997915284753152 0.025690430314707666 0.06206765848573867
0 0.615881800431742 0.043793201774376955 0.02502699913651602 0.04683969645124609
0 0.6373240885302933 0.6447859297735241 0.02771391528223801 0.06833584442338672
0 0.581481 0.05327869999999999 0.044444399999999974 0.0377049
0 0.500309 0.0360656 0.05864199999999994 0.031147500000000012
0 0.6782880938860344 0.5884820843267318 0.025711687772068666 0.07860296865346345
0 0.5127435318953828 0.5389793986022932 0.027106956047955506 0.07052978424144786
0 0.605864 0.613115 0.04876539999999994 0.040983600000000016
0 0.6049166159994291 0.09778499127973088 0.04448676800114181 0.04869231744053823
0 0.33765400000000007 0.8729510000000001 0.025925900000000064 0.0754098000000001
0 0.633025 0.104098 0.022839499999999947 0.0508197
0 0.34321 0.52623 0.04938270000000004 0.03442620000000007
0 0.547222 0.572951 0.04259259999999998 0.06557379999999993
0 0.251852 0.733197 0.028395099999999975 0.035245900000000004
0 0.6351710349461214 0.5793377049298778 0.040769530107757045 0.07083309014024444
0 0.29929538950795687 0.7379273879512935 0.03439287901591381 0.036511375902587025
0 0.159568 0.816393 0.026543200000000006 0.04590159999999991
0 0.487654 0.19549200000000003 0.028395100000000045 0.06967210000000001
0 0.46096298617712134 0.5407655176608548 0.03076081848283729 0.0783287201980478
0 0.4258545636194962 0.3122334881076471 0.03461071861842578 0.07865062067658488
0 0.373457 0.863115 0.04320989999999994 0.0540983999999999
0 0.558642 0.027049199999999995 0.03703699999999995 0.05409839999999999
0 0.614815 0.707787 0.05802469999999998 0.03852459999999998
0 0.552469 0.744262 0.04814809999999998 0.03934430000000009
0 0.510802 0.0807377 0.054938299999999926 0.048360700000000006
0 0.3124455701919646 0.32518961342035435 0.03164207876971377 0.07548071819861657
0 0.6953419921144651 0.42997037075002364 0.0426500157710699 0.06301095849995254
0 0.6183543852137301 0.4394484980574244 0.05423535288660537 0.05069648441201554
0 0.6993700109790909 0.07898704536861556 0.035642337279668965 0.07134458641618498
0 0.494444 0.710656 0.03333329999999994 0.08360660000000007
0 0.426235 0.460656 0.04876539999999994 0.04754099999999996
0 0.520062 0.865984 0.04876539999999994 0.054918000000000085
