0 0.279321 0.183197 0.017901200000000016 0.025409799999999996
0 0.5297462817147857 0.37924357815928744 0.032759793914649546 0.040789983219310696
0 0.5243585974822591 0.3343713416935588 0.04881440503548172 0.027978516612882476
0 0.5526515262904637 0.29010894538208337 0.027194274142121028 0.03318084423002453
0 0.6299998605423017 0.986341671419027 0.025186378915396608 0.025676857161946356
0 0.515432 0.863934 0.025925900000000064 0.03442620000000007
0 0.6156318984023239 0.4163208866441659 0.025090596804647737 0.08346237328833175
0 0.52639253426655 0.2646831031366981 0.02780208029551861 0.07034981283077318
0 0.45891620892178864 0.7353767967202138 0.055678309712457644 0.03807976641951185
0 0.5657623747351025 0.3385372905995869 0.04432826890249818 0.06205024131276617
0 0.40189380318830153 0.6584434187490052 0.05225937912022055 0.03310520452013366
0 0.5140580550722237 0.4842850331903033 0.030518960422017894 0.07554919866505301
0 0.6051076261135317 0.48387581137094177 0.04040164777293628 0.05847807725811642
0 0.37716 0.196721 0.06049380000000007 0.03278690000000001
0 0.480103080426705 0.8663854846410951 0.027927603979383948 0.075282508355881
0 0.361111 0.160656 0.05185190000000002 0.03278690000000001
0 0.5568192864780791 0.23847941138505224 0.03227374355983269 0.0729314573383245
0 0.4114947911872228 0.7452490106517586 0.024187691987294698 0.06162675985198158
0 0.30402114530063246 0.5098763872969156 0.035479680288342044 0.044537393008031674
0 0.5828543799066783 0.4221925587291855 0.04429338118013029 0.05233658254162902
0 0.477739111221587 0.4207466901382624 0.056204601320186676 0.0551949242674295
0 0.692696990610734 0.9178587834840019 0.02860308122146804 0.0685046669680038
0 0.4194233186998907 0.09729330304606038 0.03648055400976934 0.07635676947918663
0 0.4732891914344877 0.6857799096631854 0.052655333606120354 0.0581744938449127
0 0.46285991055050596 0.08997235830208818 0.04420948494404257 0.06226224034593173
0 0.6515843212330953 0.9686960205977251 0.04503841150627104 0.05654597008115236
0 0.656838067841304 0.9044246379118255 0.036677454153182285 0.08196721311475409
0 0.40080361600174 0.425697722069718 0.053199849500096666 0.032090087822276056
0 0.2815753859750877 0.5901822716103715 0.03673322838125226 0.07463233945795279
0 0.35401199999999994 0.22541 0.05 0.040983600000000016
0 0.5639310420771904 0.9306542010265797 0.03526868415438094 0.08425900205315921
0 0.4543661287246793 0.9221270882221869 0.049436267062207766 0.037331053541301805
0 0.6037203122404916 0.7718885539954422 0.037369207772795184 0.06211865029772842
0 0.525 0.886885 0.045061699999999934 0.06393440000000007
0 0.40924406882647 0.5679942787985477 0.055099842571878374 0.0515274874390288
0 0.8608847368537291 0.5413648494090736 0.03290708717065304 0.03959060383002437
0 0.5115193934091571 0.17432554537240222 0.05385437931369694 0.047115012262811416
0 0.4900845727617381 0.2934684393958952 0.05278506853310003 0.05563443913773071
0 0.5645128335295536 0.09335498448622882 0.03963380606230805 0.07248713958569385
0 0.772222 0.03442619999999999 0.030864199999999994 0.049180299999999996
0 0.38413302005399946 0.03386792194641342 0.03987097837960386 0.06773584389282684
