0 0.4452802958565643 0.3259907770984799 0.03374281129646199 0.03872934117341071
0 0.5341455887113095 0.8337349567612529 0.027756915514072073 0.071362428282467
0 0.5166204064367858 0.41239478976062927 0.033938292959761716 0.04317206748422141
0 0.5593014016504012 0.19814624039802173 0.037192245449197615 0.05206113912937677
0 0.5638092722849221 0.9993056369885679 0.017416856532259453 0.0013887260228639458
0 0.4864765690254541 0.6283310074667721 0.016752338467574943 0.046388556362752124
0 0.5207983909123869 0.6742892355222201 0.02132294486191698 0.07959669983459332
0 0.5209593041666667 0.47699945370370367 0.025259759583333263 0.038592848148147986
0 0.5784307940775181 0.06705753055555556 0.02650207583333343 0.06432148333333335
0 0.46484946250000003 0.12880564814814813 0.023189299583333364 0.04030814629629631
0 0.48452341098459667 0.9924962084789355 0.017815086135859914 0.015007583042128974
0 0.6031571833333333 0.559331462962963 0.020704734166666582 0.06603678148148165
0 0.5423448253939545 0.48853724400464105 0.026383086295424126 0.0565219065278006
0 0.428314055396968 0.5078615002816279 0.017201952877269496 0.07635437351081831
0 0.5605056 0.875364212962963 0.038924902916666684 0.037735303703703635
0 0.37962512563410145 0.11272105756165782 0.02251928501820283 0.03474254691372141
0 0.3935505449981289 0.6419865560002123 0.021682072087075354 0.08383739533375818
0 0.5805890083333334 0.8200475740740741 0.037682586666666636 0.04545383148148151
0 0.4944573625 0.017019596064814815 0.03685444291666672 0.03403919212962963
0 0.41432006090230306 0.5895854938932896 0.035592898471272845 0.05355528906527283
0 0.570052772248246 0.13201212471169457 0.02315038147701062 0.0827400586826484
0 0.4340039940993084 0.8214979994198874 0.03603498986528386 0.03740760949355814
0 0.47727262499999995 0.7917463055555556 0.019876523333333354 0.05231481481481492
0 0.5079935899703611 0.996361019254673 0.01601637672753403 0.007277961490654064
0 0.4671269416666667 0.9925699731481481 0.026916181249999956 0.014860053703703595
0 0.5476685333333332 0.09235687037037038 0.033127561250000014 0.041165795370370364
0 0.6015008958333333 0.04047135092592592 0.0223610887499999 0.06946716851851852
0 0.5771848150812503 0.47033406243671017 0.023196625075869073 0.07010748222597482
0 0.44455876666666666 0.42940238888888893 0.038924902916666684 0.042880988888888825
0 0.5142263803805811 0.7962202193746889 0.023818550072170968 0.0749849230086372
0 0.34786753333333337 0.9667006481481483 0.03354166666666671 0.057460500000000275
0 0.5343197547920641 0.007922552644813957 0.03663595291587196 0.015845105289627914
0 0.4987111867268607 0.19722274179272495 0.03828525737961197 0.0421296654043899
0 0.45407673159738776 0.9525904526407748 0.035745183730285034 0.049344685531242605
0 0.6325577958333334 0.9516925740740739 0.019876523333333295 0.07547050277777768
0 0.5555360666666667 0.9109550277777776 0.03975311375000009 0.0351624611111108
0 0.457042182317983 0.6150086811626876 0.018927537864034248 0.06933078269574545
0 0.5165217113560047 0.3746024821150466 0.0288176022972633 0.04098882928842529
0 0.42840912500000006 0.8877994444444443 0.019876523333333295 0.07632815185185182
0 0.5607122166666668 0.0007247868055555538 0.015321497916666616 0.0014495736111111077
