0 0.4990740000000001 0.538115 0.025308599999999966 0.03852459999999998
0 0.404321 0.333197 0.05185190000000002 0.03688520000000002
0 0.42384241759259256 0.09723361598360655 0.05231446481481478 0.04487706803278688
0 0.532407 0.465574 0.022839500000000016 0.040983600000000016
0 0.487962962962963 0.2520491803278688 0.05709876543209876 0.03278688524590164
0 0.43919800000000003 0.295082 0.05617279999999996 0.03442619999999998
0 0.501543 0.131557 0.045061699999999934 0.04344260000000001
0 0.441975 0.138934 0.04074069999999996 0.05491799999999999
0 0.558333 0.496721 0.026543200000000024 0.06885250000000008
0 0.455247 0.504508 0.030246900000000035 0.045081999999999914
0 0.552161 0.212295 0.029012299999999974 0.0639344
0 0.5388115407407408 0.05768440614754099 0.06033988148148144 0.03831971229508197
0 0.519136 0.346311 0.05061729999999996 0.04672130000000003
0 0.48734600000000006 0.581148 0.035185199999999965 0.07704919999999996
0 0.479938 0.790164 0.04753090000000005 0.057376999999999935
0 0.49104899999999996 0.42663900000000005 0.04629629999999999 0.06311480000000003
0 0.548457 0.975 0.040123500000000034 0.048360700000000076
0 0.35956800000000005 0.0217213 0.045061699999999934 0.0401639
0 0.828086 0.640574 0.05 0.056557399999999945
0 0.209259 0.637295 0.05061730000000003 0.035245900000000004
0 0.366358 0.9463110000000001 0.033950600000000046 0.07295080000000005
0 0.555247 0.828279 0.04135800000000006 0.05819669999999996
0 0.6631172839506173 0.6875 0.06018518518518518 0.036885245901639344
