0 0.6313429231797414 0.2505193748096037 0.039783153640517196 0.07764905038079255
0 0.4628924887479343 0.714657083412934 0.046033835277534796 0.06168798895056146
0 0.423457 0.704508 0.03333329999999994 0.040163900000000086
0 0.5980242781471761 0.5485963320285272 0.0540729562943521 0.05292996405705428
0 0.4257000970788374 0.7706338875790629 0.023004394157674718 0.06257887515812577
0 0.661728 0.991393 0.06172839999999999 0.015573799999999926
0 0.55463 0.735246 0.04259259999999998 0.04754099999999996
0 0.46587926509186356 0.7557764295856461 0.05540974044911049 0.04001548986704534
0 0.5190581337950811 0.6692816799567575 0.031019932409837754 0.07291214008648499
0 0.34895721797657236 0.920466174948367 0.051467464046855246 0.031199550103265843
0 0.584877 0.733197 0.024074099999999935 0.07459019999999991
0 0.4993830000000001 0.680738 0.03209880000000005 0.06639339999999992
0 0.530864 0.741803 0.030864199999999994 0.06721310000000004
0 0.39102751045008255 0.5248805989415258 0.05589579080392728 0.040983606557377046
0 0.4455963671186935 0.8558407858622693 0.025498234947020595 0.06965313848586559
0 0.41593759113444156 0.49422357041435394 0.03378049965976472 0.07325416290176845
0 0.5461725568508798 0.578723917693946 0.027408786298240537 0.080256664612108
0 0.41172800000000004 0.959426 0.030864199999999994 0.07459019999999991
0 0.36140026107222706 0.27570673133148316 0.0228007221444542 0.0301019626629663
0 0.520062 0.904508 0.05864199999999994 0.028688499999999877
0 0.40415087003013517 0.804666322447399 0.05395158938466026 0.04872854008003099
0 0.5388063146495576 0.6443012074544985 0.03989512176533481 0.06877538509100298
0 0.659259 0.466393 0.020987700000000026 0.09180329999999995
0 0.385494 0.941803 0.03641980000000002 0.07377050000000017
0 0.692284 0.30041 0.05 0.03688520000000002
0 0.48040267191601044 0.3303696209855428 0.05115149489647122 0.05179464211307601
0 0.5035893189073588 0.37705231599006067 0.056299538524351114 0.04749598761456044
0 0.593827 0.23647500000000002 0.028395100000000045 0.07950819999999999
0 0.462346 0.513115 0.05308640000000005 0.05409840000000009
0 0.5615970503548168 0.6859168833096683 0.04074069999999996 0.055737700000000015
0 0.6219140000000001 0.531148 0.04259260000000005 0.06885250000000008
0 0.4923960755322252 0.806557 0.05123460000000006 0.055737700000000015
0 0.504321 0.856557 0.04074069999999996 0.07049180000000001
0 0.47000077580441335 0.29610479220988767 0.046154949100806884 0.04877341558022458
0 0.6647735900408283 0.36904261595456306 0.05569633114610673 0.05577045416290181
0 0.5382570740449111 0.4984767391667742 0.054350251910177845 0.04239042166645157
0 0.558642 0.360246 0.024691400000000033 0.07950819999999999
0 0.6373460000000001 0.738525 0.05864199999999994 0.0393442999999999
0 0.31291691071011957 0.6476344165806118 0.04929012142023918 0.05428583316122373
0 0.0984568 0.543852 0.02901230000000001 0.041803299999999946
0 0.7030743499756975 0.8431648662482251 0.03207429995139496 0.06660688813088929
0 0.558025 0.048360700000000006 0.03580250000000006 0.039344300000000006
0 0.498148 0.564344 0.03827160000000001 0.07131149999999994
0 0.353130276322057 0.3882021022234413 0.05538035335374749 0.045204160081321845
0 0.40786688147419076 0.1592808079062863 0.043603264367648484 0.06610341581257262
0 0.5099878132782282 0.007739393512981074 0.04821702961903246 0.014071624569056496
