0 0.3866634875218566 0.24572574403714909 0.034705664176336526 0.039048758179131754
0 0.7285404951199016 0.9514204789288472 0.055749466744231105 0.0326152261608446
0 0.5277023788903384 0.3798385316520163 0.027439338762049747 0.07667724037566966
0 0.602701735551977 0.18484200522689473 0.03238504204687778 0.0722261819909717
0 0.500760612493054 0.390235274302236 0.02744642498610807 0.04112644860447211
0 0.6268964797951333 0.18483612704918032 0.043397951127214236 0.05940828759800431
0 0.585977409094905 0.8075165201948942 0.03738661818981009 0.07404984038978846
0 0.5638237965074724 0.7385183829532849 0.03474913955722641 0.0754099245901639
0 0.49098301942443007 0.5734907402226822 0.023806514136434503 0.04755776870139318
0 0.300926 0.74959 0.029012299999999974 0.045081999999999914
0 0.41821 0.869672 0.026543200000000024 0.07704919999999996
0 0.5740505136179436 0.49946815167062947 0.03840354349260204 0.04286071830809662
0 0.42376499999999995 0.223361 0.04382720000000004 0.0647541
0 0.623148 0.713115 0.05617279999999996 0.03770490000000005
0 0.7447056628416829 0.9230086303010282 0.03871629816214189 0.04397737126811736
0 0.37540401631961007 0.2749243650179413 0.03391087797382503 0.06789558854569759
0 0.5135523995173118 0.723838284235178 0.031328320802005 0.04529767040552203
0 0.397531 0.812295 0.04320989999999994 0.06557379999999993
0 0.4782615800337279 0.4537686144625655 0.0484157399325443 0.04983907107486898
0 0.5381710350844434 0.9602050688115606 0.030662370168886777 0.059754137623121074
0 0.5677724630414824 0.2651094990135061 0.04593607391703512 0.05830600197298771
0 0.6115584183217032 0.11178427179852694 0.047593487207013806 0.050130672368733684
0 0.5834284622458925 0.7297268891747812 0.03475822449178497 0.0791262783495624
0 0.6465331135623545 0.32292096566880496 0.029154972875290838 0.04760006866239015
0 0.43779130462008403 0.274759009481156 0.027433809240168007 0.07410881896231199
0 0.447839 0.869262 0.024074099999999935 0.07622949999999992
0 0.4612588048170869 0.56974756109826 0.03673407558888134 0.07291561902846225
0 0.49643463330252946 0.3297110096852844 0.053051431810055304 0.04250244669083445
0 0.5446531920796382 0.6929286638824752 0.02862128591549281 0.06456894171092123
0 0.5884145778135623 0.3125801431040627 0.04843475562712463 0.044832586208125434
0 0.353086 0.75041 0.028395100000000045 0.07622950000000002
0 0.5234833659491194 0.2799076064290526 0.05013167113623739 0.045234352442975814
0 0.48792780028955074 0.16513836857782663 0.030889976613211183 0.0804043512337333
0 0.6504793495614034 0.795675240336497 0.036760599122806915 0.07495668067299392
0 0.497531 0.4381149999999999 0.04814809999999998 0.05655739999999999
0 0.29380596619509347 0.180820375712376 0.02490330101202777 0.06965454161682964
0 0.392284 0.969672 0.05493830000000007 0.04262289999999994
0 0.5648597315263981 0.9404928257387273 0.05248838582171909 0.056576122149892744
0 0.5690287811030845 0.8788001827132924 0.044528532660627666 0.05633659848753991
0 0.3814138261974779 0.3462289083040175 0.03566755239495577 0.05967051660803486
0 0.324383 0.8545080000000002 0.05493830000000003 0.04344260000000006
0 0.5041675521809411 0.6627143960708188 0.04582938876974704 0.06455042743813628
0 0.423457 0.752049 0.05802469999999998 0.05819670000000005
0 0.33592963492820427 0.5384155350735242 0.047687172150691445 0.045380989235207204
0 0.564054392556808 0.10382513661202185 0.05063517623904097 0.04989308624376336
0 0.5298713632046965 0.6184798807749627 0.04230337563670901 0.06878367534105241
0 0.319444 0.690574 0.037654300000000016 0.06639339999999992
0 0.3691781910666031 0.4327024554984873 0.03311609177131352 0.07809751635826359
0 0.5840042941492216 0.38191969588976005 0.05475040257648958 0.03587550487051552
0 0.5494270187252643 0.5615382604166037 0.038247976844468075 0.06694139912431546
0 0.0756173 0.32582 0.0253086 0.03688520000000002
0 0.24045363192650013 0.44176515440335495 0.05072255718250548 0.06258736815351376
