0 0.22833283888736614 0.27498494816448626 0.06910367024610113 0.0354087727451015
0 0.29858528229166664 0.973536065462963 0.0589840783333333 0.05292786907407411
0 0.5186113239583333 0.02490204722222222 0.03802917531250015 0.03805636277777775
0 0.44138846979166657 0.4820424611111112 0.05432744718749992 0.06868696398148154
0 0.3430390236000687 0.5386344255199639 0.06876478905717237 0.04176290412211177
0 0.44177697291666657 0.25231210277777777 0.05355132104166671 0.06961519833333338
0 0.35174860312499995 0.6597930546296297 0.061312331041666585 0.049194722037037134
0 0.3195405625 0.8978771824074074 0.02949203916666659 0.07982543648148142
0 0.283839765625 0.4156754601851851 0.040357553750000066 0.058476725833333236
0 0.30727533397295675 0.7408843052665659 0.049364859241586484 0.07265286289279431
0 0.4324140070237322 0.7005946981203011 0.07118733049329365 0.04670619729503334
0 0.20369867547168594 0.6232874311019359 0.05473003030662825 0.07579595011094271
0 0.48179626943989934 0.5374102054849633 0.033662427487728644 0.03541335957064449
0 0.557029128125 0.38597354629629627 0.06208845718750003 0.052907546203703686
0 0.3909421562499999 0.9285076703703703 0.03259641802083332 0.04641013222222236
0 0.5069287246330635 0.677280686734238 0.052081991775539765 0.0717673831055983
0 0.292764021875 0.054605093518518534 0.03337254416666665 0.054764014907407385
0 0.24542196145833328 0.9609953064814816 0.06596896218749991 0.04826648768518504
0 0.32070481458333333 0.010826868287037033 0.033372544166666705 0.021653736574074066
0 0.4294236176113485 0.5812730128885681 0.05031887342313628 0.065149072556197
0 0.1594879494050468 0.13208111530007577 0.033691421826650074 0.07627092717320191
0 0.5372381 0.07224120648148147 0.03337254416666653 0.0807536708333333
0 0.4077333690474394 0.32190931175668824 0.05489256034262162 0.06593823963477176
0 0.7425173677083333 0.6653622342592592 0.04811856375 0.07332802249999999
0 0.2866641637732454 0.3369258898502415 0.07506593401600944 0.04704287650322064
0 0.42625444999999995 0.18780225 0.06752121447916674 0.05940496018518523
0 0.5061943114583333 0.7386901435185185 0.06441683562500013 0.045481897870370575
0 0.1336625625 0.5117443749999998 0.0613123310416667 0.03898448388888893
0 0.6975402175243592 0.059138171820867065 0.034076989742947816 0.051267264413821484
0 0.1980799010416666 0.8342947712962965 0.07373009791666665 0.03805636277777772
0 0.075066484375 0.20126091203703705 0.04656631145833335 0.06590237416666661
0 0.4825220239583335 0.06295886296296298 0.03570092260416675 0.09189203009259261
0 0.5578048770833333 0.8542511870370371 0.05122294260416661 0.048266487685185246
0 0.4208216927083333 0.060638560185185195 0.06752121447916662 0.04826648768518517
0 0.27863225537520786 0.23892849275776254 0.04456293643708425 0.07410456744743804
0 0.38977790416666663 0.12654014166666663 0.02716366072916661 0.09096390898148152
0 0.4053004270833334 0.008506367337962954 0.05199906875000006 0.017012734675925907
0 0.36344452682329587 0.6052233268589851 0.06567471483396521 0.06203831077394084
0 0.30634654375000003 0.7915984824074075 0.06053620489583326 0.06961519833333332
0 0.5189998270833333 0.2170410092592593 0.0589840783333333 0.058476725833333396
0 0.4923226858998088 0.796811570287095 0.07042704590871528 0.0461926092406244
0 0.501537303125 0.8463617046296296 0.055103573333333364 0.038056362777777825
0 0.5333034364304747 0.27905711620277707 0.06297315193071723 0.04211403472407548
0 0.3630026208333334 0.7493642157407407 0.0589840783333333 0.059404960185185124
0 0.5559637884008038 0.5789136226072304 0.03970774715283755 0.08346629766123984
