0 0.6533950000000001 0.726229 0.05 0.05081969999999993
0 0.6824070000000001 0.46311500000000005 0.030246899999999893 0.08196720000000003
0 0.47716 0.629918 0.025925900000000064 0.031967200000000036
0 0.670679 0.338525 0.025308600000000105 0.07377049999999997
0 0.6046299999999999 0.661066 0.05740739999999995 0.03032789999999992
0 0.6102562241452991 0.12528396667717528 0.023931251709401705 0.07402316664564947
0 0.53642 0.106557 0.025925900000000064 0.0409836
0 0.474383 0.155738 0.030246900000000035 0.03442619999999998
0 0.525309 0.8577869999999999 0.022222200000000056 0.06803279999999996
0 0.6444606261046133 0.8779481805148116 0.028362447790773248 0.07197343897037693
0 0.45070915512778853 0.5771860230874317 0.048332610255577134 0.04781374617486328
0 0.525617 0.0139344 0.04629629999999999 0.026229500000000003
0 0.687346 0.284016 0.021604899999999955 0.056557400000000035
0 0.6990739999999999 0.9877049999999999 0.036419799999999884 0.02459019999999991
0 0.533951 0.159016 0.028395100000000045 0.07049180000000001
0 0.642901 0.335656 0.025308600000000035 0.07622950000000002
0 0.508642 0.159016 0.025925900000000064 0.0754098
0 0.586728 0.118033 0.021604899999999955 0.07049180000000001
0 0.55 0.539344 0.030864199999999994 0.06229509999999996
0 0.551852 0.17376999999999998 0.023456799999999976 0.07540979999999997
0 0.453086 0.943443 0.04197530000000002 0.02950819999999999
0 0.545062 0.617213 0.05555560000000003 0.036065599999999934
0 0.6574069999999999 0.243443 0.055555599999999955 0.03442619999999998
0 0.50463 0.9147539999999998 0.04629629999999999 0.04426230000000017
0 0.566358 0.835246 0.026543200000000024 0.0393442999999999
0 0.481173 0.970902 0.05123460000000006 0.05327870000000016
0 0.64321 0.439344 0.04320990000000001 0.05409840000000004
0 0.576852 0.203689 0.05123460000000006 0.05
0 0.495679 0.732787 0.05802469999999998 0.036065599999999934
0 0.39581369365305474 0.3999369519861286 0.0385403873061095 0.06708700397225724
0 0.722531 0.517213 0.0561728000000001 0.04426229999999999
0 0.387346 0.742213 0.05370370000000001 0.045081999999999914
0 0.508951 0.538115 0.04629629999999999 0.06147540000000003
0 0.630556 0.918033 0.03765429999999998 0.06885250000000008
0 0.365741 0.544672 0.05123460000000006 0.05327869999999997
0 0.226235 0.20122999999999996 0.03148150000000002 0.03032789999999999
0 0.0330247 0.0622951 0.024074100000000005 0.03278690000000001
0 0.444753 0.629508 0.05246909999999995 0.04262289999999994
0 0.413889 0.19016399999999997 0.03888889999999997 0.05409839999999997
0 0.322222 0.446311 0.04814809999999998 0.05163929999999992
0 0.789198 0.225 0.038888900000000115 0.04672130000000001
0 0.350617 0.158197 0.027160499999999983 0.0770492
0 0.479938 0.0282787 0.03765430000000005 0.054918
0 0.551852 0.943033 0.06049379999999993 0.04672129999999984
0 0.868827 0.9159839999999999 0.05493830000000007 0.045081999999999914
0 0.407407 0.0622951 0.04567900000000003 0.055737700000000015
