0 0.537963 0.0442623 0.054938299999999926 0.07049179999999998
0 0.586728 0.49057399999999995 0.05740740000000002 0.03688519999999993
0 0.536111 0.0471311 0.05864199999999994 0.03032790000000001
0 0.443827 0.0364754 0.05185190000000002 0.0418033
0 0.566667 0.969262 0.04074069999999996 0.058196699999999865
0 0.546914 0.9737699999999999 0.04197530000000002 0.05081970000000011
0 0.58642 0.10082 0.05679010000000006 0.0409836
0 0.539506 0.072541 0.06049380000000007 0.03032789999999999
0 0.6543210000000002 0.140164 0.024691399999999895 0.07213110000000002
0 0.590432 0.05286890000000001 0.05 0.035245900000000004
0 0.575309 0.556967 0.05308640000000005 0.045081999999999914
0 0.47963 0.65082 0.030864199999999994 0.07213109999999993
0 0.416667 0.130328 0.05061729999999996 0.04262289999999999
0 0.678086 0.141393 0.025308600000000105 0.0729508
0 0.65 0.803689 0.03580250000000006 0.054918000000000085
0 0.415123 0.097541 0.04753090000000005 0.0393443
0 0.591049 0.523771 0.05123460000000006 0.03442620000000007
0 0.542284 0.0184426 0.04876539999999994 0.035245900000000004
0 0.631481 0.822541 0.034567899999999936 0.06803279999999996
0 0.613272 0.9299180000000001 0.05740739999999995 0.02704919999999995
0 0.39567900000000006 0.019672099999999998 0.018518500000000045 0.0393443
0 0.574074 0.228279 0.027160499999999983 0.07295079999999998
0 0.576852 0.0168033 0.05617279999999996 0.0319672
0 0.530556 0.610246 0.030246900000000035 0.08278689999999997
0 0.367593 0.597951 0.029012299999999974 0.03852459999999998
0 0.608951 0.8770489999999999 0.024074099999999935 0.07213109999999993
0 0.432407 0.27459 0.04506170000000007 0.049180299999999975
0 0.450617 0.119672 0.025925900000000064 0.07868849999999998
0 0.719444 0.540984 0.05246909999999995 0.040983600000000016
0 0.680864 0.416393 0.04320990000000008 0.057376999999999984
0 0.526235 0.228279 0.033950600000000046 0.06639340000000002
0 0.54784 0.670082 0.04135800000000006 0.054918000000000085
0 0.440741 0.97541 0.04320989999999994 0.04754099999999996
0 0.676852 0.194672 0.06111109999999989 0.03688520000000002
0 0.503086 0.256148 0.03703699999999995 0.07131150000000003
0 0.529012 0.856967 0.05308640000000005 0.040163899999999995
0 0.643827 0.9700819999999999 0.04074069999999996 0.0598361000000001
0 0.528395 0.161066 0.04320989999999994 0.0598361
0 0.36604899999999996 0.204918 0.03580250000000006 0.06557380000000002
0 0.4672839999999999 0.788525 0.034567900000000006 0.0754097999999999
0 0.279938 0.636475 0.04135799999999999 0.04672130000000003
0 0.758642 0.885246 0.04074069999999996 0.06557379999999993
