0 0.30726082499999996 0.7903641638888889 0.015771619583333358 0.017478734259259245
0 0.303223925 0.7806260685185185 0.01333077333333339 0.018976933240740783
0 0.36473465577683656 0.7522013328838488 0.010474094696327067 0.012403886454524757
0 0.32782036249999996 0.7653945870370371 0.016334875416666665 0.012484818888888879
0 0.34462435416666665 0.6211951055555556 0.01727365541666662 0.010237566111111054
0 0.33908578333333333 0.7859945564814815 0.007698032499999978 0.022222975185185116
0 0.31922418863565977 0.7090436148645065 0.017755360228680555 0.011325133326542518
0 0.3088567875 0.7383026555555556 0.012579725000000035 0.01573086083333332
0 0.3494122416666667 0.6943561759259259 0.011077689166666597 0.010736945462962956
0 0.2839789958333333 0.5675102563888889 0.015396095416666651 0.011735734629629674
0 0.3272570458333333 0.7376784694444445 0.0159593512499999 0.015481186388888828
0 0.2593828625 0.5804944546296297 0.012767487083333359 0.021224186018518606
0 0.3718787847648827 0.8013758277077194 0.010036626061986987 0.02259285483165488
0 0.36908550363034737 0.768370778858622 0.008742034344028109 0.016962304930056807
0 0.3526981541666666 0.8331871694444445 0.0067592524999999645 0.02571872203703707
0 0.3188079041666667 0.8112139296296296 0.012579724999999976 0.016729649999999933
0 0.36571961359007044 0.7933220670885507 0.012721352829770065 0.020659483061285438
0 0.30838745833333336 0.6534057287037037 0.012767487083333388 0.019726017499999988
0 0.3507265458333333 0.5975987990740741 0.017085893333333383 0.015481186388888932
0 0.295526075 0.752909950925926 0.008824574583333345 0.020974511574074116
0 0.3229384875 0.7195752444444444 0.012579725000000035 0.010736945462962956
0 0.30416288750000003 0.8215762111111111 0.00957562291666664 0.02247268009259263
0 0.3354245291666667 0.7154554333333333 0.00901233666666664 0.012484818888888985
0 0.33035498333333335 0.8145849611111111 0.016898161666666668 0.008489692685185235
0 0.3543878000000001 0.7179524824074074 0.00751030083333332 0.017478734259259245
0 0.3647145625 0.8444234333333334 0.00826131875000004 0.003745451759259258
0 0.2671504865963335 0.6284708588937148 0.007781463572517448 0.01516228063849633
0 0.3353305416666667 0.6836192 0.014457315416666698 0.01772843916666676
0 0.32515028859176714 0.7557676921380277 0.017221482964242262 0.0132615117424628
0 0.35602167728442863 0.7524418554015908 0.008524697485524039 0.014045676914292926
0 0.29067472187284454 0.5583541256915583 0.01702512333764421 0.011570442135402037
0 0.34650197499999996 0.7143316546296296 0.010889927083333362 0.023221764351851835
0 0.23366009583333333 0.7464176842592593 0.010138878749999976 0.009488451388888932
0 0.2729952333333333 0.7536590351851852 0.018587959583333338 0.011486029722222266
0 0.3212488416666667 0.7884916055555555 0.008824574583333345 0.02571872203703707
0 0.27440322083333335 0.69061045 0.0161471133333334 0.012235113981481575
0 0.3731637041666667 0.5942277675925925 0.010138878750000005 0.01822784898148147
0 0.33871013749999995 0.6743803925925926 0.01483280916666665 0.01623027064814824
0 0.32598761697463846 0.5476453209040926 0.009665495199276937 0.011957278011888872
0 0.29984432916666665 0.7260675111111111 0.009200098749999993 0.020724806666666706
0 0.4227316166666667 0.8039728833333333 0.014645047083333355 0.007740577962962902
0 0.30528921666666664 0.6722580379629629 0.008824574583333284 0.02147389092592591
0 0.3588940291666667 0.7832480157407408 0.011640944999999962 0.021224186018518502
0 0.28153805833333334 0.7793776962962964 0.006383758750000012 0.009488451388888932
0 0.34753462083333336 0.7886165037037037 0.009951147083333289 0.019476312592592682
0 0.3327741821644461 0.8398119799916772 0.00868013775444112 0.01296841936849723
0 0.27383990416666665 0.7437960416666668 0.01614711333333334 0.01023756611111116
