0 0.6446654905657625 0.8486315800503421 0.028837581131525358 0.03824736010068438
0 0.514198 0.00737705 0.025925900000000064 0.0147541
0 0.419444 0.279098 0.035185199999999965 0.0598361
0 0.5326722067460318 0.2936769248243559 0.06163971349206344 0.033255049648711975
0 0.39313904068002425 0.07444235420585862 0.05403764420157868 0.03493684493415748
0 0.614815 0.705738 0.04567899999999996 0.06229509999999996
0 0.577469 0.269262 0.021604899999999955 0.07131150000000003
0 0.49660499999999996 0.477459 0.031481499999999954 0.03032789999999992
0 0.525617 0.413525 0.045061699999999934 0.04016390000000004
0 0.377469 0.11352499999999999 0.025308599999999966 0.040163899999999995
0 0.51142 0.266803 0.05864199999999994 0.03852459999999998
0 0.541049 0.340574 0.027777799999999943 0.04508200000000001
0 0.5220725776281332 0.8189269746646796 0.02805836139169468 0.07600596125186282
0 0.551235 0.255328 0.027160499999999983 0.08278689999999997
0 0.510802 0.856557 0.022839500000000016 0.027868900000000068
0 0.49660499999999996 0.317623 0.04135800000000006 0.04672130000000003
0 0.505864 0.372541 0.022839500000000016 0.0647541
0 0.41172800000000004 0.48401599999999995 0.04567900000000003 0.048360700000000076
0 0.509877 0.967623 0.03580250000000006 0.04344260000000006
0 0.7209128320239431 0.632141082960755 0.04638982416760186 0.048186785891703894
0 0.518519 0.154098 0.028395100000000045 0.0377049
0 0.421296 0.731557 0.05 0.041803299999999946
0 0.567901 0.40041000000000004 0.04197530000000002 0.05327870000000002
0 0.4070379554594211 0.11981299684224671 0.04000221091884232 0.054380993684493416
0 0.6182560513269174 0.7483542016264361 0.056381841158744 0.03420678972505491
0 0.617284 0.118852 0.06296300000000005 0.024590200000000003
0 0.35 0.092623 0.024691400000000033 0.0622951
0 0.533642 0.692213 0.04876539999999994 0.04344260000000006
0 0.478395 0.666803 0.05555560000000003 0.03852459999999998
0 0.373457 0.04686235503896802 0.05679010000000006 0.043442600000000005
0 0.35925900000000005 0.19959 0.019753099999999964 0.03196720000000001
0 0.43642000000000003 0.303689 0.03580250000000006 0.07131150000000003
0 0.530556 0.884836 0.05 0.028688499999999877
0 0.586728 0.334016 0.030246900000000035 0.07131150000000003
0 0.671605 0.372131 0.032098799999999914 0.06557380000000002
0 0.589198 0.825 0.03271610000000001 0.03524589999999991
0 0.3740740000000001 0.683607 0.023456799999999976 0.07868850000000006
0 0.5343652710787289 0.09824646044074174 0.03250305784254201 0.07072027911851654
0 0.462346 0.255328 0.025925900000000064 0.0745902
0 0.565741 0.711475 0.03765430000000005 0.06393440000000007
0 0.401543 0.45655700000000005 0.04876539999999994 0.04262289999999994
0 0.599691 0.606557 0.05740740000000002 0.03442620000000007
0 0.572222 0.077459 0.030864199999999994 0.0745902
0 0.538272 0.584016 0.03950619999999993 0.05983609999999991
0 0.635185 0.371311 0.03703700000000002 0.06393439999999997
0 0.636111 0.511885 0.03765429999999998 0.06803279999999996
0 0.6141980000000001 0.45 0.04691360000000002 0.05901639999999998
0 0.458642 0.901639 0.022222200000000056 0.05901639999999998
0 0.453395 0.9856559999999999 0.05123460000000006 0.028688499999999877
0 0.508642 0.513115 0.05555560000000003 0.04590159999999991
0 0.451852 0.70082 0.05185190000000002 0.05901639999999998
0 0.592901 0.545082 0.04259259999999998 0.06885250000000008
0 0.65463 0.539344 0.04259259999999998 0.05901639999999998
0 0.578704 0.156557 0.05617279999999996 0.05245899999999999
0 0.40215999999999996 0.0192623 0.04382720000000004 0.0368852
0 0.6703699999999999 0.652049 0.05432099999999997 0.03688519999999993
0 0.428704 0.9516389999999999 0.04135800000000006 0.02950819999999999
0 0.46697500000000003 0.763115 0.05 0.040983600000000016
0 0.49660499999999996 0.129098 0.05 0.051639300000000006
0 0.284568 0.118033 0.055555599999999955 0.0377049
0 0.542593 0.47909799999999997 0.05308640000000005 0.05163929999999992
0 0.33765400000000007 0.313115 0.04197530000000002 0.05081970000000002
0 0.78179 0.0364754 0.04753090000000005 0.0434426
0 0.7483724949775532 0.7132266599478391 0.04983188995510652 0.060879019895678094
0 0.358333 0.866803 0.03888889999999997 0.0647540999999999
0 0.262037 0.32377 0.04259259999999998 0.07213110000000003
0 0.618021740199695 0.008817190255371954 0.041808076336628856 0.016328130102540656
0 0.6853228693377392 0.9965567676275218 0.01491578319335441 0.006094216588457555
