0 0.4118107444197491 0.6507034111575083 0.10176855076658183 0.07214080851490338
0 0.4395711958333334 0.9275925925925925 0.10798992453125003 0.07056457888888872
0 0.36474976519348107 0.23171184546139234 0.0836512555707202 0.10802782315128934
0 0.52489947008508 0.8157367840493661 0.10763790418864995 0.06524704145235205
0 0.1304341304980727 0.34884276252749785 0.049801295843931705 0.12364420038730457
0 0.5052574568445541 0.0387529357468562 0.09869486266505885 0.05155818591369491
0 0.25880676302083333 0.8984167370370371 0.09625195953125001 0.09634787000000003
0 0.7316454842149617 0.5183163724665885 0.0778783158929933 0.11019336136311945
0 0.4230058946170157 0.5868491974969906 0.11195858863458787 0.0762597168578713
0 0.5053044083333333 0.6122357570903132 0.05634253624999997 0.12891612444444445
0 0.7553256489583334 0.4512809814814816 0.07277583937500012 0.05970860444444426
0 0.37149145520833327 0.3203298481481481 0.058690205312500035 0.08549172999999995
0 0.43546382083333335 0.3556113925925925 0.06455918781250022 0.13434419444444423
0 0.36806067807493487 0.6220522028361251 0.09273045593749991 0.06513667444444456
0 0.2981589082459145 0.2298605627327318 0.06310044690644384 0.11687566463459573
0 0.4765093315649641 0.17444687295381162 0.06698159041173829 0.12213954927756192
0 0.7242198895833332 0.9316636037037038 0.05986403984375031 0.09770492888888876
0 0.35388488802083345 0.8990955148148149 0.06338535328124996 0.10856106888888853
0 0.29662215986018003 0.9498699095934453 0.10416991170759964 0.0558329335146408
0 0.4254863223958333 0.2599418037037036 0.10094710750000016 0.06785062666666675
0 0.6297274458333335 0.8149601814814815 0.05634253625000009 0.12213116111111112
0 0.4833455249581277 0.3192548633380099 0.05233191090583868 0.1341871718713478
0 0.8944211427083334 0.9583678537962964 0.0762973429687501 0.08326429240740746
0 0.6341825082582245 0.349622790430885 0.10821417444123327 0.061465556926150154
0 0.8243352155141656 0.6471615935086038 0.10041791550702897 0.07451804120997702
0 0.33580212230549317 0.7562088339314695 0.08546391955568057 0.10121881621113521
0 0.28899916595304365 0.048060144385833746 0.0936329212160139 0.09612028877166749
0 0.5927534645833334 0.9990786685185185 0.05516870171875018 0.0018426629629632147
0 0.23030896533575967 0.36673843842895293 0.050887457182616204 0.12864167114143427
