0 0.7500652317708334 0.934891475925926 0.016102455468749947 0.027339106666666748
0 0.6327907317708333 0.7374242888888889 0.014279491406250008 0.028327260370370397
0 0.5973960520833332 0.7252369259259258 0.026736117187499887 0.013175476481481495
0 0.6513235598958335 0.7874910111111111 0.024609375 0.02305705370370369
0 0.6235542381858745 0.9603171423719686 0.02728363560741774 0.014037654700507362
0 0.7456596614583333 0.7366004925925926 0.01579862812499992 0.016139937592592656
0 0.8392363177083333 0.8047835 0.023697892968749912 0.009552219444444492
0 0.6712241770833333 0.6791228185185185 0.026736117187499887 0.01449302814814812
0 0.6930389811152302 0.8595499379059108 0.015310977092456213 0.031115352706696922
0 0.7281899583333332 0.6911454222222222 0.011848971093749938 0.022727695925925884
0 0.6851998411458332 0.7535638648148149 0.026128462500000064 0.0171280912962962
0 0.5960287552083334 0.7382476833333333 0.030078119531249926 0.014822385925925927
0 0.6463106302083332 0.8288291092592592 0.015798628125000037 0.029974209999999998
0 0.7562933723958333 0.8018190388888888 0.01579862812499992 0.027339106666666644
0 0.5566842708333334 0.9189162574074075 0.01762154296875001 0.015151783888888902
0 0.6803385052083333 0.7413769037037037 0.026128462500000064 0.016469335555555527
0 0.6543618333333332 0.7179903314814815 0.02035589062500011 0.021080746296296284
0 0.6476779270833333 0.9345619574074074 0.013064231250000091 0.025362799259259237
0 0.5983070911458334 0.6552419685185186 0.02552085703124997 0.01613993759259255
0 0.6769965520833333 0.6929569703703704 0.020659717968750022 0.01449302814814812
0 0.6484373723958332 0.6302086074074074 0.014583318749999918 0.029315414074074047
0 0.6742619583333334 0.7843617907407407 0.01397571328125006 0.03458562074074065
0 0.6975045286458332 0.6880162018518519 0.014279491406250008 0.01581057981481485
0 0.6536023880208333 0.6056694035185185 0.02126737265624996 0.025692157037037044
0 0.7527993333333334 0.9735942296296297 0.015494800781250007 0.025033401296296158
0 0.6699505377770038 0.8143903971846272 0.02138329423765922 0.022618461001115763
0 0.7403021687833123 0.950071502674816 0.024690501756292112 0.014106822983701498
0 0.6289930130208333 0.9735942296296297 0.015798628125000037 0.013175476481481391
0 0.7461154270833333 0.7909493481481481 0.019140630468749958 0.02602155500000002
0 0.6786675286458334 0.8915770703703704 0.015494800781250007 0.012516680555555442
0 0.7198350755208334 0.6596888611111111 0.018229148437499988 0.013834232222222277
0 0.6505641145833334 0.8943767722222221 0.02369789296875003 0.019433836851851852
0 0.7031248177083335 0.7809030518518518 0.012760403906250061 0.02898601611111107
0 0.5323785755208333 0.7291895407407407 0.01640623359375001 0.012516680555555548
0 0.7518878020833333 0.7581755166666667 0.012456576562500033 0.02239829796296291
0 0.6400824895833334 0.7018503537037037 0.014887146093749947 0.02700970870370367
0 0.7154295052083334 0.6863690111111111 0.017925370312500157 0.030303567777777804
0 0.7167968020833333 0.78452655 0.015798628125000037 0.025692157037037044
0 0.7307724661458332 0.7366004925925926 0.01397571328125006 0.01811628518518523
0 0.7250521566908008 0.8443604600888317 0.010832816566315037 0.03514367685937366
0 0.7793499455174884 0.8898704662739143 0.012220768600440005 0.017906638192912144
0 0.7449002161458333 0.8650612777777777 0.011848971093750056 0.0167987335185185
0 0.6602862942708333 0.8844952351851852 0.02430554765625009 0.02075134833333331
0 0.6893012395833333 0.8194414481481481 0.027647549999999892 0.011199169074073987
0 0.6452475052083334 0.7738212166666667 0.021571199999999992 0.024045247592592613
0 0.6844399036458333 0.7174960537037036 0.025824635156250036 0.020751348333333416
0 0.6970487630208333 0.6458547092592591 0.023090287500000053 0.022398297962963016
0 0.7353296302083333 0.776950437037037 0.018836803125000044 0.028327260370370397
0 0.7028211380208333 0.6335025870370371 0.024305547656249853 0.02009259259259253
0 0.6098523333333332 0.7723391870370371 0.010329883593749993 0.011857924814814872
