0 0.49221965020576136 0.6736680327868853 0.03922325102880663 0.06403688524590163
0 0.5169882554526749 0.6537993349726776 0.04755641090534979 0.035468269945355305
0 0.478395 0.69877 0.028395100000000045 0.07459019999999991
0 0.5503278555555555 0.5672726673497268 0.027816511111111147 0.08044783469945362
0 0.500309 0.555738 0.030246900000000035 0.036065599999999934
0 0.509568 0.0295082 0.029012299999999974 0.0409836
0 0.579938 0.1 0.030246900000000035 0.02950819999999999
0 0.44896491491769547 0.6942966275956285 0.02923127016460904 0.07370254480874316
0 0.5203702589506173 0.9897541389344262 0.061728617901234635 0.018852377868852386
0 0.33436213991769553 0.3776041666666667 0.025720164609053475 0.0704405737704918
0 0.43642000000000003 0.611475 0.028395100000000045 0.04262289999999994
0 0.39537 0.809836 0.022839500000000016 0.07377050000000007
0 0.52037 0.261885 0.03333329999999994 0.031967200000000036
0 0.436728 0.012295099999999998 0.031481499999999954 0.0213115
0 0.4710005144032922 0.2781335382513661 0.052726337448559715 0.03628756830601096
0 0.6666345164609054 0.6121926229508197 0.035043724279835486 0.07257513661202182
0 0.557716 0.392623 0.020370400000000066 0.06393439999999997
0 0.48179000000000005 0.640574 0.040123500000000034 0.05163929999999992
0 0.491358 0.74959 0.05555560000000003 0.03852459999999998
0 0.536728 0.8745900000000001 0.05123460000000006 0.032786900000000146
0 0.534568 0.304508 0.05802469999999998 0.04344259999999996
0 0.586111 0.55041 0.04753090000000005 0.05163929999999992
0 0.592284 0.502049 0.05 0.041803299999999946
0 0.408642 0.0377049 0.03703699999999995 0.07049180000000001
0 0.550309 0.796721 0.025308599999999966 0.06393440000000007
0 0.598765 0.604508 0.04814809999999998 0.06311480000000007
0 0.508642 0.092623 0.022222200000000056 0.0770492
0 0.473765 0.947541 0.05617279999999996 0.027868900000000068
0 0.608642 0.0245902 0.025925900000000064 0.047541
0 0.46018499999999996 0.512295 0.030246900000000035 0.07377049999999997
0 0.6759260000000001 0.986066 0.032098799999999914 0.027868900000000068
0 0.566667 0.259836 0.05308640000000005 0.04262290000000003
0 0.504938 0.912705 0.029629599999999933 0.058196699999999865
0 0.597222 0.359426 0.029012299999999974 0.07295079999999995
0 0.46327199999999996 0.145902 0.05493830000000007 0.03278690000000001
0 0.549383 0.03278690000000001 0.029629599999999933 0.05409839999999999
0 0.895988 0.947541 0.025308600000000105 0.07704919999999996
0 0.4942258208847737 0.411065781147541 0.05352365823045257 0.04344303770491801
0 0.452469 0.0438525 0.03827160000000001 0.06967210000000001
0 0.56142 0.159836 0.040123500000000034 0.07049180000000001
0 0.152778 0.359016 0.025308599999999983 0.040983600000000016
0 0.234877 0.614344 0.04629629999999999 0.04672130000000003
0 0.5610210905349795 0.7084614071038252 0.022505144032921833 0.03287226775956281
