0 0.5013597697916666 0.6291473416666667 0.036514281041666645 0.035462198333333264
0 0.5003010145833333 0.8083498305555555 0.022755264166666695 0.02033166268518511
0 0.10420054479166668 0.5946308342592593 0.022226058020833328 0.040190479907407504
0 0.531624238654188 0.4038907726409466 0.038862138700597446 0.03811946227993491
0 0.7164765385416666 0.8892036935185185 0.020109319166666733 0.019386029444444407
0 0.4862925560047529 0.43344589394289235 0.051055885208369685 0.020644663365743974
0 0.499772065625 0.8492492037037037 0.026988827604166588 0.042554649537037095
0 0.45715329121994636 0.8927597822281657 0.04970710358572609 0.01704164371559037
0 0.3179983101187293 0.3396158925623894 0.025408461487458803 0.017175040772926888
0 0.4475123649030196 0.5216251778845714 0.027160083077933925 0.03584166561974611
0 0.3928678096053268 0.6030152569460693 0.028181498188222655 0.046117697589342775
0 0.4952998482086131 0.5457063433100142 0.04969159347860679 0.02739766143552734
0 0.4134132310117715 0.5743491568758765 0.04094936818479026 0.03007482418044539
0 0.42118671041666667 0.8601245916666667 0.0254012091666666 0.02458709879629621
0 0.31561295625 0.4121183694444444 0.05027329791666659 0.02316862009259258
0 0.4381207927083334 0.8019663879629629 0.03598507489583334 0.031206762222222163
0 0.5544877397844533 0.8873056154535615 0.024230701964739865 0.034609546092457956
0 0.40664915470588453 0.646998293213397 0.03860133642156433 0.03285832394357642
0 0.45214436979166667 0.8518502287037037 0.03545586875000003 0.0401904799074074
0 0.4878651416666667 0.6601173638888889 0.04021863833333335 0.0226958323148147
0 0.4422837146156058 0.6927761123587862 0.04577109670933132 0.02651830046776261
0 0.19680947708333332 0.4000615888888889 0.04339378947916668 0.028369747129629645
0 0.49315720312500005 0.6988898842592594 0.030693184895833347 0.03971769212962973
0 0.37805808125000007 0.8480672342592592 0.03333912989583331 0.033570874166666494
0 0.4629933958333333 0.6104706092592593 0.039160226041666725 0.028369747129629645
0 0.464316196875 0.781162225925926 0.04286458333333331 0.026478422962962978
0 0.46087674270833323 0.5520758962962964 0.04656894062499995 0.024114311018518544
0 0.48098537604166663 0.5686251990740742 0.04551052833333345 0.01749470527777764
0 0.39088885809714263 0.4978772223504965 0.032422350460789374 0.03962443452457309
0 0.40372367916666657 0.36578136 0.04339378947916668 0.02316862009259258
0 0.5278192197916667 0.716148137962963 0.03863101989583336 0.03640788925925933
0 0.36211474735489835 0.4870421554062978 0.02183063654020317 0.04259470529851539
0 0.16717461874999998 0.35325138787037036 0.02116773145833335 0.041608958611111135
0 0.5098263822916668 0.782107686111111 0.04709814677083326 0.028369747129629645
