0 0.44655311354166666 0.36285130092592593 0.018747114375000016 0.034756362499999964
0 0.4507714484058034 0.33313022041322476 0.024485119820178033 0.034475763803180036
0 0.3955629019228659 0.6198242552559251 0.027275253793648466 0.02509069878202118
0 0.36412280381901435 0.40783122345204464 0.0222812461796955 0.028770008941126347
0 0.2097477947916667 0.8558038981481481 0.01414254875 0.04160972638888891
0 0.4527280574613798 0.30760157688257267 0.03109654702152511 0.013351301913293413
0 0.3704136744791667 0.5138696898148147 0.016444831562500064 0.0391621305555556
0 0.4788711264100251 0.40427051389986235 0.025735572138666403 0.03776222961870459
0 0.4750026369791666 0.6599932453703704 0.023022774843749972 0.03671447500000006
0 0.3398265072916667 0.5806904953703704 0.019076019531250075 0.04063070000000003
0 0.3631780807291667 0.30851357453703704 0.017102641875000005 0.014196270833333339
0 0.47467389166666674 0.3312765800925926 0.017760398906250016 0.03818304444444449
0 0.3234831596371829 0.34220361856812853 0.018089314916087968 0.021585902291151836
0 0.5453866354166667 0.5258631064814815 0.021049397187499964 0.04258881249999991
0 0.45247372604166664 0.8051379537037037 0.029929570000000006 0.028392541666666677
0 0.4562556291666667 0.8856650092592592 0.02236496453125003 0.024965859722222365
0 0.38833665357926084 0.5045329225046069 0.017427109606438465 0.022446768157361997
0 0.3533109260416667 0.325157500925926 0.02236496453125003 0.03377733611111114
0 0.3898018409262362 0.4658697685605149 0.015753664612889 0.04676703147116057
0 0.44342870104166665 0.8281459398148147 0.027627340468749987 0.020560091666666835
0 0.5080572588541667 0.39907581481481486 0.029929570000000006 0.026923972222222193
0 0.24888660260416667 0.6068798842592592 0.01282698140624999 0.04209926944444446
0 0.42703323111330427 0.44684378533939334 0.031475638919224794 0.022440292284176218
0 0.37222257291666666 0.3222203023148148 0.01414254875 0.04063070000000003
0 0.3870230385416667 0.7554514537037038 0.019404924687500012 0.039651613888888715
0 0.4217219197916667 0.5131357037037036 0.017760398906249957 0.04258881250000012
0 0.3891606822916666 0.8641261898148148 0.016444831562500005 0.043567838888889
0 0.4315885416666667 0.8717138981481481 0.02433834218749998 0.029371568055555557
0 0.3698429537545092 0.7450291801729718 0.014297647699314868 0.04385139845035282
0 0.3057856494791666 0.3611378703703704 0.01216917109374999 0.023497290277777774
0 0.4462672771486371 0.6889583343421762 0.03181686341105904 0.020884581778610332
0 0.5457159135416667 0.5591510787037036 0.014471453906250058 0.020070608333333406
0 0.4465376911849757 0.41487480997719756 0.02858690238253292 0.030840002390710428
0 0.4878300979166667 0.3121850578703704 0.015129264218749997 0.021539177777777786
0 0.3410016576263564 0.6668623757466409 0.0320725772533813 0.026425338034483645
0 0.26714022604166665 0.6548535509259259 0.026969530156249987 0.028392541666666677
0 0.42254404947916663 0.7809068564814815 0.015458116093749948 0.03671447499999995
0 0.40165886510416665 0.8349990648148148 0.02433834218749998 0.029371568055555557
0 0.36876941510416666 0.39369125925925924 0.02499615249999998 0.034756362499999964
0 0.43043766666666666 0.8110122314814815 0.028614002656249936 0.023497290277777826
0 0.42506301255503215 0.3845740044456071 0.014127951665069341 0.043199652682859996
