0 0.5018517895061728 0.43303054163712884 0.020987779012345643 0.04311038327425789
0 0.605864 0.983197 0.04629629999999999 0.031967200000000036
0 0.5501114863288796 0.7160348809159891 0.05083967265775952 0.03899168096490827
0 0.549074 0.67377 0.029012299999999974 0.036065599999999934
0 0.5819986653319986 0.4945724412937527 0.05488822155488825 0.03300841825431984
0 0.324868373275236 0.38813886210221793 0.04107661583151777 0.05424300867888135
0 0.5850326953634346 0.5761139637798994 0.057844166770703226 0.033625820828486114
0 0.48747063623623627 0.44859300924900314 0.03133099552886221 0.08061534946832082
0 0.539815 0.991393 0.025308599999999966 0.01721309999999985
0 0.33827199999999996 0.027459 0.027160499999999983 0.028688500000000002
0 0.586111 0.988934 0.05 0.020491800000000008
0 0.5271852670003336 0.4971866316127603 0.0530358659993327 0.03513533677447948
0 0.382099 0.00860656 0.029629599999999933 0.0155738
0 0.5481015865327308 0.6408030793842675 0.05811822693453842 0.03970504123146494
0 0.7290573299345228 0.47355147010021903 0.029364722347178553 0.07898055352757677
0 0.6898690815357482 0.0111466402450009 0.03899742233075563 0.0222932804900018
0 0.36189119522452856 0.16978922716627634 0.02815086148419479 0.06485317960727797
0 0.34475300000000003 0.055327900000000006 0.04259259999999998 0.04672130000000001
0 0.5447946609612928 0.604640876814367 0.05608897807741425 0.038259446371265764
0 0.5822573505738939 0.6758567056050789 0.04352800114778792 0.05499181121015786
0 0.5941775108441775 0.45558263181214004 0.03653653653653652 0.04408506867523267
0 0.46304637971304635 0.4697607443509083 0.025191858525191874 0.07199822773593263
0 0.654583395811466 0.3496050972323621 0.026365771979807124 0.0756620428751576
0 0.48734600000000006 0.9803280000000001 0.031481499999999954 0.03770489999999986
0 0.5886867613702752 0.392537696600548 0.028224373591401224 0.07484056821217266
0 0.4646335274160994 0.6283166531798975 0.026765507939243868 0.0789659484819438
0 0.5336534973081835 0.5442764396551724 0.053782417873399546 0.04667785213288692
0 0.6158495352379144 0.6326059178526084 0.05225082952417105 0.042985464294783234
0 0.6933823161893338 0.34462733125373335 0.03623731693907131 0.07333908541846418
0 0.5207459154988322 0.40705589476074433 0.046163169002335774 0.04982291047851134
0 0.6157409999999999 0.9717209999999998 0.04012349999999996 0.054918000000000085
0 0.5461211180347013 0.3922575385688968 0.047230570070070005 0.06750087323881253
0 0.3874542228262921 0.5737704918032787 0.0481368218371276 0.03910362460520375
0 0.4924377699814978 0.6718562948634604 0.05092656003700426 0.05137011027307914
0 0.284877 0.982377 0.03888889999999997 0.035245899999999816
0 0.7534238016694156 0.43721377845622883 0.03136402259209265 0.0703524258312869
0 0.4736401017267267 0.3954029605671245 0.0423752985485486 0.04734114488258756
0 0.5269850757507507 0.34306578159060697 0.051968149499499516 0.04501503681878601
0 0.630864 0.940164 0.034567900000000006 0.06229510000000014
0 0.581710427172086 0.7715693065496807 0.04390540775517298 0.051181405372123394
0 0.33831908831908836 0.19940100882723835 0.044430877764211084 0.0646279949558638
0 0.37898196694478364 0.2082509115294541 0.04348770089540088 0.06629406957304991
0 0.4250572534154623 0.8718410290468034 0.0456711153228566 0.0536544444056066
0 0.41142629198209196 0.11002060182399566 0.045075783964184005 0.06594330364799134
0 0.45061728086419756 0.09977482518465142 0.05555556172839505 0.04545125036930284
0 0.312963 0.27459 0.05555560000000003 0.03442619999999998
0 0.5427521970729887 0.06828048098540804 0.03646006115181113 0.06295263918212933
0 0.5543075580111246 0.022477945838587646 0.05676271602224939 0.04331649167717528
0 0.589815 0.877869 0.06111110000000003 0.03114749999999992
0 0.5040522899613584 0.7071682918772014 0.0594528094737531 0.05672485904248376
0 0.49093158545894855 0.8548009367681497 0.05791150069757032 0.037400817924429466
0 0.3218694885361552 0.13815078364258693 0.05596255596255597 0.0506665465681859
0 0.6316981009153393 0.10272935680609023 0.0359946578064432 0.04844500194645097
