0 0.5863453143189897 0.08512539410499255 0.01965298613797941 0.025347322160385266
0 0.6934786249999999 0.1507500074074074 0.02453705666666662 0.012459017777777762
0 0.6265471333333333 0.23692471851851857 0.017175930833333432 0.025610184444444507
0 0.6844254875029032 0.3581313331969819 0.015155332505806385 0.03099318175418428
0 0.5664314416666668 0.40719807407407405 0.017993809166666708 0.024918035555555575
0 0.6471310083333334 0.26097745185185184 0.02453705666666662 0.01972677111111112
0 0.6583305789146422 0.1669058295519621 0.01258438032928441 0.03413595793311291
0 0.531398 0.029793562740740742 0.023173852500000022 0.005883413333333333
0 0.6789400716993412 0.04319057149036745 0.011083076601317642 0.0326774392770312
0 0.7101397488893525 0.1969133380326566 0.011935070554628287 0.03626171458383167
0 0.670414773530087 0.12421576751591527 0.023051007612285682 0.024211011827982215
0 0.5998289499999999 0.41117794074074077 0.023173852499999963 0.020418962222222267
0 0.6055272763675069 0.2676578466977284 0.018944958340906006 0.02102643991494491
0 0.62613815 0.2042198074074074 0.01036008666666651 0.014881602222222215
0 0.5404112233043016 0.07579884512088568 0.015572811608603132 0.026003620128599036
0 0.6165351277202663 0.0738100640334227 0.025749336226134407 0.015701531029808376
0 0.6536747837675184 0.20067657080316403 0.017449583368370252 0.024736924319597883
0 0.6689418333333333 0.4437097407407407 0.011995887499999943 0.010728582222222319
0 0.5357946230268991 0.19974003897092127 0.021529726817499355 0.01514010228054127
0 0.6401090248906175 0.19273431959683493 0.011584227281234998 0.028161817843367146
0 0.6362253750000001 0.21892834074074075 0.02235597416666657 0.014535506666666694
0 0.5996646035726964 0.041481685277862466 0.012134040770147674 0.0304509267360085
0 0.6010861582514924 0.245394189321461 0.011934885163681722 0.020399474939218405
0 0.679847025 0.13413767407407404 0.015267489166666573 0.017996335555555548
0 0.6161869583333333 0.24921054074074073 0.01881173166666663 0.016265942222222215
0 0.6621255916666667 0.03446570074074075 0.017993809166666708 0.015227697777777782
0 0.5645071493701099 0.2597691318633046 0.014365450738665448 0.02908011120922159
0 0.6491552427870614 0.1445990921781181 0.022042278074122616 0.015070299347467477
0 0.6516293833333333 0.24246216296296294 0.02590021666666663 0.013151166666666641
0 0.5783839486984934 0.3280948184001605 0.01076031822744999 0.025812103911755247
0 0.6577636916666666 0.30925602962962967 0.011995887499999943 0.029763204444444483
0 0.73478285 0.36376449629629637 0.01226852833333325 0.030801448888888933
0 0.6116885833333332 0.05125076518518519 0.01581277083333331 0.029417108888888887
0 0.6667604416666667 0.046232527407407416 0.013086406666666642 0.018688526666666674
0 0.6463130416666668 0.4438828518518519 0.011450605833333445 0.010382528888888803
0 0.5224033630999091 0.13875950497227368 0.012273107866484879 0.01913570931471182
0 0.7053230429190068 0.0349959515783151 0.02102328916198637 0.014903901675148733
0 0.6753934873597203 0.09135569411468634 0.011712580523145989 0.033785376599904625
0 0.6960685583333333 0.13361876296296296 0.01335904749999995 0.016958091111111122
0 0.7133810083333333 0.08568598518518518 0.02235597416666657 0.02076501555555556
0 0.6334994083333334 0.034292674074074075 0.022901255833333304 0.013497262222222224
0 0.7215597916666667 0.44457487407407403 0.022355974166666688 0.008305997777777656
0 0.5931161973502159 0.2701568836615801 0.010270206654016078 0.022266786212856743
0 0.7215597916666667 0.07409218518518518 0.021810692500000072 0.02180326
0 0.6743942083333333 0.17047665185185185 0.01581277083333331 0.02353369555555555
0 0.6942965916666667 0.10368236296296296 0.014722207499999957 0.030455353333333362
0 0.6741960543621841 0.22054290382778152 0.020636894348805276 0.021097716419318777
0 0.7988514583333334 0.03671525851851852 0.013904329166666684 0.01903462222222222
0 0.6844818749999999 0.4200032296296296 0.021810692499999954 0.020072866666666668
0 0.6897982166666667 0.07616867407407407 0.01444961083333342 0.014881602222222215
