0 0.5394586135327636 0.1511875454497688 0.024786172934472918 0.07959240910046238
0 0.45 0.733607 0.027160499999999983 0.07377049999999997
0 0.423457 0.727459 0.028395100000000045 0.04344260000000006
0 0.505556 0.558607 0.03209880000000005 0.06147540000000003
0 0.608678818864092 0.7892637281981225 0.03449386227181588 0.07229234360375508
0 0.48858 0.577459 0.035185199999999965 0.06803279999999996
0 0.567593 0.141393 0.030246900000000035 0.0729508
0 0.587654 0.0422131 0.025925900000000064 0.03360660000000001
0 0.435185 0.80123 0.05185190000000002 0.04672130000000003
0 0.574074 0.840164 0.03209880000000005 0.0754098000000001
0 0.604321 0.522951 0.03827160000000001 0.03442620000000007
0 0.536728 0.971311 0.027777799999999943 0.05573769999999983
0 0.364815 0.17377 0.023456799999999976 0.07049180000000001
0 0.569444 0.35041 0.06111110000000003 0.040163899999999995
0 0.4754036112060779 0.776884355982906 0.027350422412155802 0.07716865667647473
0 0.503395 0.19344300000000003 0.05123460000000006 0.03934430000000002
0 0.649691 0.67418 0.03148150000000009 0.06803279999999996
0 0.641667 0.8754099999999999 0.033950600000000046 0.032786900000000146
0 0.495679 0.146721 0.04814809999999998 0.055737700000000015
0 0.580556 0.69918 0.031481499999999954 0.05901639999999998
0 0.309259 0.206967 0.030864199999999994 0.03196719999999999
0 0.425617 0.332377 0.06234569999999995 0.030327900000000015
0 0.588272 0.743033 0.05679010000000006 0.031967200000000036
0 0.616358 0.07459019999999998 0.031481499999999954 0.07704919999999998
0 0.52963 0.394672 0.029629599999999933 0.06967209999999999
0 0.734259 0.20655699999999996 0.05740740000000002 0.031147499999999988
0 0.533333 0.0668033 0.05061729999999996 0.048360700000000006
0 0.573148 0.972541 0.04259259999999998 0.054918000000000085
0 0.571605 0.931148 0.04320989999999994 0.06065569999999991
0 0.7336420000000001 0.363115 0.035185199999999965 0.07377049999999997
0 0.35709899999999994 0.75 0.04629629999999999 0.04918030000000007
0 0.508333 0.027049199999999995 0.04753090000000005 0.0360656
0 0.500926 0.8516390000000001 0.045061699999999934 0.05737700000000003
0 0.489506 0.9368849999999999 0.03703699999999995 0.04426230000000017
0 0.256173 0.8975409999999999 0.04320990000000001 0.04262289999999994
0 0.322222 0.153689 0.044444399999999974 0.0598361
0 0.44290099999999993 0.878689 0.04259259999999998 0.06557379999999993
0 0.422531 0.106557 0.04876539999999994 0.04918030000000001
