0 0.470377266098507 0.6783503222222222 0.03904062333333342 0.017887811018518582
0 0.3902649812499999 0.711935701851852 0.03904062333333324 0.018617951203703728
0 0.5782043875 0.9134475342592593 0.021790101666666572 0.015697479537036922
0 0.5863373038727163 0.6455272533855358 0.026252276287099127 0.022934673784483918
0 0.6594635166666667 0.6732396972222221 0.01997428437499996 0.018617951203703624
0 0.6120247291666667 0.7999146101851852 0.04221835874999999 0.01715771537037043
0 0.5766158874999999 0.6038786064814815 0.031323307916666585 0.028839557500000033
0 0.3170544792090105 0.65594267982455 0.01791336570968755 0.03130858211015937
0 0.40365691875 0.5810627277777778 0.01952031166666662 0.03139495907407416
0 0.1986933520833333 0.5836178175925926 0.043580276875000004 0.0175227854629629
0 0.5147266883889668 0.8636344495704544 0.04524354655539937 0.013176748122390336
0 0.5296308520833333 0.6529789083333333 0.01725052166666661 0.02263358861111105
0 0.4903632791666668 0.6297978259259259 0.02224407437499997 0.03249012481481478
0 0.32171774623635674 0.7815093904632885 0.04085893393104681 0.016001800462312008
0 0.481283825 0.813056599074074 0.0458500668749999 0.012046912222222175
0 0.4501874666666667 0.780019025 0.042672331458333386 0.01679264527777775
0 0.5972708 0.771651223606615 0.028145572499999952 0.029569653148148075
0 0.4345260333333333 0.8658076018518519 0.024059965208333384 0.01971311694444456
0 0.5970968211826888 0.6989398360367982 0.024957092426813314 0.01903144306609466
0 0.5795663791666666 0.723252562962963 0.03904062333333324 0.020078187037037027
0 0.5138886606400146 0.804657708070143 0.0338855544050291 0.020083234693047375
0 0.5033014645833334 0.6927700787037037 0.03631686062500001 0.014602313796296198
0 0.30968684791666656 0.8373328472222222 0.031323307916666585 0.024823920092592603
0 0.60680400625 0.8725611981481481 0.01997428437499996 0.014237243703703729
0 0.4619702754129 0.8934810284802093 0.040419679704547205 0.01611433930221027
0 0.5241836208333334 0.6119099703703703 0.018158467083333345 0.028839557499999925
0 0.4066074104166667 0.6245045990740741 0.020882229791666637 0.032855194907407355
0 0.464661883140871 0.6211731445881856 0.018264034551591497 0.01816096658377862
0 0.5033637254387574 0.8982768322114171 0.03843852444449928 0.02140186005510524
0 0.5515705624162145 0.5354882712011066 0.019102924902641285 0.03174274902813392
0 0.4996800909611753 0.8420165001698461 0.030891180880683974 0.03736046345660434
0 0.47719858541666665 0.8747515296296295 0.02587578250000006 0.029569653148148183
0 0.6463644955174263 0.5334900523647315 0.027106428965147346 0.0326249505627962
0 0.5219133895833333 0.5839830212962963 0.03904062333333336 0.02190344842592601
0 0.5323548354166667 0.8889886842592593 0.018158467083333345 0.030299793333333436
0 0.4885475354166667 0.7791064611111111 0.027691599791666674 0.03322026499999993
0 0.44421298096117834 0.8822584660898729 0.0427710241383379 0.02229623091731117
0 0.5070576558325044 0.6475549397583428 0.027754007957404524 0.02249170544174814
0 0.5060247125 0.6053389759259259 0.01725052166666661 0.033950360648148076
0 0.46834637500000004 0.6925874768518518 0.040856514166666774 0.014967383888888876
0 0.5151041666666667 0.6807232555555556 0.03994856874999992 0.018252881111111154
0 0.45994791666666673 0.9088842694444444 0.04040254145833325 0.017522785462963004
0 0.4842350520833333 0.6075293074074074 0.0263297552083334 0.03176002916666673
0 0.539781413647674 0.6308902082826505 0.022117455212014588 0.037605915749513746
0 0.46176366041666667 0.7960813074074075 0.03767877875000008 0.014602313796296302
0 0.5232753812500001 0.8245560620370371 0.03450104333333339 0.020443212592592498
0 0.47348935615206833 0.6650293726299379 0.0419431063321826 0.015224938703786434
