0 0.5672969386393486 0.5526423666027207 0.01985844738639345 0.07103197415416818
0 0.566975 0.0180328 0.024074099999999935 0.034426200000000004
0 0.571296 0.402459 0.035185199999999965 0.0393443
0 0.542284 0.561475 0.026543200000000024 0.04590159999999991
0 0.43919800000000003 0.9102459999999999 0.029012299999999974 0.035245899999999816
0 0.521914 0.697541 0.054938299999999926 0.03442620000000007
0 0.682099 0.42663900000000005 0.030864199999999994 0.03852459999999998
0 0.537963 0.654098 0.04506170000000007 0.04426229999999999
0 0.527778 0.731967 0.05308640000000005 0.03114749999999992
0 0.43642000000000003 0.568852 0.05432099999999997 0.032786899999999966
0 0.529012 0.9102459999999999 0.027160499999999983 0.06475410000000018
0 0.664815 0.990574 0.0506173000000001 0.01721309999999985
0 0.420679 0.0413934 0.04259259999999998 0.0565574
0 0.728395 0.827869 0.027160500000000126 0.03934430000000009
0 0.587654 0.890574 0.024691400000000033 0.07295080000000005
0 0.300926 0.67459 0.03641980000000002 0.06229509999999996
0 0.60679 0.620492 0.03209880000000005 0.05081969999999993
0 0.294444 0.97418 0.03333330000000002 0.05163929999999992
0 0.449383 0.8770489999999999 0.03827160000000001 0.06885250000000008
0 0.3890240408170343 0.5520582032418493 0.038000918365931446 0.06801399351630136
0 0.6311561978228228 0.2166261567899867 0.02897889564564557 0.07095681357997342
0 0.46327199999999996 0.718443 0.033950600000000046 0.06967210000000008
0 0.584259 0.180328 0.025308599999999966 0.06721310000000001
0 0.48858 0.8700820000000001 0.04753090000000005 0.05163929999999992
0 0.546296 0.360656 0.027160499999999983 0.07704919999999996
0 0.473765 0.587295 0.026543200000000024 0.06639339999999992
0 0.634568 0.734426 0.025925899999999995 0.03934430000000009
0 0.587037 0.34877 0.044444399999999974 0.06639340000000002
0 0.524691 0.072541 0.04691359999999995 0.056557400000000015
0 0.473457 0.504508 0.05308640000000005 0.056557399999999945
0 0.729938 0.420492 0.029012299999999974 0.06557379999999997
0 0.331173 0.177049 0.05 0.049180300000000024
0 0.552161 0.492623 0.05493830000000007 0.06393440000000007
0 0.572222 0.939344 0.05432099999999997 0.04426230000000017
0 0.313889 0.233197 0.04753089999999998 0.06803279999999999
0 0.41358 0.503279 0.039506200000000075 0.07049180000000001
0 0.501543 0.394262 0.04382720000000004 0.05901639999999998
0 0.521296 0.12582 0.04753090000000005 0.058196700000000004
0 0.6317900000000001 0.9102459999999999 0.05246910000000002 0.048360700000000076
0 0.648148 0.0881148 0.04814809999999998 0.04508199999999999
0 0.440432 0.29918 0.035185199999999965 0.03770490000000005
0 0.351852 0.8975409999999999 0.04320989999999994 0.06557379999999993
0 0.7824069999999999 0.579098 0.040123500000000034 0.07131149999999994
0 0.391667 0.216803 0.03765430000000005 0.07786880000000002
0 0.6925929999999999 0.09016389999999999 0.04074069999999996 0.054098399999999984
0 0.483333 0.178279 0.05308640000000005 0.03688519999999998
