0 0.6533041458970043 0.3734064307835607 0.04364639179400849 0.05337056156712141
0 0.487654 0.542623 0.025925900000000064 0.04262289999999994
0 0.422222 0.431557 0.025925900000000064 0.0729508
0 0.445062 0.447951 0.029629599999999933 0.07786879999999999
0 0.587037 0.636066 0.028395100000000045 0.06721310000000004
0 0.5675923666666667 0.9766392639344262 0.031481933333333316 0.045082127868852614
0 0.487654 0.404918 0.024691400000000033 0.07868850000000002
0 0.554321 0.451639 0.04938270000000004 0.05081969999999993
0 0.469136 0.0635246 0.028395100000000045 0.07786879999999999
0 0.351852 0.809836 0.05061729999999996 0.05081969999999993
0 0.552469 0.498771 0.05308640000000005 0.05327869999999997
0 0.544753 0.706967 0.04629629999999999 0.054918000000000085
0 0.508951 0.225 0.027777799999999943 0.08606560000000003
0 0.620062 0.592213 0.04382719999999997 0.05327869999999997
0 0.604938 0.812705 0.025925900000000064 0.06803279999999996
0 0.65 0.8495900000000001 0.028395100000000045 0.06803279999999996
0 0.541358 0.759426 0.04691359999999995 0.05819670000000005
0 0.535185 0.164754 0.05679010000000006 0.0393443
0 0.516049 0.538115 0.03703699999999995 0.06967210000000008
0 0.334568 0.864754 0.04814809999999998 0.07049180000000001
0 0.503704 0.811475 0.05308640000000005 0.03442620000000007
0 0.515123 0.0721311 0.04876539999999994 0.04426229999999999
0 0.7120370000000001 0.72418 0.04259259999999998 0.054918000000000085
0 0.688272 0.06106559999999999 0.05308640000000005 0.0368852
0 0.813584621917897 0.27590008655565745 0.03949765616420614 0.05311852688868507
0 0.606173 0.973361 0.044444399999999974 0.05163929999999992
0 0.558333 0.0495902 0.05370370000000001 0.05491799999999999
0 0.561728 0.343443 0.03703699999999995 0.06721310000000004
0 0.667593 0.721721 0.04753090000000005 0.04344260000000006
0 0.439815 0.672951 0.04259259999999998 0.057376999999999935
0 0.41203699999999993 0.848361 0.03888889999999997 0.07704919999999996
0 0.460802 0.930328 0.035185199999999965 0.03934430000000009
0 0.478086 0.330738 0.040123500000000034 0.0647541
0 0.389198 0.0840164 0.04629629999999999 0.05
