0 0.587266520492846 0.3465616126181557 0.0400351640143081 0.09573706023631175
0 0.52364555625 0.7190541185185186 0.026682127499999927 0.11692174537037069
0 0.42743668124999995 0.9598566203703707 0.03643136000000003 0.07237999870370371
0 0.486444625 0.43370919074074077 0.02719525812499999 0.11692174537037027
0 0.52980345625 0.5840377555555556 0.0472067706250001 0.0751639427777777
0 0.4689691710888439 0.4884173476978154 0.021144561402692948 0.12581208575489333
0 0.47752739974988617 0.81171012440862 0.02758343362522743 0.13254610794983693
0 0.6039947820465705 0.02894533277777777 0.03447056221814127 0.05789066555555554
0 0.4725910125 0.9938480305555555 0.041562499999999974 0.012303938888888937
0 0.5126140375 0.9792327911574075 0.04361493937500001 0.04153441768518515
0 0.5440371277402679 0.9016220074286144 0.0274412479805358 0.11647160329091948
0 0.6373085322465969 0.354929483562402 0.03131537324319377 0.054559087504825736
0 0.5431441874999999 0.015721683333333344 0.04002310812499997 0.03144336666666669
0 0.4735518555910583 0.28131044023462237 0.0403943163344751 0.08946067611813899
0 0.49311540625000005 0.13583872222222218 0.039510060625000065 0.052893069444444316
0 0.4142227668922384 0.43244228087816877 0.03266438413772026 0.06397277563411854
0 0.48105729375000006 0.2151779018518519 0.04515433124999995 0.06681245018518506
0 0.4602760437499999 0.9354983833333333 0.041562499999999974 0.059852759814814534
0 0.6043416085777381 0.5114363099294873 0.02435660971952392 0.12483068374786344
0 0.5193245620860988 0.5344066625577772 0.038996930000000006 0.06263653407407396
0 0.81124808125 0.5499355444444443 0.028221436249999954 0.10996205499999995
0 0.5281511474369892 0.414669259657597 0.044383229282162165 0.07105230265221246
0 0.585476425 0.8979166666666667 0.03130013687499987 0.11552977333333317
0 0.5711090999999999 0.6411057222222223 0.031300136875000106 0.11135402703703705
0 0.5418615687500001 0.6967829055555557 0.027195258125000166 0.11970551962962948
0 0.36996738125000006 0.7322775981481482 0.03643135999999991 0.09604284407407387
0 0.5559720375 0.5040023351851851 0.018472203749999968 0.1433681951851853
0 0.49388514375000003 0.061369831481481556 0.04002310812499997 0.10996205499999995
0 0.42512746875 0.359938238888889 0.035918229375000145 0.11413780129629626
0 0.5118053677347485 0.8405016967698978 0.02250046484449708 0.12457306479353768
0 0.5333952874999999 0.09756076481481483 0.03591822937499991 0.11274582925925916
0 0.5825740133278027 0.48916969403925825 0.023603426874999892 0.13362473055555554
0 0.5865030187499999 0.9750570448611109 0.03437883750000002 0.049885910277778
0 0.49722011875 0.9160121333333334 0.04669363999999998 0.07933968907407403
0 0.497476975 0.7260148277777777 0.02155090437500006 0.11692174537037048
0 0.45719709374999995 0.4441494055555556 0.032326398124999996 0.10996205499999995
0 0.3280643738977072 0.055277994622256944 0.021152998236331537 0.11055598924451389
0 0.51466639375 0.47129090740740753 0.028221436250000013 0.07237999870370349
