0 0.46807178709348135 0.868122111406838 0.045265850802228946 0.06129357140715702
0 0.6363789210741221 0.4074440262805384 0.04059182399000817 0.07813995024558267
0 0.5417519187010617 0.008930290028066595 0.024244637402123275 0.01786054005613319
0 0.428395 0.8577869999999999 0.03333329999999994 0.040163899999999995
0 0.6029698654609215 0.7028898404334376 0.05408813092184275 0.05495898086687498
0 0.515706941538166 0.987295 0.029012299999999974 0.02540980000000009
0 0.451202369022914 0.986859780815845 0.02475666195417211 0.026280638368310058
0 0.396296 0.678689 0.05555560000000003 0.0393442999999999
0 0.366565784799683 0.4294491828395101 0.0225008462146323 0.031578128548191635
0 0.559877 0.888934 0.04197530000000002 0.045081999999999914
0 0.5241641002449922 0.823397086952223 0.029449399510015843 0.07123762609555387
0 0.7070989999999999 0.981967 0.03148150000000009 0.036065599999999934
0 0.48544707686025845 0.48445355936882056 0.05086690695104965 0.05360994447598394
0 0.4208085624885911 0.6471871331026344 0.031221775022817855 0.0728395337947311
0 0.475 0.4512300000000001 0.045061699999999934 0.048360700000000076
0 0.5360413963167123 0.895202922887032 0.032303045863957366 0.0702817857880973
0 0.4444684632752078 0.027747655801492632 0.030984291684680757 0.05358168016839957
0 0.4300714717946871 0.9232664163998215 0.023807256410625935 0.06494196720035722
0 0.589815 0.886885 0.025308599999999966 0.07213109999999993
0 0.5442475835507038 0.7967962554825542 0.03887226274439154 0.06970401189002995
0 0.5508693662415334 0.7331618532324424 0.02665586751693326 0.07957879353511514
0 0.5043796563205554 0.8354418627958156 0.03221681264111061 0.06924512559163103
0 0.47062874255416254 0.9104582093146012 0.05456323833885762 0.0404090900778211
0 0.631976391617428 0.06146425149422721 0.04715881676514376 0.03936659701154557
0 0.5658088116923669 0.841393 0.04074069999999996 0.056557399999999945
0 0.664198 0.620082 0.020987700000000026 0.09098360000000001
0 0.5991244880013931 0.39206022710818395 0.029113276002786216 0.08084095421636793
0 0.509031264626267 0.5316881230114181 0.055579205867800394 0.04716786318173123
0 0.5643919574674545 0.5149310523011419 0.025080714934908967 0.08068200460228354
0 0.31152423500024023 0.0655418766345602 0.02594033722438393 0.05709000446514001
0 0.6268520000000001 0.684836 0.04259260000000005 0.06803279999999996
0 0.4670785649228995 0.666803 0.054938299999999926 0.05327869999999997
0 0.5432677615518566 0.6531130695652868 0.05420617689628664 0.04131576086942644
0 0.6975944029879426 0.4550951207437649 0.05074480597588507 0.03833307292211514
0 0.641667 0.892623 0.05864199999999994 0.03934430000000009
0 0.31716866022962004 0.8010142246603305 0.049238603064802815 0.0532627415959686
0 0.40940097036076284 0.9582509408687887 0.051640486141134666 0.04879760158193534
0 0.49824549632631987 0.9590245078905403 0.05255094365422484 0.05544775278433332
0 0.103704 0.697541 0.029629600000000006 0.040983600000000016
0 0.5636392788514195 0.20447972749569435 0.03715435770283909 0.040106054991388626
0 0.5032315170125379 0.7187885176133827 0.03883648079454297 0.07419179809593679
0 0.5093193063361676 0.14607386617337503 0.06028726521592931 0.04656503157491867
0 0.3583032860294471 0.5430073730289596 0.05487827205889421 0.0462171860719525
0 0.4144449248210597 0.31431396313070104 0.044434836912139106 0.06984754736237798
0 0.6696571539979344 0.5233848400650635 0.05526761538886494 0.055508597014734914
