0 0.650926 0.00901639 0.029012299999999974 0.016393400000000002
0 0.5607584440566221 0.5142281137241439 0.03209880000000005 0.07786879999999995
0 0.525617 0.829918 0.05987649999999997 0.031967200000000036
0 0.7161204452136254 0.9776801745966012 0.05417870957274901 0.04136155080679776
0 0.4822667896968522 0.5681592272637541 0.0331135031219701 0.06859894547249162
0 0.517284 0.312705 0.03333329999999994 0.041803300000000036
0 0.511728 0.35 0.04691359999999995 0.03770490000000005
0 0.4222078146855407 0.6646189660115011 0.05370370000000001 0.03688519999999993
0 0.520984321850559 0.532044430194833 0.027166756298881767 0.07361593961033398
0 0.651543 0.783197 0.027777799999999943 0.041803299999999946
0 0.506481 0.459426 0.03271610000000001 0.07131149999999994
0 0.6117073756706095 0.844006972274912 0.059301248658781024 0.03493695545017604
0 0.524693156975955 0.870923268861042 0.05073649646758447 0.04512453772208387
0 0.537654 0.46352499999999996 0.025925900000000064 0.06967210000000008
0 0.425891849492599 0.7444319153956742 0.049903328356279426 0.04405179876834598
0 0.567593 0.20082 0.04753090000000005 0.049180300000000024
0 0.5726857786422984 0.3228457665972878 0.024559281058108732 0.07441832861986092
0 0.5830391853144593 0.5876858522873574 0.04938270000000004 0.03688519999999993
0 0.467901 0.331557 0.022222200000000056 0.08606560000000003
0 0.6373460000000001 0.289344 0.03765429999999998 0.03770490000000005
0 0.434259 0.32459 0.027777799999999943 0.08032790000000001
0 0.48456800000000005 0.445902 0.03209880000000005 0.07213109999999998
0 0.4990740000000001 0.380328 0.05617279999999996 0.04590160000000001
0 0.5014737370709714 0.28067570349969956 0.05342902026048736 0.03864949300060083
0 0.430556 0.618443 0.04259259999999998 0.04672130000000003
0 0.408642 0.336885 0.029629599999999933 0.07377049999999997
0 0.542593 0.11393400000000001 0.04814809999999998 0.031147500000000012
0 0.419444 0.710656 0.05987649999999997 0.040983600000000016
0 0.49764387936623355 0.6929964876083597 0.0311487999903044 0.07225095234314649
0 0.52037 0.623361 0.05308640000000005 0.048360700000000076
0 0.630556 0.796311 0.048765400000000014 0.054918000000000085
0 0.5871810267241936 0.737323102798043 0.03674974655161278 0.06961659440391382
0 0.449691 0.412705 0.03765430000000005 0.06639339999999996
0 0.587037 0.296721 0.03827160000000001 0.06393439999999997
0 0.46825355594337786 0.670492 0.030864199999999994 0.07213109999999993
0 0.557407 0.160656 0.05432099999999997 0.0393443
0 0.50679 0.8975409999999999 0.034567900000000006 0.07049180000000001
0 0.742901 0.0659836 0.022839499999999874 0.06639339999999999
0 0.567593 0.643033 0.05123460000000006 0.05
0 0.551235 0.289754 0.03333329999999994 0.06967209999999999
0 0.432631954225648 0.5650180602695047 0.03726313280654135 0.07089956573684664
0 0.526235 0.659016 0.05123460000000006 0.05901639999999998
0 0.538272 0.57541 0.05679010000000006 0.04754099999999996
0 0.4291658568515286 0.8085185480795639 0.04907568629694274 0.058372603840872055
0 0.625309 0.246311 0.04197530000000002 0.06803279999999996
0 0.5193733054036584 0.7800597966140246 0.05361975206515414 0.03974307950390509
0 0.622531 0.602049 0.04382719999999997 0.041803299999999946
0 0.7799382820987655 0.9749999889344262 0.035185164197530774 0.048360677868852495
0 0.6914486931226165 0.46578175959145135 0.044263813754766915 0.05696048081709737
0 0.369753 0.244262 0.03703699999999995 0.031147500000000012
0 0.59537 0.8901640000000001 0.04259259999999998 0.0540983999999999
0 0.4642137447595502 0.8861408139644664 0.046945789519100244 0.055887627928932974
0 0.42932100000000006 0.238525 0.04753090000000005 0.055737700000000015
0 0.482407 0.027868899999999995 0.04876539999999994 0.04754100000000001
0 0.3094013324025596 0.6454511330164792 0.039849006062956466 0.03773905230881466
0 0.408951 0.0413934 0.04135800000000006 0.054918
0 0.542284 0.070082 0.04753090000000005 0.0631148
0 0.494444 0.0918033 0.04320989999999994 0.0655738
0 0.646605 0.976229 0.03888890000000004 0.04754099999999996
0 0.159259 0.358607 0.03333330000000002 0.06639340000000002
