0 0.46512553518686683 0.2706859350339404 0.041400999089563226 0.08767570810852737
0 0.6106144473958334 0.8800636111111111 0.08544567020833303 0.04927517129629627
0 0.4420965807291667 0.5486183101851851 0.07879988218750013 0.05950210648148152
0 0.6129876135416666 0.21112967592592588 0.0825974094270831 0.046486027777777765
0 0.3742144932291666 0.8544962731481481 0.03607704708333337 0.07809658564814836
0 0.4359260411458333 0.08515294444444445 0.049368623125000136 0.08088572916666667
0 0.45301499062499995 0.7006283333333333 0.08924319744791684 0.036259092592592565
0 0.43450183385416674 0.8126591203703704 0.05411557062499999 0.06693989814814812
0 0.3199001167175054 0.6374627883230892 0.058465675362093586 0.073560326646179
0 0.31940339702552695 0.01731702413081693 0.05747085175938705 0.03463404826163386
0 0.3680439536458334 0.4207816203703704 0.09588898546874998 0.0436968842592592
0 0.017990766999547513 0.015856729830852227 0.035981533999095025 0.031713459661704455
0 0.3898792354166666 0.2515728240740741 0.04082399458333346 0.08088572916666666
0 0.5797586734375 0.054472138888888896 0.042722835104166634 0.05113467592592591
0 0.37753815625 0.9697823842592592 0.08829377718750007 0.0409077407407408
0 0.2910556957197708 0.6139108605677723 0.06378328293545839 0.07209466543852938
0 0.2085450411458334 0.3110749305555555 0.06740714666666664 0.06972904166666673
0 0.3580745026041666 0.29573520833333333 0.0626600453645833 0.08181536805555559
0 0.14918304030191568 0.19066150709608656 0.0778012243538311 0.07248924798846938
0 0.5455807744791666 0.42635990740740737 0.06550830614583324 0.06229124999999998
0 0.27578363926971894 0.15178100308007855 0.08605660916443796 0.04121494828978677
0 0.19548747525728577 0.0687246163700084 0.09255855572290474 0.038907112447330035
0 0.44589395416666655 0.7573412962962964 0.06930583338541645 0.06601014583333353
0 0.2531676395833333 0.2501788194444445 0.08829377718750019 0.04462663657407404
0 0.08227506874999999 0.7703569212962963 0.04462152182291656 0.036259092592592565
0 0.33623922083333346 0.3877769444444444 0.08924319744791671 0.046486027777777814
0 0.16297502187499996 0.6490286111111112 0.08639493666666644 0.04462663657407415
0 0.4905165526041666 0.6694827083333332 0.06550830614583324 0.06693989814814812
0 0.269781340625 0.9821019918981481 0.04367225536458328 0.0357960162037037
0 0.5284918250000001 0.5913855555555556 0.07120467390625021 0.07065879398148135
0 0.4867176411458335 0.1144386111111111 0.07120467390625033 0.05206431481481482
0 0.4097573194803524 0.324088799962976 0.045765360716109524 0.08114352018136652
0 0.020963276653645835 0.6676225231481482 0.04192655330729167 0.04090774074074059
0 0.41124080677083336 0.6248552777777779 0.03797588760416678 0.08367487268518527
0 0.1957287135416666 0.8949394212962963 0.0626600453645833 0.05113467592592584
0 0.00719664442708332 0.6057963194444445 0.01439328885416664 0.049275171296296376
0 0.39177869114583336 0.03816029050925926 0.05601441114583328 0.07632058101851852
0 0.19857712812500003 0.0065498177083333315 0.07405278088541654 0.013099635416666663
0 0.3462071338541666 0.4905113425925926 0.1015853532291666 0.058572354166666424
0 0.250319225 0.35756141203703706 0.059811938385416735 0.07716683333333331
0 0.20237450156249992 0.6885416666666667 0.06455888588541671 0.07344793750000012
0 0.2759518802083332 0.4402187511185655 0.05601441114583328 0.058572354166666576
0 0.526428863064885 0.8909676299875507 0.07722913069314655 0.06837578169156502
0 0.2764271286458333 0.5379267824074074 0.07974930244791664 0.0548535717592594
0 0.028381260120820814 0.8089258572782361 0.03848255288335848 0.048374607202787676
0 0.5147250005208333 0.7536220601851852 0.05126730984374994 0.07158854629629635
0 0.21803924375 0.7345631018518518 0.04462152182291656 0.07995597685185182
0 0.4983796442523959 0.21471535620973758 0.045983980401458645 0.08952140563608034
0 0.21091820729166671 0.8698371296296296 0.07025525364583345 0.06415075462962955
0 0.33673628657999916 0.6531466038481836 0.06455888588541671 0.07809658564814825
0 0.4762744796874999 0.6006830787037037 0.08639493666666655 0.055783210648148174
0 0.23987606354166668 0.18602738425925922 0.0693058333854168 0.07065879398148144
0 0.20712083385416674 0.03680741203703703 0.07595162140625007 0.032540196759259246
0 0.1667723953125 0.7415353935185186 0.06360946562500007 0.06043185879629631
0 0.4335528750000001 0.910192269637084 0.08069856890624992 0.05764271527777785
0 0.5664670973958332 0.3715071296296297 0.07310351442708338 0.051134675925925945
0 0.38415141616161974 0.10944489038429979 0.05025298716698927 0.04021657475008107
0 0.5550749770833334 0.6959790046296297 0.04841920286458349 0.08274512037037038
0 0.24652185156250006 0.5597748842592593 0.07690104166666671 0.04648602777777771
0 0.30965606874999996 0.29805930555555554 0.07595162140625007 0.06415075462962966
