0 0.437654 0.567213 0.03209880000000005 0.036065599999999934
0 0.537037 0.992623 0.025925900000000064 0.014754100000000183
0 0.404145840950031 0.0096014140300186 0.03668698190006189 0.017563468060037196
0 0.6230589563922896 0.2060256978289765 0.028490028490028442 0.042261681605943895
0 0.514815 0.337705 0.030864199999999994 0.05409839999999999
0 0.576543 0.27541 0.024691400000000033 0.02950819999999999
0 0.41982227660541677 0.5171401489452281 0.03813244678916646 0.07227750210954367
0 0.3509764858583115 0.3823800553128382 0.02792115669051285 0.024850695418654065
0 0.45058912157687997 0.39916352621294915 0.04820405684624023 0.06724574757410169
0 0.450617 0.678279 0.04074069999999996 0.04344260000000006
0 0.651543 0.47950800000000005 0.05493830000000007 0.03442620000000007
0 0.44290099999999993 0.8286890000000001 0.029012299999999974 0.031147500000000012
0 0.474383 0.067623 0.029012299999999974 0.07131150000000001
0 0.452469 0.11352499999999999 0.027160499999999983 0.0745902
0 0.4825391452422208 0.30988626763014093 0.05467470951555839 0.04744006473971812
0 0.621296 0.679918 0.05370370000000001 0.02540980000000009
0 0.433642 0.718033 0.030246900000000035 0.05901639999999998
0 0.4129897569461038 0.37819078206416357 0.030811586107792457 0.03542263587167287
0 0.4949182798521389 0.5190079020332952 0.04662625970427796 0.059328204066590486
0 0.461728 0.166393 0.06296300000000005 0.03278690000000001
0 0.442593 0.626639 0.03580250000000006 0.048360700000000076
0 0.584259 0.947541 0.031481499999999954 0.03934430000000009
0 0.6141980000000001 0.654508 0.048148100000000055 0.040163900000000086
0 0.666049 0.4368850000000001 0.04197529999999988 0.05409839999999995
0 0.486728 0.126639 0.05 0.04836069999999999
0 0.4990740000000001 0.0295082 0.03765430000000005 0.0590164
0 0.452161 0.523361 0.03888889999999997 0.06311480000000007
0 0.444444 0.475 0.05432099999999997 0.045081999999999914
0 0.547531 0.542623 0.05679010000000006 0.0393442999999999
0 0.55863661110555 0.3214517886648944 0.028406577788899906 0.08168662267021118
0 0.7507266070379492 0.7394715671424532 0.049163485924101434 0.037450765715093384
0 0.5062805861757107 0.6023607614436396 0.030649027648578804 0.07560727711272089
0 0.474074 0.359836 0.04814809999999998 0.05081970000000002
0 0.601543 0.927459 0.04135800000000006 0.05163929999999992
0 0.5684539126439465 0.4395752082828214 0.05692027471210703 0.047079883434357366
0 0.606481 0.865984 0.031481499999999954 0.06967209999999999
0 0.505556 0.414344 0.04567900000000003 0.058196700000000004
0 0.562037 0.973361 0.03271610000000001 0.05163929999999992
0 0.415123 0.8598359999999999 0.025308599999999966 0.08524589999999992
0 0.432407 0.329918 0.04876539999999994 0.0598361
0 0.700617 0.52623 0.04814809999999998 0.0393442999999999
0 0.26188080289410687 0.09007375632254724 0.028700805788213792 0.047360612645094474
0 0.564198 0.606967 0.03827160000000001 0.07459019999999991
0 0.505247 0.679918 0.054938299999999926 0.03688519999999993
0 0.525617 0.805328 0.03765430000000005 0.06311480000000007
0 0.539815 0.885246 0.03765430000000005 0.07049180000000001
0 0.6711144482747705 0.2039406445145019 0.03801870345045902 0.0642495109709962
0 0.520988 0.8590160000000001 0.044444399999999974 0.049180299999999975
0 0.54784 0.158197 0.03888889999999997 0.07213110000000003
0 0.5927717515228509 0.09321337428089449 0.044789732564578626 0.044984644664561625
0 0.441358 0.0360656 0.03703699999999995 0.06393440000000002
0 0.857716 0.745492 0.025308600000000105 0.06639339999999992
0 0.2476069656825908 0.19368617086006176 0.032250731365181584 0.09065094172012353
0 0.75463 0.9139339999999999 0.03765429999999991 0.05245900000000004
0 0.7791394505265069 0.25904442061605226 0.04048659894698628 0.05076445876789563
0 0.15439622400095618 0.39297494013592743 0.0458294480019123 0.046605480271854814
