0 0.283333 0.328689 0.017284000000000015 0.06557380000000002
0 0.541975 0.553279 0.044444399999999974 0.06229509999999996
0 0.458025 0.432787 0.027160499999999983 0.07213109999999998
0 0.383642 0.520902 0.025308599999999966 0.06967210000000008
0 0.608642 0.990164 0.024691400000000033 0.018032799999999967
0 0.502778 0.39877 0.025308599999999966 0.07459019999999995
0 0.177778 0.24057400000000004 0.023456799999999976 0.03852459999999998
0 0.6 0.307377 0.024691400000000033 0.03770490000000005
0 0.586728 0.22049200000000002 0.05 0.03770489999999998
0 0.413272 0.492623 0.05 0.040983600000000016
0 0.430556 0.427869 0.022839500000000016 0.07213109999999998
0 0.438272 0.965984 0.024691400000000033 0.06475410000000018
0 0.512346 0.333607 0.029629599999999933 0.07213110000000003
0 0.46296300000000007 0.612705 0.04074069999999996 0.06639339999999992
0 0.551235 0.264754 0.030864199999999994 0.06229509999999996
0 0.511728 0.0795082 0.03333329999999994 0.0393443
0 0.49321 0.43729500000000004 0.03827160000000001 0.058196700000000004
0 0.528704 0.411066 0.03888889999999997 0.06967209999999999
0 0.452469 0.180328 0.03209880000000005 0.03442619999999998
0 0.516667 0.571311 0.03333329999999994 0.07049180000000001
0 0.288889 0.582787 0.023456799999999976 0.04262289999999994
0 0.671296 0.32623 0.022839499999999874 0.07049180000000001
0 0.56142 0.8147540000000001 0.035185199999999965 0.07213110000000003
0 0.511111 0.64918 0.027160499999999983 0.07704919999999996
0 0.455556 0.565574 0.05802469999999998 0.04262289999999994
0 0.557099 0.0795082 0.05123460000000006 0.0393443
0 0.624074 0.270492 0.05185190000000002 0.05081970000000002
0 0.46574100000000007 0.22377 0.05864199999999994 0.03442619999999998
0 0.573457 0.155328 0.03333329999999994 0.06311479999999997
0 0.590123 0.827049 0.034567900000000006 0.06557380000000002
0 0.362037 0.683607 0.024074099999999935 0.03442620000000007
0 0.508642 0.827869 0.03703699999999995 0.06885250000000008
0 0.548148 0.134016 0.05061729999999996 0.06803280000000002
0 0.465123 0.118443 0.05246909999999995 0.030327900000000015
0 0.55679 0.970902 0.023456799999999976 0.056557399999999945
0 0.353704 0.508197 0.034567900000000006 0.07213109999999993
0 0.495062 0.494262 0.05802469999999998 0.04590159999999991
0 0.564506 0.709836 0.029012299999999974 0.05081969999999993
0 0.192284 0.254098 0.03888889999999997 0.06557380000000002
0 0.706173 0.314754 0.03827160000000001 0.06557380000000002
0 0.130864 0.802049 0.025925899999999995 0.06639339999999992
0 0.182099 0.195492 0.027160499999999983 0.06311480000000003
0 0.179938 0.758607 0.048765400000000014 0.035245900000000004
0 0.416049 0.788525 0.03580250000000006 0.06229509999999996
0 0.57963 0.8885250000000001 0.04567900000000003 0.0459016000000001
0 0.35709899999999994 0.258197 0.04259259999999998 0.05245900000000004
0 0.688272 0.131557 0.04074069999999996 0.06639340000000002
0 0.409568 0.703689 0.05 0.054918000000000085
0 0.709259 0.766393 0.04074069999999996 0.04754099999999996
