0 0.599074 0.366393 0.022839500000000016 0.0754098
0 0.373457 0.520902 0.030864199999999994 0.05
0 0.658333 0.730328 0.025308600000000105 0.07213109999999993
0 0.51358 0.981557 0.05432099999999997 0.031967200000000036
0 0.440741 0.284426 0.05802469999999998 0.031147500000000012
0 0.544444 0.55 0.05308640000000005 0.05901639999999998
0 0.577469 0.52459 0.05617279999999996 0.03442620000000007
0 0.543519 0.4573769999999999 0.05617279999999996 0.04426229999999999
0 0.5063271262345678 0.6048156401639343 0.02438264753086409 0.0805329196721311
0 0.512963 0.251639 0.024691400000000033 0.0754098
0 0.553704 0.493033 0.059259300000000036 0.03852459999999998
0 0.4672839999999999 0.075 0.03209880000000005 0.04344260000000001
0 0.694136 0.9799179999999998 0.025308600000000105 0.0401638999999999
0 0.677391950308642 0.32100411762295084 0.054784000617284036 0.04856553524590169
0 0.407407 0.847541 0.023456799999999976 0.036065599999999934
0 0.412654 0.558607 0.05864199999999994 0.03360660000000008
0 0.514506 0.9426230000000001 0.04753090000000005 0.0540983999999999
0 0.515741 0.197541 0.04629629999999999 0.03770489999999998
0 0.436111 0.330738 0.03765430000000005 0.06803279999999996
0 0.522531 0.865164 0.025308599999999966 0.08442620000000008
0 0.302161 0.9758200000000001 0.024074100000000005 0.048360700000000076
0 0.542284 0.586066 0.045061699999999934 0.06393440000000007
0 0.444753 0.102459 0.04135800000000006 0.06393440000000002
0 0.539815 0.339344 0.04135800000000006 0.07049180000000001
0 0.480864 0.691393 0.025925900000000064 0.07622950000000002
0 0.483642 0.405738 0.033950600000000046 0.07704919999999996
0 0.348457 0.558607 0.06111110000000003 0.04344260000000006
0 0.621605 0.186475 0.05061730000000003 0.033606599999999986
0 0.48209899999999994 0.484836 0.05555560000000003 0.03360660000000008
0 0.624383 0.431557 0.026543199999999954 0.07131149999999999
0 0.583951 0.238934 0.03827160000000001 0.06967209999999999
0 0.63858 0.629098 0.03888890000000004 0.04672130000000003
0 0.381481 0.778689 0.05679010000000006 0.032786899999999966
0 0.7040120000000001 0.752459 0.026543200000000024 0.06229509999999996
0 0.340123 0.8577869999999999 0.03827160000000001 0.045081999999999914
0 0.745679 0.334836 0.04814809999999998 0.033606599999999986
0 0.746605 0.8266390000000001 0.026543200000000024 0.0745902
0 0.6543210000000002 0.9647540000000001 0.04814809999999998 0.05737700000000012
0 0.621605 0.576639 0.03333329999999994 0.054918000000000085
0 0.7663579999999999 0.555738 0.05123459999999992 0.04754099999999996
0 0.582407 0.024590200000000003 0.033950600000000046 0.0491803
0 0.741049 0.627459 0.04629630000000013 0.045081999999999914
0 0.578395 0.940574 0.03827160000000001 0.06311479999999989
