0 0.510055321875 0.36453347037037037 0.027049290572916718 0.089105972962963
0 0.8399383343750001 0.8550909416666668 0.038809760572916595 0.07488691749999996
0 0.40832672291666666 0.6730873555555555 0.036457685624999965 0.06730340583333345
0 0.48594586302083337 0.832340637962963 0.048218250885416696 0.06161582990740737
0 0.4050926317708334 0.7470258425925926 0.028813322968750003 0.08626218500000002
0 0.43802225260416666 0.4436865324074074 0.04527813338541679 0.05592825398148149
0 0.5791486546875 0.8276002203703704 0.04998228328124992 0.03886541055555555
0 0.5503352364583333 0.9252384824074076 0.041749973333333364 0.07488691750000005
0 0.4409619890625 0.26594920648148146 0.03939780312500011 0.07014719379629629
0 0.5087971232420828 0.666124665670805 0.044854032109584274 0.052790790325056805
0 0.49535473437499994 0.718587962962963 0.027049290572916718 0.04834474231481478
0 0.5964955765625 0.9641031990740739 0.02822528041666672 0.05403231824074055
0 0.47389160989583334 0.7887355037037036 0.037045728177083306 0.07299109740740743
0 0.6009785097243693 0.5967928781652894 0.026050844142673786 0.05794909915014033
0 0.5670642739286815 0.017800178819444443 0.02828448781971981 0.035600357638888885
0 0.7991067298736408 0.45239420386759577 0.05005460750769899 0.035426269864820864
0 0.5335760713541667 0.9784966621990742 0.04233792062500008 0.043006675601851736
0 0.5426905880208334 0.02490970655092593 0.054686528437500034 0.04981941310185186
0 0.49770671406249994 0.14413932499999996 0.05527457098958326 0.04644880657407408
0 0.5820883911458333 0.4962971879629629 0.048806293437500044 0.05877204194444432
0 0.5973776880208334 0.18537367222222223 0.05939077359375003 0.047396774444444414
0 0.44713676927083335 0.3730648342592592 0.03292952557291665 0.04170919851851854
0 0.6132537890624999 0.7043690231481481 0.04998228328124992 0.05782407407407412
0 0.6517694807291666 0.8512988388888889 0.05174641093749995 0.06351165000000021
0 0.31247854947916665 0.24888532222222223 0.02116896031249998 0.08341828138888893
0 0.49212064322916665 0.8749974574074075 0.032341483020833374 0.04455298648148143
0 0.47624358958333335 0.9931896726851851 0.047630208333333354 0.013620654629629683
0 0.5453369223958333 0.05977284444444445 0.049394335989583385 0.04265705074074076
0 0.32570831614583334 0.29580840185185187 0.026461248020833376 0.03696947481481487
0 0.559449753125 0.5948826083333333 0.05057032583333339 0.053084350370370244
0 0.2771969489583333 0.27258394074074077 0.025873205468749945 0.09100179305555553
0 0.4424318572916667 0.6053094453703703 0.04233792062499996 0.06635543796296293
0 0.583558259375 0.9001173916666666 0.022345045416666664 0.08910597296296306
0 0.44007987760416667 0.9709133818287038 0.025873205468749917 0.058173236342592555
0 0.5459246791666668 0.7323327453703703 0.05880273104166669 0.04550095435185174
0 0.55680341875 0.42851927777777776 0.0417499733333333 0.06730340583333345
0 0.6364811364583332 0.9494101018518522 0.049394335989583385 0.05687610620370349
0 0.5838526140625 0.9993515505787037 0.025285162916666694 0.001296898842592445
0 0.5691520265625001 0.7778333527777778 0.03234148302083331 0.0568761062037037
0 0.5964955765625 0.6659773074074075 0.03292952557291665 0.054980286111111075
0 0.4480188807291666 0.6702435675925926 0.029989408072916626 0.05971989416666664
0 0.6126660322916667 0.7906309768518518 0.035869643072916804 0.07299109740740753
0 0.5900273942708334 0.14072583227303107 0.0552745709895832 0.03981326277777776
0 0.5050570078125001 0.9342428472222221 0.02763723786458332 0.043605018611111115
0 0.6423615619791666 0.757926837037037 0.05057032583333339 0.05877204194444432
0 0.5303419802083333 0.49155792685185196 0.029989408072916626 0.08341828138888877
0 0.4304915000197213 0.08096180921120971 0.054166757655801354 0.0552598699109139
0 0.5700341380208334 0.3915500342592592 0.05174641093749995 0.04265705074074075
0 0.5535693276041668 0.6579201009259259 0.04586608067708333 0.07488691749999996
0 0.5124073015625 0.5323181166666666 0.047042165781250075 0.053084350370370244
0 0.6908738817708334 0.8347102685185186 0.04763020833333347 0.04360501861111122
0 0.5591553984375001 0.1033779787037037 0.05703860338541673 0.04265705074074073
0 0.4047982770833334 0.5346889037037037 0.022345045416666605 0.07299109740740753
0 0.3465836838541666 0.9702649324074076 0.04469009083333327 0.05118853027777803
0 0.4227329557291667 0.5768715657407407 0.03116549317708343 0.077730705462963
0 0.44684241458333335 0.14887858611111107 0.02763723786458326 0.08815800509259261
0 0.3548160890625 0.1038521361111111 0.050570325833333325 0.04170919851851854
0 0.4718339848958334 0.7247496962962964 0.04233792062499996 0.05308435037037035
0 0.45184072864583336 0.7778333527777778 0.034105610677083335 0.08152246129629645
0 0.4385301137258907 0.8638849523689531 0.036030101194051825 0.08004804331764971
0 0.5673878036458333 0.5261575398148148 0.044102048281249986 0.05971989416666653
0 0.24632495312499997 0.22092160000000002 0.02763723786458329 0.038865410555555494
0 0.40803236822916666 0.19343203518518515 0.04527813338541673 0.05971989416666669
0 0.5385743854166666 0.13229001574074076 0.0476302083333333 0.04550095435185186
0 0.5794420567708334 0.04792353518518518 0.01999297046874998 0.09100179305555554
0 0.6617661088541668 0.689675925925926 0.03763377072916659 0.08341828138888888
