0 0.8191596460552111 0.5857313726869767 0.027552588353732775 0.04573277984943364
0 0.46997051100646425 0.014829711211566874 0.055661160999841 0.03225572568071483
0 0.491358 0.367213 0.028395100000000045 0.04590160000000001
0 0.40560589201504793 0.33683951312178995 0.04980660202405554 0.043973826778301514
0 0.605864 0.8450819999999999 0.04382720000000004 0.036065599999999934
0 0.464815 0.357377 0.024691400000000033 0.07704920000000004
0 0.425799946196948 0.5733749080999788 0.032202364798919136 0.0430060411137691
0 0.6437768240343348 0.3452824878632238 0.030201875695437957 0.08900302539928233
0 0.526235 0.829918 0.05864199999999994 0.030327900000000015
0 0.47253100000000003 0.47418 0.025308599999999966 0.08114749999999991
0 0.439506 0.43770499999999996 0.03209880000000005 0.03442620000000007
0 0.5316574634106925 0.5982148421409977 0.049915614163090136 0.0383553716527123
0 0.4606194667660149 0.04254732567367902 0.053698808215440055 0.04084638854569761
0 0.6411644048018333 0.8359180446633364 0.02800870960366664 0.04560568932667283
0 0.6051712379033539 0.43140968687645115 0.05972587580670805 0.03495027375290227
0 0.47484122948789276 0.6601703215753183 0.03673804102421452 0.056708756849363294
0 0.401235 0.22622999999999996 0.05555560000000003 0.032786899999999966
0 0.584877 0.739344 0.024074099999999935 0.036065599999999934
0 0.6182100000000001 0.379508 0.035185200000000035 0.07049180000000001
0 0.5538005242966142 0.7136478463871103 0.02735364859322839 0.06500009277422077
0 0.5129629388888889 0.9754099889344262 0.029629677777777797 0.04754067786885239
0 0.511728 0.652049 0.027160499999999983 0.08114749999999991
0 0.6307266586631696 0.8886143336558081 0.042251282673660774 0.050640332688383895
0 0.46343853689265085 0.5741960002497712 0.035344088721983705 0.04769608787025966
0 0.43247206309542735 0.6124499919686203 0.059127298595877766 0.0338068337648632
0 0.5579930116383194 0.2807801562671498 0.02956582327663849 0.048444612534299554
0 0.561640857468341 0.7734764187715472 0.05061729999999996 0.035245900000000004
0 0.465432 0.30041 0.05555560000000003 0.041803300000000036
0 0.476543 0.213525 0.05802469999999998 0.04344259999999999
0 0.511353321828803 0.028846830366565823 0.028530573530970202 0.05910082319003729
0 0.43209900000000007 0.19549199999999997 0.03333329999999994 0.06639339999999999
0 0.657716 0.8954919999999998 0.025308600000000105 0.05163929999999992
0 0.503395 0.331967 0.040123500000000034 0.04754099999999996
0 0.368519 0.433607 0.04814809999999998 0.050819699999999975
0 0.535802 0.8729510000000001 0.05555560000000003 0.0459016000000001
0 0.43857999999999997 0.027049199999999995 0.05 0.040983599999999995
0 0.5225372330948975 0.7307113017695067 0.03887513381020519 0.059888796460986354
0 0.4845798353732846 0.5505296989727714 0.051345813278228125 0.05633172285935412
0 0.6742755967638956 0.4595002465207908 0.04404210647220901 0.05640990695841842
0 0.39421395644571605 0.720643073242806 0.028082445822073827 0.08829944417082947
0 0.62716 0.21475400000000003 0.03209880000000005 0.05901639999999998
0 0.387037 0.46024600000000004 0.05061729999999996 0.05
0 0.430247 0.502869 0.034567900000000006 0.07131149999999994
0 0.566358 0.329918 0.05493830000000007 0.04672130000000003
0 0.7996873840936789 0.31977766833180893 0.05695967784665908 0.032364736508829955
0 0.583333 0.8172130000000001 0.03827160000000001 0.05901640000000008
0 0.4745286027791024 0.7776452822222613 0.04723979444179518 0.04962673555547743
0 0.716358 0.234836 0.040123500000000034 0.056557400000000015
0 0.576235 0.143852 0.030246900000000035 0.0745902
0 0.5210259217652202 0.14496430219341447 0.05581283087214543 0.03653308561528181
0 0.38117300000000004 0.195082 0.05123460000000006 0.05901639999999998
0 0.7231033485349442 0.8711372689738268 0.03368521200657015 0.06874354408991787
0 0.194444 0.340574 0.030864199999999994 0.05
0 0.7784531729017644 0.43658960940863994 0.03568555419647111 0.061246481182720074
0 0.788272 0.729508 0.04691359999999995 0.03442620000000007
0 0.679321 0.0422131 0.05246909999999995 0.04180330000000001
0 0.422222 0.107787 0.044444399999999974 0.06147540000000001
