0 0.5521377177176341 0.15812856420461444 0.052727816387648827 0.05540102640558591
0 0.38445006724169917 0.0648484926810825 0.030650041736227075 0.0846837422824724
0 0.48296007806818037 0.05038258992231284 0.035596468508833114 0.035263934599818775
0 0.5942444220895349 0.5264816895440971 0.05528783748701957 0.040015642525728756
0 0.8416524112268519 0.9876197141401033 0.03399841828703695 0.021272411428354326
0 0.3477171141854746 0.2397453488585307 0.06745350311053239 0.04237997623557985
0 0.4229969623777144 0.5105189227808136 0.04309765050498804 0.06077676480874322
0 0.5050632630208333 0.7650821962962963 0.03807870234375 0.07199752388888887
0 0.3602243513470635 0.904973594962615 0.03272785782277611 0.07977640834747203
0 0.42019247256515774 0.18283898146274183 0.03324331275720163 0.0543416012653009
0 0.8417440878378379 0.5466569028044439 0.050110005839172446 0.06191437338978342
0 0.24395219270833335 0.19932783333333334 0.048958284374999946 0.064634185
0 0.7727564312543677 0.9135538027975393 0.029636726939203346 0.04970672807047686
0 0.4873842864583333 0.8951688481481482 0.03127897734375011 0.05072558944444457
0 0.46673162899419024 0.6641388482128329 0.031332266702977486 0.07700275009821761
0 0.4944504218757091 0.6170629288216642 0.06610388932149824 0.04568301643074545
0 0.26889402941554175 0.8951314905554021 0.041539879471949114 0.035906404973052704
0 0.8694286119846261 0.8637698903667045 0.058503668763102944 0.04986109679119274
0 0.43109982917111817 0.40390621351174627 0.04004671363069813 0.07434189785624207
0 0.3507090208333334 0.7483093148148149 0.05303814140625 0.05318003574074076
0 0.4934087189357147 0.662053391835894 0.0315318192696985 0.07582624965083073
0 0.48423436801223724 0.09313627808861005 0.02905800607655801 0.05515233432536822
0 0.5418163003346025 0.8533610624055444 0.046390944098304014 0.0550533680608755
0 0.47623263888888884 0.23446220400728604 0.028831018518518665 0.07730388585306625
0 0.5698828197458726 0.07912180085611213 0.04869951075867185 0.0725275276645046
0 0.6424756462191357 0.2008577566637676 0.06746166739656338 0.03427402812648715
0 0.6362990130208334 0.010743780981481479 0.03127897734374999 0.017999405925925926
0 0.537964717773532 0.6574171911356308 0.05841587279232101 0.03242663101889542
0 0.6324980157346789 0.9077643054685547 0.053841292228559115 0.05171410443326139
0 0.5813946565877786 0.03779270686477057 0.060185513696390205 0.045916370766578174
0 0.5664945879485404 0.8085664816800867 0.07011599313487941 0.03428091668605433
0 0.5285169704146571 0.3805149356996587 0.0324522684160911 0.03551292461610853
0 0.5723808489583334 0.8464881648148148 0.04759840546875 0.05154367166666671
0 0.46062652481470356 0.3265866952624235 0.03624144155649045 0.05079638552484698
0 0.5480123510874582 0.9138942796021087 0.045649536315910906 0.05658262828478855
0 0.47382903397504544 0.9795658811032072 0.0367190954282408 0.03763495420613228
0 0.5718013632808171 0.39392562239393175 0.04898221732864012 0.06541146970701656
0 0.5261956055404926 0.3445037835511991 0.0597296358523901 0.0387531939278663
0 0.5184966798154984 0.05130931132695734 0.04998609687057988 0.05985916617243321
0 0.5948207786458333 0.9078503203703705 0.03263885624999988 0.07772459851851865
0 0.5618422005208334 0.7372648055555556 0.030598982812499998 0.07036125962962966
0 0.5214900645027051 0.5735419523409944 0.051342072409488064 0.057546577706828035
0 0.47583100770162695 0.9392545116486692 0.06926866995500175 0.04587780671739613
0 0.48154829297880075 0.7895107316757339 0.03071117289656513 0.07059341424112486
0 0.2884905677083333 0.17355664629629627 0.038758696875 0.063816002962963
0 0.26554372138992927 0.927646452862883 0.06326076779026213 0.03438086271941453
0 0.5215385251322752 0.2117292046144505 0.037379298941798804 0.051520340012143236
0 0.6842499317992169 0.5943358756375491 0.02616202098979426 0.03544862304131563
0 0.40603276075920164 0.9599632438474938 0.05507600669205033 0.05798445015670897
