0 0.396605 0.533197 0.020370400000000066 0.031967200000000036
0 0.6462962907407408 0.4123973299180328 0.029629618518518547 0.07684384016393447
0 0.534568 0.232787 0.05308640000000005 0.05901639999999998
0 0.291667 0.677049 0.025308599999999966 0.08032789999999992
0 0.32314800000000005 0.986066 0.040123500000000034 0.027868900000000068
0 0.574691 0.807787 0.028395100000000045 0.07131149999999994
0 0.567593 0.208197 0.05617279999999996 0.036065600000000024
0 0.509877 0.92377 0.05308640000000005 0.036065599999999934
0 0.49691399999999997 0.288934 0.023456799999999976 0.07950819999999999
0 0.550926 0.922951 0.021604899999999955 0.06229510000000014
0 0.401543 0.24180300000000002 0.06111110000000003 0.036065600000000024
0 0.542284 0.17582 0.05987649999999997 0.03852459999999998
0 0.693827 0.436475 0.023456799999999976 0.06147540000000003
0 0.660185 0.0127049 0.04259259999999998 0.0237705
0 0.532407 0.9786890000000001 0.04753090000000005 0.04262289999999994
0 0.531482 0.268033 0.044444399999999974 0.06557380000000002
0 0.532407 0.140984 0.05370370000000001 0.04426229999999999
0 0.628086 0.314344 0.03888889999999997 0.04836069999999998
0 0.514815 0.894262 0.05061729999999996 0.049180299999999885
0 0.470679 0.37459 0.025308599999999966 0.07704920000000004
0 0.33765400000000007 0.24180300000000002 0.059259300000000036 0.040983600000000016
0 0.362654 0.203279 0.03271610000000001 0.04754100000000001
0 0.684877 0.683197 0.025308600000000105 0.07622950000000002
0 0.731173 0.311475 0.04629630000000013 0.04426229999999999
0 0.281481 0.977049 0.029629600000000006 0.04262289999999994
0 0.503704 0.628279 0.04938270000000004 0.054918000000000085
0 0.425926 0.0237705 0.03827160000000001 0.0459016
0 0.58858 0.048360700000000006 0.022839500000000016 0.0754098
0 0.329012 0.543033 0.03827160000000001 0.045081999999999914
0 0.511728 0.55082 0.024691400000000033 0.08360660000000007
0 0.736728 0.511885 0.025308600000000105 0.07622950000000002
0 0.61142 0.259426 0.033950600000000046 0.056557400000000035
0 0.5013888570987655 0.6703893520491804 0.05771598580246916 0.03954919590163931
0 0.613272 0.112705 0.027777799999999943 0.07131149999999999
0 0.370988 0.462705 0.05555560000000003 0.031967200000000036
0 0.644136 0.65082 0.048765400000000014 0.055737700000000015
0 0.589815 0.732377 0.05123460000000006 0.03688519999999993
0 0.735802 0.017623 0.04814809999999998 0.0319672
0 0.470679 0.167213 0.05493830000000007 0.03442619999999998
0 0.544136 0.8741799999999998 0.05740740000000002 0.04344260000000006
0 0.402778 0.752459 0.04753090000000005 0.032786899999999966
0 0.56821 0.62582 0.03888889999999997 0.06311480000000007
0 0.47253100000000003 0.0877049 0.03271610000000001 0.0770492
0 0.757099 0.238525 0.05123459999999992 0.049180299999999975
0 0.45463 0.796721 0.026543200000000024 0.06065569999999991
0 0.529321 0.0295082 0.04259259999999998 0.057377
0 0.6990739999999999 0.8754099999999999 0.05493830000000007 0.06065569999999991
0 0.611111 0.908197 0.044444399999999974 0.03770489999999986
0 0.698765 0.9536889999999999 0.04444440000000011 0.0663934000000001
