0 0.13993759091141675 0.3957867445088278 0.08994519731888981 0.17203772724184488
0 0.3564854575027054 0.5453383092505023 0.08523304104707764 0.1072324489989948
0 0.5596665948894631 0.35450123170767467 0.06279009953105544 0.13869541628786786
0 0.3952061442550007 0.14979796832096107 0.07873242206074321 0.1767289422115684
0 0.5366381354166667 0.9893721599999998 0.0478137968749999 0.02125568000000031
0 0.2875842244666098 0.6453838584046682 0.10255751252511373 0.12432146764266926
0 0.3613552770195182 0.2594058226547197 0.08935344168559306 0.08980522240888192
0 0.4190000575372215 0.3940291885539746 0.06846146967592581 0.1904658417950301
0 0.29213026920743507 0.934694721874424 0.1009470776776381 0.13061055625115192
0 0.15103597899261015 0.7410596773723903 0.05886971069154801 0.12892850556639393
0 0.17659584716029747 0.8577236995322616 0.06449651515392792 0.21057595510214377
0 0.42571523568041963 0.08276521460446955 0.0751243853826967 0.1655304292089391
0 0.15787258605062526 0.9722157111104638 0.08572974000248515 0.05556857777907251
0 0.3141156388306544 0.08678987524487072 0.07442711972979256 0.16197288380245392
0 0.23513140423660903 0.8652704776849234 0.05860229725813018 0.14024938697648226
0 0.3221953226974687 0.9760077259800638 0.05973248429682319 0.04798454803987237
0 0.13389129105520609 0.0031137230642334164 0.06417545034552366 0.006227446128466833
0 0.24523425495380083 0.4030819997169168 0.04529270990760139 0.21196356639949987
0 0.11030972012075217 0.6522466975317631 0.10056104678785757 0.10537809742887955
