0 0.49428453787371707 0.3569871134307723 0.02437157574743414 0.04348182686154452
0 0.407407 0.00655738 0.034567900000000006 0.013114800000000001
0 0.564815 0.0114754 0.029629599999999933 0.0196721
0 0.446296 0.00819672 0.023456799999999976 0.014754100000000001
0 0.403395 0.9922130000000001 0.025308599999999966 0.015573799999999926
0 0.6775356488321654 0.7893444553278688 0.02640930233566897 0.07049218934426225
0 0.39320999999999995 0.441393 0.03209880000000005 0.041803299999999946
0 0.650617 0.798361 0.044444400000000044 0.0606557000000001
0 0.5068401735068402 0.629818342933097 0.05271938605271939 0.041205139565795246
0 0.511111 0.993443 0.027160499999999983 0.013114799999999885
0 0.540123 0.311475 0.030864199999999994 0.04262290000000003
0 0.593518 0.0172131 0.04753090000000005 0.0327869
0 0.612346 0.266803 0.020987700000000026 0.06967209999999999
0 0.613889 0.820902 0.029012299999999974 0.03852459999999998
0 0.463889 0.522131 0.05246909999999995 0.03114749999999992
0 0.555864 0.032377 0.030246900000000035 0.023770500000000003
0 0.576852 0.9885249999999999 0.033950600000000046 0.02295080000000005
0 0.486111 0.216393 0.022839500000000016 0.0852459
0 0.541975 0.222951 0.025925900000000064 0.0393443
0 0.385494 0.567623 0.025308599999999966 0.07786879999999995
0 0.5901986263096429 0.9655737286885246 0.058174652619286 0.03606565737704916
0 0.683333 0.306557 0.028395100000000045 0.03770490000000005
0 0.561111 0.808607 0.05679010000000006 0.02868850000000006
0 0.600309 0.540984 0.035185199999999965 0.06721310000000004
0 0.40802499999999997 0.562295 0.025925900000000064 0.07704919999999996
0 0.6487649999999999 0.204508 0.028395100000000045 0.03196720000000001
0 0.614815 0.209016 0.03827159999999994 0.04426229999999999
0 0.580864 0.44877000000000006 0.05432099999999997 0.035245900000000004
0 0.518519 0.23565599999999998 0.03333329999999994 0.06639340000000002
0 0.633642 0.263934 0.029012299999999974 0.0754098
0 0.533951 0.765164 0.03333329999999994 0.06639339999999992
0 0.587654 0.501639 0.04691359999999995 0.05245900000000004
0 0.417284 0.102459 0.028395100000000045 0.0409836
0 0.567284 0.765984 0.05185190000000002 0.056557399999999945
0 0.601852 0.118852 0.05308640000000005 0.05245899999999999
0 0.349074 0.515984 0.05617279999999996 0.04672130000000003
0 0.533333 0.405328 0.03209880000000005 0.0729508
0 0.33518499999999996 0.784426 0.04074069999999996 0.06557379999999993
0 0.587346 0.170902 0.04382720000000004 0.05655739999999999
0 0.637654 0.773361 0.04320990000000001 0.06147540000000003
0 0.657099 0.469262 0.05 0.05819670000000005
0 0.614815 0.693443 0.035802499999999994 0.05081969999999993
0 0.548457 0.526639 0.054938299999999926 0.05163929999999992
0 0.554938 0.0893443 0.03827160000000001 0.07049180000000001
0 0.641049 0.143033 0.033950600000000046 0.06311480000000003
0 0.440741 0.915574 0.03703699999999995 0.03442620000000007
0 0.467593 0.112705 0.04629629999999999 0.06639340000000002
0 0.46975300000000003 0.0372951 0.028395100000000045 0.0713115
0 0.547222 0.47827900000000007 0.040123500000000034 0.06967210000000008
0 0.45679 0.277049 0.04074069999999996 0.06229509999999996
0 0.475 0.735246 0.04876539999999994 0.055737700000000015
0 0.383025 0.42172100000000007 0.04753090000000005 0.0647541
0 0.459877 0.978279 0.04567900000000003 0.04180330000000013
0 0.33518499999999996 0.10491799999999998 0.059259300000000036 0.039344299999999985
