0 0.428802628125 0.35579077777777773 0.0337043988541667 0.05538865555555556
0 0.42406411560962914 0.6975787301001821 0.03185658163592482 0.11753227871888264
0 0.5353820669214188 0.5080290282476074 0.053902728786988104 0.0501778124728944
0 0.4192639291666667 0.2679790925925926 0.04515114666666674 0.09861875740740758
0 0.41818905545757395 0.5147837337728047 0.050268836958651815 0.10099893023390286
0 0.49716519270833337 0.8211899074074073 0.03561213864583331 0.13239227962962952
0 0.556300983714591 0.03435816666666664 0.04579929413331799 0.06871633333333328
0 0.33150563229166674 0.8164613703703703 0.026073130625 0.1175319166666666
0 0.46060000833333337 0.3044542592592593 0.0413355640625 0.11482994259259251
0 0.6710932052083333 0.9164314444444445 0.040063668854166914 0.05809046481481493
0 0.47878425765701554 0.2657923024499812 0.047179916980697637 0.102350110455518
0 0.49239635833333334 0.7266241111111111 0.055325999270833454 0.07024885370370376
0 0.4631435927083334 0.7853904814814815 0.03243250364583332 0.08510921666666668
0 0.6577987072683196 0.9637320380489779 0.043757932859194305 0.0725359239020442
0 0.45955501228601736 0.697353996093908 0.044576049459356074 0.11103493583716416
0 0.5199380266509896 0.6418365281753259 0.03755021555947487 0.12222800474166583
0 0.38681651705565356 0.8297135795392777 0.028828753072702305 0.12859724315349685
0 0.6058644274931564 0.8160115105849017 0.05859650636785349 0.05628936401538201
0 0.39426593425436013 0.39030416052273975 0.053902728786988166 0.07719663457368374
0 0.19715756973667453 0.8448958194025212 0.046695479469429764 0.0754596643637784
0 0.5225119926631393 0.7837819041673895 0.02695144579267108 0.13683090644244952
