0 0.4873295318798509 0.7511921002071983 0.06940752120761821 0.024902233284766515
0 0.8044934377857795 0.8716694060013986 0.07331443615683604 0.025900714408860347
0 0.6651880354166667 0.8176171342592593 0.04035395875000004 0.05484593425925926
0 0.4695192557291667 0.7158411666666666 0.06193859546874994 0.04466833750000005
0 0.6613383437069279 0.5642174684557933 0.0720677647055222 0.03883204617084617
0 0.41931093541666675 0.6782407407407407 0.05536947718750002 0.02374770277777777
0 0.8771119848402323 0.6918963942589786 0.09502938907044296 0.02565780410524865
0 0.23193078060699593 0.45471058490184174 0.06975919495884764 0.03618700667880995
0 0.07755342236480839 0.4392556490500405 0.06256419436503347 0.05352675087785878
0 0.6347927528863919 0.38446208224788614 0.06399431247138618 0.021052360081541602
0 0.8742177287581699 0.5869749812493302 0.052995642701525014 0.04802760812886188
0 0.8696200413035586 0.7364411930528132 0.049289102214960204 0.05345375855260133
0 0.813323439133957 0.8417613950078084 0.07442303662791971 0.03030546044734624
0 0.7437539294695931 0.8632563856683468 0.07266065576893771 0.04038728423974328
0 0.8393684717284517 0.7942994946628357 0.04039318544650996 0.049871262162902656
0 0.7620639181812986 0.38638726657093375 0.08279838963191596 0.03754521608953912
0 0.5545223233936433 0.30310836508390926 0.07041910196452897 0.022957470250053624
0 0.5448979457965332 0.8037319441716988 0.06883560512999373 0.02201967912843109
0 0.6784236556681191 0.258086460456177 0.05240223194172096 0.04959918255562699
0 0.7283414870719735 0.8207531671922401 0.06905862393561388 0.04302360568077659
0 0.618442776416122 0.6903521745674591 0.08793175835148877 0.023519653763144716
0 0.5170222416846469 0.8768383245673049 0.0776711218390395 0.01669310040242709
0 0.7704057014947525 0.42410317185270324 0.08374206637492149 0.03226761407577667
0 0.611593833289228 0.7905108813117339 0.058917290745122725 0.049259578364208356
0 0.6436515322309312 0.740593974255203 0.051709508159779226 0.025192126288183764
0 0.5462957009221155 0.8514393654648663 0.07166757163542149 0.03869201551856876
0 0.6911916380992799 0.6831647860870775 0.08485325286522638 0.031333476803784725
0 0.7427769838139194 0.8792649798832574 0.03190786265624996 0.010177596759259418
0 0.573526457221286 0.27257555642991715 0.05138713866200296 0.05408898276858099
0 0.3592494697916667 0.8645473055555556 0.05161552156250012 0.0412758282407408
0 0.5477895574451076 0.6908435325533067 0.0461650946931177 0.0505602955415348
0 0.7304124822916666 0.7901942361111112 0.07883109171875008 0.03505618194444451
0 0.6754149171444278 0.5924357593040653 0.046581657279681464 0.024576144994673792
0 0.6502835364469862 0.32716358173506194 0.0866009525916848 0.037209755259116434
0 0.6497661037252621 0.42789788171736015 0.08494317263635268 0.0327556511944115
0 0.6892020460364926 0.872696517068883 0.04863487397639711 0.023846492273891486
0 0.6323416838541666 0.8815098518518518 0.06663103999999992 0.0062196393981480465
0 0.6371911707230581 0.8463514124863301 0.0644414978247171 0.041479929194006386
0 0.5226723078146731 0.514434292094153 0.07676557549126173 0.031438098773203915
0 0.529525236020334 0.2719206070975749 0.04209289329157571 0.05415162706703811
0 0.5190972130207554 0.48101860422159703 0.0747580916144275 0.03527703853578667
0 0.7217918518029656 0.47022667318101613 0.0873715861745899 0.02677848126748804
0 0.6196580967298954 0.41131056028232343 0.08771904268247041 0.03249501345311185
0 0.6018143801306339 0.7516955767045252 0.05073183760331569 0.02837061696132
0 0.6510941566762938 0.4611127021001187 0.05770823442976235 0.04725016144260202
