0 0.565641542679944 0.034395268156510984 0.034148214640111835 0.039406063686978035
0 0.419444 0.991803 0.020370400000000066 0.016393400000000106
0 0.629012 0.991803 0.023456799999999976 0.016393400000000106
0 0.604938 0.92459 0.04197530000000002 0.0540983999999999
0 0.49691399999999997 0.14918 0.022222200000000056 0.049180300000000024
0 0.41172800000000004 0.867623 0.059259300000000036 0.028688499999999877
0 0.512578630544726 0.5258341277538108 0.05725556108945194 0.036913855507621385
0 0.504012 0.193033 0.029012299999999974 0.040163899999999995
0 0.48425900000000005 0.013114800000000001 0.025308599999999966 0.024590200000000003
0 0.45 0.990574 0.027160499999999983 0.018852500000000084
0 0.518519 0.130738 0.025925900000000064 0.041803299999999995
0 0.51142 0.0151639 0.025308599999999966 0.028688500000000002
0 0.50679 0.32418 0.05555560000000003 0.033606599999999986
0 0.5653392739081209 0.8630962622415356 0.029443047816241717 0.062257924483071186
0 0.565123 0.203689 0.026543200000000024 0.06639340000000002
0 0.521605 0.489344 0.029629599999999933 0.04262289999999994
0 0.478086 0.159836 0.029012299999999974 0.07213109999999998
0 0.45092600000000005 0.9360660000000001 0.029012299999999974 0.03934430000000009
0 0.49537 0.261885 0.04629629999999999 0.033606599999999986
0 0.672531 0.42950800000000006 0.029012299999999974 0.040983600000000016
0 0.52716 0.185246 0.03580250000000006 0.07049180000000001
0 0.510802 0.288525 0.06111110000000003 0.03770490000000005
0 0.318519 0.169672 0.03580250000000003 0.06721309999999998
0 0.537037 0.411885 0.03950619999999993 0.05819669999999996
0 0.485185 0.9491800000000001 0.044444399999999974 0.049180299999999885
0 0.531173 0.8487699999999999 0.05740740000000002 0.04672129999999994
0 0.503395 0.9885249999999999 0.045061699999999934 0.02295080000000005
0 0.57716 0.948361 0.029629599999999933 0.06885250000000008
0 0.56142 0.144262 0.05370370000000001 0.04426229999999999
0 0.619444 0.0286885 0.027777799999999943 0.04754099999999999
0 0.385494 0.431148 0.05 0.03934430000000005
0 0.501543 0.369262 0.05123460000000006 0.0598361
0 0.317593 0.111066 0.03148149999999999 0.038524599999999985
0 0.6950620000000001 0.0864754 0.058024700000000116 0.03360660000000001
0 0.577778 0.410656 0.03950619999999993 0.06557380000000002
0 0.546605 0.0987705 0.029012299999999974 0.0647541
0 0.494753 0.8672130000000001 0.03271610000000001 0.07213109999999993
0 0.353704 0.713115 0.03333329999999994 0.04590159999999991
0 0.563889 0.518852 0.026543200000000024 0.07213109999999993
0 0.558951 0.977049 0.03765430000000005 0.0459016000000001
0 0.602778 0.130738 0.029012299999999974 0.06967209999999999
0 0.677778 0.930328 0.055555599999999886 0.03770489999999986
0 0.40463 0.392623 0.04506170000000007 0.0606557
0 0.660994408799208 0.03963811890658831 0.05408851759841582 0.05140733781317662
0 0.46358 0.646721 0.059259300000000036 0.04262289999999994
0 0.595679 0.580738 0.04814809999999998 0.04672130000000003
0 0.514815 0.935656 0.04567900000000003 0.06311479999999989
0 0.33240699999999995 0.40819700000000003 0.05493829999999996 0.03278690000000001
0 0.0410494 0.648771 0.05370369999999999 0.03688519999999993
0 0.663272 0.634426 0.048765400000000084 0.055737700000000015
0 0.399383 0.0606557 0.05061729999999996 0.0508197
0 0.106173 0.24180300000000002 0.0395062 0.0639344
