0 0.408324991658325 0.8661940629153743 0.03386720053386715 0.0385467434647763
0 0.6035380342950437 0.9916845856260393 0.056601922946859874 0.0175815732478025
0 0.30008556411196674 0.20545907049721363 0.03341074848225565 0.0495049504950495
0 0.528395 0.318443 0.025925900000000064 0.040163899999999995
0 0.6180342915274751 0.35079540142237225 0.028128616945049652 0.04103149715525553
0 0.5477276793701914 0.9804644808743168 0.028001431383073917 0.03980755523877398
0 0.6227410985865092 0.8082679971489664 0.03131150474145641 0.07175100974103105
0 0.5883433685364108 0.8870513570087907 0.046609800232599766 0.05778054723212179
0 0.501543 0.288934 0.05987649999999997 0.035245900000000004
0 0.39631297964631296 0.8961010190518388 0.03353353353353357 0.06823216659282222
0 0.645679 0.184426 0.05432099999999997 0.040983600000000016
0 0.537963 0.0930328 0.029012299999999974 0.05819669999999998
0 0.44912611877521075 0.200754915638695 0.05768669951513665 0.050917394984580394
0 0.6647233653406492 0.3749241044323011 0.028577960676726116 0.07103825136612023
0 0.58179 0.10901599999999999 0.05370370000000001 0.05081969999999999
0 0.6476291498702809 0.8071930715728202 0.04165349127750929 0.05964569339510557
0 0.5804098928411359 0.19680246713195906 0.050931019027828726 0.029486555212898318
0 0.447531 0.306148 0.022222200000000056 0.0647541
0 0.4899545877205313 0.2315789210166099 0.03422927544106256 0.07463364203321969
0 0.3153153153153153 0.8018387239698715 0.024357691024357704 0.0684536996012406
0 0.5295229002792475 0.3776835332162373 0.029652024250440837 0.07796626690085873
0 0.666975 0.22254100000000002 0.04753090000000005 0.05163930000000002
0 0.633951 0.288115 0.059259300000000036 0.03688520000000002
0 0.498148 0.10901599999999999 0.05555560000000003 0.04426229999999999
0 0.5403267240761114 0.13796707542065684 0.04938270000000004 0.05081970000000002
0 0.5085882984433708 0.788310762651461 0.02988012166756134 0.08030411023996199
0 0.444136 0.846311 0.04382720000000004 0.06311479999999997
0 0.35207487385099623 0.15060080882567764 0.05264015229800759 0.049619082348644684
0 0.5439256338208982 0.9017405700047518 0.05081396764179642 0.04446374000950345
0 0.589506 0.022541 0.05061729999999996 0.0434426
0 0.6667652393764537 0.9455572296269897 0.029504053363750223 0.047113148253741716
0 0.3927768446715968 0.15865681648000865 0.048492678256529254 0.048968896932316174
0 0.6088790635623545 0.9335770931278213 0.047942355967078173 0.043988603005464325
0 0.5236198675324939 0.21432376108586268 0.03983193506498803 0.07127132217172534
0 0.6317767042404723 0.7343787122832026 0.0472356414385399 0.05226894749346639
0 0.6398149999999999 0.0717213 0.05123459999999999 0.03360660000000001
0 0.2368734196043433 0.5989531898084138 0.0342109177450543 0.0711040884850879
0 0.4049016012712382 0.30879727316993993 0.06091349875728317 0.03652004544716765
0 0.5170869721730184 0.95078418544191 0.05296084719091064 0.04507039036588247
0 0.29845577150307623 0.3507276957203917 0.060302326528949166 0.03706108315749604
0 0.09803339664450775 0.9452501050861707 0.02591801202912313 0.038881883144178245
0 0.458025 0.8963109999999999 0.027160499999999983 0.07295080000000005
0 0.37621754448293215 0.03567637693124189 0.046037244278651135 0.06034516648975901
0 0.45155441470072927 0.4456798138830276 0.04217088375504222 0.06194881783260291
0 0.5839148327071032 0.7263007840342123 0.05099302200751474 0.05131860299358515
0 0.40140148319152485 0.9653081222751438 0.03670353361695031 0.05954845544971197
0 0.597065664698515 0.5889760038013779 0.03327965646806227 0.07460204324067479
0 0.3010023224544676 0.1590650868365525 0.050727294951717405 0.0486933939295569
0 0.2498675793505276 0.2588865443921441 0.05643156908283417 0.05356273332251255
