0 0.509877 0.295492 0.027160499999999983 0.033606599999999986
0 0.6049275550127715 0.7136587164782361 0.048659151362282056 0.02477414420576619
0 0.602161 0.687705 0.05617279999999996 0.03114749999999992
0 0.528395 0.605328 0.029629599999999933 0.031967200000000036
0 0.6845717563434308 0.6267729867189545 0.020979587313138523 0.030060926562090792
0 0.542284 0.188525 0.04382720000000004 0.03442619999999998
0 0.639198 0.364344 0.05246909999999995 0.041803300000000036
0 0.4652309391393524 0.5278112397213639 0.050092691200252434 0.03168700570889853
0 0.269136 0.281967 0.05185190000000002 0.0393443
0 0.574074 0.20204900000000003 0.024691400000000033 0.07950820000000001
0 0.562963 0.487705 0.028395100000000045 0.07377049999999997
0 0.267593 0.315984 0.05987649999999997 0.033606599999999986
0 0.595988 0.440164 0.03888889999999997 0.07049180000000001
0 0.567284 0.605738 0.05555560000000003 0.03770490000000005
0 0.519444 0.227049 0.05493830000000007 0.036065600000000024
0 0.596605 0.9766390000000001 0.035185199999999965 0.04180330000000013
0 0.494136 0.726639 0.03271610000000001 0.041803299999999946
0 0.537654 0.742623 0.05555560000000003 0.03114749999999992
0 0.458642 0.9893439999999999 0.024691400000000033 0.021311500000000125
0 0.529938 0.568033 0.04135800000000006 0.06065569999999991
0 0.478395 0.21803300000000003 0.027160499999999983 0.06885249999999998
0 0.480556 0.603279 0.040123500000000034 0.0606557000000001
0 0.567284 0.115164 0.05308640000000005 0.041803299999999995
0 0.44845699999999994 0.587705 0.026543200000000024 0.07213109999999993
0 0.447531 0.18770499999999998 0.034567900000000006 0.07049179999999998
0 0.455556 0.24549199999999996 0.044444399999999974 0.05
0 0.566667 0.9774590000000001 0.034567900000000006 0.03852459999999998
0 0.563889 0.0733607 0.05246909999999995 0.0368852
0 0.728395 0.37459 0.059259300000000036 0.02950819999999999
0 0.64537 0.0364754 0.024074100000000074 0.04672129999999999
0 0.520679 0.643443 0.05123460000000006 0.04262289999999994
0 0.482716 0.567213 0.06172839999999999 0.055737700000000015
0 0.35925900000000005 0.47582 0.05308640000000005 0.02704919999999995
0 0.605556 0.75 0.055555599999999955 0.04918030000000007
0 0.44845699999999994 0.023770499999999996 0.04382720000000004 0.0442623
0 0.519136 0.157377 0.05555560000000003 0.040983600000000016
0 0.517901 0.80082 0.03703699999999995 0.06885250000000008
0 0.500309 0.44549199999999994 0.04259259999999998 0.05983609999999996
0 0.6469139999999999 0.4766389999999999 0.044444400000000044 0.05163929999999992
0 0.8984569999999998 0.976229 0.026543200000000024 0.04754099999999996
0 0.45679 0.452049 0.04814809999999998 0.05327869999999997
0 0.594753 0.931148 0.03765430000000005 0.06393440000000007
0 0.561111 0.330738 0.05061729999999996 0.05819669999999996
0 0.158951 0.444262 0.02901229999999999 0.06885250000000004
0 0.382716 0.884426 0.05432099999999997 0.04262289999999994
0 0.401852 0.92377 0.03333329999999994 0.05081970000000011
0 0.18858 0.580328 0.03148150000000002 0.07377049999999997
0 0.385802 0.0295082 0.04197530000000002 0.057377
0 0.196914 0.182377 0.04814809999999998 0.04344260000000001
0 0.314506 0.956967 0.04629629999999999 0.05163929999999992
