0 0.46574100000000007 0.8 0.03641980000000002 0.036065599999999934
0 0.32980004286085157 0.3915427667956181 0.036142385721702974 0.0748890335912364
0 0.5754356039215687 0.9786164366441659 0.05283199215686277 0.041128726711668444
0 0.6459147811365287 0.593611169141755 0.024800793572984713 0.04132153828351016
0 0.6603873683973694 0.37190891226444 0.029173342125302974 0.06972591685307182
0 0.616975 0.134836 0.03148150000000002 0.033606599999999986
0 0.561111 0.194672 0.04074069999999996 0.05819669999999998
0 0.477469 0.8241799999999999 0.029012299999999974 0.06147539999999993
0 0.579938 0.666393 0.026543200000000024 0.040983600000000016
0 0.326852 0.22418 0.03395060000000001 0.04344259999999999
0 0.313889 0.20204899999999998 0.04012349999999996 0.049999999999999975
0 0.6447530000000001 0.266803 0.026543200000000024 0.07295079999999995
0 0.522222 0.4381149999999999 0.022222200000000056 0.06803279999999996
0 0.48510860740337286 0.5856744363254044 0.04953618519325419 0.054880427349191026
0 0.546914 0.4368850000000001 0.025925900000000064 0.06721310000000004
0 0.535802 0.162705 0.05555560000000003 0.03196719999999999
0 0.50216 0.852049 0.030246900000000035 0.04344260000000006
0 0.49265618348044304 0.42012769366094677 0.054194333039113946 0.046628912678106336
0 0.566975 0.366393 0.029012299999999974 0.04754099999999996
0 0.658333 0.9196719999999999 0.035185199999999965 0.040983600000000016
0 0.513272 0.796311 0.025308599999999966 0.06803279999999996
0 0.64537 0.209836 0.05246909999999995 0.03278690000000001
0 0.617593 0.716803 0.05740740000000002 0.03852459999999998
0 0.603704 0.791393 0.03209880000000005 0.07295080000000005
0 0.4843082958347755 0.025279607783055002 0.0294219453097958 0.05209131300750728
0 0.587963 0.8598359999999999 0.05246909999999995 0.05081970000000002
0 0.51142 0.9094260000000001 0.030246900000000035 0.07459019999999991
0 0.671605 0.883607 0.04567900000000003 0.05081970000000011
0 0.6737739808728309 0.7764329772526654 0.0300999776310109 0.07630972385073949
0 0.588889 0.153279 0.029629599999999933 0.031147500000000012
0 0.578395 0.754508 0.044444399999999974 0.054918000000000085
0 0.553086 0.82541 0.05432099999999997 0.036065599999999934
0 0.49660499999999996 0.218852 0.04629629999999999 0.04262290000000001
0 0.555556 0.735246 0.04320989999999994 0.05901639999999998
0 0.521914 0.108197 0.05123460000000006 0.05081970000000001
0 0.286728 0.49016400000000004 0.021604900000000028 0.08032789999999992
0 0.440741 0.303279 0.029629599999999933 0.0754098
0 0.4780058017768547 0.7666960974413972 0.04135800000000006 0.06639339999999992
0 0.585802 0.198361 0.04691359999999995 0.057377000000000004
0 0.46697500000000003 0.164754 0.04753090000000005 0.03278690000000001
0 0.384568 0.818033 0.05555560000000003 0.03442620000000007
0 0.42037 0.484426 0.03580250000000006 0.06393440000000007
0 0.555864 0.55123 0.04876539999999994 0.06147540000000003
0 0.8 0.328689 0.05679009999999992 0.05081970000000002
