0 0.58642 0.460656 0.027160499999999983 0.04426229999999999
0 0.38879759094473587 0.36868705882114966 0.04586201811052832 0.052789582357700725
0 0.45726699517829705 0.19489200028143247 0.041328882530599236 0.06895096038837682
0 0.5268107878980555 0.7646169000211075 0.04265352620145179 0.042566664321395914
0 0.4523750123364065 0.5509074402765074 0.05803779026386907 0.03729648190389086
0 0.7488210671329412 0.8122845282487863 0.02781751708790344 0.044325617392527994
0 0.6598770000000002 0.347131 0.023456799999999976 0.07950819999999999
0 0.5549035854991258 0.6882749499753746 0.03680439049170768 0.057348643636107755
0 0.6724589886690344 0.5243655962272625 0.03170979198376463 0.07410734336402419
0 0.561860008310471 0.4245220325136612 0.057762083379058166 0.03620253497267766
0 0.513135039171038 0.9922148987071695 0.05027262165792412 0.01815244569408315
0 0.5012744748039527 0.5701732745760923 0.03502921241720975 0.06879233821853233
0 0.45872410321623486 0.36005769366073315 0.02728765961956232 0.07774572574403715
0 0.615741 0.347951 0.03641980000000002 0.0647541
0 0.6939334477965824 0.2117033981109543 0.034747772054615385 0.04234067962219087
0 0.1608552997441886 0.6265691921429626 0.03086419753086418 0.07015211933244721
0 0.42376499999999995 0.387295 0.040123500000000034 0.06967210000000003
0 0.630864 0.307787 0.03209880000000005 0.056557400000000035
0 0.46336035606421877 0.03904875817913179 0.05033645949239659 0.04643636107788644
0 0.626162692372738 0.4182573545924096 0.03382377811601558 0.07972153604311702
0 0.4445504159381126 0.1099345669457539 0.028612303290414944 0.07282065714486738
0 0.4281168482859111 0.21376576140681072 0.030715760896518805 0.07785165227256746
0 0.5547727438157294 0.5582041985731633 0.05959121236854146 0.04096820285367339
0 0.5884067185926986 0.6126433546752973 0.05404546177078366 0.036234433265320456
0 0.4293170137233084 0.6182720045029199 0.02993694696126743 0.07352423837332013
0 0.4661366227785725 0.26355269406881027 0.0543213604938272 0.048424056736790275
0 0.4209717585969374 0.8719130373601632 0.025433158480368787 0.07211707591641457
0 0.38517845733720124 0.49857893968901706 0.04922090026227944 0.06069126430732422
0 0.5105176707465691 0.6851122212059382 0.05245588936576065 0.0559347076619996
0 0.6085413023896572 0.6691057482586363 0.0402691675939172 0.054879335819320384
0 0.189815 0.953279 0.022839500000000016 0.07049180000000001
0 0.5267139361323053 0.6264672164514881 0.042317372264610825 0.0676875329029762
0 0.6168865575160282 0.9289031168648421 0.02251894240449322 0.041159501864490265
0 0.6575531182112012 0.9825511855343699 0.029142160758755784 0.037289805107999854
0 0.7305349752575423 0.3378134560091195 0.03267545051508472 0.07890571201823905
0 0.5762199968208551 0.06050798564694294 0.05351560430244268 0.037289805107999716
0 0.5217771419488157 0.8170337015408428 0.05484024797329524 0.055231126433546725
0 0.4071979078432152 0.9684107199922607 0.04239348431356969 0.05825956001547892
0 0.7995215021993295 0.3065248642628379 0.04595740439865929 0.06222982852567583
0 0.35473957505431036 0.0990290579047351 0.043978169872304344 0.06859916977415041
