0 0.536111 0.521311 0.05370370000000001 0.032786899999999966
0 0.406173 0.569262 0.023456799999999976 0.035245900000000004
0 0.4074416654663924 0.4788053930961432 0.060425169067215345 0.03419271380771347
0 0.555864 0.595492 0.04876539999999994 0.02868850000000006
0 0.47266831331829035 0.2849705242182119 0.0589169266365806 0.03551424843642373
0 0.549044403284726 0.4838659640334205 0.03647969343054806 0.037186271933159126
0 0.4 0.0143443 0.03827160000000001 0.025409800000000003
0 0.46049399999999996 0.841393 0.024691400000000033 0.06967209999999999
0 0.5184115395754598 0.9471813577785212 0.04506152654320975 0.05210767587822017
0 0.442284 0.852049 0.026543200000000024 0.05
0 0.628395 0.55123 0.03827160000000001 0.06311480000000007
0 0.332716 0.601229 0.025925900000000064 0.035245900000000004
0 0.573765 0.05450820000000001 0.035185199999999965 0.054918000000000015
0 0.652469 0.8827869999999999 0.027160500000000126 0.05573769999999983
0 0.475617 0.8872950000000001 0.04382720000000004 0.02704919999999995
0 0.477469 0.49180299999999993 0.04629629999999999 0.05901639999999998
0 0.558025 0.813115 0.027160499999999983 0.04426229999999999
0 0.535494 0.631148 0.033950600000000046 0.0606557000000001
0 0.48662592285064843 0.9788020894833402 0.03641980000000002 0.0401638999999999
0 0.508951 0.459426 0.035185199999999965 0.06311480000000007
0 0.415432 0.417213 0.04938270000000004 0.03770490000000005
0 0.629938 0.610246 0.036419799999999954 0.035245900000000004
0 0.491667 0.718852 0.029012299999999974 0.07377049999999997
0 0.580864 0.566803 0.028395100000000045 0.07786879999999995
0 0.469136 0.32459 0.05802469999999998 0.0393443
0 0.482407 0.556557 0.025308599999999966 0.08032789999999992
0 0.21790099999999998 0.665984 0.028395099999999975 0.05983609999999991
0 0.505556 0.925 0.04938270000000004 0.06475409999999981
0 0.322531 0.811885 0.040123500000000034 0.0647541
0 0.675309 0.873361 0.024691399999999895 0.048360700000000076
0 0.562963 0.658197 0.03703699999999995 0.07213109999999993
0 0.355556 0.77459 0.028395100000000045 0.04262289999999994
0 0.386111 0.8901640000000001 0.029012299999999974 0.032786900000000146
0 0.435185 0.686475 0.05679010000000006 0.031967200000000036
0 0.527469 0.0110656 0.04135800000000006 0.0204918
0 0.45092600000000005 0.908607 0.04135800000000006 0.04672129999999984
0 0.539198 0.744262 0.05493830000000007 0.04918030000000007
0 0.603395 0.0422131 0.035185199999999965 0.06967210000000001
0 0.433642 0.530738 0.06234569999999995 0.03688519999999993
0 0.466049 0.654508 0.05185190000000002 0.04344260000000006
0 0.40925899999999993 0.289754 0.03950619999999993 0.06639340000000002
0 0.557716 0.92377 0.026543200000000024 0.07377050000000017
0 0.619444 0.8893440000000001 0.033950600000000046 0.07377050000000017
0 0.664506 0.380738 0.048765400000000084 0.05163930000000002
0 0.19660499999999997 0.8745900000000001 0.03148150000000002 0.06393440000000007
0 0.817901 0.496311 0.03950619999999993 0.06639339999999992
0 0.762963 0.196721 0.04567900000000003 0.057376999999999984
0 0.6642512077294686 0.4474538686940683 0.024154589371980707 0.039597687495050334
