0 0.520062 0.9893439999999999 0.05864199999999994 0.018032799999999967
0 0.61358 0.4569287045747147 0.05555560000000003 0.03688519999999993
0 0.6697060084997738 0.4014032872006694 0.042528387628466065 0.04347271493004889
0 0.451852 0.615164 0.023456799999999976 0.031967200000000036
0 0.6538895760002585 0.2804826013732727 0.027965306741645723 0.06916192405802077
0 0.5112453814734018 0.565483679390181 0.05034933705319628 0.04608194121963776
0 0.532099 0.47090200000000004 0.05432099999999997 0.041803299999999946
0 0.623457 0.558607 0.05802470000000005 0.03852459999999998
0 0.593827 0.587295 0.03827160000000001 0.05327869999999997
0 0.537346 0.937295 0.03271610000000001 0.04180330000000013
0 0.40463 0.602459 0.026543200000000024 0.036065599999999934
0 0.49321 0.447131 0.027160499999999983 0.05
0 0.5565220753248012 0.20002121640202558 0.02909275064960247 0.07545323280405114
0 0.563272 0.741393 0.04753090000000005 0.031967200000000036
0 0.6302613606231013 0.10538602469530511 0.024662078753797556 0.04168785060938976
0 0.6682939763299076 0.43978210812591184 0.056340752659815155 0.03366211625182383
0 0.45463 0.014754099999999996 0.027777799999999943 0.027868899999999995
0 0.701852 0.578279 0.032098799999999914 0.06147540000000003
0 0.5313314645077888 0.9752018518839585 0.0472146709844225 0.0381214962320834
0 0.587963 0.82623 0.04753090000000005 0.05245900000000004
0 0.6574069999999999 0.9143440000000002 0.03703700000000009 0.035245899999999816
0 0.434877 0.584836 0.035185199999999965 0.06967210000000008
0 0.549691 0.0819672 0.06111110000000003 0.034426200000000004
0 0.619753 0.0122951 0.034567900000000006 0.0229508
0 0.439815 0.472131 0.029012299999999974 0.06393440000000007
0 0.5956869462995281 0.3652219943674363 0.02467490740094381 0.06955651126512749
0 0.407099 0.547541 0.025308599999999966 0.07704919999999996
0 0.41450600000000004 0.20942599999999997 0.040123500000000034 0.03032789999999999
0 0.525 0.517213 0.04876539999999994 0.05901639999999998
0 0.6854939999999999 0.54918 0.026543200000000024 0.07049180000000001
0 0.455556 0.948361 0.028395100000000045 0.07868849999999987
0 0.355556 0.5 0.04691359999999995 0.040983600000000016
0 0.592593 0.9491800000000001 0.024691400000000033 0.07377050000000017
0 0.673148 0.615164 0.03271610000000001 0.0598361000000001
0 0.523457 0.42459 0.04814809999999998 0.04590159999999996
0 0.365432 0.608607 0.05555560000000003 0.035245900000000004
0 0.576235 0.540164 0.05246909999999995 0.055737700000000015
0 0.430247 0.516803 0.04074069999999996 0.05819670000000005
0 0.577778 0.787295 0.05432099999999997 0.03852459999999998
0 0.42932100000000006 0.9606559999999998 0.030246900000000035 0.07377050000000017
0 0.5091413435330618 0.15830382176422622 0.027396512933876377 0.07027685647154751
0 0.48858 0.954918 0.022839500000000016 0.08360659999999989
0 0.123765 0.0139344 0.04259259999999998 0.026229500000000003
0 0.5716535938465517 0.04526218302291648 0.05441758769310319 0.03478676604583297
0 0.490741 0.604508 0.04567900000000003 0.054918000000000085
0 0.458333 0.17582 0.03641980000000002 0.06147540000000003
0 0.607099 0.922131 0.03765430000000005 0.06557379999999993
0 0.4066996149020749 0.16565765101708008 0.05326737019585041 0.05065269796583984
0 0.677778 0.276639 0.029629600000000075 0.08114750000000001
0 0.562346 0.697951 0.04938270000000004 0.06311480000000007
0 0.7615861935233662 0.6932881297742682 0.025531639842285674 0.06909278173547337
0 0.503086 0.655328 0.04938270000000004 0.05
0 0.429938 0.669262 0.04135800000000006 0.054918000000000085
0 0.52037 0.906148 0.05308640000000005 0.04180330000000013
0 0.571605 0.9147539999999998 0.03209880000000005 0.06721309999999985
0 0.645062 0.8717210000000001 0.04197529999999995 0.06803279999999996
0 0.514815 0.719262 0.04320989999999994 0.06639339999999992
0 0.39074099999999995 0.869262 0.03703699999999995 0.031967200000000036
0 0.475 0.203689 0.04135800000000006 0.0598361
0 0.47901199999999994 0.410246 0.04320989999999994 0.06311479999999997
0 0.18179 0.975 0.035185200000000035 0.05
0 0.436111 0.0987705 0.05864199999999994 0.03852460000000001
0 0.69321 0.107787 0.0506173000000001 0.04344260000000001
0 0.45 0.8635249999999999 0.04691359999999995 0.054918000000000085
0 0.249074 0.0942623 0.05123459999999999 0.0393443
0 0.5069161657294292 0.006184018539181186 0.05720380065929805 0.013303579091923437
