0 0.5120310941590962 0.4960951348824621 0.04628488831819236 0.033173169764924126
0 0.47253100000000003 0.538934 0.03765430000000005 0.07950819999999999
0 0.48425900000000005 0.518033 0.03765430000000005 0.07213109999999993
0 0.49537 0.4 0.030246900000000035 0.03442619999999998
0 0.431173 0.45532800000000007 0.027777799999999943 0.04344260000000006
0 0.544753 0.410246 0.026543200000000024 0.08114750000000001
0 0.140432 0.991803 0.03765429999999998 0.016393400000000106
0 0.5946131987071978 0.4485460869625735 0.04767087721872814 0.06563594237550266
0 0.517593 0.838115 0.06111110000000003 0.02868850000000006
0 0.38960529528301885 0.6540053753711722 0.024493609433962272 0.07231634925765544
0 0.443827 0.538115 0.027160499999999983 0.07131149999999994
0 0.6612508735150245 0.45603928240024744 0.03494060097833682 0.07307454376739869
0 0.561822580593817 0.10299433980490451 0.05327556118763395 0.04533227960980896
0 0.476543 0.48401599999999995 0.03950619999999993 0.05163929999999992
0 0.469444 0.792623 0.05740740000000002 0.027868900000000068
0 0.32989750757046354 0.22057686359418496 0.025040764034474774 0.06766161459944321
0 0.552161 0.23524600000000004 0.020370400000000066 0.0639344
0 0.587037 0.345082 0.04938270000000004 0.04426229999999999
0 0.515432 0.104098 0.03209880000000005 0.034426200000000004
0 0.4993830000000001 0.756148 0.029629599999999933 0.056557399999999945
0 0.46514675052410903 0.12275750077327557 0.051537386443046854 0.03595731518713268
0 0.528704 0.146311 0.05864199999999994 0.04344260000000001
0 0.485802 0.593033 0.05308640000000005 0.03852459999999998
0 0.700309 0.8729510000000001 0.05493830000000007 0.032786900000000146
0 0.559877 0.0192623 0.03209880000000005 0.0385246
0 0.531173 0.718443 0.05123460000000006 0.03360660000000008
0 0.455556 0.355738 0.030864199999999994 0.07377049999999997
0 0.624383 0.8827869999999999 0.04135799999999999 0.06557379999999993
0 0.580247 0.393443 0.04691359999999995 0.05245900000000004
0 0.552469 0.9811479999999999 0.03703699999999995 0.03770489999999986
0 0.592284 0.202459 0.029012299999999974 0.07377049999999997
0 0.49691399999999997 0.884016 0.03333329999999994 0.05327870000000016
0 0.545679 0.640984 0.024691400000000033 0.06393440000000007
0 0.489815 0.253279 0.05123460000000006 0.04262290000000003
0 0.670679 0.834836 0.03271610000000001 0.03524589999999991
0 0.592284 0.8922130000000001 0.04382720000000004 0.06803279999999996
0 0.890741 0.791393 0.024691399999999895 0.07622950000000002
0 0.147531 0.20163899999999998 0.025925900000000012 0.040983599999999995
0 0.228704 0.457787 0.04629629999999999 0.04672130000000003
0 0.480864 0.969672 0.05308640000000005 0.04754099999999996
0 0.5558997659369407 0.5535072216466573 0.02042314929551615 0.03321348040709366
