0 0.55455898729323 0.6577092452935819 0.05303001218026308 0.032486791744347966
0 0.4476451760402378 0.18225055656749645 0.030178326474622787 0.05444242056263916
0 0.5438749705143007 0.34421529335370593 0.05422264814968741 0.038825092246841934
0 0.524691 0.765574 0.034567900000000006 0.07213109999999993
0 0.643827 0.009836069999999999 0.028395100000000045 0.0180328
0 0.5804584439060037 0.8091389612379347 0.06365139802315292 0.034344517644655535
0 0.5141109883482611 0.6623540474793742 0.028624630259017216 0.07596692914925535
0 0.5459823088397833 0.38029325654511265 0.02946021529971374 0.03557881130370797
0 0.5057824995666645 0.09238142888283753 0.026378899133329192 0.05525465776567503
0 0.3102962347412956 0.8958645730981766 0.037709961506450264 0.035973021679867316
0 0.5033440768412754 0.7900478573374701 0.027879646317449283 0.07072438532506006
0 0.8302471061728396 0.9885243889344263 0.030863812345679004 0.02131187786885247
0 0.6873569120825043 0.5945108958149842 0.023749919763784638 0.035514390431002664
0 0.48989348825950135 0.6644433729776064 0.028443476155894414 0.07714561234329798
0 0.5580554594054075 0.8540166487921965 0.04211376485519791 0.05515550789030182
0 0.576235 0.737705 0.027777799999999943 0.07049180000000001
0 0.43479096957809316 0.9608166079362647 0.04999807699703855 0.05809202798631319
0 0.393206030537287 0.9057249374393546 0.029710395754009467 0.07992441652622428
0 0.5150566477547809 0.6172801142183649 0.06000920449043819 0.04576777156327014
0 0.49633652256836275 0.9804556137212094 0.03333364691358023 0.037704777868852346
0 0.585802 0.847131 0.04320989999999994 0.05163929999999992
0 0.4501910958700764 0.5105384384074941 0.03912410825984722 0.06088952318501175
0 0.3072548203634346 0.9284398600110516 0.05742821473158552 0.03444464910664938
0 0.6056497827006653 0.5265308206935295 0.05019037729318102 0.0400898830498953
0 0.5046256973479463 0.04954842033033197 0.03231452460376348 0.03532935933933606
0 0.5368858748206888 0.05047686106967897 0.045377449641377555 0.05997022213935795
0 0.48435126602564105 0.3262649637137453 0.03290003205128201 0.05089062742749052
0 0.49851851851851847 0.23396955503512884 0.026172839506172826 0.07744730679156912
0 0.508642 0.895902 0.028395100000000045 0.05081970000000011
0 0.5396032736856707 0.5736783938110148 0.046608406158967976 0.05765334315711916
0 0.6494341563786008 0.20030276177817158 0.06124179735290853 0.034337616304829406
0 0.7677032378290239 0.9143210640272194 0.02690426275331941 0.04979894834519007
0 0.606173 0.908607 0.029629599999999933 0.07786880000000013
0 0.4981539171570325 0.9400694550840101 0.06288219683858312 0.045962923241918134
0 0.384568 0.74877 0.04814809999999998 0.05327869999999997
0 0.8303303303303304 0.5467434647762517 0.04548993437882321 0.062029242357111256
0 0.5674252567460318 0.15749429437939108 0.04786638650793652 0.055503811241217796
0 0.5636802430675744 0.9146621725141719 0.04144071381869924 0.05668760533169909
0 0.5835342855376243 0.0783409507649361 0.0442094849440425 0.07266208708503243
0 0.539647266313933 0.2111943793911007 0.03393298059964724 0.05161592505854802
0 0.5852759420799852 0.393728823919709 0.04446612636926199 0.06553282679367152
0 0.45754688983855646 0.4037279319041614 0.03635446343779681 0.07447982345523327
0 0.6403764492721434 0.9085208255158062 0.04887720145571328 0.05181004896838792
0 0.287654 0.19877000000000003 0.044444399999999974 0.06475410000000002
0 0.41519816978915475 0.06404116149867264 0.027824151363383412 0.08484085497687403
0 0.593984747351553 0.03693517941925066 0.054636494703106005 0.04600155883850133
0 0.328086 0.172951 0.035185199999999965 0.06393440000000002
0 0.3818519429012346 0.2392625016393443 0.061234385802469135 0.04245860327868855
0 0.8554623806196133 0.8644447881224869 0.05310971348707198 0.04995360346427474
