0 0.547531 0.9950820000000001 0.029629599999999933 0.008196720000000077
0 0.6447599884276997 0.3199357582626719 0.051404466709237935 0.04443153159977392
0 0.490741 0.00819672 0.029629599999999933 0.014754100000000001
0 0.419753 0.0668033 0.025925900000000064 0.06967209999999999
0 0.5440151797537959 0.4476683441916336 0.06135234049240815 0.027614811616732633
0 0.518827 0.869262 0.024074099999999935 0.07295080000000005
0 0.19351900000000002 0.710656 0.024074100000000005 0.0393442999999999
0 0.446296 0.897131 0.023456799999999976 0.07131150000000012
0 0.48643385648502907 0.3280855359148295 0.025429434752376953 0.07399663120407009
0 0.299074 0.797131 0.019135800000000005 0.0647541
0 0.400926 0.9786890000000001 0.022839500000000016 0.040983600000000016
0 0.495062 0.164344 0.020987700000000026 0.07950819999999999
0 0.471914 0.133197 0.03765430000000005 0.035245900000000004
0 0.624383 0.368033 0.03765430000000005 0.06885249999999998
0 0.602469 0.690574 0.05185190000000002 0.03852459999999998
0 0.456481 0.0118852 0.040123500000000034 0.0221311
0 0.527469 0.551639 0.03271610000000001 0.0393442999999999
0 0.582716 0.338525 0.044444399999999974 0.0393443
0 0.5733607475840784 0.5521009060580365 0.05166079516815665 0.0386284121160731
0 0.48642 0.44098400000000004 0.027160499999999983 0.07377049999999997
0 0.615741 0.777869 0.025308599999999966 0.036065599999999934
0 0.387037 0.0737705 0.024691400000000033 0.08032789999999998
0 0.474074 0.9020490000000001 0.025925900000000064 0.07295080000000005
0 0.48148100000000005 0.590164 0.05185190000000002 0.02950819999999999
0 0.548148 0.0151639 0.024691400000000033 0.0303279
0 0.48148100000000005 0.695492 0.05802469999999998 0.03688519999999993
0 0.454012 0.0782787 0.03641980000000002 0.05163929999999999
0 0.52716 0.803689 0.029629599999999933 0.07131149999999994
0 0.467901 0.652049 0.03209880000000005 0.035245900000000004
0 0.199074 0.665574 0.026543200000000024 0.06229509999999996
0 0.20895099999999997 0.72459 0.04012349999999996 0.06557379999999993
0 0.567593 0.185246 0.027777799999999943 0.07049180000000001
0 0.49382699999999996 0.242623 0.03950619999999993 0.05737700000000003
0 0.599383 0.0733607 0.023456799999999976 0.08442620000000002
0 0.534568 0.219262 0.025925900000000064 0.04672130000000001
0 0.430556 0.136885 0.027777799999999943 0.07868849999999998
0 0.545988 0.8811479999999999 0.03765430000000005 0.06721309999999985
0 0.564815 0.0893443 0.028395100000000045 0.07049180000000001
0 0.539198 0.373771 0.03271610000000001 0.05737700000000003
0 0.639506 0.741393 0.05185190000000002 0.048360700000000076
0 0.473148 0.0442623 0.04506170000000007 0.0360656
0 0.469444 0.196721 0.05 0.05245899999999999
0 0.509259 0.906967 0.03827160000000001 0.058196699999999865
0 0.567593 0.735246 0.027777799999999943 0.06229509999999996
0 0.58858 0.62623 0.03271610000000001 0.06229509999999996
0 0.686111 0.796721 0.022839499999999874 0.07049180000000001
0 0.25679 0.404098 0.024691400000000033 0.07704920000000004
0 0.42962999999999996 0.961475 0.04938270000000004 0.03934430000000009
0 0.370062 0.9700819999999999 0.035185199999999965 0.056557399999999945
0 0.532099 0.0381148 0.04197530000000002 0.0680328
0 0.647531 0.23237699999999997 0.03333329999999994 0.0745902
0 0.510185 0.962705 0.05740740000000002 0.04344260000000006
0 0.563272 0.606148 0.04876539999999994 0.06639339999999992
0 0.703704 0.603689 0.04197529999999988 0.0647541
0 0.373765 0.727869 0.04135800000000006 0.05081969999999993
0 0.7216049999999999 0.785246 0.03827160000000001 0.06393440000000007
