0 0.4125129288527981 0.2510885129014348 0.052375607931163505 0.05157651734315183
0 0.4346845359917255 0.20352999620116302 0.05820734578904511 0.03155956868589465
0 0.5123824159228451 0.2703959288580111 0.02934929416386074 0.07812635040180008
0 0.47658631199778334 0.45521442295899595 0.02924786798436004 0.07317771145905726
0 0.5170723911925433 0.3845378350200319 0.04463973779594222 0.041602552436531555
0 0.5985938383541295 0.15836025737193538 0.027037142287801744 0.04124681525817475
0 0.4763319469201821 0.238377019958505 0.026627935124667143 0.07320066625756112
0 0.5858695891375629 0.20294555974401682 0.029158689289408252 0.045293825428830245
0 0.50398247473523 0.4380359381351948 0.028025321765031874 0.07074141836188219
0 0.5330779712422611 0.022879050744272038 0.0590855684507455 0.039190995393296714
0 0.4249559082892416 0.7549180327868853 0.049911816578483266 0.04426229508196721
0 0.519444 0.80123 0.05617279999999996 0.03852459999999998
0 0.31910963332409714 0.5206246678386002 0.04248637665096523 0.06254854666612161
0 0.5542063207156464 0.05839009388894294 0.03365425236656047 0.03888454929464417
0 0.5701497874903835 0.019883737899498953 0.024297267163058224 0.04171328501240453
0 0.4278655213817309 0.3257225787989044 0.051260737046273215 0.03985936797350883
0 0.5637529983935212 0.13200958475789717 0.04302282080059861 0.04251775225738582
0 0.4416181402661978 0.8172419352885798 0.04807788202219573 0.039002936843822965
0 0.4984191653946876 0.21689372781479208 0.024588600369710223 0.08049561728470823
0 0.48819467340733413 0.037517633895996494 0.05779023335897716 0.04025392810234956
0 0.3291154828976941 0.4090184375127755 0.05757211908500355 0.039654960958260106
0 0.6650276426252058 0.7482839266330681 0.03309727568392803 0.06559353548941833
0 0.5083512321803603 0.5373328127143395 0.026578364360720898 0.06646872542867903
0 0.5426817191523073 0.2259577452441483 0.0605180343742435 0.03696560591449694
0 0.29578830701025216 0.5945178038510283 0.044795418860256765 0.045991578430971736
0 0.553357250888115 0.8740834150670216 0.052231718898385585 0.03783102143757884
0 0.5284383065245682 0.8362475268214936 0.05704832803629839 0.042978301174629766
0 0.42063788977369215 0.8910872976446748 0.029988301593239845 0.0547741269052744
0 0.4292637840295767 0.4643792487540954 0.028153815310971567 0.07764688735773034
0 0.6965738057792092 0.7642668455749584 0.04252961155841814 0.07279679114991681
0 0.40824512522045864 0.7986532191451992 0.05176361904761912 0.04461322985948475
0 0.5886518272220683 0.37702873962634403 0.04987531172069832 0.05539430113241489
0 0.5922865503324541 0.04850294344627134 0.026915341288419985 0.0883324406844384
0 0.490123 0.362295 0.04814809999999998 0.05901639999999998
0 0.6964879884632971 0.9836871234412218 0.05640673912278861 0.0323875577973939
0 0.32916580844185833 0.45205018596950247 0.05370370000000001 0.04918030000000007
0 0.4765371655033238 0.6865150237074401 0.050605631006647646 0.03696364741488019
0 0.5583317003070088 0.6051045190389451 0.04997060552616109 0.05225951947263424
0 0.23730158730158732 0.7858313817330211 0.03897707231040566 0.0503512880562061
0 0.3828138584593984 0.6495324405449088 0.05618588071639719 0.04386977603324863
0 0.36409850135340327 0.18957657578679757 0.05875750973790186 0.04047222465737413
0 0.31957144176595553 0.9202403826499326 0.029863612573504523 0.0670455010015944
0 0.8916472510109531 0.3523167739411827 0.05489944029351111 0.04391735713523701
0 0.9036988717354015 0.6518879727952263 0.04856128143799379 0.04812165153508072
0 0.6420808272660125 0.8817897342487506 0.05451795575252366 0.05557890803792451
0 0.43264725054869674 0.10277759867941712 0.051715101097393704 0.053096897358834244
0 0.5190036257936508 0.9652222574355971 0.036243583156966526 0.06955458512880557
