0 0.49660499999999996 0.00532787 0.03271610000000001 0.010655699999999999
0 0.6242942664306617 0.6349892193435778 0.03237231664510718 0.04047024196584425
0 0.412963 0.00655738 0.028395100000000045 0.011475400000000002
0 0.5241352463574686 0.593523851720573 0.027434842249657074 0.04590656230000494
0 0.5309176004641691 0.21814845894221496 0.057858467784938354 0.04104155848972629
0 0.5443406093678768 0.2553164173690251 0.03600938126424656 0.03690906526194978
0 0.6919281274218663 0.9718247046115788 0.02972434515626738 0.05471129077684248
0 0.34624662977153403 0.5579894478990013 0.05818078615013487 0.04004145468249485
0 0.5520241844316538 0.5335304634482844 0.044099531136692245 0.06228565982621976
0 0.4268700072621641 0.134619093539055 0.05635439360929555 0.035101253616200596
0 0.5210564158093279 0.7315118233151183 0.0270236683813443 0.04681235336976308
0 0.5546362972287102 0.5837726042645105 0.02816113556890219 0.07107045631615214
0 0.5932236682237794 0.5799156463090138 0.04385704200496792 0.05983099261802794
0 0.4947385049091086 0.25534077707499675 0.02709730728103433 0.036627081450884176
0 0.37124183006535943 0.5025072324011571 0.04938271604938271 0.04030858244937315
0 0.6244207170133096 0.5542632796731157 0.03763022281540807 0.05895239501796879
0 0.5808869795395863 0.2896222881673341 0.0491440473865781 0.051715693336022384
0 0.5880667984302941 0.6365296108934616 0.03723754690498694 0.07455022631318703
0 0.4726405830774763 0.4621575007039753 0.030502309628523207 0.07663077412798884
0 0.5095836577318059 0.5363560281593069 0.0354057761465169 0.0721213016294984
0 0.4576210826210826 0.5283535624211854 0.05134140550807217 0.034481399747793226
0 0.5053547523427041 0.08690499703732964 0.02826119291982747 0.038843900190927635
0 0.4938834820221681 0.12497008495871723 0.053280165810579413 0.0384408280483427
0 0.5647677811255699 0.7158063317899868 0.03941116225114 0.07259646357997339
0 0.6065324583843102 0.47961896322552056 0.04300596893189481 0.06596760695121355
0 0.8346481783932828 0.6268368184473473 0.02700084321343436 0.041409263105305454
0 0.41944722500278053 0.882993649387092 0.039761984206428645 0.04615271008713639
0 0.4803414525636747 0.8012110471126863 0.043654765876988084 0.059075468911534465
0 0.5675119564008452 0.958868704770344 0.027249471693916175 0.07975188303057155
0 0.36957153231663037 0.319672131147541 0.02745098039215688 0.0673095467695275
0 0.5487431876320764 0.8026879338354748 0.046435324213102 0.0671983458868705
0 0.37073347857661576 0.21099324975891992 0.06027596223674654 0.03857280617164899
0 0.3953953953953953 0.9442844483828089 0.04671338004671342 0.03581450302761771
0 0.490123 0.386475 0.039506200000000075 0.06639340000000002
0 0.28421707078781416 0.06420273617171836 0.02930988542499332 0.07297440735935841
0 0.3797385620915033 0.12825458052073288 0.04836601307189544 0.0644165863066538
0 0.5984155545559053 0.14974779319041612 0.04598390563302843 0.05226654277560232
0 0.5983778571833701 0.03150653980368036 0.05558391469570643 0.04418447016293023
0 0.5045323100878656 0.9431767833407178 0.04587921254587925 0.06313690739920254
