0 0.1358187473177436 0.37400234207099703 0.01791067789478227 0.0055838875280769616
0 0.1703310839339661 0.3727642832826193 0.00929345369775684 0.0064857807679754
0 0.2329872528991959 0.37559773625638754 0.01232350613141584 0.010412425539735919
0 0.1656316890732731 0.48192804875027206 0.009643354292379532 0.002810440832789351
0 0.1834971647263181 0.45688178860210454 0.014837626748004833 0.01012396048035316
0 0.20111009583333328 0.3884858740740741 0.01544302010416665 0.008298418333333335
0 0.27229610000000004 0.3924013240740741 0.01015431083333335 0.0049089211111111
0 0.16472372395833332 0.3848625962962963 0.02221257208333327 0.004558285925925953
0 0.16789720312499998 0.41460840925925924 0.009096575833333394 0.011220397222222254
0 0.11776000208333333 0.3493313598148148 0.014173731249999951 0.009700973333333338
0 0.16292553333333332 0.35108455 0.020308655937499982 0.004792052222222239
0 0.14885769895833334 0.39064814814814813 0.017135416666666594 0.006311476111111103
0 0.10788276915095582 0.41765362359699365 0.011814965619402547 0.00966995781354085
0 0.19063864270833336 0.37825899074074076 0.015654573958333393 0.009350338148148191
0 0.15964649999999997 0.3926934962962963 0.012904442395833372 0.008765936666666653
0 0.20536495872879942 0.4643759366302719 0.018709189681010586 0.006756021633307691
0 0.15828865179138157 0.47445084693663114 0.01773567735473686 0.0044420981325215105
0 0.18609021770833328 0.38334312962962963 0.012481368958333287 0.006662111296296303
0 0.19687901874999997 0.45387983518518515 0.015019946666666683 0.008649053518518484
0 0.16556987083333333 0.3987712203703703 0.010788972395833341 0.010168491666666654
0 0.14346312708333334 0.3517273859259259 0.01015431083333335 0.011687915555555572
0 0.16916625208333336 0.36581137037037037 0.017981597812500045 0.0045582859259259
0 0.16419492499999996 0.4063099481481482 0.019039367083333283 0.006778994444444419
0 0.17731105833333327 0.45352919999999997 0.015231466250000025 0.008649053518518536
0 0.13362636979166667 0.36768132962962957 0.017558524375000082 0.004792052222222186
0 0.12691773608905757 0.4113661306029662 0.0183486158116087 0.008427394413621203
0 0.19381177916666673 0.4614184203703704 0.01142359968749993 0.004792052222222186
0 0.06344781468861503 0.3864878177267216 0.01098830225241727 0.007278882306997153
0 0.19717204560051377 0.47508423091906465 0.01675267311306179 0.008174786176302375
0 0.15721395624999998 0.4220886740740741 0.019039367083333283 0.006077709814814817
0 0.15615601562500003 0.3607270888888888 0.019462440520833367 0.005610205740740755
0 0.198677209375 0.3987127574074074 0.019462440520833367 0.007947783148148136
0 0.19338853437499998 0.42343275185185186 0.01480839281250006 0.012038550740740719
0 0.21454357708333335 0.40747877962962964 0.011846707395833414 0.008882819814814822
0 0.14832889999999999 0.40695275555555555 0.01861625937499992 0.00736338166666665
0 0.15140053793040392 0.43285500779387376 0.015453984469480748 0.008453202875669879
0 0.12177962812499997 0.37387597962962965 0.013750657812499985 0.009700973333333338
0 0.09579750393761408 0.37914332130481154 0.018459571137912908 0.005753423230878661
0 0.15266553125000001 0.3664541777777778 0.010788972395833341 0.005610205740740702
