0 0.4616132167152575 0.4561965301343019 0.0565093762372674 0.05544138029919233
0 0.6561566425512003 0.6782010227978779 0.05614944390454598 0.03680160588825696
0 0.4513521457965902 0.39988290398126464 0.025573192239858916 0.0698672911787666
0 0.4488345301839254 0.4746903651472064 0.0471533130259511 0.054299430294412795
0 0.5902549271532952 0.561882736105004 0.02850285130475472 0.051496201546145405
0 0.5508825970089622 0.5622076430375662 0.05433745868336745 0.04176547194236023
0 0.5196405745410863 0.8953350339351431 0.04339530774394408 0.04367491133919627
0 0.5052550120577332 0.5588347751278497 0.040852319763884405 0.06428332457104619
0 0.5655029872529964 0.5094670755591932 0.04201349783320726 0.06934190872006889
0 0.5610138716652269 0.7263129846855135 0.059270172661339625 0.041901584039095774
0 0.39889097368647713 0.015883519243232936 0.024067033390755034 0.033044246301944344
0 0.6124453219630709 0.772818106901496 0.03847184392614194 0.05547261380299188
0 0.5330649905355793 0.5084071616940687 0.026984513403880046 0.08006470925536485
0 0.6607070312034337 0.7334416424747886 0.03537583759313248 0.04787071505042304
0 0.5316198526518014 0.6908271142630119 0.04787059469639704 0.04293607147397596
0 0.5765538764570772 0.049380465611894776 0.05382592494975592 0.03562717399923753
0 0.5079256871270201 0.858457013325049 0.05818670658676179 0.04860717011900774
0 0.5120415077961342 0.9246823261458681 0.044196147924990145 0.05762765282703245
0 0.5188124632569077 0.2798594847775176 0.030570252792475012 0.078064012490242
0 0.5979675281386099 0.5022633138890216 0.04835101794082702 0.05698462777804334
0 0.4972683515576072 0.9470307778855803 0.048547197111542956 0.0573794421736844
0 0.680478191472035 0.16663783035598426 0.05570214013485785 0.04087547039231801
0 0.48761832775438213 0.61594895569469 0.02573516178958357 0.07575395497777564
0 0.5523052672083648 0.9711324218097307 0.029132724245041895 0.06108145691583414
0 0.6692261367058115 0.5639744102359057 0.04185486299307448 0.04838064774090362
0 0.574310559829752 0.784972076440998 0.0373559166576684 0.07513542461645065
0 0.5173665410063164 0.12754978739039266 0.05556264006603498 0.031785671120854
0 0.4760435038212816 0.29215456674473067 0.038506760728982896 0.07142857142857145
0 0.5839002267573696 0.7087893705491564 0.057049274736349555 0.06738995363953547
0 0.49825892147626244 0.458231432010228 0.04188693694885362 0.06427603575491084
0 0.40859228681726106 0.8829873623306095 0.028284218170699028 0.0834898238846876
0 0.5865997192527804 0.8559957941021842 0.04481157542382034 0.060698752568943325
0 0.509568 0.743852 0.04382720000000004 0.05819670000000005
0 0.3696961668304358 0.7236367542572767 0.05173893366087174 0.034158408514553304
0 0.3970773494583018 0.6866845098695216 0.04635928445452254 0.0572097691535631
0 0.38196019148400095 0.5729340916694546 0.04635928445452254 0.05988624958180001
0 0.5285493827160493 0.049680709111704156 0.046475739305196696 0.06600266869996187
0 0.22753373528567325 0.4217499046892871 0.033735285673270186 0.05242089210827298
0 0.724074 0.871311 0.0506173000000001 0.0459016000000001
