0 0.25424141250000004 0.4654091814814815 0.008695978958333347 0.013046431851851887
0 0.23322588125000002 0.12257741000000001 0.015114445208333353 0.007537956481481489
0 0.2666131438237931 0.3171557147193447 0.012110946727413788 0.026010540561310705
0 0.32422341666666665 0.12417197703703703 0.01366510979166667 0.010727090555555575
0 0.27266853333333335 0.1460610014814815 0.009524189791666693 0.022034007592592584
0 0.2747390604166667 0.454247 0.01366510979166661 0.021454145740740723
0 0.17059419791666666 0.42250067777777783 0.01035236708333335 0.025223141666666723
0 0.163036925 0.36451661481481484 0.01925539874999999 0.010727090555555523
0 0.2239086770833333 0.13214481222222224 0.013043985208333334 0.015075877592592577
0 0.24399242083333333 0.1620067425925926 0.01718493875 0.019714630925925923
0 0.2607632541666666 0.15301913148148147 0.013872162499999991 0.023773522407407408
0 0.24005865416666664 0.4678734351851852 0.008488926249999995 0.008697644814814807
0 0.26268119248036553 0.46517350733860147 0.010275706724951572 0.013492855027013048
0 0.2191467666666667 0.16012220925925927 0.017599010624999984 0.011306917037037033
0 0.27266853333333335 0.12533166537037035 0.014493320624999988 0.01304643185185186
0 0.24533811249999998 0.33885859444444444 0.017806063333333337 0.013916224629629584
0 0.27018376666666666 0.44598448148148145 0.015735603333333348 0.021164250185185234
0 0.19885607083333331 0.12620142277777777 0.010145314375000028 0.014785982037037036
0 0.30227609791666665 0.4703376888888889 0.008281907083333333 0.0037689605555555174
0 0.27919037499999994 0.36451661481481484 0.012215807916666618 0.012466605370370377
0 0.25227419375000004 0.28406352407407404 0.018841293333333346 0.014496051111111146
0 0.28995691458333334 0.4403308814814815 0.01262987979166669 0.026092899074074097
0 0.23664210000000002 0.44250545185185186 0.008281907083333363 0.025223141666666723
0 0.2587963708333333 0.4533772425925926 0.017391991458333294 0.01855494259259258
0 0.24875466666666668 0.21216298888888888 0.017599010624999984 0.013336362777777803
0 0.24699473541666667 0.1256215962962963 0.0190483460416667 0.012466605370370377
0 0.29227468283975 0.2982517091985249 0.008983475679499975 0.026637032285938535
0 0.23633150416666665 0.14519124407407408 0.012215807916666677 0.022613834074074066
0 0.29213075 0.22984817407407404 0.016563780624999976 0.018554942592592605
0 0.2252933701079302 0.27499136989357353 0.007531262924193823 0.030562672379739735
0 0.2499967145833333 0.3004438962962963 0.016770833333333297 0.01710535870370375
0 0.23752627628021508 0.2885455098781175 0.010654440981236461 0.022927050799320572
0 0.17142234166666667 0.32595689814814816 0.016149675208333332 0.02174407666666664
0 0.26812945533358196 0.17142905555555554 0.016770833333333356 0.016525496851851836
0 0.25424141250000004 0.26652335740740746 0.016149675208333332 0.018265011666666716
0 0.3224634854166667 0.460190637037037 0.01718493875 0.016525496851851756
0 0.26666423958333335 0.2212956185185185 0.015321497916666675 0.02000456185185184
0 0.2641697498987223 0.3966428700564577 0.01750376810183972 0.01287597283925679
0 0.2627301375 0.20476987407407407 0.01822016874999998 0.01362629370370372
0 0.3186330270833333 0.3958278814814815 0.009524189791666693 0.026382829999999906
0 0.24322007399369247 0.23893808167975955 0.019367428612384902 0.01528071817433393
0 0.27649899166666664 0.3816217259259259 0.018427221458333302 0.016525496851851864
0 0.213349425 0.1757778425925926 0.019669504166666633 0.012466605370370377
0 0.24836054440148506 0.3157370307835192 0.014660172238696518 0.020150298988517078
0 0.29254498958333336 0.46366966666666665 0.016149675208333332 0.014785982037037062
0 0.3056926520833333 0.4525074851851852 0.012629879791666632 0.016235565925926
0 0.28395262083333334 0.18215618148148147 0.012215807916666677 0.025802968148148128
0 0.2585500718987729 0.3275489307900117 0.01068781233921241 0.024927576024467893
0 0.2620056375 0.4367068333333333 0.013872162500000052 0.022323938518518525
0 0.32712175208333333 0.23753097222222225 0.012008755208333414 0.02116425018518521
0 0.134965353064582 0.414630223744119 0.015288061545830681 0.011801716377126825
0 0.31966812291666663 0.1678050074074074 0.01822016874999998 0.015075877592592577
0 0.25299902916666667 0.19810185185185183 0.018634274166666652 0.014206120185185177
0 0.19047065416666667 0.3893048777777778 0.010766472500000023 0.01275653629629624
