0 0.4446772207903258 0.009170920729642568 0.05175059788504346 0.020894922851384036
0 0.56333712564679 0.5536406423350083 0.03464387006500681 0.04498618467001659
0 0.5325847878529871 0.7133267382702091 0.027493969064850275 0.0723101563972113
0 0.508112332582727 0.25389995646291275 0.05736954152651471 0.0367172625361452
0 0.4224146749443432 0.34262289385245903 0.047297749888686465 0.03606568770491798
0 0.6236088257032989 0.9121605885850578 0.024994451406597815 0.07678067717011561
0 0.497222 0.342213 0.03271610000000001 0.041803300000000036
0 0.45942116980368347 0.4187046492878258 0.045334952438777575 0.03386186509002957
0 0.637826350941105 0.47379736629938185 0.049180327868852534 0.04461166353130876
0 0.5240940841884234 0.32594741246304754 0.033374268376846705 0.03877972492609516
0 0.5395594916284954 0.4379859128555292 0.028502183256990873 0.0792503257110583
0 0.35022068700825176 0.7665845578866899 0.04669609160110025 0.05521107619128513
0 0.5456385359441409 0.11081687320612739 0.031167777332523638 0.03582392625638269
0 0.5452518780793945 0.5964700614443146 0.059948668952209676 0.03246349411676912
0 0.319444 0.901639 0.047530900000000015 0.049180299999999885
0 0.5632075828544061 0.7274732343273036 0.03258866570881224 0.07369494834181269
0 0.37745890373912167 0.23586407160709488 0.03763430747824322 0.03566234321418966
0 0.5361262902246509 0.06852996506315506 0.04735883424408015 0.05804891158290782
0 0.44130742764622544 0.5380274119860252 0.05241853875733661 0.04944907282988443
0 0.4625836530257033 0.25399782391830156 0.030509682412467095 0.0762558974469228
0 0.6768719977686704 0.9243480463383498 0.04880609553734058 0.045418392676699906
0 0.554321 0.520902 0.030864199999999994 0.035245900000000004
0 0.502469 0.685656 0.03827160000000001 0.05819670000000005
0 0.6790119999999998 0.253689 0.06049380000000007 0.03688520000000002
0 0.5815625089759158 0.3975612267737168 0.05241839431289211 0.05464911323568936
0 0.4575316872995601 0.6246608191775015 0.03605057459912024 0.07063313835500283
0 0.582099 0.5556136187964875 0.03703699999999995 0.07049180000000001
0 0.50679 0.731148 0.04074069999999996 0.06229509999999996
0 0.5216939245770809 0.544976243190129 0.05161205717604305 0.0406726535485957
0 0.5874267839759159 0.9200682959486697 0.04028506795183158 0.0647276918973394
0 0.6541135024235983 0.4031847732800322 0.02672543393037858 0.0702765163262564
0 0.4608782711849828 0.4881886901101854 0.047682842369965575 0.056140760064498745
0 0.6305557438271605 0.5255913249798441 0.047530487654320955 0.05282164995968822
0 0.3377858461445051 0.5125165953305563 0.03359649228901037 0.06929629066111259
0 0.6742814432554137 0.31996776904729907 0.032938833788706726 0.07707601793872616
0 0.5854230935007805 0.6733749544092708 0.04491938700156099 0.056585308818541555
0 0.5203005671574401 0.48107535186670924 0.04334946568511977 0.060800996266581774
0 0.5807729771706132 0.44276407307175486 0.04549715434122649 0.06421654614350975
0 0.558951 0.933197 0.04753090000000005 0.056557399999999945
0 0.4973171050909567 0.843711985170596 0.051040439733019284 0.05503099113711413
0 0.3995142683667274 0.5765923138941144 0.03885853066180936 0.05939263638806775
0 0.814815 0.206967 0.05679009999999992 0.03688519999999998
0 0.5562639141874114 0.24173609244826655 0.05565674964582068 0.04864283794678847
0 0.6608020000000001 0.8709020000000001 0.04135800000000006 0.06311479999999989
0 0.24272393934145717 0.7247194472033467 0.042281923658286986 0.06504339557886683
0 0.5038708233353572 0.3991061709553883 0.03901002303177496 0.07198384191077664
0 0.5908758193364049 0.5062410304001929 0.04714269683917278 0.060022760800385634
0 0.6753693584294675 0.5787422735823703 0.03764420157862779 0.06423004568664333
0 0.676852 0.101639 0.033950600000000046 0.06721310000000001
0 0.4964146327230746 0.5713284574460807 0.03603976544614925 0.08200041489216146
0 0.41003845375430065 0.2898414404729911 0.043715846994535505 0.06691749529696318
0 0.5071847804088241 0.9220639613007257 0.05059704513256422 0.06127385111529155
