0 0.5074265104059917 0.3718870843999438 0.043506538828645226 0.06267510334310712
0 0.5333029605373215 0.8221163386497252 0.021970875572953238 0.043819509233343594
0 0.46954818766937667 0.6717616657040887 0.03538880315500688 0.060760880832851874
0 0.44338871822916665 0.1967516296296296 0.02075069958333344 0.0781420444444444
0 0.35827331438817617 0.622328242297429 0.028941937980280958 0.08163527072293414
0 0.42365363430778785 0.9326179102083835 0.03805965622330921 0.06237756469739132
0 0.3695551536458333 0.023239245370370372 0.04101881203124999 0.046478490740740744
0 0.3942901909992392 0.5935866331960835 0.044404972637203007 0.05324807518635874
0 0.2877927932823277 0.4319210344031402 0.04372624205452216 0.04515251802252491
0 0.5176879453979725 0.6465939550105883 0.04205853323965343 0.05734002695218208
0 0.4468263197356161 0.9699949021090377 0.02540345475192159 0.06001019578192452
0 0.5194278065759312 0.3042723961844892 0.025293663103349573 0.09071772484635776
0 0.46758650235036303 0.7229115761102965 0.02848367083207872 0.04512269166407508
0 0.3389120822916666 0.22430174074074075 0.019303016354166758 0.08916208888888882
0 0.3023493272305299 0.4991794727075263 0.037948940643173286 0.04374150183432101
0 0.5722205615222555 0.5265792974749097 0.02776578055026017 0.04456632379727818
0 0.5058393660711299 0.8260258859419194 0.020872331794305646 0.09464362403186886
0 0.4655855833249691 0.08581826528647798 0.03436872678911976 0.07672486560931184
0 0.6054419187621036 0.6107396692739026 0.02395131229575161 0.04751285760205708
0 0.35939391627615397 0.9630391064814814 0.020805530937275662 0.0739217870370373
0 0.4334924115059052 0.02006271565447895 0.02793439894275475 0.0401254313089579
0 0.43423785192713044 0.08150147348468019 0.02173547333467146 0.08959379211278454
0 0.2723161520833334 0.10258062962962963 0.01930301635416652 0.09216753333333332
0 0.4923037373699355 0.19935803456395212 0.04653117576700462 0.04642587409480654
0 0.34446109166666666 0.1621884074074074 0.04391425666666653 0.04708562222222223
0 0.39923351979166666 0.1391470740740741 0.04343174770833329 0.041074733333333315
0 0.4192604132296489 0.48972955642050997 0.04101889744695223 0.06901659802620498
0 0.38572139270833333 0.09556751851851852 0.021233286718749984 0.046083766666666685
0 0.3361073198132619 0.8750604300557905 0.04252119487149623 0.04101797436161826
0 0.5240045721251966 0.4012698624254002 0.033662520074274775 0.04854354554474514
0 0.30461493562713726 0.38441682273360867 0.048144178427906324 0.04609319548132765
0 0.4760432614066251 0.23516282357871665 0.023269378546128414 0.05463621994757649
0 0.6813054238706956 0.01734615521982928 0.023631843716942078 0.03469231043965856
0 0.44102693160597567 0.5637003617476135 0.04420221020506965 0.04482940717270523
0 0.3307853558045892 0.9197736142259797 0.0411645513871117 0.05442007631027271
0 0.41796270495080745 0.4355261412397381 0.043898066556869605 0.04314567356997443
0 0.3861290031058719 0.7484901246473088 0.022810773615001403 0.09197394804916512
0 0.6661185765780078 0.11516951498267794 0.020225552605301306 0.05487919211400404
0 0.3760335381240779 0.9007675476280487 0.037513345368429186 0.07390796302024251
0 0.39262797162835344 0.9604514955951934 0.0458446052083333 0.04508191111111117
0 0.48885117120847127 0.1557828720363706 0.04590343646492017 0.04430820264486802
0 0.5633940593984508 0.007769920354298362 0.026612569217501776 0.015539840708596724
0 0.07011738020833344 0.447206962962963 0.02316355708333333 0.05409836666666668
0 0.3032015723958334 0.1401492962962963 0.026059001718749995 0.09517297777777774
0 0.3640419765208344 0.4477373881370764 0.04818423466666447 0.04313731701489345
