0 0.34403209866183204 0.21589453064885936 0.026750202676336033 0.0764067387022813
0 0.442284 0.632787 0.04135800000000006 0.05409840000000009
0 0.6963265734870068 0.21245283335435058 0.032038453025986485 0.07181613329129885
0 0.5419366190969525 0.048002406608964814 0.06177124078390767 0.03812335369712257
0 0.537348067286109 0.5885016126819901 0.037278310735560725 0.06224932536398045
0 0.22715999999999997 0.683197 0.04320990000000001 0.048360700000000076
0 0.59321 0.8729510000000001 0.023456799999999976 0.03770489999999986
0 0.55463 0.10532799999999999 0.025308599999999966 0.0319672
0 0.566049 0.406557 0.039506200000000075 0.050819699999999975
0 0.532099 0.398361 0.029629599999999933 0.07704920000000004
0 0.553086 0.430738 0.03333329999999994 0.06147540000000003
0 0.556481 0.155738 0.022839500000000016 0.07049180000000001
0 0.587654 0.814344 0.027160499999999983 0.07295080000000005
0 0.497222 0.386475 0.040123500000000034 0.05819669999999996
0 0.523148 0.309836 0.03888889999999997 0.06229509999999996
0 0.5838277082103083 0.07069527479364897 0.0608691454372787 0.03630061171042073
0 0.591049 0.382377 0.030246900000000035 0.07131150000000003
0 0.459259 0.0237705 0.034567900000000006 0.0459016
0 0.508333 0.0233607 0.05864199999999994 0.0401639
0 0.530864 0.730328 0.028395100000000045 0.04590159999999991
0 0.522531 0.795902 0.05123460000000006 0.0540983999999999
0 0.547222 0.815984 0.040123500000000034 0.05983609999999991
0 0.481173 0.22541 0.04876539999999994 0.055737700000000015
0 0.518827 0.195902 0.04259259999999998 0.0622951
0 0.505247 0.338115 0.03765430000000005 0.06967209999999999
0 0.584568 0.747541 0.04691359999999995 0.057376999999999935
0 0.362963 0.0188525 0.06049379999999993 0.034426200000000004
0 0.379938 0.941803 0.05370370000000001 0.03934430000000009
0 0.6028231028231029 0.6256448469563225 0.05482172148838808 0.034965034965034926
