0 0.6244036343749999 0.7844961703703703 0.08933196489583359 0.029234936296296293
0 0.6986795916666667 0.21571341703703703 0.08732445385416661 0.031184000740740746
0 0.7137367375000001 0.6097358444444445 0.049182719687500175 0.06171823407407407
0 0.7363208302083333 0.6782752888888888 0.04215659364583336 0.049374634814814744
0 0.2670761 0.4879238740740741 0.053197741770833556 0.058469951851851824
0 0.6223970989583336 0.7575345481481481 0.0933468243749998 0.033782594814814756
0 0.6996844854166667 0.9244989333333334 0.08130208333333329 0.029884624444444324
0 0.7393306333333334 0.17770796814814815 0.07628346833333334 0.03833033259259259
0 0.8738302958333333 0.1608166311111111 0.062231216250000186 0.024037668888888884
0 0.6166287915527734 0.41421852470484105 0.05772170310554685 0.03436844836809561
0 0.763420440625 0.8760992666666667 0.04014924520833342 0.057820263703703745
0 0.6796093750000002 0.8686274962962963 0.04516786020833325 0.05976924888888896
0 0.5466154270833333 0.3209594888888889 0.04416410468750011 0.029884624444444532
0 0.776469425 0.6431935555555556 0.06223121624999995 0.057170575555555506
0 0.7398330802083334 0.24982113333333333 0.07126485333333339 0.030534312592592563
0 0.8065804645833334 0.7266757481481482 0.06223121625000007 0.04482697629629618
0 0.6941640739583332 0.7552613925925925 0.07628346833333323 0.048724946666666616
0 0.6570252822916667 0.5701062148148149 0.07226844624999997 0.03313298592592601
0 0.8547600791666667 0.6155827999999999 0.042156593645833476 0.06301761037037033
0 0.8527519177083333 0.3060167407407407 0.04817896416666656 0.059769248888888855
0 0.8577715083333332 0.6698302148148149 0.05620884572916675 0.058469951851851776
0 0.9335531802083333 0.7783242518518517 0.05520509020833338 0.04807525851851848
0 0.6966730562500001 0.33785042962962963 0.10137670593749988 0.028585327407407452
0 0.591281165625 0.6678812296296296 0.04115283812499999 0.061068625185185126
0 0.31927041145833335 0.8975381037037037 0.04115283812500034 0.060418937037036886
0 0.8206327166666668 0.9150789703703704 0.05420133468749988 0.039629629629629584
0 0.6921559125 0.38690081481481486 0.11041018041666663 0.024037668888888884
0 0.7955396416666666 0.24624733333333332 0.0582163567708335 0.054571981481481444
0 0.9099658197916667 0.4742801851851851 0.09033572041666674 0.033782594814814756
0 0.5215223520833335 0.9079329555555556 0.052193986249999824 0.053922293333333315
0 0.599310559375 0.34142343703703704 0.07728722385416648 0.03443228296296289
0 0.6535130322916665 0.6386456592592592 0.09736168385416649 0.02208868370370367
0 0.6680661052083333 0.6006408444444444 0.0582163567708335 0.051323619999999966
0 0.43570312499999997 0.16438979703703704 0.055205090208333495 0.031184000740740746
0 0.7639228875 0.5954430222222221 0.04717520864583318 0.03573165925925936
0 0.41964271145833343 0.6097358444444445 0.03914548968749993 0.022738292592592618
