0 0.6611455608611172 0.8795923577030028 0.02704800556943236 0.11359810088380573
0 0.34176735630219707 0.0045794829246893366 0.022205451406022904 0.009158965849378673
0 0.6271144641814297 0.8646957993105344 0.042264510975257255 0.08158072878633851
0 0.7451189208333333 0.6793604370370371 0.02626929609374997 0.05104128481481496
0 0.6998645208085541 0.6847894547415417 0.03367478651294154 0.04990391735079211
0 0.6860131255208334 0.0870446740740741 0.02626929609374997 0.1056435659259259
0 0.3720096704394866 0.5500517198270376 0.027675859526765597 0.09279178154772917
0 0.5758611083333334 0.281713437037037 0.04716528531250006 0.07003345814814818
0 0.3901843208333332 0.2514456925925926 0.05074745765624987 0.07359445444444446
0 0.48476696318919277 0.8714478490162979 0.04813744263460654 0.08265543889095495
0 0.45346933333333334 0.6947919037037037 0.04597129234375004 0.05578932814814813
0 0.4018263567708334 0.5024966555555556 0.046568240468749994 0.06053737148148141
0 0.5755622473958334 0.06805221111111112 0.03223955109374994 0.10801766000000002
0 0.31585499427083336 0.23838774074074073 0.04059798546874992 0.08546449037037028
0 0.3728706973958333 0.455609962962963 0.03641876828124992 0.09970862037037054
0 0.5098892489583333 0.6443442148148149 0.03104555812500003 0.12107474296296303
0 0.45913533789024624 0.44574126525461166 0.04376131148600605 0.09881364498993887
0 0.4922767645833334 0.39566676666666667 0.024478161562499955 0.09852157333333332
0 0.5424273708333334 0.4004137962962963 0.029254423593749895 0.10801765999999989
0 0.6564597442708333 0.3772680444444444 0.04835937500000007 0.04985423777777774
0 0.3322604731792193 0.46830691768884875 0.02569750249572754 0.11085753093325323
0 0.8346727458333334 0.7992482777777777 0.02507520640624996 0.06528541481481459
0 0.39376678333333337 0.6413769592592594 0.056717809374999935 0.05578932814814813
