0 0.647222 0.992623 0.024074100000000074 0.013114799999999885
0 0.674074 0.993033 0.023456799999999976 0.01229510000000014
0 0.539198 0.265574 0.05617279999999996 0.036065600000000024
0 0.59537 0.0159836 0.040123500000000034 0.0303279
0 0.447531 0.9877049999999999 0.023456799999999976 0.02459019999999991
0 0.537654 0.9012300000000001 0.04074069999999996 0.035245899999999816
0 0.625 0.818033 0.036419799999999954 0.03442620000000007
0 0.525309 0.866803 0.05555560000000003 0.03688520000000012
0 0.52716 0.0942623 0.029629599999999933 0.0622951
0 0.546469118099265 0.32154619112100824 0.0324453361985299 0.07423918224201646
0 0.521296 0.220082 0.04753090000000005 0.05491799999999999
0 0.497531 0.102049 0.028395100000000045 0.0614754
0 0.520679 0.175 0.05740740000000002 0.04672129999999998
0 0.41154441150538784 0.40464821658296213 0.053953923010775666 0.038803633165924355
0 0.5781684604795547 0.7828175661920781 0.04736667904089061 0.05895456761584377
0 0.579321 0.887705 0.029012299999999974 0.04262289999999994
0 0.641667 0.896721 0.024074100000000005 0.05737700000000012
0 0.589815 0.753689 0.04876539999999994 0.05163929999999992
0 0.244444 0.9864749999999999 0.03333330000000002 0.02704919999999995
0 0.566358 0.0758197 0.05 0.05655739999999999
0 0.43278560602654675 0.37510651828153135 0.054181787946906416 0.03667186343693736
0 0.480247 0.746721 0.029629599999999933 0.07049180000000001
0 0.355556 0.604098 0.022222200000000056 0.04754099999999996
0 0.461728 0.922131 0.030864199999999994 0.06557379999999993
0 0.702778 0.492623 0.033950600000000046 0.0606557000000001
0 0.490123 0.685246 0.04320989999999994 0.06393440000000007
0 0.491975 0.962295 0.04074069999999996 0.05081970000000011
0 0.579012 0.217623 0.030864199999999994 0.07131150000000001
0 0.608784881402983 0.5792596104851702 0.05650503719403418 0.0365633790296598
0 0.37870399999999993 0.807377 0.05370370000000001 0.0393442999999999
0 0.669136 0.0668033 0.028395100000000045 0.0385246
0 0.552778 0.961475 0.05370370000000001 0.05081970000000011
0 0.615432 0.884836 0.03580250000000006 0.07459019999999991
0 0.3759259999999999 0.9799179999999998 0.05308640000000005 0.03360659999999989
0 0.629012 0.503689 0.055555599999999955 0.05
0 0.369753 0.272951 0.03209880000000005 0.0852459
0 0.329321 0.447131 0.04259259999999998 0.06803279999999996
