0 0.482407 0.225 0.030246900000000035 0.04344259999999999
0 0.44852781514119483 0.7676938007348784 0.050596143976159975 0.055267006029772
0 0.457099 0.197131 0.029012299999999974 0.0647541
0 0.654888605080176 0.14909553420011307 0.030509436639704852 0.07584322592801959
0 0.441975 0.172131 0.029629599999999933 0.0393443
0 0.547222 0.504508 0.024074099999999935 0.06967210000000008
0 0.6513088886760324 0.25622314264179386 0.04676422264793532 0.04984971471641227
0 0.5525117064921244 0.7211934666713775 0.035887612984248564 0.07353543334275477
0 0.490741 0.281967 0.029629599999999933 0.07868849999999997
0 0.518827 0.9803280000000001 0.05123460000000006 0.03114749999999992
0 0.46327199999999996 0.991803 0.031481499999999954 0.016393400000000106
0 0.4924044545054633 0.16902695342472204 0.025550109010926695 0.07084000684944414
0 0.598457 0.414344 0.03271610000000001 0.06147540000000003
0 0.638272 0.293033 0.034567899999999936 0.041803300000000036
0 0.546914 0.609426 0.028395100000000045 0.0647541
0 0.523457 0.591393 0.024691400000000033 0.08442620000000008
0 0.414198 0.755738 0.027160499999999983 0.08032789999999992
0 0.5997585755569745 0.8265733833851518 0.05420783824322412 0.03236293739400814
0 0.551543 0.9618850000000001 0.03271610000000001 0.04180330000000013
0 0.612963 0.620082 0.022222200000000056 0.06639339999999992
0 0.542901 0.553279 0.05123460000000006 0.04918030000000007
0 0.533025 0.196721 0.05370370000000001 0.03934429999999998
0 0.652469 0.431967 0.027160500000000126 0.057376999999999984
0 0.558951 0.0356557 0.027777799999999943 0.0434426
0 0.391667 0.795492 0.05617279999999996 0.041803299999999946
0 0.535494 0.10532799999999999 0.04259259999999998 0.058196700000000004
0 0.583642 0.802459 0.05246909999999995 0.032786899999999966
0 0.6119411463495105 0.6700913215187488 0.036228392699020916 0.05985504303749756
0 0.558951 0.12541 0.04506170000000007 0.05409839999999999
0 0.456481 0.135656 0.04135800000000006 0.06311479999999998
0 0.500309 0.648361 0.030246900000000035 0.07213109999999993
0 0.55463 0.778279 0.05123460000000006 0.040163900000000086
0 0.595062 0.752459 0.03209880000000005 0.06721310000000004
0 0.583333 0.163115 0.03209880000000005 0.07377050000000003
0 0.58642 0.9729509999999999 0.028395100000000045 0.0540983999999999
0 0.552469 0.42950800000000006 0.06049379999999993 0.03770490000000005
0 0.48870428791684406 0.5358957868428491 0.05715882416631187 0.04296172631430183
0 0.556481 0.359836 0.05246909999999995 0.05245900000000004
0 0.4993830000000001 0.451639 0.04691359999999995 0.04918030000000007
0 0.568519 0.23196700000000003 0.05308640000000005 0.05081970000000002
0 0.485185 0.775 0.027160499999999983 0.054918000000000085
0 0.416975 0.983197 0.035185199999999965 0.03360659999999989
0 0.597222 0.08811480000000001 0.05740740000000002 0.0401639
0 0.363272 0.190164 0.05740740000000002 0.03442619999999998
0 0.673148 0.9524589999999998 0.029012299999999974 0.0459016000000001
0 0.4146905262806868 0.8528737283823252 0.04049265256137369 0.059845156764650395
0 0.319136 0.9729509999999999 0.043209899999999975 0.05245900000000004
0 0.04722219999999999 0.661066 0.057407400000000004 0.041803299999999946
