0 0.458025 0.00901639 0.023456799999999976 0.016393400000000002
0 0.6414365117675186 0.1281054183560379 0.05786867646496245 0.04378876328792427
0 0.580247 0.362295 0.023456799999999976 0.036065600000000024
0 0.560185 0.8922130000000001 0.05617279999999996 0.035245899999999816
0 0.477469 0.408197 0.035185199999999965 0.03770489999999995
0 0.44916555421231097 0.4279379324116832 0.03500299157537819 0.07199223517663357
0 0.582099 0.583607 0.023456799999999976 0.06393440000000007
0 0.518519 0.730738 0.029629599999999933 0.06311480000000007
0 0.546914 0.723361 0.030864199999999994 0.06311480000000007
0 0.48734600000000006 0.47868900000000003 0.05246909999999995 0.03442620000000007
0 0.503395 0.0188525 0.03641980000000002 0.0377049
0 0.526235 0.47418 0.029012299999999974 0.041803299999999946
0 0.511728 0.0938525 0.05308640000000005 0.041803300000000015
0 0.535802 0.0590164 0.04814809999999998 0.031147500000000012
0 0.45463 0.990984 0.054938299999999926 0.016393400000000106
0 0.559259 0.022541 0.05555560000000003 0.03524589999999999
0 0.592593 0.47950800000000005 0.03209880000000005 0.057376999999999935
0 0.566667 0.947541 0.03209880000000005 0.07213109999999993
0 0.586728 0.705328 0.05123460000000006 0.05819670000000005
0 0.576543 0.0885246 0.05185190000000002 0.0409836
0 0.438889 0.534426 0.025925900000000064 0.07868850000000006
0 0.6186009326030256 0.6315226352285847 0.05045173479394877 0.05662642954283068
0 0.48642 0.0422131 0.03209880000000005 0.07295079999999998
0 0.5072510310945922 0.1621969321230663 0.05400776218918458 0.04734476424613253
0 0.542593 0.847541 0.04814809999999998 0.0540983999999999
0 0.379321 0.371311 0.020370400000000066 0.04262290000000003
0 0.65 0.169262 0.024691399999999895 0.028688500000000016
0 0.604012 0.547951 0.05 0.05819670000000005
0 0.563272 0.332787 0.05 0.05081970000000002
0 0.409877 0.273361 0.025925900000000064 0.07295079999999995
0 0.318827 0.0155738 0.03271610000000001 0.031147499999999998
0 0.599074 0.844672 0.030246900000000035 0.06967209999999999
0 0.494444 0.607377 0.05555560000000003 0.04426229999999999
0 0.6895060000000001 0.695492 0.029629600000000075 0.03688519999999993
0 0.685185 0.207787 0.05679009999999992 0.040163899999999995
0 0.792593 0.269672 0.03333329999999994 0.04754099999999996
0 0.541667 0.802869 0.05617279999999996 0.04672130000000003
0 0.391975 0.8991799999999999 0.03209880000000005 0.08688520000000012
