0 0.42675179467632296 0.21082304642465485 0.03208182453465472 0.053566909428338444
0 0.611040651900867 0.9930205833299434 0.0322396838525871 0.012319489077818154
0 0.560510987980288 0.6805195686343342 0.03166917673057668 0.07858459743703347
0 0.5704593482371261 0.4034854526657805 0.028695362028695343 0.041352828238074124
0 0.5909155199935342 0.4927423465965495 0.02950031318825641 0.07271068659279332
0 0.42606709273375937 0.5375583654272178 0.039013372346705696 0.04822603183258921
0 0.4962005482415831 0.9893626926280356 0.03599390351683361 0.0212751147439289
0 0.5693729750333524 0.1317380423473835 0.05431675242995997 0.03458650844979333
0 0.4727627245357741 0.4221781009363848 0.0340465943302823 0.08049153497357192
0 0.5654058313632782 0.4734243782028923 0.0263684306237498 0.08049153497357196
0 0.39969135802469136 0.01215445194471231 0.033950617283950615 0.02430890388942462
0 0.5381661193909748 0.209016 0.025925900000000064 0.07049180000000001
0 0.5504510979819563 0.9826270257525526 0.057692295963912586 0.03246795150510509
0 0.49721944166388615 0.2803130999852312 0.033255477699922154 0.07325358145030278
0 0.5757787518793809 0.16857407980204145 0.05145797598627788 0.04499058009729214
0 0.5135905135905136 0.6937391363620872 0.05287338620671955 0.05419038205923458
0 0.315622161671208 0.0898959217402957 0.02977091532949846 0.03551168088622862
0 0.49602296599167783 0.20274503574079802 0.058924993201406095 0.03991667148159605
0 0.41701958368625025 0.5977983027163355 0.036061702728369345 0.06714154255137864
0 0.4562924845943714 0.17925934257514833 0.049658005632848425 0.05061440260945364
0 0.3507165203350489 0.09125877536434683 0.02696202105829718 0.078439291024401
0 0.7209292625959293 0.9345231501993798 0.05797464130797453 0.04333739477182104
0 0.6026028645076263 0.8055176673443653 0.051844099463147025 0.06073551740999049
0 0.5175973572199987 0.1534600568006074 0.04754039345234314 0.061440260945364575
0 0.686239298519611 0.7706547627411867 0.03739720296077793 0.07344357451762655
0 0.6157985079553706 0.8608749013763478 0.03300983693140557 0.045586043657403354
0 0.7468927260593927 0.8516559592379266 0.033366700033366774 0.035722197607443475
0 0.5251220212460522 0.8813699326470962 0.046320222030816344 0.05528021349599705
0 0.4678737144785812 0.59215434666252 0.05729689742049721 0.04809647350635634
0 0.345582949811219 0.9088292554591756 0.03015736539014739 0.03559630366067148
0 0.5533867200533867 0.3538620587800916 0.033700367033700426 0.0708905626938414
0 0.7046300000000001 0.411066 0.06234570000000009 0.040163899999999995
0 0.5041908738804164 0.03264625522340084 0.027989590898087648 0.06529251044680168
0 0.5214584469903618 0.4451852646829974 0.04192681497646035 0.06425907542056825
0 0.31439530145031763 0.8932834633137036 0.027088577250389576 0.07973897819512979
0 0.4034804034804035 0.657697419992502 0.053130053130053125 0.045499471728979904
0 0.7077540786436141 0.7437909944762802 0.043904057287228244 0.06790908895256058
0 0.6598414132289472 0.6699320271891243 0.047977516812205176 0.04838064774090362
0 0.5889470943234384 0.9388601879347517 0.049627791563275465 0.06711955416344627
0 0.6852686019352685 0.8749169251218433 0.045462128795462055 0.0606446610544971
