0 0.4934293641655472 0.46764532624869837 0.03169943655515042 0.03951013146842573
0 0.4948504573839619 0.0861909590401729 0.03356723589242646 0.055689923474226154
0 0.6185389747116142 0.26261728421277813 0.021195481246934853 0.06332698641901904
0 0.4265781739583333 0.8072684953703703 0.03294300666666672 0.03349499944444437
0 0.5104882760379359 0.9214833581483347 0.03218935439753364 0.008919187539243012
0 0.4822986559796841 0.1925540364203238 0.02057546175103481 0.05917596936851355
0 0.5136981438447747 0.7419887360778091 0.02031812176986444 0.0629835586906278
0 0.4760265619750021 0.21271953828060355 0.02497053829587461 0.060012713868185324
0 0.3626649110047547 0.5082136311516435 0.033082453112835114 0.041772433293949814
0 0.521588468956392 0.5882574253576398 0.035510646886668634 0.031263803894125045
0 0.5509833933236901 0.7733158421967775 0.01854444892970465 0.05728460961967004
0 0.5719445390554042 0.5689360061808357 0.027323469965575716 0.03806028300154354
0 0.6515154444265131 0.4226704029112151 0.015931652725104682 0.03493428336726304
0 0.5634614400769222 0.6505908480285352 0.03146637876902029 0.037477727649479146
0 0.5263108516035584 0.1468696556469304 0.023053899721393083 0.0568896304082478
0 0.4552340258542161 0.07216828670890342 0.0202180128291135 0.03243426432805947
0 0.48622578309841774 0.6824372072747245 0.035017443457687134 0.030487063424705713
0 0.487233149393161 0.37423286503716835 0.03432396628287826 0.030041086957070487
0 0.39203353415996745 0.32393591766566415 0.01589061303713256 0.06753690642606011
0 0.5541123439052079 0.28019099512174694 0.01839183931696707 0.05979785608106696
0 0.4908059100767435 0.34295277307572386 0.026266517585961976 0.03659602225175991
0 0.4428688135416667 0.7794740953703703 0.02063465375 0.05344944499999995
0 0.5143434894667264 0.47143017529123454 0.017631639267361738 0.06775802920052493
0 0.4267593895833332 0.8432574092592593 0.0318570031250001 0.04418490583333344
0 0.51943388125 0.23642778981481483 0.027512871666666664 0.03777092722222227
0 0.38294421213328017 0.6731175262640096 0.03197916347557938 0.035721388312609924
0 0.4553580302083334 0.8938564675925927 0.029684937395833267 0.03705824361111112
0 0.5157193481515121 0.6657372871822106 0.016472994527982423 0.07126593806921669
0 0.4845003177083333 0.7830379481481482 0.027874892395833347 0.05202416472222216
0 0.40105668020833335 0.8257972259259257 0.018100567291666654 0.056300092500000086
0 0.40333823870785185 0.14430319154541615 0.01889805405836036 0.03196976661048975
0 0.6099133719259953 0.6547512110747381 0.03424398029328692 0.02288460989401718
0 0.40158454712943564 0.20493368055180636 0.020992832121643563 0.04250157270751547
0 0.36519839293831935 0.2923427329111422 0.01736391490812513 0.04205519019782271
0 0.49764260181486314 0.25427267597456854 0.030005286960920627 0.0394213410995232
0 0.5425910372511324 0.14868766929243615 0.024870905371247788 0.06253238652491154
0 0.4510646150453541 0.11006351462956784 0.03103211553429167 0.054427304907283855
0 0.501956637798309 0.11262828645108795 0.023370879195048506 0.05385546660587962
0 0.42762852890281805 0.23374706674586285 0.017624942890333273 0.06519205775098492
0 0.6010011207595044 0.35253052732083145 0.01838192178937715 0.05631116868163496
0 0.5754487435607949 0.12563144751776426 0.015735883845048447 0.0651719386143669
0 0.593793450959285 0.6978749241044324 0.017360760700149195 0.0675764208394752
0 0.4679085805160781 0.15229687786814647 0.030834103442913256 0.036668811157707454
0 0.5100139404761034 0.8386066236744767 0.019795273643503107 0.05970399512089115
0 0.47671684270833337 0.06788407148148148 0.016652543020833358 0.021379812777777778
0 0.49970424999999996 0.8560851925925925 0.025702826666666685 0.06413935138888902
0 0.43778800091989206 0.21055255014514593 0.01783111247737518 0.06409773312518537
0 0.6602566020833334 0.8959944314814815 0.015204460104166746 0.0598634236111112
0 0.29405194401577506 0.33085534304796604 0.01900559413580254 0.06453526614045739
0 0.4888442145833333 0.8970629787037038 0.032943006666666656 0.04489750249999994
0 0.5891240567661438 0.4742311579266928 0.034363856206875217 0.03201608871906551
0 0.4850420948688622 0.6520472364086961 0.03482016208609456 0.03145798901147988
