0 0.28520299008427064 0.6085001231745328 0.029706780468750082 0.03999311962962951
0 0.3203017727566521 0.9156029146632224 0.03052117365628142 0.04892669784496322
0 0.2914312112854923 0.3213448080420593 0.014773942511518475 0.08068876186468264
0 0.36542025781250004 0.4187755138888889 0.02265141484374998 0.07198765870370352
0 0.31213325 0.5951899166666667 0.03416279453125005 0.05154676944444437
0 0.30971978125000005 0.047283353703703714 0.02859280703125009 0.06843280629629629
0 0.3006223515625 0.14548905185185185 0.0326774765624999 0.04265942157407407
0 0.38992791406249994 0.022975074259259255 0.02487942187500008 0.04595014851851851
0 0.2827980546875 0.29301878796296293 0.023022759375000017 0.06932146518518513
0 0.21998789554342604 0.4763244819273978 0.026627450461851984 0.06175992873779716
0 0.267957281823149 0.8864186708647426 0.035673407396297915 0.03788071743718149
0 0.2944948359375 0.6685107805555555 0.030820814062500073 0.054212962962963025
0 0.28271141361122726 0.7707456975708411 0.022107269409954475 0.07548243708053994
0 0.38361571875 0.7418316444444445 0.03601945703124999 0.04443684777777771
0 0.2986062484971882 0.5288528899731226 0.019309434375000004 0.08442996740740732
0 0.3193742578125 0.6858404962962964 0.030820814062499955 0.06398907814814812
0 0.3342697050432438 0.27562152666495204 0.03214089500044939 0.04190607065157745
0 0.3756823400361336 0.5839223597922131 0.022416103328934987 0.07687351062763652
0 0.35425372025281177 0.6982834555555555 0.01856674531249993 0.0782088130555554
0 0.322902421875 0.6471812324074074 0.03193478749999994 0.052435536759259306
0 0.252534046875 0.2850202074074074 0.02265141484374998 0.040881886944444494
0 0.4135079609375 0.2361396314814815 0.022280070312499945 0.033771965277777836
0 0.32350199596811174 0.817083353550947 0.03225563210169433 0.04309180194358604
0 0.3819531114782294 0.6919155640735813 0.0323061320312501 0.03999311962962961
0 0.312505015625 0.4738775694444444 0.015596049218749878 0.07554261953703706
0 0.34573953906250005 0.013643396944444441 0.02933543593749993 0.027286793888888883
0 0.3797369342896084 0.7784534934521616 0.03001997096432447 0.04776357070160486
0 0.4498132609765852 0.6711326636687936 0.02397166770974728 0.040918916901501935
0 0.1890361171875 0.042839625555555566 0.013739386718749812 0.0719876587037037
0 0.32810112500000005 0.35078703703703706 0.028221462500000054 0.040881886944444494
0 0.2614461953125 0.6240734990740741 0.02636479999999987 0.045325615092592544
0 0.34582388432298733 0.5873281991906074 0.019919841721810036 0.07437904180397
0 0.2944948359375 0.18903724074074071 0.02859280703125009 0.05332419564814817
0 0.3225328688867731 0.5481703960723606 0.016342501836046117 0.07981876415157503
0 0.32475884375 0.310349587962963 0.02005206328125008 0.04532561509259265
0 0.34443956249999996 0.4547696685185185 0.019309434375000004 0.0782088130555554
0 0.30433519531250003 0.2854647537037037 0.020052063281249963 0.07554261953703706
0 0.5401332578125 0.36011925648148146 0.020052063281249963 0.07198765870370367
0 0.3566839191680831 0.9321026788448057 0.028240826507583704 0.06059667805998193
0 0.37767408593749996 0.2299192361111111 0.02859280703125009 0.06043411731481485
0 0.2439936640625001 0.8204848953703704 0.016710082812499867 0.045325615092592336
0 0.33849853124999996 0.07083487435185186 0.02599345546874995 0.07109899981481481
0 0.25661865624999997 0.8347038712962963 0.029335435937500046 0.059545350000000025
0 0.3365736038187502 0.7226841546198048 0.0187379499941675 0.07833876406835598
0 0.3777674142377523 0.8479400183344161 0.029522092538004568 0.06329103620153818
0 0.33107164062500005 0.9444634361111109 0.020794752343749914 0.07643138685185177
0 0.37470357031249996 0.3232360092592592 0.016710082812499985 0.08709626935185187
0 0.390113796875 0.3365669768518518 0.017824056249999862 0.0799863476851851
0 0.2777852343750001 0.9364648555555556 0.025622110937500036 0.05865669111111103
0 0.3312575234375001 0.46943319074074075 0.01968077890625004 0.07732015416666661
0 0.3544658046875 0.3307900435185185 0.013368042187499896 0.09331742370370374
0 0.30953389843749995 0.09483029074074076 0.02896409140625001 0.03377196527777779
0 0.335713296875 0.38367045185185183 0.0337914499999999 0.049769234814814815
0 0.31974602343749997 0.8711425722222224 0.036019457031249875 0.03466073259259272
0 0.2597750546875 0.23836127870370366 0.02525076640625 0.07376519333333328
0 0.37693115625000007 0.6418488453703703 0.025622110937500036 0.05065800212962965
