0 0.30693332169945264 0.2015447135173347 0.006589761016384325 0.0043409950885290195
0 0.30865334375 0.1435788528703704 0.015846834375000066 0.004744233148148162
0 0.3498005017499798 0.18039333794359966 0.014350313146085961 0.006645163609713925
0 0.32260196358699317 0.22974863636816067 0.007123115260068857 0.008786840455074801
0 0.3768849594718288 0.19169918735936997 0.013186903330004777 0.004620282197578473
0 0.351670315341181 0.16313834644149805 0.012944819280951947 0.006244263707092538
0 0.3086237530702284 0.1879164008240934 0.013740353428727184 0.006966412672235596
0 0.3686201654794393 0.161298310855446 0.014508889353621275 0.004853804951632754
0 0.3623943974352646 0.2009902033805895 0.004816188737026413 0.004111161241249674
0 0.3304094565877353 0.2292770262872386 0.008044930176077733 0.008737197288661938
0 0.35824832558226133 0.24514298893489903 0.013721192417980059 0.008611421276190164
0 0.31640625 0.2530999564814815 0.008179004166666696 0.006359284166666684
0 0.37478227459016394 0.22945077736968358 0.007346585542737571 0.009845894671882308
0 0.3478778611738304 0.2316904798655031 0.018640191097660855 0.004727620823703291
0 0.3253580053307126 0.1926329570604142 0.00961486691585082 0.008722475560705491
0 0.32467038541666665 0.1810784861111111 0.013120508854166602 0.0034320034259259294
0 0.4556839131820395 0.15765336810368527 0.011341348485946293 0.004523347156022892
0 0.38064556250000003 0.22049599166666667 0.012950108333333314 0.00393670148148149
0 0.3493777708333334 0.13772426675925925 0.009712581249999986 0.004542344074074096
0 0.3321086109315189 0.19272748229608128 0.010028298595076042 0.009187906069677057
0 0.4012634499228395 0.23752900588213735 0.01553879759498571 0.00444789149256553
0 0.381139592704246 0.1610099758546194 0.015560201135674846 0.006119065437276114
0 0.39671300283918715 0.16557188781105417 0.00982749545411051 0.008889077156963791
0 0.3843310643082599 0.19745354237923676 0.010538338977207455 0.00828984861414694
0 0.35448978645833334 0.19081925833333335 0.016187635416666523 0.006157407407407413
0 0.3636398447878843 0.1953457137490178 0.013383708729726369 0.00519469789929998
0 0.3567050208333333 0.1763342037037037 0.011416531250000025 0.006056462870370367
0 0.3167459437373324 0.19718497149171602 0.015506821846553838 0.0040991241786567
0 0.32711673206530717 0.1422555873337595 0.0066013332930739445 0.008923274914471545
0 0.3516601025630333 0.20131790792401066 0.011891333771900037 0.006155919244571219
0 0.35944301805047135 0.16950159493782446 0.012438906770833333 0.008075292037037045
0 0.3662530505311513 0.1708928142782508 0.01046152741889183 0.008763878887147419
0 0.34102861458333333 0.23634368055555555 0.012438906770833333 0.007772470740740729
0 0.33370560951867456 0.23928096911787575 0.01748648214198371 0.004019406882546011
0 0.3238530842140846 0.18699484353030696 0.01591615436566928 0.0043177830319787135
0 0.32561723866863734 0.16097366174378797 0.008359808197608131 0.006516151146913871
0 0.31381399148351596 0.2242978409723653 0.00893321807463477 0.009925275185471323
0 0.36633224999999997 0.22685523888888892 0.007838230729166657 0.009993164351851831
0 0.35440448958333337 0.18602460833333334 0.01567643385416666 0.0042395227777778065
0 0.42142668595695715 0.19258465519999962 0.009253579583963164 0.00434961026646245
0 0.39035808854166665 0.22160629537037038 0.011246130729166618 0.00817622425925927
0 0.36728255386630954 0.1535656850316134 0.01698089762282417 0.005142694669854293
0 0.33497943750000003 0.13706815805555556 0.01158693177083343 0.007267760370370374
0 0.39032673352657293 0.22683932625683062 0.013461229128086316 0.005944905470552494
0 0.34682190104166666 0.20313407314814813 0.01618763541666676 0.0071668158333333285
0 0.3377601520889135 0.19421265067446744 0.012407894871873755 0.007979633490651008
0 0.3288340276096722 0.17206041088769042 0.012881795951119438 0.0066414408980215
0 0.3046202278328059 0.19109682149612497 0.015136338386792403 0.005954762557324815
0 0.31078328125 0.24966794074074072 0.008179004166666696 0.0065611732407407745
0 0.3757311943660628 0.17952444366055795 0.015627619854720956 0.004239544076350917
0 0.45467186642275886 0.17153994689494367 0.014911025777779823 0.004339656908351862
0 0.4050611817344509 0.14441058766216236 0.007399525593598118 0.006407690416917294
0 0.35417733160150894 0.16748038918208993 0.013045104074552564 0.007795136783398749
0 0.3739970523800608 0.1865805344479937 0.01060601584399959 0.008845654558421711
0 0.3926246718787824 0.19912132743580127 0.007705411446986213 0.008739569939997877
0 0.3643095651934193 0.1465964603897237 0.013725384864437966 0.007066291774847039
0 0.3350170230056609 0.15557118006561937 0.009479782501593804 0.004430982779901408
0 0.3297077682593927 0.2030733162539916 0.00854105092207753 0.009036871997298801
0 0.2940844166666666 0.15710498981481483 0.009201379687500004 0.00817622425925927
0 0.362072375 0.18133081666666664 0.011586931770833312 0.005147998981481471
0 0.353637921875 0.25506835648148146 0.012779707812499907 0.002624471759259311
0 0.39635937270660043 0.23045247296314217 0.009957624059034132 0.00582692148112303
0 0.38511578701613536 0.17654776244978243 0.012774616856473742 0.008357617593351564
0 0.2880954804975831 0.22503151774269717 0.0065250883875498525 0.005667923159954121
0 0.3253519322916667 0.17784831018518515 0.015846834375000066 0.0042395227777777805
0 0.35383606329279244 0.2400884836245546 0.009142603209750058 0.004522486302803414
0 0.35644870054044886 0.14986785964168534 0.008696527636603217 0.008206459970283957
0 0.34674012797906534 0.19485265775805247 0.014135600621164457 0.005541691435247663
0 0.36709909375 0.21787145833333332 0.006645454687500063 0.009993164351851857
