0 0.55 0.579918 0.05555560000000003 0.035245900000000004
0 0.571296 0.0491803 0.024074099999999935 0.0360656
0 0.5094724223692715 0.4172623298558063 0.030114685996380293 0.06582724141275424
0 0.571605 0.269262 0.023456799999999976 0.06311479999999997
0 0.498457 0.982377 0.03641980000000002 0.035245899999999816
0 0.537037 0.410656 0.030864199999999994 0.06393439999999997
0 0.4219829258919915 0.7171550408784653 0.0531965811550643 0.040241458883357624
0 0.516049 0.159836 0.028395100000000045 0.04262289999999999
0 0.5568742062681792 0.6349883851429061 0.03226671253635821 0.07325557028581234
0 0.532099 0.534016 0.04814809999999998 0.054918000000000085
0 0.6098956331802086 0.31750543126826786 0.04934433363958272 0.05679253746346421
0 0.5768589366709733 0.3909262795558521 0.051220026658053454 0.05749114088829588
0 0.5892815062681792 0.5312440029074756 0.0325478874636417 0.07029849418504855
0 0.476852 0.163115 0.05246909999999995 0.03442619999999998
0 0.467901 0.09180330000000002 0.034567900000000006 0.03770490000000001
0 0.439506 0.11311499999999998 0.03333329999999994 0.07049180000000001
0 0.593827 0.234016 0.05061729999999996 0.056557400000000015
0 0.36604899999999996 0.916393 0.023456799999999976 0.04754099999999996
0 0.6799379999999999 0.381557 0.029012299999999974 0.03688520000000002
0 0.531173 0.4897540000000001 0.05740740000000002 0.04672130000000003
0 0.712654 0.806148 0.03271610000000001 0.05819670000000005
0 0.380864 0.586475 0.030864199999999994 0.08606559999999994
0 0.44443305579794457 0.6880138658612994 0.05375525903302962 0.037086868277401104
0 0.553086 0.0213115 0.04938270000000004 0.0426229
0 0.428086 0.220082 0.025308599999999966 0.08114750000000001
0 0.368519 0.0565574 0.020987700000000026 0.044262300000000004
0 0.619136 0.893443 0.05555560000000003 0.036065599999999934
0 0.582099 0.164344 0.03333329999999994 0.058196700000000004
0 0.48425900000000005 0.293033 0.054938299999999926 0.04344259999999996
0 0.638889 0.816393 0.055555599999999955 0.05081970000000002
0 0.340123 0.760656 0.04320989999999994 0.06721310000000004
