0 0.6169108319731469 0.47283443805148906 0.017138939166546525 0.03470907791789225
0 0.7001966166666667 0.47081326481481484 0.029197519999999956 0.021538422870370378
0 0.6384330897879137 0.41799351019350267 0.016922533757505912 0.013279893409290946
0 0.4453975666666667 0.41514196851851853 0.010524690000000033 0.035045526388888956
0 0.6139621166666667 0.5702916361111111 0.016296280000000014 0.019713116944444452
0 0.6986687166666666 0.6294305861111111 0.021388895 0.03431543074074065
0 0.5791054681881395 0.39625470528864976 0.026936166957054298 0.024631958589367182
0 0.7290545666666667 0.5843461888888889 0.02240738500000011 0.014967383888888982
0 0.586444239737294 0.4779503066221157 0.027874938858745205 0.015295480459472325
0 0.6226196666666667 0.37188269907407406 0.016635795000000068 0.020078187037037027
0 0.6788076666666666 0.3282582259259259 0.026481455000000053 0.027744391759259253
0 0.6229590166666666 0.6124557398148148 0.017993855000000045 0.024458850000000032
0 0.6805055166666667 0.48249488425925924 0.014259244999999983 0.03687083231481483
0 0.6315333886094298 0.2538397030672455 0.02224075388552625 0.026390675301157712
0 0.6543634666666667 0.5607999027777777 0.018333315000000048 0.032125054722222206
0 0.7197183166666666 0.3123781 0.015956764999999963 0.03249012481481478
0 0.6835607666666667 0.5805128861111111 0.019012344999999917 0.017522785462963004
0 0.6876351666666667 0.5310478259259258 0.02037034999999996 0.032490124814814884
0 0.6704900166666667 0.44069598425925927 0.02885800500000002 0.0175227854629629
0 0.5691475666666667 0.6635637712962964 0.029197520000000074 0.006205968888888875
0 0.5642205657818129 0.5775868755329213 0.0193597617697075 0.023374984767490836
0 0.7168324666666667 0.5339681194444444 0.029197520000000074 0.020808282685185177
0 0.5175421666666666 0.3293533916666667 0.02580248 0.017522785462962952
0 0.6711687166666667 0.5109696388888889 0.012561725000000004 0.036140692129629524
0 0.6928975666666666 0.4994701759259259 0.025462964999999945 0.018252881111111154
0 0.6763938202358649 0.45537945471603836 0.03157407000000004 0.01898297675925925
0 0.6496103666666666 0.47190843055555554 0.019012344999999917 0.032490124814814884
0 0.6557761600336866 0.383449286617494 0.01708518173403952 0.01546754934609914
0 0.6484218166666668 0.5058585685185184 0.02682096999999999 0.026649226018518584
0 0.5031134666666667 0.3081800388888889 0.011203720000000021 0.034315430740740754
0 0.6460452666666666 0.3585581083333333 0.022746900000000046 0.02774439175925931
0 0.6743944666666667 0.6538894361111112 0.024444419999999904 0.02555401574074065
0 0.5971568666666668 0.24265216185185184 0.020030889999999957 0.028109461851851855
0 0.6331444666666667 0.6035118120370371 0.022067924999999988 0.02628415592592601
0 0.5550576666666667 0.31383846944444443 0.015277789999999906 0.03468045629629633
0 0.6210917666666667 0.2654682632407408 0.016296280000000014 0.017522785462962952
0 0.6385222398360114 0.6367305446889566 0.01381140133868944 0.03504263984087625
0 0.607010978614714 0.3782398472512324 0.014581746103905502 0.02780688059012793
0 0.6990086166666667 0.4421563537037037 0.020030890000000075 0.0182528811111111
0 0.5973262666666667 0.49289918148148154 0.028518545000000017 0.013872173611111049
0 0.7356749166666666 0.40583283703703704 0.020709864999999893 0.03102988898148148
0 0.6136794566180886 0.5404604151894686 0.020256695097156198 0.03775863712106263
0 0.6784538328049191 0.2484980651059939 0.012946149781428792 0.018607998506895002
0 0.6043595274037445 0.4477008995704621 0.019582922079430295 0.029796843544261053
0 0.5705055166666667 0.4127690351851852 0.027839514999999912 0.01131677203703708
0 0.5182214166666667 0.3061723092592593 0.01290124 0.03249012481481483
0 0.7584218166666666 0.5423646870370371 0.02206792499999987 0.026649226018518476
0 0.6046258666666666 0.5978533814814815 0.022067925000000106 0.025919085833333327
0 0.7078355666666667 0.3983492787037037 0.013240754999999993 0.020443212592592602
0 0.6521568666666667 0.4111265092592592 0.014598759999999917 0.02044321259259255
0 0.7557351354549766 0.45541182809081593 0.02880000742337986 0.015104993077627296
0 0.6693014666666667 0.5509434111111111 0.01969137500000002 0.029204627592592604
0 0.7120793666666666 0.519548362962963 0.027160484999999922 0.0219034484259259
