0 0.611111 0.991393 0.023456799999999976 0.01721309999999985
0 0.5941534311815337 0.29096648175363665 0.029742172587376138 0.06456899908797041
0 0.5249722892927239 0.5298459247639107 0.02676054183551952 0.07656184571539269
0 0.43859111188707717 0.4827359236656658 0.029580523713438066 0.07700100615960379
0 0.48943079120459765 0.3163454991370557 0.05655634918359962 0.03863391438377625
0 0.41759300000000005 0.990164 0.05246909999999995 0.019672099999999894
0 0.48532555805575556 0.3569860371982087 0.054242630093710324 0.04818863509027956
0 0.3960182700194733 0.5815864134101492 0.0426825348709879 0.04374850352636001
0 0.5503298713175256 0.9136742128545406 0.030374289633548865 0.040983606557377046
0 0.6564922480620156 0.6850457491422035 0.02817255239735858 0.07767823103316808
0 0.5805087565460809 0.6644442852649638 0.052376113092161995 0.046921570529927625
0 0.5608484820540013 0.5329606797181532 0.03540785312753362 0.06193142102013853
0 0.5095085297961246 0.1067398489499002 0.03718449079534762 0.04004679847839249
0 0.5978425320745582 0.5220387335261973 0.038580246913580245 0.055247508839601486
0 0.5026042022704382 0.7726818064456265 0.0459687415975099 0.053473596411072695
0 0.4946346540338789 0.7203107129241327 0.04001579098478326 0.041936713686618346
0 0.192901 0.928279 0.024074100000000005 0.04180330000000013
0 0.4191551329435338 0.9621055447637605 0.05952760725944754 0.03562931293583207
0 0.5319779079038474 0.9492802439522074 0.05703178419230524 0.035866412095585144
0 0.4881149973740937 0.9032702595131185 0.02808119474818732 0.07259087259085782
0 0.6350668477427018 0.6971657165852744 0.029033688953298456 0.08155495645964585
0 0.48852124909044226 0.8327218823311084 0.03609273007062272 0.07207053194472188
0 0.4573753925384078 0.06969997969526735 0.0538825769673991 0.036924859519110745
0 0.6449965223439401 0.2848649272685292 0.043253347243957574 0.06407296236435006
0 0.6264229072395904 0.018489942706179895 0.053448742989085876 0.034597117589256474
0 0.47502779200307005 0.9823705188459535 0.027722315993859912 0.03525886230809248
0 0.4669368939755206 0.5033537371889584 0.04265352620145179 0.070475386383358
0 0.5173341946597761 0.6557377049180327 0.04521963824289409 0.054803659931376314
0 0.41846819608096464 0.6284881917651545 0.05740756419753096 0.050686597788791324
0 0.6939644439643347 0.9186917625444527 0.02757833004768445 0.07605215883858099
0 0.7692999801854481 0.21696107832661238 0.03199645764336245 0.08270217952779582
0 0.4342509263263996 0.5809111254190809 0.038044228311886426 0.07388114222321858
0 0.6026013319223985 0.9678268067612109 0.05582026384479707 0.03893221352242149
0 0.5777167671547517 0.6014105985512772 0.05580677576801602 0.0414601601219977
0 0.41568324860808525 0.06860736097717775 0.0428165093197773 0.06448891031822565
0 0.3239144316730524 0.8261023176936123 0.03309919114516814 0.04479932165065011
0 0.735088285960379 0.2532882195958826 0.054730117714613814 0.0576629813191003
0 0.6127575244536199 0.7844638999328285 0.05104251641001578 0.04277635568142627
0 0.44859233130838067 0.9047835892098186 0.044091710758377436 0.06136698759649588
0 0.5716166542860485 0.7321110869052159 0.03319885551438809 0.07363887224733577
0 0.17434644910281402 0.8428037608797371 0.030174498205628023 0.04134542175947443
0 0.2917440127911927 0.688069399345314 0.06071237636995459 0.03922528823274221
0 0.7516820171141159 0.7388975626680544 0.06042197400222084 0.0414172955156562
0 0.44170204697494514 0.3775872290735035 0.053647298527858836 0.04924795893267274
0 0.6670667487555249 0.05076134465964679 0.058703137573647445 0.04668546927773274
0 0.6560683258214122 0.9517304189435337 0.035763276504017255 0.07632925665712555
0 0.06528714857174989 0.7198494345821995 0.02687059714349976 0.0675686691643989
0 0.5700894898425762 0.8498135137479399 0.05225684238029917 0.050741608118657314
0 0.7225324972238553 0.6723263075722091 0.04360180286106203 0.06613756613756613
0 0.36666891850050387 0.15885586030065857 0.040687822645567015 0.07323974195091684
0 0.1099088429514786 0.07755909264201297 0.04073356302038471 0.06266679374761724
