0 0.237654 0.0139344 0.029629600000000006 0.024590199999999996
0 0.5439419999604305 0.35851745790248 0.060264500079138916 0.03870368419503993
0 0.5628719639522 0.39017988464691045 0.03680751242481801 0.04246494697351826
0 0.545988 0.8545080000000002 0.033950600000000046 0.05
0 0.45748893547635683 0.7739457676049076 0.033542976939203356 0.035983091040313435
0 0.5068733311016144 0.20435606726565786 0.03088771576448237 0.07100623453131567
0 0.41719077568134166 0.8807609031858956 0.048295675130056684 0.05144860294875757
0 0.4266869215447629 0.8581453851788846 0.0460130231500893 0.04498445011856895
0 0.4845598691278885 0.19671625019966374 0.029614038255777058 0.044251400399327456
0 0.5157536398739165 0.7568888748517614 0.05990327974783286 0.038367349703522735
0 0.5279558404558404 0.4789302227826818 0.06746597024374804 0.05096679277007146
0 0.5331135536154651 0.9219159599884115 0.05745313409637005 0.034367026688855024
0 0.681481 0.746721 0.04074069999999996 0.06229509999999996
0 0.5855809707660652 0.49043209924337955 0.03491593121240901 0.06001432189995803
0 0.43270262186505165 0.9283124245927414 0.05928675626989668 0.03375651224353022
0 0.556959218614882 0.9820988446591501 0.05521736523937207 0.03416296641940495
0 0.5454218103909465 0.45853322123791507 0.05825419498258939 0.048675465889029
0 0.5924064567584679 0.24414656545817573 0.047380818676796436 0.04449375432955024
0 0.6183442850110794 0.49990568146279946 0.027952139062994596 0.07942360975199655
0 0.4737160757562343 0.6724069376118477 0.03404864848753144 0.06338222477630462
0 0.576543 0.863115 0.03580250000000006 0.06885250000000008
0 0.5960490163754258 0.020795835968283306 0.053093746565556654 0.04353748114997324
0 0.641667 0.769262 0.035185199999999965 0.0647541
0 0.691667 0.779918 0.048765400000000084 0.054918000000000085
0 0.4993830000000001 0.869672 0.05679010000000006 0.04262289999999994
0 0.5009496676163343 0.5649695250105087 0.045109211775878455 0.06646700294241273
0 0.5570394112060779 0.08814102564102565 0.05203387147831587 0.04807692307692308
0 0.2947433806972591 0.7550262913702444 0.032145352900069896 0.03629240127848224
0 0.4608277040142868 0.8427672955974842 0.02686543986334342 0.07794618001855864
0 0.45644071744700676 0.9664913908650377 0.06343660222066935 0.030518610165996527
0 0.515963274375452 0.9688410816476741 0.03170309754706078 0.06245035556595142
0 0.5860240582462805 0.18626523749474566 0.045504906616017735 0.06252627154266498
0 0.5047364638414055 0.41119155094577553 0.030413112203228822 0.06822219445145011
0 0.5427035797404242 0.23555077448507777 0.05696384400126621 0.048024134089953735
0 0.5911680911680911 0.34192412778478354 0.041943653054764135 0.060161832702816276
0 0.5725704336815448 0.4363703236654057 0.0538144982589427 0.05096679277007146
0 0.485494 0.356148 0.05123460000000006 0.05491799999999999
0 0.6437520606660073 0.04426715960500073 0.03681723266293004 0.03988908887483582
0 0.2986361257350451 0.3497404030906341 0.026477017333210204 0.03679326274477745
0 0.5333928721272554 0.16428642514712063 0.040764113295346655 0.0633985662673392
0 0.6513294287986706 0.8854129343520512 0.04810366963577453 0.05099743817224247
0 0.604026097958567 0.0604489999841903 0.03384251778766893 0.06006225687843556
0 0.48608320599081983 0.1533152813892392 0.053758688018360264 0.05074573722152166
0 0.509281075499139 0.08784234367733619 0.028439350998278132 0.07240598735467238
0 0.5311530774629876 0.6696786894487622 0.05497744507402494 0.03441322110247534
0 0.4279623265877561 0.3642048335305053 0.037546137202494556 0.07689707622105796
0 0.1632783669414427 0.5489584774048486 0.033653850766601996 0.07946745302317977
0 0.6609267638679402 0.9766523254951414 0.05544382995363386 0.03912914472220161
0 0.6090218479107312 0.880045976719086 0.04110383783587514 0.06469849237445296
0 0.2676266566931437 0.45328182225276975 0.030923836332009506 0.07377240062752952
0 0.601543 0.797131 0.04259259999999998 0.0647541
0 0.36680911680911676 0.12951870533837745 0.0328426717315606 0.06778058007566205
0 0.29508930408506234 0.037005415867736674 0.043264608170124716 0.06417473173547333
