0 0.19150006041666667 0.4636067722222222 0.05105966895833328 0.036830605185185224
0 0.37293240500065206 0.10632008710476581 0.06567440833202909 0.04036792504972766
0 0.20532503370970806 0.4152088141401246 0.046090064731514245 0.04071383567042501
0 0.2517877681201004 0.18236265522423398 0.07637193396813219 0.02025991455153202
0 0.3392098708333334 0.03314890874074074 0.04011832187500002 0.009719204814814817
0 0.3930037687499999 0.13801359814814815 0.04741260250000015 0.026088355740740723
0 0.4048573625000001 0.6027440870370371 0.08206025083333325 0.022507605925925923
0 0.5115352749999998 0.4554220407407408 0.051059668958333165 0.043992104814814775
0 0.08299942708333331 0.4940428648148148 0.04923606187499985 0.04654980999999996
0 0.3679302791666667 0.18226169814814816 0.048324406041666636 0.03785364981481481
0 0.45546076041666667 0.46130456296296285 0.048324406041666754 0.04348055129629629
0 0.5419131198258635 0.46613546306391485 0.045833094956746714 0.04188823649819992
0 0.5170063916666668 0.5201310333333333 0.047412602499999915 0.036319051666666796
0 0.39163598958333334 0.4794638703703704 0.07750123312499989 0.026599846851851898
0 0.14727913958333333 0.3914800351851852 0.07203055958333332 0.024553757592592578
0 0.30592970625 0.36948392037037037 0.04103012541666651 0.053199756111111135
0 0.21110391041666668 0.07816408314814814 0.07932484020833333 0.019949900740740746
0 0.46640299374999994 0.6088831037037037 0.07567777374999972 0.025576802222222264
0 0.06704249583333333 0.5441734870370369 0.04650079895833332 0.020973007777777754
0 0.4162545375 0.5659137314814816 0.08114844729166665 0.029669105555555575
0 0.4116962583333333 0.44058717592592594 0.061089212500000184 0.03785364981481486
0 0.5179177520833332 0.3932705037037037 0.02735336770833333 0.04961900629629625
0 0.11901367291666659 0.6441788611111111 0.08114844729166659 0.014322999259259303
0 0.36291558125000006 0.6201364074074075 0.10029573083333325 0.022507605925925923
0 0.39026821041666676 0.5060637796296297 0.07658957729166668 0.01943834722222214
0 0.3328259166666667 0.22625392777777778 0.04376538833333316 0.04603825648148145
0 0.3458421773123879 0.12700865904163136 0.048735664541891426 0.032752876546366834
0 0.60727243125 0.2955667148148148 0.060177408958333345 0.029157552037037092
0 0.5803747437499999 0.2756169388888889 0.07750123312499989 0.018926856111111046
