0 0.37101724739583325 0.07860047629629628 0.025245969270833276 0.022015767407407405
0 0.4422668697916666 0.16410846296296297 0.04319865651041669 0.0192637964814815
0 0.36122200000595767 0.31901351723160665 0.02912764686308466 0.032647062055805885
0 0.49668633072916674 0.1957558648148148 0.036466410156250004 0.029878575740740765
0 0.5286643645833334 0.24666759074074077 0.033100286979166664 0.0161187211111111
0 0.4407741026631227 0.4957432937808438 0.03827171233773304 0.025000807299570982
0 0.6512469791666666 0.5318899018518519 0.02917312812500015 0.02987857574074092
0 0.7738305026041666 0.10808589962962964 0.02861209244791662 0.035382517592592595
0 0.5809575564146137 0.4696293266328877 0.03445901439172729 0.014441593956446752
0 0.44927958854166666 0.13206728518518518 0.034783303125000074 0.035382517592592595
0 0.5192332597695486 0.07468307614471378 0.04522988671090295 0.013394662289427577
0 0.5230540078124999 0.17373990555555555 0.02861209244791662 0.03223739425925929
0 0.5255788046875 0.12734964814814814 0.03702735494791665 0.02987857574074071
0 0.412532796875 0.28303262962962966 0.025245969270833276 0.03852764092592585
0 0.5031382864583334 0.14091309444444444 0.04375960130208334 0.028699166481481474
0 0.4069224401041667 0.18278236296296294 0.03983253333333323 0.02516089074074075
0 0.5387626432291667 0.2551201037037037 0.04432063697916657 0.029092270925925933
0 0.6464791302083334 0.3805312611111112 0.05441900651041678 0.01572556870370368
0 0.5190830096190292 0.5408388213288055 0.024036003805959657 0.011980523705473497
0 0.5847661145833334 0.1733470888888889 0.021879846093749933 0.01729813037037039
0 0.5939901200063493 0.13487252904192817 0.0235125255235913 0.034992983508353524
0 0.5617648333333333 0.26278602407407403 0.026367949739583334 0.03498936518518513
0 0.5019679804424699 0.4671047550147978 0.05098640322482548 0.015727392608001912
0 0.37169944304484764 0.18950392282423953 0.02436576343344541 0.03216107268485428
0 0.614310544665999 0.285132553009137 0.023206811837020305 0.0351963534211205
0 0.5544712786458333 0.3311922407407408 0.02973416380208344 0.023195224629629693
0 0.4039287780487119 0.14887172032682214 0.03956113302875212 0.02264563383767558
0 0.5424089661458332 0.28362257407407404 0.04712581536458333 0.018477539629629627
0 0.41660089282987567 0.19225317460212737 0.028212987949455128 0.01972754438943993
0 0.5339938854166666 0.14936560740740742 0.04712581536458333 0.02201576740740742
0 0.49023437499999994 0.1513311296296296 0.03590537447916672 0.028306014074074057
0 0.4313269921875 0.21030207222222222 0.024684933593749982 0.01887069203703704
0 0.12248471354166668 0.5303171962962963 0.033100286979166546 0.018084387222221998
0 0.6257209010416667 0.5314966055555554 0.02300182656249999 0.03145113740740736
0 0.5091576948256605 0.42621543823394253 0.03447988027632108 0.0297181746432261
0 0.49051521093749995 0.23959113518518518 0.04432063697916663 0.027126604814814846
0 0.7126791588541667 0.31153557962962963 0.03646641015625012 0.023195224629629693
0 0.46872296694297944 0.45534598356425365 0.026543153938041898 0.0335732937974185
0 0.5210908828125 0.23192473518518522 0.05049193854166667 0.016511825555555557
0 0.5432505651041667 0.5254029111111111 0.046564779687500155 0.030271728148148075
0 0.36035820572916666 0.15919417777777778 0.047686760156249855 0.022802072222222195
0 0.5564353125 0.4473647722222222 0.03927149765624994 0.029878575740740657
0 0.5870100755208334 0.2555129203703703 0.024123897916666692 0.03302369907407407
0 0.49907382003206185 0.3051295075722483 0.05358408277245695 0.016349508559207124
0 0.5833637526041666 0.23133479074074076 0.05385806171874989 0.01690497796296297
0 0.37746920312500004 0.514198762962963 0.03029510859374985 0.03223739425925908
0 0.6159034583333333 0.18985881851851852 0.028051056770833326 0.0330236990740741
0 0.9721514794270834 0.440681612962963 0.03590537447916672 0.02280207222222217
0 0.5471777239583333 0.17531261111111113 0.02636794973958345 0.035382517592592574
0 0.5320307604166666 0.19831133148148147 0.04993090286458344 0.015332416296296319
0 0.6773347291666667 0.371095987037037 0.04880883151041668 0.018084387222222314
0 0.5202492838541667 0.21423359629629626 0.0510528833333332 0.02358832907407407
0 0.40523924218750007 0.5106600555555555 0.03197821562499996 0.01651182555555566
0 0.5595208723958334 0.2128575388888889 0.03534433880208342 0.018477539629629627
0 0.47873373437500005 0.4847130518518519 0.04319865651041669 0.025947195555555476
0 0.38247323286247376 0.28102424591911335 0.02589758766046953 0.033724232949337817
0 0.3617259342638114 0.28371277975615583 0.023222459286891706 0.020521648825697663
0 0.5850469505208333 0.2065671962962963 0.03253925130208349 0.027126604814814846
0 0.47172101562499996 0.5381802444444445 0.03141717994791667 0.01729813037037028
0 0.5903764713541666 0.4481513648148148 0.027490021093750035 0.023588329074074096
0 0.7331565520833332 0.19634580925925926 0.04936986718750009 0.014546159444444444
0 0.506784609375 0.27890493703703706 0.02861209244791656 0.020836358148148153
0 0.44843798958333336 0.512232761111111 0.04319865651041669 0.027519709259259333
0 0.8722894010416666 0.09766772055555556 0.04039347812500012 0.015332416296296305
0 0.4543291822916667 0.252564637037037 0.0415155494791667 0.023195224629629585
0 0.4624634270833334 0.3276540129629629 0.05105288333333332 0.01690497796296297
0 0.3833594869791667 0.3176287944444445 0.02973416380208332 0.033023699074074125
0 0.7488651875 0.2134470037037037 0.05273599036458331 0.018084387222222238
