0 0.587963 0.158607 0.05740740000000002 0.033606599999999986
0 0.603086 0.911066 0.020987700000000026 0.04344260000000006
0 0.572839 0.985246 0.025925900000000064 0.027868900000000068
0 0.601852 0.982377 0.024691400000000033 0.03360659999999989
0 0.578395 0.407787 0.023456799999999976 0.03688519999999998
0 0.688782944338686 0.8954402970795599 0.03312218867737202 0.06627864004929498
0 0.387037 0.815984 0.03580250000000006 0.03360660000000008
0 0.58179 0.957787 0.022839500000000016 0.07786880000000013
0 0.6180490748971194 0.8383967204918032 0.033037450205761244 0.07074835901639334
0 0.256481 0.934836 0.035185199999999965 0.06803279999999996
0 0.515123 0.263934 0.029012299999999974 0.04590160000000001
0 0.427161 0.164754 0.03827160000000001 0.05409839999999999
0 0.391358 0.588115 0.030864199999999994 0.03852459999999998
0 0.571914 0.347951 0.027777799999999943 0.07295079999999995
0 0.351543 0.9799179999999998 0.026543200000000024 0.0401638999999999
0 0.560802 0.784836 0.05370370000000001 0.040163900000000086
0 0.589815 0.746721 0.033950600000000046 0.036065599999999934
0 0.532099 0.34918 0.03950619999999993 0.0606557
0 0.571914 0.8381149999999999 0.03641980000000002 0.06147539999999993
0 0.61358 0.9631150000000002 0.034567900000000006 0.06065569999999991
0 0.626543 0.733197 0.03209879999999998 0.06967210000000008
0 0.670679 0.859426 0.036419799999999884 0.054918000000000085
0 0.712346 0.784426 0.029629600000000075 0.0393442999999999
0 0.724691 0.696721 0.05185190000000002 0.040983600000000016
0 0.555864 0.943852 0.025308599999999966 0.06967209999999989
0 0.569136 0.279508 0.04567900000000003 0.055737700000000015
0 0.209877 0.21598400000000004 0.04320990000000001 0.04836069999999998
0 0.517284 0.736475 0.027160499999999983 0.07131149999999994
0 0.507407 0.328279 0.05061729999999996 0.05163930000000002
0 0.523148 0.121721 0.031481499999999954 0.0647541
0 0.363889 0.47540999999999994 0.05370370000000001 0.03934430000000009
0 0.520679 0.8606559999999999 0.025308599999999966 0.07704919999999996
0 0.732099 0.577459 0.03950619999999993 0.0893442999999999
0 0.539506 0.635656 0.04938270000000004 0.04672130000000003
