0 0.44072693125 0.983521243888889 0.03225307593750001 0.03295751222222205
0 0.4574586875 0.6351888472222221 0.027818291875000036 0.13539624388888896
0 0.48305922812499996 0.039843822222222214 0.034672055 0.05973353222222223
0 0.6199333281250001 0.005652378819444442 0.015723396562500012 0.011304757638888885
0 0.4437509 0.04183573888888886 0.03668786000000003 0.06106099083333334
0 0.6260853795167167 0.6168659152795661 0.028415628466566527 0.09505274721864625
0 0.50099991875 0.40687309166666663 0.03749420812500007 0.06106099083333352
0 0.47983409687499995 0.006979796944444456 0.038703730312500004 0.013959593888888911
0 0.485075425 0.09360451944444442 0.036284751249999955 0.04513213527777774
0 0.6155587261687391 0.4143208239388428 0.03818006141252184 0.05969239221055181
0 0.49071973125000007 0.469926161111111 0.034672055 0.05707877694444442
0 0.5542178500000001 0.16130215555555555 0.03426888093750004 0.07168033583333332
0 0.315545075 0.02689102833333334 0.018142375625000064 0.05378205666666668
0 0.45403174062499996 0.0882943611111111 0.03305942406249998 0.05840623555555564
0 0.436494028125 0.5721373972222221 0.029430922812499993 0.07566254972222242
0 0.46722842789501834 0.40437556791432416 0.02521153389746343 0.1218096238935738
0 0.4903161 0.8230184916666669 0.03547840312500004 0.054424021666666794
0 0.4111039147835063 0.9545715379411758 0.025802486875000065 0.0908569241176485
0 0.5060394312500001 0.7831963527777779 0.03789738218749997 0.08097222222222226
0 0.49226890502096665 0.8780328574846998 0.03615796754193331 0.06786451514914044
0 0.477213759375 0.7553192361111111 0.02298033375000005 0.11017534000000005
0 0.37158450625 0.1148435333333333 0.02136770281249998 0.06637066333333337
0 0.4451081302954065 0.4996362771038907 0.02994159347168702 0.07464758162555203
0 0.44364647970396226 0.712505602761804 0.040949599250210036 0.05142858505230842
0 0.35747374062500004 0.4812088305555556 0.03749420812500007 0.06371590805555542
0 0.473987975 0.5296593694444444 0.04152581812499996 0.046459431944444525
0 0.38589708749999996 0.20112429444444443 0.034672055 0.0743350911111111
0 0.3883899084207549 0.919888240880933 0.0216231931584901 0.10758372768257864
0 0.5153125000000001 0.7241254972222222 0.021770811562499937 0.0690254186111111
0 0.453829925 0.8429295611111111 0.03426888093750004 0.07831746694444443
0 0.370576734375 0.37899759444444453 0.024996138749999966 0.1115027986111111
0 0.3612195801822765 0.7455171945183532 0.018363995540042664 0.05212356593139357
0 0.4278418302870037 0.804082850903785 0.01609487348849251 0.11087648485909664
