0 0.603086 0.992623 0.03703699999999995 0.014754100000000183
0 0.58179 0.092623 0.026543200000000024 0.06885249999999998
0 0.550926 0.03196720000000001 0.026543200000000024 0.0622951
0 0.672222 0.693033 0.027160500000000126 0.03360660000000008
0 0.48425900000000005 0.06106559999999999 0.029012299999999974 0.0844262
0 0.497531 0.027459 0.029629599999999933 0.054918
0 0.563272 0.121721 0.03641980000000002 0.06311479999999998
0 0.46327199999999996 0.0258197 0.03641980000000002 0.05
0 0.5731971477372808 0.1866790599535345 0.05829234445623957 0.03804419814660123
0 0.553395 0.604918 0.04382720000000004 0.0393442999999999
0 0.574383 0.0463115 0.029012299999999974 0.06967210000000001
0 0.522222 0.047541 0.024691400000000033 0.0901639
0 0.629938 0.810656 0.035185199999999965 0.04262289999999994
0 0.51142 0.351639 0.027777799999999943 0.0754098
0 0.541049 0.241393 0.03271610000000001 0.06967209999999999
0 0.583642 0.77582 0.06604939999999995 0.02868850000000006
0 0.615432 0.0471311 0.023456799999999976 0.06639340000000002
0 0.57963 0.714754 0.06049379999999993 0.03770490000000005
0 0.640741 0.719262 0.04691359999999995 0.04344260000000006
0 0.578704 0.561475 0.05370370000000001 0.03934430000000009
0 0.470988 0.49016400000000004 0.03703699999999995 0.03442620000000007
0 0.485185 0.438525 0.039506200000000075 0.07049180000000001
0 0.553395 0.514754 0.04506170000000007 0.04754099999999996
0 0.519753 0.60082 0.03580250000000006 0.06885250000000008
0 0.48456800000000005 0.67541 0.029629599999999933 0.07377049999999997
0 0.418519 0.316393 0.05555560000000003 0.036065600000000024
0 0.474691 0.264754 0.04938270000000004 0.04426229999999999
0 0.449074 0.884836 0.05617279999999996 0.04180330000000013
0 0.408333 0.111475 0.05370370000000001 0.04590160000000001
0 0.8435180000000001 0.9032790000000002 0.03271610000000001 0.07377050000000017
0 0.7407410000000001 0.48278699999999997 0.03580250000000006 0.06721310000000004
0 0.349691 0.952869 0.033950600000000046 0.056557399999999945
0 0.583333 0.279508 0.04197530000000002 0.07213110000000003
0 0.331173 0.365574 0.043827200000000004 0.05245900000000004
