0 0.7250008883236444 0.47263526742887285 0.014988448925627769 0.011456682920032159
0 0.7780800583333334 0.5204675111111111 0.01669849421875007 0.004329077037037042
0 0.7786282275865609 0.43973030407456637 0.008858618233618287 0.007200138347679305
0 0.7551437536458334 0.4970765111111112 0.017658171718750046 0.006703102962962951
0 0.8515919020833332 0.5316393777777778 0.007869392812499971 0.011311468148148117
0 0.71543432246533 0.4927349883388167 0.01185680767350649 0.012313944803848169
0 0.7719381098958334 0.562641162962963 0.01285975312500002 0.008797806666666685
0 0.7400766552083333 0.4096569525925926 0.011708133906250022 0.010054645925925941
0 0.8271595062314191 0.44876312351236447 0.012588801860078528 0.008648759641937747
0 0.7133098358837624 0.4690621332405612 0.009580477555391672 0.006034967592951704
0 0.7665638661458334 0.5660625407407407 0.009788778906250073 0.006703102962962951
0 0.7323992973958333 0.41615058518518516 0.00902101203125009 0.012149366666666647
0 0.7552398333333333 0.4315817111111111 0.012092017343750072 0.012289002222222224
0 0.7616494717960604 0.47952022067040656 0.01769864791829588 0.008021017177705298
0 0.7420921520833333 0.4752215703703703 0.014203314062500047 0.009914993333333339
0 0.7468905395833334 0.5509805037037037 0.013819430624999995 0.00837886592592596
0 0.7734735192708333 0.5521676444444444 0.009788778906250073 0.011870061481481444
0 0.7105599307537336 0.4062654260940032 0.011407358434550475 0.0029922945583766977
0 0.7221305864583333 0.41077413925925926 0.011516192187499996 0.010892527407407392
0 0.8027439317708333 0.4942836296296295 0.014971049843749995 0.006703102962962951
0 0.7423174530973433 0.5072540556533608 0.009529932034480026 0.012881239804389532
0 0.8183248877091958 0.5306136744020475 0.015286771404525367 0.006380500825534341
0 0.7139731411458333 0.5511202074074074 0.007869392812499971 0.014523375555555584
0 0.6618861242252639 0.4376280142946772 0.010027961783861153 0.015444234515280292
0 0.7596542130208334 0.5704615037037037 0.010172662343750005 0.008797806666666685
0 0.6940275844049021 0.4697758612755206 0.008681734658456364 0.004233822182437387
0 0.7419960723958333 0.5204675111111111 0.01708237765625 0.006284145185185147
0 0.7209788739583334 0.5012659185185184 0.009980720625000099 0.006144509629629624
0 0.7387844859748578 0.493053198124191 0.014497852626798983 0.010107768100233885
0 0.7483298692708333 0.5418336592592592 0.011708133906249902 0.010752891851851869
0 0.7362378208333333 0.42620516296296296 0.015546874999999953 0.008239230370370332
0 0.7284643833333334 0.43297806666666666 0.019577557812500028 0.005585916296296297
0 0.7349353488070863 0.4574250678184684 0.017000417489993917 0.008082381400100126
0 0.7585969045989652 0.45939548992068574 0.008832670281236096 0.013916980158628566
0 0.7255854130208333 0.42397092592592595 0.008445217968750049 0.012707959999999975
0 0.6663243954832196 0.4199755288549525 0.008924156799772712 0.00806884511731238
0 0.7449711223958334 0.4621645555555555 0.00959683718749993 0.009216764444444437
0 0.7254896442708334 0.49379483703703697 0.012092017343750072 0.010752891851851869
0 0.7527445598958332 0.5554493185185185 0.011708133906250022 0.01200971407407415
0 0.7603261489583333 0.5080388222222222 0.011900075625000046 0.012707960000000079
0 0.7692107998224696 0.4205104267293376 0.01392680746929867 0.0076640505724808634
0 0.7225145942708333 0.5113903481481482 0.01113233984374998 0.008239230370370332
0 0.7226103630208333 0.5458136814814816 0.00902101203125009 0.0053066111111112
0 0.7193473848958334 0.4608378814814815 0.015162991562500021 0.01019429851851849
0 0.7250095567708333 0.520188274074074 0.012667811406249996 0.0074013318518518015
0 0.8195385989583334 0.5603369037037037 0.011708133906249902 0.008937459259259286
0 0.7230901395833332 0.48555555555555563 0.01689043593749998 0.007680637037037004
0 0.7919954442708333 0.4790618888888889 0.013051694843749928 0.009216764444444489
0 0.7323032177083333 0.4659350222222223 0.014971049843749995 0.008658171111111109
0 0.7758730239583334 0.5161384 0.014971049843749995 0.006842738518518474
0 0.7641646723958334 0.4515513333333333 0.007677482187500099 0.0050273229629629705
0 0.7197313927083333 0.5269611777777777 0.009404895468749903 0.010054645925925941
0 0.7935704820937698 0.43937507276913734 0.011821440604127058 0.010946212980243786
0 0.6329034092336306 0.4715809157268617 0.014250093988094648 0.007940192935204914
0 0.7518807755208333 0.5737431777777778 0.008061334531249997 0.0025136614814814323
0 0.7874849848958333 0.48632358518518515 0.01708237765625 0.005865204444444422
