0 0.434568 0.00491803 0.029629599999999933 0.00983607
0 0.5654059860130156 0.7801815347757021 0.05303337202603119 0.03577366955140428
0 0.577390279952627 0.8959145207999746 0.051076459905254064 0.0508447415999492
0 0.59784 0.531148 0.05617279999999996 0.036065599999999934
0 0.50463 0.9258199999999999 0.031481499999999954 0.03852459999999998
0 0.565123 0.316803 0.024074099999999935 0.07786880000000004
0 0.5374007526461861 0.9437156265027322 0.058321281577184435 0.03784514806201548
0 0.6077947706646569 0.557653413772398 0.050560329471719664 0.032234156061761374
0 0.476235 0.67541 0.031481499999999954 0.07377049999999997
0 0.500617 0.664344 0.025925900000000064 0.06803279999999996
0 0.379603268420423 0.42307790636040155 0.05426843684084602 0.039598412720803125
0 0.524074 0.792213 0.028395100000000045 0.07295080000000005
0 0.496260610780936 0.45652558345088323 0.03819942156187201 0.05403486690176641
0 0.42376499999999995 0.341803 0.04629629999999999 0.0393443
0 0.659568 0.316393 0.024074100000000074 0.07704919999999996
0 0.571914 0.715574 0.03641980000000002 0.07377049999999997
0 0.4049380000000001 0.662295 0.03827160000000001 0.06557379999999993
0 0.44708367240645036 0.6640330336383276 0.028055755187099265 0.08013113272334477
0 0.5862667496817878 0.5954917209016394 0.04228180063642463 0.04344245819672136
0 0.510494 0.881557 0.05308640000000005 0.035245899999999816
0 0.619444 0.6061888095056551 0.026543200000000097 0.07213109999999993
0 0.39537 0.707787 0.06111110000000003 0.035245900000000004
0 0.426235 0.377049 0.06234569999999995 0.04262290000000003
0 0.538272 0.326639 0.025925900000000064 0.07786880000000004
0 0.671914 0.411885 0.06604939999999995 0.04344259999999996
0 0.385185 0.645082 0.030864199999999994 0.04754099999999996
0 0.6398149999999999 0.8737700000000002 0.025308600000000035 0.0540983999999999
0 0.466667 0.72582 0.05308640000000005 0.035245900000000004
0 0.480864 0.762295 0.05185190000000002 0.05409840000000009
0 0.422839 0.44098400000000004 0.023456799999999976 0.05245900000000004
0 0.458025 0.367213 0.04074069999999996 0.04590160000000001
0 0.599383 0.304918 0.04320989999999994 0.05245900000000004
0 0.467901 0.145902 0.025925900000000064 0.0393443
0 0.475926 0.8450819999999999 0.05185190000000002 0.03770489999999995
0 0.598765 0.859426 0.04320989999999994 0.03688520000000012
0 0.539815 0.697131 0.04629629999999999 0.03688519999999993
0 0.411111 0.11721299999999998 0.023456799999999976 0.07049180000000001
0 0.515741 0.731967 0.05123460000000006 0.05245900000000004
0 0.48179000000000005 0.937295 0.035185199999999965 0.07295080000000005
0 0.556173 0.853279 0.023456799999999976 0.07213109999999993
0 0.651543 0.952049 0.033950600000000046 0.03852459999999998
0 0.556481 0.0713115 0.04382720000000004 0.03278690000000001
0 0.549074 0.027459 0.054938299999999926 0.0385246
0 0.471914 0.532787 0.033950600000000046 0.07049180000000001
0 0.610802 0.383197 0.045061699999999934 0.0598361
0 0.601852 0.9864749999999999 0.05432099999999997 0.02704919999999995
0 0.400309 0.028278700000000007 0.04876539999999994 0.05327869999999999
0 0.470679 0.8758200000000002 0.05493830000000007 0.058196699999999865
0 0.601852 0.0778688 0.03827160000000001 0.04426230000000001
0 0.398148 0.773361 0.03827160000000001 0.06639339999999992
0 0.351543 0.17459 0.05370370000000001 0.04262289999999999
0 0.318519 0.67623 0.05308640000000001 0.03114749999999992
0 0.45 0.793443 0.04320989999999994 0.06393440000000007
0 0.333025 0.443443 0.040123500000000034 0.06065569999999996
0 0.314506 0.0618852 0.05864199999999997 0.03360660000000001
0 0.394444 0.194672 0.04567900000000003 0.06803279999999999
0 0.155556 0.9409840000000002 0.04320990000000001 0.06065569999999991
