0 0.35890976761074794 0.6393141272902603 0.02972948438634718 0.08046046287367403
0 0.546552496277824 0.9945628708943829 0.021709407444352086 0.010874648211234135
0 0.5411310820624546 0.01416345226615236 0.027941176470588226 0.02832690453230472
0 0.45803983943043247 0.09453887156793725 0.03698654346234446 0.035535887894331014
0 0.47507209155627644 0.43249670934545886 0.03187798504100207 0.033953571855929184
0 0.47785793414226785 0.8633487472619682 0.028243985168252182 0.03447334885940888
0 0.538159063524704 0.234751295095377 0.03883247003711283 0.046438272727882306
0 0.37027199135956407 0.7036048779598136 0.03652568878113354 0.03917428398062233
0 0.5204625211441845 0.07844714874786281 0.05857254664343967 0.036206376345167456
0 0.6731494959296997 0.7181974371823323 0.052967814976548594 0.04545779941298587
0 0.580573487533481 0.7852653739943175 0.04755965342354005 0.04714637069007821
0 0.5141636844296752 0.11018869782594119 0.05809333114064985 0.036998804348117593
0 0.4643009519515766 0.1300823745884877 0.034613163970309654 0.039574048851788536
0 0.5159169976293833 0.8009688892522793 0.0487977586896955 0.03495359960753855
0 0.5026665055192447 0.014766177362584378 0.023851811038489386 0.02953225472516875
0 0.5081244316001414 0.20160900670823698 0.0553561367997172 0.03847229616145364
0 0.47296886347131445 0.01725229026036644 0.02741920842411036 0.03450458052073288
0 0.6654873133646018 0.7497422938685661 0.05400569566014343 0.03605840030782448
0 0.5662086818000797 0.4662876784769962 0.02887295898048585 0.07059756742464304
0 0.4707894670403191 0.16460491468034466 0.055669166098613936 0.03453015521807637
0 0.5931899641577061 0.4376652564780539 0.022899243329350873 0.0805129561078794
0 0.38789880988462544 0.49596200799549245 0.05546462993271504 0.045611869818357485
0 0.5724446599550507 0.9851590286578636 0.019308210954096204 0.028042598421977726
0 0.37496716574730754 0.44686217166161357 0.05465640217413262 0.05070966703335028
0 0.5613536725801238 0.8638248602796287 0.02976069942889687 0.0776762934712398
0 0.49577218013454016 0.7122636124044397 0.029443439730919545 0.06235887519112045
0 0.642091366729048 0.6044479975342413 0.029884957421189344 0.0415133594035946
0 0.5821865090360518 0.8999018846326806 0.039407653705243066 0.07052042026082328
0 0.6215916837082481 0.01936035401790204 0.061255017798985095 0.03293774514733983
0 0.45872971891259506 0.8240668819753894 0.028016378806071218 0.07379093250480352
0 0.43230082237174433 0.4490756888733868 0.03818876159301688 0.07391805961739689
0 0.5212147459407038 0.7325213872736193 0.04830985270773678 0.05626962545276144
0 0.530239842935949 0.1595718705823192 0.04936908587189778 0.06504614116463847
0 0.5073735414550045 0.6546134663341647 0.04217850435639301 0.0586648133763951
0 0.5447324047312274 0.7599863596480111 0.05489650946245508 0.044149761387514995
0 0.341049 0.954918 0.040123500000000034 0.05901639999999998
0 0.41184255723262814 0.33980843014676293 0.051221434200157616 0.060368651230178975
0 0.5035251377728518 0.9099178283798702 0.05387765155013701 0.06316176771186788
0 0.545788309479388 0.9213400292772168 0.03188018104122415 0.08518854144556633
0 0.2425853789237206 0.8897342565477984 0.033182876811146136 0.04105202660171334
0 0.5793506526294528 0.13711488819605083 0.060718523567876 0.05498005296858763
0 0.441104030048336 0.9523322840439885 0.051876481635417596 0.04169903111074787
0 0.04678122361424887 0.6824035635283779 0.03491476689258574 0.04333202024181092
0 0.112963 0.608607 0.04938270000000001 0.05
