0 0.7411020156250001 0.46277138518518524 0.04762993812500002 0.10698244037037025
0 0.7392694557291666 0.34709771666666667 0.08426822651041685 0.06017752074074081
0 0.6389713010416666 0.2849138 0.05587348994791685 0.10965692796296306
0 0.6417193989583334 0.9134355148148147 0.043050022239583305 0.1203552046296297
0 0.3756331859375 0.04955301851851851 0.051293722447916676 0.042792943518518534
0 0.8505372025841145 0.1427213029731321 0.039143160663498475 0.09665498961195869
0 0.9795499268880209 0.84122125 0.04090014622395834 0.10698244037037036
0 0.7227823520833333 0.11039912037037035 0.0421341874479167 0.06552665907407411
0 0.7488877984375001 0.16790068518518514 0.03938623791666676 0.12971615592592586
0 0.3797765934999904 0.19836162612835212 0.07741196738047555 0.05958178299744519
0 0.7616232147685101 0.8322551622723221 0.0719001159326627 0.08114897542622607
0 0.8837319018053846 0.40380415996196006 0.04687764123806157 0.11713117841076429
0 0.809798528125 0.1859546592592593 0.07877247583333341 0.06418949685185188
0 0.7844722004522232 0.42728738364861146 0.042085832926044495 0.12736629913640501
0 0.35548244635416665 0.7121743277777778 0.056789473125 0.0762249357407408
0 0.7149965692708332 0.43401978703703703 0.05037773927083341 0.11366874092592598
0 0.8125466260416665 0.6386238796296295 0.07327672515625008 0.0601775207407406
0 0.7012575635416666 0.2608429222222223 0.05037773927083317 0.1257043429629629
0 0.6156154364583333 0.9901495049074074 0.042134187447916575 0.019700990185185042
0 0.5679852015625 0.5282982074074074 0.06778097447916677 0.07488761037037027
0 0.39349433854166666 0.43335087962962954 0.037554271562499984 0.1310534812962963
0 0.8771209916666668 0.8358732537037038 0.0778564926562499 0.09360951296296291
0 0.6843119489583334 0.36715678148148145 0.040302221093750035 0.11366874092592588
0 0.7291940859375 0.9161095129629631 0.06411719015624986 0.09093502537037036
0 0.7067522755208332 0.9861373248611109 0.07419270833333323 0.027725350277777942
