0 0.4504249708333334 0.800206537037037 0.031428446874999946 0.04245898000000015
0 0.3293419851668892 0.20671327244289217 0.019208148901173297 0.0960344266994759
0 0.2460834802581078 0.5443418871177302 0.015512807442589368 0.05945100370905183
0 0.4029516270833334 0.019993881851851865 0.02051118562499994 0.03998776370370373
0 0.4181873660650672 0.5261218370412133 0.016381868476325206 0.08384376390342307
0 0.2709811076728715 0.589126563920584 0.01491286461331806 0.09349783402701085
0 0.3670285540184251 0.49062653103962783 0.027367732996870706 0.05478907451074509
0 0.3029494632297289 0.46295974550783175 0.01576987253506701 0.0917897369415896
0 0.3835978520833333 0.0662720703703704 0.025473591718750063 0.0485246366666667
0 0.3933706790123457 0.3379692774741955 0.020643518518518533 0.08135956284153006
0 0.32113223184329975 0.15538552338554087 0.01786331409117814 0.05877566122159776
0 0.38244022708333336 0.7971737703703704 0.014556330468750052 0.09502734666666657
0 0.43802233256572637 0.3098116059659422 0.014398627902513894 0.09271213794275042
0 0.3709208456761189 0.2894652076517912 0.021291950623071067 0.07525415543715852
0 0.3530446104065693 0.40432561754335106 0.019455500289656768 0.08688753220094009
0 0.35707106516051784 0.6600274742746428 0.03110764397804324 0.04440815126164394
0 0.38881082657703275 0.9623559252929568 0.032251022106351 0.043260219845172886
0 0.18149270950230095 0.5982361149991557 0.017591928275435365 0.09055220074242916
0 0.4773869145833333 0.501982837037037 0.018526233906249998 0.08693988666666659
0 0.281039577736199 0.3339429517005327 0.01703151986183068 0.044973243863076474
0 0.3243515650523782 0.28649886987885026 0.02926258366453389 0.07700572076559356
0 0.36450953106240347 0.25276800817091677 0.0303034687393905 0.07788161439890715
0 0.4079593285632931 0.34135188431336133 0.022586728116169397 0.08874662878068454
0 0.3871061393002033 0.4638291334230474 0.02521111662124002 0.05608851056131275
0 0.3125279820070698 0.42803505061436087 0.016325348753723053 0.08925982284535233
0 0.46099450514840934 0.6291661485198147 0.01624380465109804 0.0784666496322221
0 0.30890994698813673 0.1152832104445242 0.03079087450387045 0.04668588455677528
0 0.24382428020833338 0.8492364703703703 0.029112660937500104 0.057622936666666645
0 0.36286851872299386 0.11135954806162718 0.03120339547067914 0.05580306538251368
0 0.34794520205654705 0.43238019511059517 0.022797827512313636 0.08485517710014434
0 0.2797205628887659 0.4212179291882871 0.018860483798365378 0.06043545569749982
0 0.36292138333333324 0.7926240037037036 0.027789377656250024 0.05155740333333327
0 0.44642303579163956 0.004296659225477142 0.01840683885640028 0.008593318450954283
0 0.4346675069557231 0.93479630013813 0.024567677130220508 0.05284212953551951
0 0.3500722222222222 0.024502671523983006 0.01355061728395069 0.04900534304796601
0 0.31754544753086417 0.019084092289010306 0.027471759259259206 0.03816818457802061
0 0.3609725320635835 0.6142688386169232 0.024340537644725775 0.05211784025595305
0 0.3470550925925926 0.21269496053430484 0.017361728395061723 0.06728743169398894
0 0.3398698614096233 0.34606113724393694 0.02866377459008002 0.05102336958619981
0 0.5075145868012207 0.7276069701124961 0.015426138334026914 0.050262479277951765
